Muestra	Chromosome	Start	End	Feature	Conteo	Numero_bases_cubiertas	Longitud_del_gen	Fraccion_cubierta	Pathogen
barcode01_DS_4.7GB	contig_10256	3252	4431	vanT gene in vanG cluster_glycopeptide_antibiotic	7	1179	1179	1.0	
barcode01_DS_4.7GB	contig_10307	35126	36251	vanT gene in vanG cluster_glycopeptide_antibiotic	10	1125	1125	1.0	
barcode01_DS_4.7GB	contig_1074	8229	9195	CfxA3_cephamycin	33	966	966	1.0	Unknown taxonomy (chromosome or plasmid)
barcode01_DS_4.7GB	contig_1090	1597	2773	vanT gene in vanG cluster_glycopeptide_antibiotic	8	1176	1176	1.0	
barcode01_DS_4.7GB	contig_1113	437	2357	tet(O)_tetracycline_antibiotic	72	1920	1920	1.0	Unknown taxonomy (chromosome or plasmid)
barcode01_DS_4.7GB	contig_11362	7314	7503	rsmA_fluoroquinolone_antibiotic;_diaminopyrimidine_antibiotic;_phenicol_antibiotic	11	189	189	1.0	
barcode01_DS_4.7GB	contig_11482	3287	4961	eptB_peptide_antibiotic	8	1674	1674	1.0	Klebsiella pneumoniae (chromosome)
barcode01_DS_4.7GB	contig_11547	6535	6835	vanY gene in vanB cluster_glycopeptide_antibiotic	3	300	300	1.0	
barcode01_DS_4.7GB	contig_1165	6400	7264	aadS_aminoglycoside_antibiotic	36	864	864	1.0	Unknown taxonomy (chromosome or plasmid)
barcode01_DS_4.7GB	contig_1165	8506	9307	ErmF_macrolide_antibiotic;_lincosamide_antibiotic;_streptogramin_antibiotic;_streptogramin_A_antibiotic;_streptogramin_B_antibiotic	38	801	801	1.0	Unknown taxonomy (chromosome or plasmid)
barcode01_DS_4.7GB	contig_11833	3831	5064	vanY gene in vanM cluster_glycopeptide_antibiotic	6	1233	1233	1.0	
barcode01_DS_4.7GB	contig_1191	97605	97860	rsmA_fluoroquinolone_antibiotic;_diaminopyrimidine_antibiotic;_phenicol_antibiotic	22	255	255	1.0	
barcode01_DS_4.7GB	contig_1212	31735	32071	qacG_disinfecting_agents_and_antiseptics	33	336	336	1.0	
barcode01_DS_4.7GB	contig_1212	63688	64477	aadA5_aminoglycoside_antibiotic	30	789	789	1.0	Unknown taxonomy (chromosome or plasmid)
barcode01_DS_4.7GB	contig_12291	7773	8883	vanT gene in vanG cluster_glycopeptide_antibiotic	6	1110	1110	1.0	
barcode01_DS_4.7GB	contig_123	1211104	1212262	vanT gene in vanG cluster_glycopeptide_antibiotic	51	1158	1158	1.0	
barcode01_DS_4.7GB	contig_123	1793672	1794659	vanH gene in vanO cluster_glycopeptide_antibiotic	47	987	987	1.0	
barcode01_DS_4.7GB	contig_1238	26868	27213	qacG_disinfecting_agents_and_antiseptics	16	345	345	1.0	Unknown taxonomy (chromosome or plasmid)
barcode01_DS_4.7GB	contig_12435	16012	17128	vanY gene in vanB cluster_glycopeptide_antibiotic	3	1116	1116	1.0	
barcode01_DS_4.7GB	contig_12531	793	1573	APH(3')-VIa_aminoglycoside_antibiotic	55	780	780	1.0	Unknown taxonomy (chromosome or plasmid)
barcode01_DS_4.7GB	contig_1274	899	2114	floR_phenicol_antibiotic	10	1215	1215	1.0	Unknown taxonomy (chromosome or plasmid)
barcode01_DS_4.7GB	contig_1274	2713	3913	tet(A)_tetracycline_antibiotic	8	1200	1200	1.0	Unknown taxonomy (chromosome or plasmid)
barcode01_DS_4.7GB	contig_1274	5248	6085	APH(6)-Id_aminoglycoside_antibiotic	24	837	837	1.0	Unknown taxonomy (chromosome or plasmid)
barcode01_DS_4.7GB	contig_1274	6084	6888	APH(3'')-Ib_aminoglycoside_antibiotic	18	804	804	1.0	Unknown taxonomy (chromosome or plasmid)
barcode01_DS_4.7GB	contig_1274	6948	7764	sul2_sulfonamide_antibiotic	16	816	816	1.0	Unknown taxonomy (chromosome or plasmid)
barcode01_DS_4.7GB	contig_12804	9881	11048	vanT gene in vanG cluster_glycopeptide_antibiotic	6	1167	1167	1.0	
barcode01_DS_4.7GB	contig_13121	13443	13908	AAC(3)-Ia_aminoglycoside_antibiotic	10	465	465	1.0	Unknown taxonomy (chromosome or plasmid)
barcode01_DS_4.7GB	contig_13217	2871	3798	PER-2_monobactam;_carbapenem;_cephalosporin;_penam;_penem	9	927	927	1.0	Unknown taxonomy (plasmid)
barcode01_DS_4.7GB	contig_13260	7754	8099	qacG_disinfecting_agents_and_antiseptics	17	345	345	1.0	Unknown taxonomy (chromosome or plasmid)
barcode01_DS_4.7GB	contig_13262	247	1075	OXA-253_carbapenem;_penam	47	828	828	1.0	Acinetobacter baumannii (chromosome)
barcode01_DS_4.7GB	contig_13393	1790	2600	RSD2-2_carbapenem;_cephalosporin	12	810	810	1.0	
barcode01_DS_4.7GB	contig_1341	905	1745	sul1_sulfonamide_antibiotic	60	840	840	1.0	Unknown taxonomy (chromosome or plasmid)
barcode01_DS_4.7GB	contig_1341	1738	2086	qacEdelta1_disinfecting_agents_and_antiseptics	60	348	348	1.0	Unknown taxonomy (chromosome or plasmid)
barcode01_DS_4.7GB	contig_1341	2297	3128	OXA-4_cephalosporin;_penam	25	831	831	1.0	Pseudomonas aeruginosa (chromosome or plasmid)
barcode01_DS_4.7GB	contig_1341	3246	3780	ANT(2'')-Ia_aminoglycoside_antibiotic	55	534	534	1.0	Unknown taxonomy (chromosome or plasmid)
barcode01_DS_4.7GB	contig_1341	5563	6448	mphE_macrolide_antibiotic	27	885	885	1.0	Unknown taxonomy (chromosome or plasmid)
barcode01_DS_4.7GB	contig_1342	1771	2224	arr-3_rifamycin_antibiotic	33	453	453	1.0	Unknown taxonomy (chromosome or plasmid)
barcode01_DS_4.7GB	contig_1342	2296	2917	AAC(6')-Ib9_aminoglycoside_antibiotic	50	621	621	1.0	Unknown taxonomy (chromosome or plasmid)
barcode01_DS_4.7GB	contig_1342	3085	3433	qacEdelta1_disinfecting_agents_and_antiseptics	67	348	348	1.0	Unknown taxonomy (chromosome or plasmid)
barcode01_DS_4.7GB	contig_1342	3426	4266	sul1_sulfonamide_antibiotic	63	840	840	1.0	Unknown taxonomy (chromosome or plasmid)
barcode01_DS_4.7GB	contig_1347	33592	35206	vanW gene in vanI cluster_glycopeptide_antibiotic	9	1614	1614	1.0	
barcode01_DS_4.7GB	contig_13626	14751	15174	vanY gene in vanM cluster_glycopeptide_antibiotic	4	423	423	1.0	
barcode01_DS_4.7GB	contig_13730	6274	7489	floR_phenicol_antibiotic	8	1215	1215	1.0	Unknown taxonomy (chromosome or plasmid)
barcode01_DS_4.7GB	contig_13778	21006	22440	vanW gene in vanI cluster_glycopeptide_antibiotic	10	1434	1434	1.0	
barcode01_DS_4.7GB	contig_13812	1391	2273	KPC-2_monobactam;_carbapenem;_cephalosporin;_penam	29	882	882	1.0	Unknown taxonomy (chromosome or plasmid)
barcode01_DS_4.7GB	contig_13850	12084	12894	vanY gene in vanB cluster_glycopeptide_antibiotic	3	810	810	1.0	
barcode01_DS_4.7GB	contig_13860	6212	7370	mdtE_macrolide_antibiotic;_fluoroquinolone_antibiotic;_penam	4	1158	1158	1.0	Unknown taxonomy (chromosome)
barcode01_DS_4.7GB	contig_13860	7394	10508	mdtF_macrolide_antibiotic;_fluoroquinolone_antibiotic;_penam	5	3114	3114	1.0	Escherichia coli (chromosome)
barcode01_DS_4.7GB	contig_13860	10870	11599	gadW_macrolide_antibiotic;_fluoroquinolone_antibiotic;_penam	5	729	729	1.0	Escherichia coli (chromosome)
barcode01_DS_4.7GB	contig_13869	12025	13207	vanT gene in vanG cluster_glycopeptide_antibiotic	8	1182	1182	1.0	
barcode01_DS_4.7GB	contig_13962	23982	25215	vanW gene in vanI cluster_glycopeptide_antibiotic	7	1233	1233	1.0	
barcode01_DS_4.7GB	contig_1402	27130	28252	vanT gene in vanG cluster_glycopeptide_antibiotic	8	1122	1122	1.0	
barcode01_DS_4.7GB	contig_142	685442	686645	vanT gene in vanG cluster_glycopeptide_antibiotic	46	1203	1203	1.0	
barcode01_DS_4.7GB	contig_142	755936	757430	vanW gene in vanI cluster_glycopeptide_antibiotic	56	1494	1494	1.0	
barcode01_DS_4.7GB	contig_142	1681661	1682225	lnuC_lincosamide_antibiotic	135	564	564	1.0	Unknown taxonomy (chromosome or plasmid)
barcode01_DS_4.7GB	contig_142	2519677	2522830	adeF_fluoroquinolone_antibiotic;_tetracycline_antibiotic	27	3153	3153	1.0	
barcode01_DS_4.7GB	contig_14257	157	1333	cmx_phenicol_antibiotic	5	1176	1176	1.0	Unknown taxonomy (chromosome or plasmid)
barcode01_DS_4.7GB	contig_14257	2933	3773	sul1_sulfonamide_antibiotic	49	840	840	1.0	Unknown taxonomy (chromosome or plasmid)
barcode01_DS_4.7GB	contig_14257	3766	4114	qacEdelta1_disinfecting_agents_and_antiseptics	54	348	348	1.0	Unknown taxonomy (chromosome or plasmid)
barcode01_DS_4.7GB	contig_14257	4277	5057	aadA_aminoglycoside_antibiotic	58	780	780	1.0	Escherichia coli (chromosome or plasmid)
barcode01_DS_4.7GB	contig_14257	5105	5930	OXA-205_penam	7	825	825	1.0	Pseudomonas aeruginosa (no genomic info)
barcode01_DS_4.7GB	contig_14270	5886	7071	Escherichia coli EF-Tu mutants conferring resistance to Pulvomycin_elfamycin_antibiotic	27	1185	1185	1.0	Aeromonas caviae (chromosome or plasmid)
barcode01_DS_4.7GB	contig_14312	31221	32334	vanT gene in vanG cluster_glycopeptide_antibiotic	12	1113	1113	1.0	
barcode01_DS_4.7GB	contig_14331	570	1389	TEM-245_monobactam;_cephalosporin;_penam;_penem	14	819	819	1.0	Unknown taxonomy (chromosome or plasmid)
barcode01_DS_4.7GB	contig_14377	21928	23320	Escherichia coli UhpT with mutation conferring resistance to fosfomycin_phosphonic_acid_antibiotic	23	1392	1392	1.0	Unknown taxonomy (chromosome or plasmid)
barcode01_DS_4.7GB	contig_14462	63758	64820	vanT gene in vanG cluster_glycopeptide_antibiotic	3	1062	1062	1.0	
barcode01_DS_4.7GB	contig_14465	30939	31434	lnuC_lincosamide_antibiotic	85	495	495	1.0	Unknown taxonomy (chromosome or plasmid)
barcode01_DS_4.7GB	contig_14502	3214	4030	sul2_sulfonamide_antibiotic	18	816	816	1.0	Unknown taxonomy (chromosome or plasmid)
barcode01_DS_4.7GB	contig_14554	7052	8222	vanT gene in vanG cluster_glycopeptide_antibiotic	6	1170	1170	1.0	
barcode01_DS_4.7GB	contig_14580	2345	3173	OXA-253_carbapenem;_penam	53	828	828	1.0	Acinetobacter baumannii (chromosome)
barcode01_DS_4.7GB	contig_146	637611	638847	vanW gene in vanI cluster_glycopeptide_antibiotic	288	1236	1236	1.0	
barcode01_DS_4.7GB	contig_146	1340859	1341366	nimK_nitroimidazole_antibiotic	312	507	507	1.0	
barcode01_DS_4.7GB	contig_146	1595495	1598687	adeF_fluoroquinolone_antibiotic;_tetracycline_antibiotic	327	3192	3192	1.0	
barcode01_DS_4.7GB	contig_14607	3811	4435	catS_phenicol_antibiotic	8	624	624	1.0	Parvimonas micra (chromosome)
barcode01_DS_4.7GB	contig_14636	15683	16163	nimA_nitroimidazole_antibiotic	6	480	480	1.0	
barcode01_DS_4.7GB	contig_1464	145435	148591	adeF_fluoroquinolone_antibiotic;_tetracycline_antibiotic	39	3156	3156	1.0	
barcode01_DS_4.7GB	contig_14675	112	445	qacL_disinfecting_agents_and_antiseptics	33	333	333	1.0	Unknown taxonomy (chromosome or plasmid)
barcode01_DS_4.7GB	contig_14675	519	978	AAC(6')-Il_aminoglycoside_antibiotic	49	459	459	1.0	Unknown taxonomy (chromosome or plasmid)
barcode01_DS_4.7GB	contig_14675	1051	1915	GES-1_carbapenem;_cephalosporin;_penam	83	864	864	1.0	Unknown taxonomy (chromosome or plasmid)
barcode01_DS_4.7GB	contig_14675	2136	2484	qacEdelta1_disinfecting_agents_and_antiseptics	76	348	348	1.0	Unknown taxonomy (chromosome or plasmid)
barcode01_DS_4.7GB	contig_14675	2477	3317	sul1_sulfonamide_antibiotic	79	840	840	1.0	Unknown taxonomy (chromosome or plasmid)
barcode01_DS_4.7GB	contig_14701	2114	2969	ErmX_macrolide_antibiotic;_lincosamide_antibiotic;_streptogramin_antibiotic;_streptogramin_A_antibiotic;_streptogramin_B_antibiotic	17	855	855	1.0	Unknown taxonomy (chromosome or plasmid)
barcode01_DS_4.7GB	contig_14701	5254	6109	ErmX_macrolide_antibiotic;_lincosamide_antibiotic;_streptogramin_antibiotic;_streptogramin_A_antibiotic;_streptogramin_B_antibiotic	8	855	855	1.0	Unknown taxonomy (chromosome or plasmid)
barcode01_DS_4.7GB	contig_14729	3041	3374	qacL_disinfecting_agents_and_antiseptics	20	333	333	1.0	Unknown taxonomy (chromosome or plasmid)
barcode01_DS_4.7GB	contig_14750	20183	20675	nimJ_nitroimidazole_antibiotic	4	492	492	1.0	
barcode01_DS_4.7GB	contig_14841	839	1745	mphA_macrolide_antibiotic	20	906	906	1.0	Unknown taxonomy (chromosome or plasmid)
barcode01_DS_4.7GB	contig_14841	1741	2980	Mrx_macrolide_antibiotic	20	1239	1239	1.0	Unknown taxonomy (chromosome or plasmid)
barcode01_DS_4.7GB	contig_14841	8811	9162	qacEdelta1_disinfecting_agents_and_antiseptics	37	351	351	1.0	Unknown taxonomy (chromosome or plasmid)
barcode01_DS_4.7GB	contig_14891	9665	10784	vanT gene in vanG cluster_glycopeptide_antibiotic	5	1119	1119	1.0	
barcode01_DS_4.7GB	contig_14921	5833	6697	ArnT_peptide_antibiotic	12	864	864	1.0	Klebsiella (chromosome)
barcode01_DS_4.7GB	contig_15004	509	1247	ErmB_macrolide_antibiotic;_lincosamide_antibiotic;_streptogramin_antibiotic;_streptogramin_A_antibiotic;_streptogramin_B_antibiotic	20	738	738	1.0	Unknown taxonomy (chromosome or plasmid)
barcode01_DS_4.7GB	contig_15038	1114	1894	APH(3')-VIa_aminoglycoside_antibiotic	65	780	780	1.0	Unknown taxonomy (chromosome or plasmid)
barcode01_DS_4.7GB	contig_15085	1552	4717	adeF_fluoroquinolone_antibiotic;_tetracycline_antibiotic	4	3165	3165	1.0	Acinetobacter (chromosome or plasmid)
barcode01_DS_4.7GB	contig_15177	17023	18148	vanT gene in vanG cluster_glycopeptide_antibiotic	7	1125	1125	1.0	
barcode01_DS_4.7GB	contig_15266	4698	5322	tetR_tetracycline_antibiotic	6	624	624	1.0	Unknown taxonomy (chromosome or plasmid)
barcode01_DS_4.7GB	contig_15266	5403	6609	tet(B)_tetracycline_antibiotic	9	1206	1206	1.0	Unknown taxonomy (chromosome or plasmid)
barcode01_DS_4.7GB	contig_15276	284	1451	tet(X)_glycylcycline;_tetracycline_antibiotic	13	1167	1167	1.0	Unknown taxonomy (chromosome or plasmid)
barcode01_DS_4.7GB	contig_15276	1663	2464	ErmF_macrolide_antibiotic;_lincosamide_antibiotic;_streptogramin_antibiotic;_streptogramin_A_antibiotic;_streptogramin_B_antibiotic	25	801	801	1.0	Unknown taxonomy (chromosome or plasmid)
barcode01_DS_4.7GB	contig_1535	27725	27938	vanU gene in vanG cluster_glycopeptide_antibiotic	14	213	213	1.0	
barcode01_DS_4.7GB	contig_15370	6915	7710	OXA-504_penam	13	795	795	1.0	Aeromonas caviae (chromosome or plasmid)
barcode01_DS_4.7GB	contig_15385	520	1579	vanY gene in vanM cluster_glycopeptide_antibiotic	7	1059	1059	1.0	
barcode01_DS_4.7GB	contig_15402	11241	12402	vanT gene in vanG cluster_glycopeptide_antibiotic	15	1161	1161	1.0	
barcode01_DS_4.7GB	contig_15453	16422	16917	lnuC_lincosamide_antibiotic	86	495	495	1.0	Unknown taxonomy (chromosome or plasmid)
barcode01_DS_4.7GB	contig_1568	461	1292	OXA-1_cephalosporin;_penam	18	831	831	1.0	Unknown taxonomy (chromosome or plasmid)
barcode01_DS_4.7GB	contig_1568	1422	2022	AAC(6')-Ib-cr6_fluoroquinolone_antibiotic;_aminoglycoside_antibiotic	36	600	600	1.0	Unknown taxonomy (chromosome or plasmid)
barcode01_DS_4.7GB	contig_1568	4276	5137	AAC(3)-IId_aminoglycoside_antibiotic	13	861	861	1.0	Klebsiella pneumoniae (chromosome or plasmid)
barcode01_DS_4.7GB	contig_1568	10111	10972	TEM-1_monobactam;_cephalosporin;_penam;_penem	15	861	861	1.0	Unknown taxonomy (chromosome or plasmid)
barcode01_DS_4.7GB	contig_159	265	1741	msrE_macrolide_antibiotic;_streptogramin_antibiotic	58	1476	1476	1.0	Unknown taxonomy (chromosome or plasmid)
barcode01_DS_4.7GB	contig_159	1796	2681	mphE_macrolide_antibiotic	46	885	885	1.0	Unknown taxonomy (chromosome or plasmid)
barcode01_DS_4.7GB	contig_1596	3059	3941	KPC-2_monobactam;_carbapenem;_cephalosporin;_penam	74	882	882	1.0	Unknown taxonomy (chromosome or plasmid)
barcode01_DS_4.7GB	contig_1597	71725	73063	vanW gene in vanI cluster_glycopeptide_antibiotic	8	1338	1338	1.0	
barcode01_DS_4.7GB	contig_16	795646	798838	adeF_fluoroquinolone_antibiotic;_tetracycline_antibiotic	60	3192	3192	1.0	
barcode01_DS_4.7GB	contig_16	2795599	2796709	vanT gene in vanG cluster_glycopeptide_antibiotic	78	1110	1110	1.0	
barcode01_DS_4.7GB	contig_161	916	1744	OXA-253_carbapenem;_penam	68	828	828	1.0	Acinetobacter baumannii (chromosome)
barcode01_DS_4.7GB	contig_1621	108090	109644	vanW gene in vanI cluster_glycopeptide_antibiotic	11	1554	1554	1.0	
barcode01_DS_4.7GB	contig_1621	204854	206339	lsaE_lincosamide_antibiotic;_streptogramin_antibiotic;_pleuromutilin_antibiotic	22	1485	1485	1.0	Streptococcus (chromosome or plasmid)
barcode01_DS_4.7GB	contig_1621	206392	207196	lnuB_lincosamide_antibiotic	17	804	804	1.0	Unknown taxonomy (chromosome or plasmid)
barcode01_DS_4.7GB	contig_164	4617	5454	APH(6)-Id_aminoglycoside_antibiotic	39	837	837	1.0	Unknown taxonomy (chromosome or plasmid)
barcode01_DS_4.7GB	contig_164	5453	6257	APH(3'')-Ib_aminoglycoside_antibiotic	30	804	804	1.0	Unknown taxonomy (chromosome or plasmid)
barcode01_DS_4.7GB	contig_165	12561	13446	mphE_macrolide_antibiotic	55	885	885	1.0	Unknown taxonomy (chromosome or plasmid)
barcode01_DS_4.7GB	contig_2088	269	995	vanY gene in vanB cluster_glycopeptide_antibiotic	21	726	726	1.0	Roseburia hominis (no genomic info)
barcode01_DS_4.7GB	contig_2112	659	1544	mphE_macrolide_antibiotic	39	885	885	1.0	Unknown taxonomy (chromosome or plasmid)
barcode01_DS_4.7GB	contig_2231	732	2271	vanT gene in vanG cluster_glycopeptide_antibiotic	4	1539	1539	1.0	
barcode01_DS_4.7GB	contig_2308	11432	12170	ErmB_macrolide_antibiotic;_lincosamide_antibiotic;_streptogramin_antibiotic;_streptogramin_A_antibiotic;_streptogramin_B_antibiotic	32	738	738	1.0	Unknown taxonomy (chromosome or plasmid)
barcode01_DS_4.7GB	contig_232	9552	10737	Escherichia coli EF-Tu mutants conferring resistance to Pulvomycin_elfamycin_antibiotic	25	1185	1185	1.0	Unknown taxonomy (chromosome or plasmid)
barcode01_DS_4.7GB	contig_2375	13373	14504	vanT gene in vanG cluster_glycopeptide_antibiotic	19	1131	1131	1.0	
barcode01_DS_4.7GB	contig_2414	4671	4926	rsmA_fluoroquinolone_antibiotic;_diaminopyrimidine_antibiotic;_phenicol_antibiotic	16	255	255	1.0	
barcode01_DS_4.7GB	contig_2415	4673	4871	rsmA_fluoroquinolone_antibiotic;_diaminopyrimidine_antibiotic;_phenicol_antibiotic	9	198	198	1.0	
barcode01_DS_4.7GB	contig_2427	11621	12503	vanW gene in vanG cluster_glycopeptide_antibiotic	15	882	882	1.0	Acinetobacter johnsonii (chromosome)
barcode01_DS_4.7GB	contig_2440	25728	26592	GES-1_carbapenem;_cephalosporin;_penam	86	864	864	1.0	Unknown taxonomy (chromosome or plasmid)
barcode01_DS_4.7GB	contig_2490	258031	260095	adeF_fluoroquinolone_antibiotic;_tetracycline_antibiotic	30	2064	2064	1.0	
barcode01_DS_4.7GB	contig_2501	28607	31085	vanT gene in vanG cluster_glycopeptide_antibiotic	21	2478	2478	1.0	
barcode01_DS_4.7GB	contig_2540	10150	11035	vanW gene in vanI cluster_glycopeptide_antibiotic	3	885	885	1.0	
barcode01_DS_4.7GB	contig_255	231805	235375	Bifidobacterium adolescentis rpoB mutants conferring resistance to rifampicin_rifamycin_antibiotic	21	3570	3570	1.0	Bifidobacterium (chromosome)
barcode01_DS_4.7GB	contig_26	48516	48882	qacG_disinfecting_agents_and_antiseptics	21	366	366	1.0	Acinetobacter johnsonii (chromosome)
barcode01_DS_4.7GB	contig_2633	71056	72166	vanT gene in vanG cluster_glycopeptide_antibiotic	318	1110	1110	1.0	
barcode01_DS_4.7GB	contig_2693	3426	3777	vanW gene in vanI cluster_glycopeptide_antibiotic	4	351	351	1.0	
barcode01_DS_4.7GB	contig_2737	82574	83558	vanH gene in vanO cluster_glycopeptide_antibiotic	15	984	984	1.0	
barcode01_DS_4.7GB	contig_2776	732	1533	ErmF_macrolide_antibiotic;_lincosamide_antibiotic;_streptogramin_antibiotic;_streptogramin_A_antibiotic;_streptogramin_B_antibiotic	24	801	801	1.0	Unknown taxonomy (chromosome or plasmid)
barcode01_DS_4.7GB	contig_2795	13751	14579	OXA-253_carbapenem;_penam	50	828	828	1.0	Acinetobacter baumannii (chromosome)
barcode01_DS_4.7GB	contig_2831	2528	3071	lnuC_lincosamide_antibiotic	10	543	543	1.0	Anaerostipes hadrus (chromosome or plasmid)
barcode01_DS_4.7GB	contig_2919	16209	16713	nimG_nitroimidazole_antibiotic	7	504	504	1.0	
barcode01_DS_4.7GB	contig_3055	1220	1586	qacG_disinfecting_agents_and_antiseptics	5	366	366	1.0	
barcode01_DS_4.7GB	contig_3104	317501	320672	adeF_fluoroquinolone_antibiotic;_tetracycline_antibiotic	22	3171	3171	1.0	
barcode01_DS_4.7GB	contig_3176	10262	10583	vanY gene in vanB cluster_glycopeptide_antibiotic	5	321	321	1.0	
barcode01_DS_4.7GB	contig_3176	10692	10917	vanY gene in vanB cluster_glycopeptide_antibiotic	6	225	225	1.0	
barcode01_DS_4.7GB	contig_3263	47464	48460	CfxA6_cephamycin	46	996	996	1.0	
barcode01_DS_4.7GB	contig_3333	16790	17777	vanH gene in vanO cluster_glycopeptide_antibiotic	7	987	987	1.0	
barcode01_DS_4.7GB	contig_341	3305	4535	tet(W)_tetracycline_antibiotic	53	1230	1230	1.0	Unknown taxonomy (chromosome or plasmid)
barcode01_DS_4.7GB	contig_342	3112	3709	tet(O)_tetracycline_antibiotic	24	597	597	1.0	Streptococcus suis (chromosome or plasmid)
barcode01_DS_4.7GB	contig_342	4840	6079	tet(40)_tetracycline_antibiotic	22	1239	1239	1.0	Faecalibacterium prausnitzii (chromosome)
barcode01_DS_4.7GB	contig_345	1045	2965	tet(W)_tetracycline_antibiotic	51	1920	1920	1.0	Trueperella pyogenes (chromosome or plasmid)
barcode01_DS_4.7GB	contig_3451	21593	22766	vanT gene in vanG cluster_glycopeptide_antibiotic	19	1173	1173	1.0	
barcode01_DS_4.7GB	contig_346	594	2226	tet(O/W)_tetracycline_antibiotic	40	1632	1632	1.0	Unknown taxonomy (chromosome or plasmid)
barcode01_DS_4.7GB	contig_348	12485	13223	ErmB_macrolide_antibiotic;_lincosamide_antibiotic;_streptogramin_antibiotic;_streptogramin_A_antibiotic;_streptogramin_B_antibiotic	32	738	738	1.0	Unknown taxonomy (chromosome or plasmid)
barcode01_DS_4.7GB	contig_358	26164	28090	tet(Q)_tetracycline_antibiotic	83	1926	1926	1.0	Unknown taxonomy (chromosome)
barcode01_DS_4.7GB	contig_358	31998	32799	ErmF_macrolide_antibiotic;_lincosamide_antibiotic;_streptogramin_antibiotic;_streptogramin_A_antibiotic;_streptogramin_B_antibiotic	34	801	801	1.0	Unknown taxonomy (chromosome or plasmid)
barcode01_DS_4.7GB	contig_3587	7477	8302	OXA-644_carbapenem;_penam	20	825	825	1.0	Acinetobacter johnsonii (chromosome)
barcode01_DS_4.7GB	contig_3692	1650	2388	ErmB_macrolide_antibiotic;_lincosamide_antibiotic;_streptogramin_antibiotic;_streptogramin_A_antibiotic;_streptogramin_B_antibiotic	29	738	738	1.0	Unknown taxonomy (chromosome or plasmid)
barcode01_DS_4.7GB	contig_3744	23342	24599	vanW gene in vanI cluster_glycopeptide_antibiotic	8	1257	1257	1.0	
barcode01_DS_4.7GB	contig_379	296	1391	vanT gene in vanG cluster_glycopeptide_antibiotic	9	1095	1095	1.0	
barcode01_DS_4.7GB	contig_3832	507	1392	mphE_macrolide_antibiotic	46	885	885	1.0	Unknown taxonomy (chromosome or plasmid)
barcode01_DS_4.7GB	contig_3973	26992	27949	tet(M)_tetracycline_antibiotic	19	957	957	1.0	Unknown taxonomy (chromosome or plasmid)
barcode01_DS_4.7GB	contig_3973	27887	28913	tet(M)_tetracycline_antibiotic	19	1026	1026	1.0	Unknown taxonomy (chromosome or plasmid)
barcode01_DS_4.7GB	contig_3974	12989	13478	tet(M)_tetracycline_antibiotic	6	489	489	1.0	Unknown taxonomy (chromosome or plasmid)
barcode01_DS_4.7GB	contig_3974	13712	14678	tet(M)_tetracycline_antibiotic	8	966	966	1.0	Unknown taxonomy (chromosome or plasmid)
barcode01_DS_4.7GB	contig_3978	9959	10454	lnuC_lincosamide_antibiotic	82	495	495	1.0	Unknown taxonomy (chromosome or plasmid)
barcode01_DS_4.7GB	contig_398	5304	5859	AAC(6')-IIa_aminoglycoside_antibiotic	15	555	555	1.0	Unknown taxonomy (chromosome or plasmid)
barcode01_DS_4.7GB	contig_398	6006	6465	AAC(6')-Il_aminoglycoside_antibiotic	28	459	459	1.0	Unknown taxonomy (chromosome or plasmid)
barcode01_DS_4.7GB	contig_398	6558	7359	VIM-4_carbapenem;_cephalosporin;_cephamycin;_penam;_penem	20	801	801	1.0	Unknown taxonomy (chromosome or plasmid)
barcode01_DS_4.7GB	contig_3983	956	1736	APH(3')-VIa_aminoglycoside_antibiotic	58	780	780	1.0	Unknown taxonomy (chromosome or plasmid)
barcode01_DS_4.7GB	contig_4113	29194	30358	vanT gene in vanG cluster_glycopeptide_antibiotic	10	1164	1164	1.0	
barcode01_DS_4.7GB	contig_4153	11559	12654	vanG_glycopeptide_antibiotic	9	1095	1095	1.0	Unknown taxonomy (chromosome or plasmid)
barcode01_DS_4.7GB	contig_4368	2405	3611	Mef(En2)_macrolide_antibiotic;_lincosamide_antibiotic	29	1206	1206	1.0	Unknown taxonomy (chromosome)
barcode01_DS_4.7GB	contig_4373	7	541	ANT(2'')-Ia_aminoglycoside_antibiotic	50	534	534	1.0	Unknown taxonomy (chromosome or plasmid)
barcode01_DS_4.7GB	contig_4373	610	1438	OXA-2_carbapenem;_cephalosporin;_penam	36	828	828	1.0	Unknown taxonomy (chromosome or plasmid)
barcode01_DS_4.7GB	contig_4373	1892	2165	qacJ_disinfecting_agents_and_antiseptics	23	273	273	1.0	Unknown taxonomy (chromosome or plasmid)
barcode01_DS_4.7GB	contig_4411	18047	19034	vanH gene in vanD cluster_glycopeptide_antibiotic	9	987	987	1.0	
barcode01_DS_4.7GB	contig_4432	3396	4134	ErmB_macrolide_antibiotic;_lincosamide_antibiotic;_streptogramin_antibiotic;_streptogramin_A_antibiotic;_streptogramin_B_antibiotic	11	738	738	1.0	Enterococcus (chromosome or plasmid)
barcode01_DS_4.7GB	contig_4432	5573	7013	AAC(6')-Ie-APH(2'')-Ia bifunctional protein_aminoglycoside_antibiotic	12	1440	1440	1.0	Unknown taxonomy (chromosome or plasmid)
barcode01_DS_4.7GB	contig_4669	2206	2548	qacL_disinfecting_agents_and_antiseptics	5	342	342	1.0	Unknown taxonomy (chromosome or plasmid)
barcode01_DS_4.7GB	contig_4682	2643	4260	vanW gene in vanI cluster_glycopeptide_antibiotic	6	1617	1617	1.0	
barcode01_DS_4.7GB	contig_4718	19	352	qacL_disinfecting_agents_and_antiseptics	3	333	333	1.0	Unknown taxonomy (chromosome or plasmid)
barcode01_DS_4.7GB	contig_4799	1299	2154	vanY gene in vanB cluster_glycopeptide_antibiotic	7	855	855	1.0	Roseburia hominis (no genomic info)
barcode01_DS_4.7GB	contig_49	4110	4947	APH(6)-Id_aminoglycoside_antibiotic	37	837	837	1.0	Unknown taxonomy (chromosome or plasmid)
barcode01_DS_4.7GB	contig_4966	80631	81342	vanY gene in vanB cluster_glycopeptide_antibiotic	11	711	711	1.0	
barcode01_DS_4.7GB	contig_5274	15260	16250	vanH gene in vanB cluster_glycopeptide_antibiotic	12	990	990	1.0	
barcode01_DS_4.7GB	contig_529	4616	5177	vanW gene in vanI cluster_glycopeptide_antibiotic	3	561	561	1.0	
barcode01_DS_4.7GB	contig_5316	35962	36781	vanY gene in vanF cluster_glycopeptide_antibiotic	2	819	819	1.0	
barcode01_DS_4.7GB	contig_5358	83	578	lnuC_lincosamide_antibiotic	80	495	495	1.0	Unknown taxonomy (chromosome or plasmid)
barcode01_DS_4.7GB	contig_5366	36345	36840	nimA_nitroimidazole_antibiotic	11	495	495	1.0	
barcode01_DS_4.7GB	contig_5418	21672	22317	vanY gene in vanB cluster_glycopeptide_antibiotic	12	645	645	1.0	
barcode01_DS_4.7GB	contig_5464	51172	51661	nimJ_nitroimidazole_antibiotic	8	489	489	1.0	
barcode01_DS_4.7GB	contig_5498	168	2250	vanT gene in vanG cluster_glycopeptide_antibiotic	8	2082	2082	1.0	
barcode01_DS_4.7GB	contig_5498	2236	2989	vanXY gene in vanG cluster_glycopeptide_antibiotic	7	753	753	1.0	
barcode01_DS_4.7GB	contig_5505	15842	16493	Klebsiella pneumoniae acrR with mutation conferring multidrug antibiotic resistance_fluoroquinolone_antibiotic;_cephalosporin;_glycylcycline;_penam;_tetracycline_antibiotic;_rifamycin_antibiotic;_phenicol_antibiotic;_disinfecting_agents_and_antiseptics	11	651	651	1.0	Klebsiella (chromosome)
barcode01_DS_4.7GB	contig_5622	2282	4286	tet(Q)_tetracycline_antibiotic	8	2004	2004	1.0	Collinsella aerofaciens (no genomic info)
barcode01_DS_4.7GB	contig_5646	43295	44075	APH(3')-VIa_aminoglycoside_antibiotic	40	780	780	1.0	Unknown taxonomy (chromosome or plasmid)
barcode01_DS_4.7GB	contig_570	191259	194400	adeF_fluoroquinolone_antibiotic;_tetracycline_antibiotic	12	3141	3141	1.0	
barcode01_DS_4.7GB	contig_570	293442	294774	vanW gene in vanI cluster_glycopeptide_antibiotic	21	1332	1332	1.0	
barcode01_DS_4.7GB	contig_5792	14230	15337	vanT gene in vanG cluster_glycopeptide_antibiotic	6	1107	1107	1.0	Streptococcus gallolyticus (chromosome)
barcode01_DS_4.7GB	contig_5851	1421	2531	vanT gene in vanG cluster_glycopeptide_antibiotic	12	1110	1110	1.0	
barcode01_DS_4.7GB	contig_60	201153	201486	qacJ_disinfecting_agents_and_antiseptics	34	333	333	1.0	
barcode01_DS_4.7GB	contig_60	837418	838417	vanH gene in vanB cluster_glycopeptide_antibiotic	36	999	999	1.0	
barcode01_DS_4.7GB	contig_60	1761696	1764171	vanT gene in vanG cluster_glycopeptide_antibiotic	22	2475	2475	1.0	
barcode01_DS_4.7GB	contig_6065	1221	2085	GES-5_carbapenem;_cephalosporin;_penam	61	864	864	1.0	Unknown taxonomy (chromosome or plasmid)
barcode01_DS_4.7GB	contig_6065	2224	2806	AAC(6')-IIc_aminoglycoside_antibiotic	19	582	582	1.0	Unknown taxonomy (chromosome or plasmid)
barcode01_DS_4.7GB	contig_6132	20008	21481	vanW gene in vanI cluster_glycopeptide_antibiotic	4	1473	1473	1.0	
barcode01_DS_4.7GB	contig_621	8667	8994	qacG_disinfecting_agents_and_antiseptics	8	327	327	1.0	
barcode01_DS_4.7GB	contig_649	43926	44742	sul2_sulfonamide_antibiotic	32	816	816	1.0	Unknown taxonomy (chromosome or plasmid)
barcode01_DS_4.7GB	contig_649	46257	47142	mphG_macrolide_antibiotic	36	885	885	1.0	
barcode01_DS_4.7GB	contig_66	4373	4847	dfrF_diaminopyrimidine_antibiotic	20	474	474	1.0	Unknown taxonomy (chromosome or plasmid)
barcode01_DS_4.7GB	contig_672	132043	133216	vanT gene in vanG cluster_glycopeptide_antibiotic	20	1173	1173	1.0	
barcode01_DS_4.7GB	contig_672	140135	142097	tet(O)_tetracycline_antibiotic	18	1962	1962	1.0	
barcode01_DS_4.7GB	contig_6863	16097	16634	vanY gene in vanB cluster_glycopeptide_antibiotic	9	537	537	1.0	Roseburia hominis (no genomic info)
barcode01_DS_4.7GB	contig_6875	944	1520	tet(W)_tetracycline_antibiotic	54	576	576	1.0	Trueperella pyogenes (chromosome or plasmid)
barcode01_DS_4.7GB	contig_6875	1683	2322	tet(W)_tetracycline_antibiotic	44	639	639	1.0	Unknown taxonomy (chromosome)
barcode01_DS_4.7GB	contig_711	1268	2123	ErmX_macrolide_antibiotic;_lincosamide_antibiotic;_streptogramin_antibiotic;_streptogramin_A_antibiotic;_streptogramin_B_antibiotic	17	855	855	1.0	Unknown taxonomy (chromosome or plasmid)
barcode01_DS_4.7GB	contig_712	99	882	LCR-1_cephalosporin;_penam	14	783	783	1.0	Pseudomonas aeruginosa (chromosome or plasmid)
barcode01_DS_4.7GB	contig_7185	5024	5369	qacG_disinfecting_agents_and_antiseptics	14	345	345	1.0	Unknown taxonomy (chromosome or plasmid)
barcode01_DS_4.7GB	contig_7443	4766	6368	vanT gene in vanG cluster_glycopeptide_antibiotic	17	1602	1602	1.0	
barcode01_DS_4.7GB	contig_757	17936	18818	KPC-2_monobactam;_carbapenem;_cephalosporin;_penam	71	882	882	1.0	Unknown taxonomy (chromosome or plasmid)
barcode01_DS_4.7GB	contig_762	5194	6055	TEM-1_monobactam;_cephalosporin;_penam;_penem	15	861	861	1.0	Unknown taxonomy (chromosome or plasmid)
barcode01_DS_4.7GB	contig_7887	36	531	dfrF_diaminopyrimidine_antibiotic	17	495	495	1.0	Unknown taxonomy (chromosome or plasmid)
barcode01_DS_4.7GB	contig_7901	3515	3887	vanY gene in vanB cluster_glycopeptide_antibiotic	6	372	372	1.0	
barcode01_DS_4.7GB	contig_8105	5845	6343	nimG_nitroimidazole_antibiotic	2	498	498	1.0	
barcode01_DS_4.7GB	contig_8118	15027	16710	vanW gene in vanI cluster_glycopeptide_antibiotic	9	1683	1683	1.0	Roseburia hominis (no genomic info)
barcode01_DS_4.7GB	contig_8175	15045	15840	vanY gene in vanB cluster_glycopeptide_antibiotic	5	795	795	1.0	
barcode01_DS_4.7GB	contig_8270	1877	5000	adeF_fluoroquinolone_antibiotic;_tetracycline_antibiotic	3	3123	3123	1.0	
barcode01_DS_4.7GB	contig_8342	5901	6291	vanY gene in vanB cluster_glycopeptide_antibiotic	15	390	390	1.0	
barcode01_DS_4.7GB	contig_8545	691	1126	Escherichia coli AcrAB-TolC with MarR mutations conferring resistance to ciprofloxacin and tetracycline_fluoroquinolone_antibiotic;_cephalosporin;_glycylcycline;_penam;_tetracycline_antibiotic;_rifamycin_antibiotic;_phenicol_antibiotic;_disinfecting_agents_and_antiseptics	9	435	435	1.0	Klebsiella pneumoniae (chromosome or plasmid)
barcode01_DS_4.7GB	contig_8545	1146	1521	marA_fluoroquinolone_antibiotic;_monobactam;_carbapenem;_cephalosporin;_glycylcycline;_cephamycin;_penam;_tetracycline_antibiotic;_rifamycin_antibiotic;_phenicol_antibiotic;_penem;_disinfecting_agents_and_antiseptics	7	375	375	1.0	Klebsiella pneumoniae (chromosome or plasmid)
barcode01_DS_4.7GB	contig_8594	1042	1375	qacL_disinfecting_agents_and_antiseptics	42	333	333	1.0	Unknown taxonomy (chromosome or plasmid)
barcode01_DS_4.7GB	contig_8594	1449	1908	AAC(6')-Il_aminoglycoside_antibiotic	23	459	459	1.0	Unknown taxonomy (chromosome or plasmid)
barcode01_DS_4.7GB	contig_8624	6654	9129	vanT gene in vanG cluster_glycopeptide_antibiotic	9	2475	2475	1.0	
barcode01_DS_4.7GB	contig_8973	1691	4187	vanT gene in vanG cluster_glycopeptide_antibiotic	5	2496	2496	1.0	
barcode01_DS_4.7GB	contig_9057	1866	2751	mphE_macrolide_antibiotic	71	885	885	1.0	Unknown taxonomy (chromosome or plasmid)
barcode01_DS_4.7GB	contig_9057	4624	5815	tet(C)_tetracycline_antibiotic	20	1191	1191	1.0	Unknown taxonomy (chromosome or plasmid)
barcode01_DS_4.7GB	contig_9081	5639	6632	vanH gene in vanB cluster_glycopeptide_antibiotic	8	993	993	1.0	
barcode01_DS_4.7GB	contig_9188	3048	3351	qacL_disinfecting_agents_and_antiseptics	11	303	303	1.0	Pseudomonas aeruginosa (chromosome or plasmid)
barcode01_DS_4.7GB	contig_9297	654	1278	vanW gene in vanG cluster_glycopeptide_antibiotic	3	624	624	1.0	
barcode01_DS_4.7GB	contig_942	35	1223	tet(39)_tetracycline_antibiotic	30	1188	1188	1.0	Unknown taxonomy (plasmid)
barcode01_DS_4.7GB	contig_9640	15732	16263	emrR_fluoroquinolone_antibiotic	11	531	531	1.0	Klebsiella (chromosome or plasmid)
barcode01_DS_4.7GB	contig_9645	4047	4869	vanW gene in vanB cluster_glycopeptide_antibiotic	5	822	822	1.0	
barcode01_DS_4.7GB	contig_9660	5094	5916	vanY gene in vanB cluster_glycopeptide_antibiotic	6	822	822	1.0	Faecalibacterium prausnitzii (chromosome)
barcode01_DS_4.7GB	contig_9713	632	1313	vanY gene in vanG cluster_glycopeptide_antibiotic	3	681	681	1.0	
barcode01_DS_4.7GB	contig_976	82	454	FosI_phosphonic_acid_antibiotic	14	372	372	1.0	
barcode01_DS_4.7GB	contig_9905	660	1545	mphE_macrolide_antibiotic	47	885	885	1.0	Unknown taxonomy (chromosome or plasmid)
barcode02_DS_4.7GB	contig_10079	42382	43477	ArnT_peptide_antibiotic	6	1095	1095	1.0	Klebsiella pneumoniae (chromosome)
barcode02_DS_4.7GB	contig_10079	46932	47916	PmrF_peptide_antibiotic	12	984	984	1.0	
barcode02_DS_4.7GB	contig_10135	40033	40528	lnuC_lincosamide_antibiotic	45	495	495	1.0	Unknown taxonomy (chromosome or plasmid)
barcode02_DS_4.7GB	contig_10194	19786	20911	vanT gene in vanG cluster_glycopeptide_antibiotic	7	1125	1125	1.0	
barcode02_DS_4.7GB	contig_1022	5695	7615	tet(O)_tetracycline_antibiotic	140	1920	1920	1.0	Unknown taxonomy (chromosome or plasmid)
barcode02_DS_4.7GB	contig_1044	6433	7768	vanY gene in vanG cluster_glycopeptide_antibiotic	6	1335	1335	1.0	
barcode02_DS_4.7GB	contig_10454	14220	15093	vanY gene in vanG cluster_glycopeptide_antibiotic	17	873	873	1.0	
barcode02_DS_4.7GB	contig_1058	55118	55661	lnuC_lincosamide_antibiotic	40	543	543	1.0	Anaerostipes hadrus (chromosome or plasmid)
barcode02_DS_4.7GB	contig_10636	7471	8674	vanT gene in vanG cluster_glycopeptide_antibiotic	21	1203	1203	1.0	Faecalibacterium prausnitzii (chromosome)
barcode02_DS_4.7GB	contig_10693	2590	3445	ErmX_macrolide_antibiotic;_lincosamide_antibiotic;_streptogramin_antibiotic;_streptogramin_A_antibiotic;_streptogramin_B_antibiotic	20	855	855	1.0	Unknown taxonomy (chromosome or plasmid)
barcode02_DS_4.7GB	contig_10723	5344	6916	vanW gene in vanI cluster_glycopeptide_antibiotic	4	1572	1572	1.0	
barcode02_DS_4.7GB	contig_1074	14400	15552	vanT gene in vanE cluster_glycopeptide_antibiotic	22	1152	1152	1.0	
barcode02_DS_4.7GB	contig_1074	15545	16601	vanG_glycopeptide_antibiotic	17	1056	1056	1.0	
barcode02_DS_4.7GB	contig_1076	237715	238774	vanY gene in vanM cluster_glycopeptide_antibiotic	16	1059	1059	1.0	
barcode02_DS_4.7GB	contig_10857	42902	43340	vanY gene in vanB cluster_glycopeptide_antibiotic	14	438	438	1.0	
barcode02_DS_4.7GB	contig_10953	12669	13689	vanT gene in vanG cluster_glycopeptide_antibiotic	4	1020	1020	1.0	
barcode02_DS_4.7GB	contig_10955	12576	13338	vanY gene in vanG cluster_glycopeptide_antibiotic	5	762	762	1.0	
barcode02_DS_4.7GB	contig_1096	14698	15052	qacG_disinfecting_agents_and_antiseptics	11	354	354	1.0	
barcode02_DS_4.7GB	contig_11034	177	1881	vanW gene in vanI cluster_glycopeptide_antibiotic	5	1704	1704	1.0	
barcode02_DS_4.7GB	contig_1107	12488	13409	vanT gene in vanG cluster_glycopeptide_antibiotic	4	921	921	1.0	
barcode02_DS_4.7GB	contig_1110	1030	1564	ANT(2'')-Ia_aminoglycoside_antibiotic	26	534	534	1.0	Unknown taxonomy (chromosome or plasmid)
barcode02_DS_4.7GB	contig_1110	2526	3381	ErmX_macrolide_antibiotic;_lincosamide_antibiotic;_streptogramin_antibiotic;_streptogramin_A_antibiotic;_streptogramin_B_antibiotic	22	855	855	1.0	Unknown taxonomy (chromosome or plasmid)
barcode02_DS_4.7GB	contig_11107	18194	19202	vanW gene in vanI cluster_glycopeptide_antibiotic	8	1008	1008	1.0	
barcode02_DS_4.7GB	contig_1112	23	605	AAC(6')-IIc_aminoglycoside_antibiotic	18	582	582	1.0	Unknown taxonomy (chromosome or plasmid)
barcode02_DS_4.7GB	contig_1112	1107	1440	qacL_disinfecting_agents_and_antiseptics	33	333	333	1.0	Unknown taxonomy (chromosome or plasmid)
barcode02_DS_4.7GB	contig_1112	3995	4343	qacEdelta1_disinfecting_agents_and_antiseptics	52	348	348	1.0	Unknown taxonomy (chromosome or plasmid)
barcode02_DS_4.7GB	contig_1112	4336	5176	sul1_sulfonamide_antibiotic	46	840	840	1.0	Unknown taxonomy (chromosome or plasmid)
barcode02_DS_4.7GB	contig_1115	4	463	AAC(6')-Il_aminoglycoside_antibiotic	18	459	459	1.0	Unknown taxonomy (chromosome or plasmid)
barcode02_DS_4.7GB	contig_1115	606	1434	OXA-2_carbapenem;_cephalosporin;_penam	20	828	828	1.0	Unknown taxonomy (chromosome or plasmid)
barcode02_DS_4.7GB	contig_1115	1563	1896	qacJ_disinfecting_agents_and_antiseptics	14	333	333	1.0	Unknown taxonomy (chromosome or plasmid)
barcode02_DS_4.7GB	contig_1118	326	1118	aadA_aminoglycoside_antibiotic	17	792	792	1.0	Unknown taxonomy (chromosome or plasmid)
barcode02_DS_4.7GB	contig_1158	410370	411144	vanY gene in vanB cluster_glycopeptide_antibiotic	19	774	774	1.0	
barcode02_DS_4.7GB	contig_11601	11366	11855	nimJ_nitroimidazole_antibiotic	5	489	489	1.0	
barcode02_DS_4.7GB	contig_1162	20263	20923	vanY gene in vanB cluster_glycopeptide_antibiotic	18	660	660	1.0	Roseburia hominis (no genomic info)
barcode02_DS_4.7GB	contig_11663	3937	4645	vanY gene in vanB cluster_glycopeptide_antibiotic	3	708	708	1.0	Faecalibacterium prausnitzii (no genomic info)
barcode02_DS_4.7GB	contig_1167	22516	22729	vanU gene in vanG cluster_glycopeptide_antibiotic	37	213	213	1.0	
barcode02_DS_4.7GB	contig_11807	3805	4192	qacG_disinfecting_agents_and_antiseptics	6	387	387	1.0	
barcode02_DS_4.7GB	contig_11884	2960	4739	vanW gene in vanI cluster_glycopeptide_antibiotic	4	1779	1779	1.0	
barcode02_DS_4.7GB	contig_11888	9389	11006	vanW gene in vanI cluster_glycopeptide_antibiotic	4	1617	1617	1.0	
barcode02_DS_4.7GB	contig_1189	816923	818033	vanG_glycopeptide_antibiotic	104	1110	1110	1.0	
barcode02_DS_4.7GB	contig_12	112334	112916	vanY gene in vanM cluster_glycopeptide_antibiotic	7	582	582	1.0	
barcode02_DS_4.7GB	contig_1247	33816	34380	vanY gene in vanM cluster_glycopeptide_antibiotic	11	564	564	1.0	
barcode02_DS_4.7GB	contig_12493	610	817	vanW gene in vanG cluster_glycopeptide_antibiotic	1	207	207	1.0	
barcode02_DS_4.7GB	contig_12511	8832	10011	vanT gene in vanG cluster_glycopeptide_antibiotic	11	1179	1179	1.0	
barcode02_DS_4.7GB	contig_12546	28910	29945	vanT gene in vanG cluster_glycopeptide_antibiotic	1	1035	1035	1.0	
barcode02_DS_4.7GB	contig_12570	1834	2962	vanW gene in vanI cluster_glycopeptide_antibiotic	4	1128	1128	1.0	
barcode02_DS_4.7GB	contig_12583	11600	12386	vanY gene in vanG cluster_glycopeptide_antibiotic	8	786	786	1.0	
barcode02_DS_4.7GB	contig_1262	24418	25549	vanT gene in vanG cluster_glycopeptide_antibiotic	16	1131	1131	1.0	
barcode02_DS_4.7GB	contig_12629	6503	7598	vanT gene in vanG cluster_glycopeptide_antibiotic	4	1095	1095	1.0	
barcode02_DS_4.7GB	contig_12683	17459	18626	vanT gene in vanG cluster_glycopeptide_antibiotic	8	1167	1167	1.0	
barcode02_DS_4.7GB	contig_12763	28357	29530	vanT gene in vanG cluster_glycopeptide_antibiotic	4	1173	1173	1.0	
barcode02_DS_4.7GB	contig_12840	3614	4490	vanY gene in vanG cluster_glycopeptide_antibiotic	3	876	876	1.0	
barcode02_DS_4.7GB	contig_12871	24833	25796	vanW gene in vanG cluster_glycopeptide_antibiotic	4	963	963	1.0	
barcode02_DS_4.7GB	contig_1293	11014	11356	qacG_disinfecting_agents_and_antiseptics	4	342	342	1.0	
barcode02_DS_4.7GB	contig_13111	655	1666	vanY gene in vanB cluster_glycopeptide_antibiotic	6	1011	1011	1.0	Faecalibacterium prausnitzii (chromosome)
barcode02_DS_4.7GB	contig_1314	11415	12306	tet(32)_tetracycline_antibiotic	18	891	891	1.0	Unknown taxonomy (chromosome or plasmid)
barcode02_DS_4.7GB	contig_1315	1614	2109	dfrF_diaminopyrimidine_antibiotic	16	495	495	1.0	Unknown taxonomy (chromosome or plasmid)
barcode02_DS_4.7GB	contig_13182	2176	3760	vanT gene in vanG cluster_glycopeptide_antibiotic	7	1584	1584	1.0	
barcode02_DS_4.7GB	contig_1328	223807	224977	vanT gene in vanG cluster_glycopeptide_antibiotic	12	1170	1170	1.0	
barcode02_DS_4.7GB	contig_13286	20178	20673	lnuC_lincosamide_antibiotic	50	495	495	1.0	Unknown taxonomy (chromosome or plasmid)
barcode02_DS_4.7GB	contig_13412	6982	7660	vanY gene in vanB cluster_glycopeptide_antibiotic	3	678	678	1.0	
barcode02_DS_4.7GB	contig_1347	57104	57596	nimA_nitroimidazole_antibiotic	11	492	492	1.0	
barcode02_DS_4.7GB	contig_13485	5185	5797	vanW gene in vanI cluster_glycopeptide_antibiotic	11	612	612	1.0	
barcode02_DS_4.7GB	contig_13504	19753	20485	vanY gene in vanB cluster_glycopeptide_antibiotic	6	732	732	1.0	
barcode02_DS_4.7GB	contig_1356	50	776	vanY gene in vanB cluster_glycopeptide_antibiotic	15	726	726	1.0	Roseburia hominis (no genomic info)
barcode02_DS_4.7GB	contig_13561	3981	4671	vanW gene in vanI cluster_glycopeptide_antibiotic	4	690	690	1.0	
barcode02_DS_4.7GB	contig_1360	16435	17563	vanY gene in vanA cluster_glycopeptide_antibiotic	2	1128	1128	1.0	
barcode02_DS_4.7GB	contig_137	43212	43686	dfrF_diaminopyrimidine_antibiotic	36	474	474	1.0	Unknown taxonomy (chromosome or plasmid)
barcode02_DS_4.7GB	contig_13707	57	1767	tet(O)_tetracycline_antibiotic	10	1710	1710	1.0	Unknown taxonomy (chromosome or plasmid)
barcode02_DS_4.7GB	contig_13732	262	1063	ErmF_macrolide_antibiotic;_lincosamide_antibiotic;_streptogramin_antibiotic;_streptogramin_A_antibiotic;_streptogramin_B_antibiotic	36	801	801	1.0	Unknown taxonomy (chromosome or plasmid)
barcode02_DS_4.7GB	contig_13808	49765	50839	vanG_glycopeptide_antibiotic	12	1074	1074	1.0	
barcode02_DS_4.7GB	contig_1400	2736	3720	vanH gene in vanO cluster_glycopeptide_antibiotic	4	984	984	1.0	
barcode02_DS_4.7GB	contig_14133	1533	2403	vanW gene in vanI cluster_glycopeptide_antibiotic	5	870	870	1.0	
barcode02_DS_4.7GB	contig_14145	76770	78222	vanW gene in vanI cluster_glycopeptide_antibiotic	7	1452	1452	1.0	
barcode02_DS_4.7GB	contig_14242	31827	32508	vanY gene in vanB cluster_glycopeptide_antibiotic	11	681	681	1.0	
barcode02_DS_4.7GB	contig_14344	1584	2742	vanW gene in vanI cluster_glycopeptide_antibiotic	4	1158	1158	1.0	
barcode02_DS_4.7GB	contig_14359	54175	55165	vanH gene in vanB cluster_glycopeptide_antibiotic	9	990	990	1.0	
barcode02_DS_4.7GB	contig_14416	4180	5689	vanW gene in vanI cluster_glycopeptide_antibiotic	7	1509	1509	1.0	
barcode02_DS_4.7GB	contig_14435	127120	127915	vanY gene in vanB cluster_glycopeptide_antibiotic	10	795	795	1.0	
barcode02_DS_4.7GB	contig_14449	14586	14919	qacJ_disinfecting_agents_and_antiseptics	11	333	333	1.0	
barcode02_DS_4.7GB	contig_1449	107080	108400	vanW gene in vanI cluster_glycopeptide_antibiotic	11	1320	1320	1.0	
barcode02_DS_4.7GB	contig_14493	25544	26720	vanT gene in vanG cluster_glycopeptide_antibiotic	15	1176	1176	1.0	
barcode02_DS_4.7GB	contig_14508	3744	4911	vanT gene in vanG cluster_glycopeptide_antibiotic	7	1167	1167	1.0	
barcode02_DS_4.7GB	contig_14508	43017	43590	vanT gene in vanG cluster_glycopeptide_antibiotic	20	573	573	1.0	
barcode02_DS_4.7GB	contig_14525	3826	4933	vanT gene in vanG cluster_glycopeptide_antibiotic	12	1107	1107	1.0	
barcode02_DS_4.7GB	contig_14555	1162	2326	vanT gene in vanG cluster_glycopeptide_antibiotic	13	1164	1164	1.0	
barcode02_DS_4.7GB	contig_14578	16398	17205	vanY gene in vanB cluster_glycopeptide_antibiotic	10	807	807	1.0	
barcode02_DS_4.7GB	contig_14585	4670	5081	FosA8_phosphonic_acid_antibiotic	3	411	411	1.0	
barcode02_DS_4.7GB	contig_14606	5406	5976	vanY gene in vanB cluster_glycopeptide_antibiotic	10	570	570	1.0	
barcode02_DS_4.7GB	contig_14612	10693	11659	CfxA3_cephamycin	27	966	966	1.0	Unknown taxonomy (chromosome or plasmid)
barcode02_DS_4.7GB	contig_1466	58509	59496	vanH gene in vanO cluster_glycopeptide_antibiotic	13	987	987	1.0	
barcode02_DS_4.7GB	contig_1470	66096	67242	vanT gene in vanG cluster_glycopeptide_antibiotic	30	1146	1146	1.0	
barcode02_DS_4.7GB	contig_14701	23065	24064	vanW gene in vanI cluster_glycopeptide_antibiotic	5	999	999	1.0	
barcode02_DS_4.7GB	contig_14762	2266	3841	vanW gene in vanI cluster_glycopeptide_antibiotic	4	1575	1575	1.0	
barcode02_DS_4.7GB	contig_14779	10991	12158	vanT gene in vanG cluster_glycopeptide_antibiotic	11	1167	1167	1.0	
barcode02_DS_4.7GB	contig_148	156	1368	tet(40)_tetracycline_antibiotic	24	1212	1212	1.0	Unknown taxonomy (chromosome)
barcode02_DS_4.7GB	contig_14860	6666	7560	vanY gene in vanB cluster_glycopeptide_antibiotic	9	894	894	1.0	
barcode02_DS_4.7GB	contig_1487	16614	18534	tet(M)_tetracycline_antibiotic	20	1920	1920	1.0	Unknown taxonomy (chromosome or plasmid)
barcode02_DS_4.7GB	contig_1487	18714	19644	Erm(52)_macrolide_antibiotic;_lincosamide_antibiotic;_streptogramin_antibiotic	23	930	930	1.0	
barcode02_DS_4.7GB	contig_1487	28877	30797	tet(O)_tetracycline_antibiotic	92	1920	1920	1.0	Unknown taxonomy (chromosome or plasmid)
barcode02_DS_4.7GB	contig_14914	355	1165	ErmB_macrolide_antibiotic;_lincosamide_antibiotic;_streptogramin_antibiotic;_streptogramin_A_antibiotic;_streptogramin_B_antibiotic	25	810	810	1.0	Escherichia coli (chromosome or plasmid)
barcode02_DS_4.7GB	contig_1498	8497	8971	dfrF_diaminopyrimidine_antibiotic	49	474	474	1.0	Unknown taxonomy (chromosome or plasmid)
barcode02_DS_4.7GB	contig_1499	4595	5069	dfrF_diaminopyrimidine_antibiotic	30	474	474	1.0	Unknown taxonomy (chromosome or plasmid)
barcode02_DS_4.7GB	contig_14992	12359	13565	vanT gene in vanG cluster_glycopeptide_antibiotic	6	1206	1206	1.0	
barcode02_DS_4.7GB	contig_15023	2408	3203	APH(3')-IIIa_aminoglycoside_antibiotic	20	795	795	1.0	Unknown taxonomy (chromosome or plasmid)
barcode02_DS_4.7GB	contig_1536	7503	8637	vanT gene in vanG cluster_glycopeptide_antibiotic	22	1134	1134	1.0	
barcode02_DS_4.7GB	contig_1536	39367	41914	tet(Q)_tetracycline_antibiotic	11	2547	2547	1.0	
barcode02_DS_4.7GB	contig_1618	227781	230313	vanT gene in vanG cluster_glycopeptide_antibiotic	34	2532	2532	1.0	
barcode02_DS_4.7GB	contig_1659	4827	5823	CfxA6_cephamycin	26	996	996	1.0	
barcode02_DS_4.7GB	contig_1671	27186	28182	vanH gene in vanB cluster_glycopeptide_antibiotic	9	996	996	1.0	
barcode02_DS_4.7GB	contig_1727	27835	28561	vanY gene in vanB cluster_glycopeptide_antibiotic	24	726	726	1.0	Roseburia hominis (no genomic info)
barcode02_DS_4.7GB	contig_174	1808	2432	catS_phenicol_antibiotic	9	624	624	1.0	Parvimonas micra (chromosome)
barcode02_DS_4.7GB	contig_1740	48698	49808	vanT gene in vanG cluster_glycopeptide_antibiotic	10	1110	1110	1.0	
barcode02_DS_4.7GB	contig_1770	1278	3234	tet(W)_tetracycline_antibiotic	120	1956	1956	1.0	Unknown taxonomy (chromosome or plasmid)
barcode02_DS_4.7GB	contig_1772	11548	13468	tet(W)_tetracycline_antibiotic	109	1920	1920	1.0	Unknown taxonomy (chromosome or plasmid)
barcode02_DS_4.7GB	contig_1844	2827	4498	vanW gene in vanI cluster_glycopeptide_antibiotic	6	1671	1671	1.0	
barcode02_DS_4.7GB	contig_1930	27671	28019	FosI_phosphonic_acid_antibiotic	10	348	348	1.0	
barcode02_DS_4.7GB	contig_2000	2905	5662	tet(36)_tetracycline_antibiotic	16	2757	2757	1.0	
barcode02_DS_4.7GB	contig_2001	297013	298246	vanW gene in vanI cluster_glycopeptide_antibiotic	24	1233	1233	1.0	
barcode02_DS_4.7GB	contig_2001	479685	480165	nimA_nitroimidazole_antibiotic	17	480	480	1.0	
barcode02_DS_4.7GB	contig_2001	519952	521122	vanT gene in vanG cluster_glycopeptide_antibiotic	11	1170	1170	1.0	
barcode02_DS_4.7GB	contig_2001	642294	645372	adeF_fluoroquinolone_antibiotic;_tetracycline_antibiotic	15	3078	3078	1.0	
barcode02_DS_4.7GB	contig_2021	24966	26163	vanT gene in vanG cluster_glycopeptide_antibiotic	5	1197	1197	1.0	Faecalibacterium prausnitzii (chromosome)
barcode02_DS_4.7GB	contig_2057	30362	31457	vanG_glycopeptide_antibiotic	25	1095	1095	1.0	Faecalibacterium prausnitzii (chromosome)
barcode02_DS_4.7GB	contig_212	41303	42041	ErmB_macrolide_antibiotic;_lincosamide_antibiotic;_streptogramin_antibiotic;_streptogramin_A_antibiotic;_streptogramin_B_antibiotic	42	738	738	1.0	Unknown taxonomy (chromosome or plasmid)
barcode02_DS_4.7GB	contig_2150	24422	25526	vanT gene in vanG cluster_glycopeptide_antibiotic	7	1104	1104	1.0	
barcode02_DS_4.7GB	contig_2175	141616	142438	vanW gene in vanB cluster_glycopeptide_antibiotic	13	822	822	1.0	
barcode02_DS_4.7GB	contig_2213	11400	12036	vanY gene in vanB cluster_glycopeptide_antibiotic	3	636	636	1.0	Faecalibacterium prausnitzii (chromosome)
barcode02_DS_4.7GB	contig_2224	4601	5414	vanY gene in vanF cluster_glycopeptide_antibiotic	4	813	813	1.0	
barcode02_DS_4.7GB	contig_2227	20918	22088	vanT gene in vanG cluster_glycopeptide_antibiotic	30	1170	1170	1.0	
barcode02_DS_4.7GB	contig_2230	43871	44654	vanW gene in vanI cluster_glycopeptide_antibiotic	4	783	783	1.0	
barcode02_DS_4.7GB	contig_2241	262176	263085	vanY gene in vanB cluster_glycopeptide_antibiotic	6	909	909	1.0	
barcode02_DS_4.7GB	contig_2283	97761	98838	vanW gene in vanI cluster_glycopeptide_antibiotic	12	1077	1077	1.0	
barcode02_DS_4.7GB	contig_2303	10614	11721	vanT gene in vanG cluster_glycopeptide_antibiotic	15	1107	1107	1.0	
barcode02_DS_4.7GB	contig_2306	3077	3641	vanY gene in vanB cluster_glycopeptide_antibiotic	10	564	564	1.0	Faecalibacterium prausnitzii (chromosome)
barcode02_DS_4.7GB	contig_238	2402	2897	dfrF_diaminopyrimidine_antibiotic	28	495	495	1.0	Unknown taxonomy (chromosome or plasmid)
barcode02_DS_4.7GB	contig_2429	12536	13274	ErmB_macrolide_antibiotic;_lincosamide_antibiotic;_streptogramin_antibiotic;_streptogramin_A_antibiotic;_streptogramin_B_antibiotic	21	738	738	1.0	Unknown taxonomy (chromosome or plasmid)
barcode02_DS_4.7GB	contig_243	403638	404790	vanY gene in vanM cluster_glycopeptide_antibiotic	13	1152	1152	1.0	
barcode02_DS_4.7GB	contig_243	842678	843971	vanY gene in vanM cluster_glycopeptide_antibiotic	15	1293	1293	1.0	
barcode02_DS_4.7GB	contig_243	1088566	1090486	tet(M)_tetracycline_antibiotic	22	1920	1920	1.0	Unknown taxonomy (chromosome or plasmid)
barcode02_DS_4.7GB	contig_243	1146882	1147959	vanT gene in vanG cluster_glycopeptide_antibiotic	26	1077	1077	1.0	
barcode02_DS_4.7GB	contig_246	34474	34663	vanY gene in vanM cluster_glycopeptide_antibiotic	5	189	189	1.0	
barcode02_DS_4.7GB	contig_2462	14722	15625	AAC(3)-IIc_aminoglycoside_antibiotic	7	903	903	1.0	
barcode02_DS_4.7GB	contig_2473	503697	505401	vanW gene in vanI cluster_glycopeptide_antibiotic	23	1704	1704	1.0	
barcode02_DS_4.7GB	contig_261	361951	363424	vanW gene in vanI cluster_glycopeptide_antibiotic	20	1473	1473	1.0	
barcode02_DS_4.7GB	contig_2627	13411	14779	vanW gene in vanI cluster_glycopeptide_antibiotic	5	1368	1368	1.0	
barcode02_DS_4.7GB	contig_263	36896	38135	tet(40)_tetracycline_antibiotic	57	1239	1239	1.0	Unknown taxonomy (chromosome)
barcode02_DS_4.7GB	contig_263	38186	40106	tet(O)_tetracycline_antibiotic	89	1920	1920	1.0	Unknown taxonomy (chromosome or plasmid)
barcode02_DS_4.7GB	contig_265	36756	38676	tet(W)_tetracycline_antibiotic	137	1920	1920	1.0	Unknown taxonomy (chromosome or plasmid)
barcode02_DS_4.7GB	contig_2680	22390	23917	vanW gene in vanI cluster_glycopeptide_antibiotic	9	1527	1527	1.0	
barcode02_DS_4.7GB	contig_2680	88365	89235	vanW gene in vanI cluster_glycopeptide_antibiotic	9	870	870	1.0	
barcode02_DS_4.7GB	contig_2693	1177	1957	aadA2_aminoglycoside_antibiotic	10	780	780	1.0	Unknown taxonomy (chromosome or plasmid)
barcode02_DS_4.7GB	contig_2693	2038	2629	AAC(6')-Ib9_aminoglycoside_antibiotic	28	591	591	1.0	Unknown taxonomy (chromosome or plasmid)
barcode02_DS_4.7GB	contig_2693	4791	5424	catB3_phenicol_antibiotic	17	633	633	1.0	Unknown taxonomy (chromosome or plasmid)
barcode02_DS_4.7GB	contig_2730	2316	3189	vanW gene in vanI cluster_glycopeptide_antibiotic	5	873	873	1.0	
barcode02_DS_4.7GB	contig_2730	10916	11204	vanY gene in vanF cluster_glycopeptide_antibiotic	2	288	288	1.0	
barcode02_DS_4.7GB	contig_2771	132392	133529	vanT gene in vanG cluster_glycopeptide_antibiotic	10	1137	1137	1.0	
barcode02_DS_4.7GB	contig_2791	8041	8782	vanY gene in vanM cluster_glycopeptide_antibiotic	5	741	741	1.0	
barcode02_DS_4.7GB	contig_2812	2254	3121	SCO-1_cephalosporin;_penam;_penem	11	867	867	1.0	Unknown taxonomy (chromosome or plasmid)
barcode02_DS_4.7GB	contig_2839	44544	47736	adeF_fluoroquinolone_antibiotic;_tetracycline_antibiotic	29	3192	3192	1.0	
barcode02_DS_4.7GB	contig_289	8855	10775	tet(O)_tetracycline_antibiotic	136	1920	1920	1.0	Unknown taxonomy (chromosome or plasmid)
barcode02_DS_4.7GB	contig_289	10826	12065	tet(40)_tetracycline_antibiotic	65	1239	1239	1.0	Unknown taxonomy (chromosome)
barcode02_DS_4.7GB	contig_3031	325847	327767	tet(32)_tetracycline_antibiotic	20	1920	1920	1.0	Unknown taxonomy (chromosome or plasmid)
barcode02_DS_4.7GB	contig_3032	870	2634	tet(32)_tetracycline_antibiotic	9	1764	1764	1.0	Unknown taxonomy (chromosome or plasmid)
barcode02_DS_4.7GB	contig_3041	1015	1753	ErmB_macrolide_antibiotic;_lincosamide_antibiotic;_streptogramin_antibiotic;_streptogramin_A_antibiotic;_streptogramin_B_antibiotic	25	738	738	1.0	Unknown taxonomy (chromosome or plasmid)
barcode02_DS_4.7GB	contig_3077	80029	80848	vanY gene in vanB cluster_glycopeptide_antibiotic	20	819	819	1.0	Faecalibacterium prausnitzii (chromosome)
barcode02_DS_4.7GB	contig_3095	110638	112288	vanW gene in vanI cluster_glycopeptide_antibiotic	18	1650	1650	1.0	
barcode02_DS_4.7GB	contig_3096	279898	280708	vanY gene in vanG cluster_glycopeptide_antibiotic	12	810	810	1.0	
barcode02_DS_4.7GB	contig_3096	280850	281123	vanW gene in vanG cluster_glycopeptide_antibiotic	12	273	273	1.0	
barcode02_DS_4.7GB	contig_315	14448	15654	vanT gene in vanG cluster_glycopeptide_antibiotic	8	1206	1206	1.0	Faecalibacterium prausnitzii (chromosome)
barcode02_DS_4.7GB	contig_3166	119605	120784	vanT gene in vanG cluster_glycopeptide_antibiotic	8	1179	1179	1.0	
barcode02_DS_4.7GB	contig_3268	4941	6003	vanG_glycopeptide_antibiotic	4	1062	1062	1.0	
barcode02_DS_4.7GB	contig_327	14440	16360	tet(W)_tetracycline_antibiotic	97	1920	1920	1.0	Unknown taxonomy (chromosome or plasmid)
barcode02_DS_4.7GB	contig_3305	8472	9633	vanT gene in vanG cluster_glycopeptide_antibiotic	5	1161	1161	1.0	
barcode02_DS_4.7GB	contig_3360	3070	4180	vanT gene in vanG cluster_glycopeptide_antibiotic	8	1110	1110	1.0	
barcode02_DS_4.7GB	contig_337	71657	72152	dfrF_diaminopyrimidine_antibiotic	11	495	495	1.0	Unknown taxonomy (chromosome or plasmid)
barcode02_DS_4.7GB	contig_344	51345	52338	vanH gene in vanB cluster_glycopeptide_antibiotic	21	993	993	1.0	
barcode02_DS_4.7GB	contig_35	555647	557567	tet(O)_tetracycline_antibiotic	204	1920	1920	1.0	Unknown taxonomy (chromosome or plasmid)
barcode02_DS_4.7GB	contig_35	1216423	1217899	vanW gene in vanI cluster_glycopeptide_antibiotic	45	1476	1476	1.0	
barcode02_DS_4.7GB	contig_35	2961571	2962771	vanT gene in vanG cluster_glycopeptide_antibiotic	51	1200	1200	1.0	
barcode02_DS_4.7GB	contig_35	2983085	2983298	vanU gene in vanG cluster_glycopeptide_antibiotic	55	213	213	1.0	
barcode02_DS_4.7GB	contig_35	3247411	3248497	vanY gene in vanB cluster_glycopeptide_antibiotic	48	1086	1086	1.0	
barcode02_DS_4.7GB	contig_3562	79530	80184	vanY gene in vanB cluster_glycopeptide_antibiotic	11	654	654	1.0	
barcode02_DS_4.7GB	contig_36	40320	41493	vanY gene in vanB cluster_glycopeptide_antibiotic	16	1173	1173	1.0	
barcode02_DS_4.7GB	contig_3613	16111	16705	vanW gene in vanI cluster_glycopeptide_antibiotic	19	594	594	1.0	
barcode02_DS_4.7GB	contig_365	335132	337904	tet(Q)_tetracycline_antibiotic	15	2772	2772	1.0	
barcode02_DS_4.7GB	contig_365	356267	357077	vanY gene in vanB cluster_glycopeptide_antibiotic	29	810	810	1.0	
barcode02_DS_4.7GB	contig_3803	32298	34065	vanW gene in vanI cluster_glycopeptide_antibiotic	15	1767	1767	1.0	
barcode02_DS_4.7GB	contig_3806	18509	20126	vanW gene in vanI cluster_glycopeptide_antibiotic	20	1617	1617	1.0	
barcode02_DS_4.7GB	contig_3817	15323	17000	vanW gene in vanI cluster_glycopeptide_antibiotic	7	1677	1677	1.0	Roseburia hominis (no genomic info)
barcode02_DS_4.7GB	contig_3819	7045	8656	vanW gene in vanI cluster_glycopeptide_antibiotic	6	1611	1611	1.0	
barcode02_DS_4.7GB	contig_3831	18988	21085	vanW gene in vanI cluster_glycopeptide_antibiotic	7	2097	2097	1.0	
barcode02_DS_4.7GB	contig_3902	28102	28639	AAC(6')-Im_aminoglycoside_antibiotic	18	537	537	1.0	Unknown taxonomy (plasmid)
barcode02_DS_4.7GB	contig_3902	28682	29582	APH(2'')-IIa_aminoglycoside_antibiotic	14	900	900	1.0	Unknown taxonomy (plasmid)
barcode02_DS_4.7GB	contig_4049	32672	34370	vanW gene in vanI cluster_glycopeptide_antibiotic	19	1698	1698	1.0	
barcode02_DS_4.7GB	contig_4049	292501	293680	vanT gene in vanG cluster_glycopeptide_antibiotic	14	1179	1179	1.0	
barcode02_DS_4.7GB	contig_409	59522	60632	vanT gene in vanG cluster_glycopeptide_antibiotic	192	1110	1110	1.0	
barcode02_DS_4.7GB	contig_409	304112	307304	adeF_fluoroquinolone_antibiotic;_tetracycline_antibiotic	147	3192	3192	1.0	
barcode02_DS_4.7GB	contig_409	561463	561970	nimK_nitroimidazole_antibiotic	132	507	507	1.0	
barcode02_DS_4.7GB	contig_409	1263988	1265224	vanW gene in vanI cluster_glycopeptide_antibiotic	144	1236	1236	1.0	
barcode02_DS_4.7GB	contig_4110	6537	7287	vanH gene in vanF cluster_glycopeptide_antibiotic	5	750	750	1.0	
barcode02_DS_4.7GB	contig_415	4227	4749	AAC(6')-IIa_aminoglycoside_antibiotic	5	522	522	1.0	Unknown taxonomy (chromosome or plasmid)
barcode02_DS_4.7GB	contig_415	4936	5395	AAC(6')-Il_aminoglycoside_antibiotic	25	459	459	1.0	Unknown taxonomy (chromosome or plasmid)
barcode02_DS_4.7GB	contig_4170	75968	77042	vanG_glycopeptide_antibiotic	17	1074	1074	1.0	
barcode02_DS_4.7GB	contig_4170	368133	370215	vanT gene in vanG cluster_glycopeptide_antibiotic	30	2082	2082	1.0	
barcode02_DS_4.7GB	contig_4170	370201	370954	vanXY gene in vanG cluster_glycopeptide_antibiotic	28	753	753	1.0	
barcode02_DS_4.7GB	contig_4170	370950	371991	vanG_glycopeptide_antibiotic	22	1041	1041	1.0	
barcode02_DS_4.7GB	contig_4206	88928	90053	vanT gene in vanG cluster_glycopeptide_antibiotic	16	1125	1125	1.0	
barcode02_DS_4.7GB	contig_4218	44929	48085	adeF_fluoroquinolone_antibiotic;_tetracycline_antibiotic	35	3156	3156	1.0	
barcode02_DS_4.7GB	contig_4234	144119	145289	vanT gene in vanG cluster_glycopeptide_antibiotic	24	1170	1170	1.0	
barcode02_DS_4.7GB	contig_4234	194692	195484	vanY gene in vanG cluster_glycopeptide_antibiotic	21	792	792	1.0	
barcode02_DS_4.7GB	contig_4278	16226	17225	vanH gene in vanB cluster_glycopeptide_antibiotic	13	999	999	1.0	
barcode02_DS_4.7GB	contig_4311	1903	2527	vanY gene in vanM cluster_glycopeptide_antibiotic	4	624	624	1.0	
barcode02_DS_4.7GB	contig_433	406113	409266	adeF_fluoroquinolone_antibiotic;_tetracycline_antibiotic	24	3153	3153	1.0	
barcode02_DS_4.7GB	contig_433	477429	477993	lnuC_lincosamide_antibiotic	33	564	564	1.0	Unknown taxonomy (chromosome or plasmid)
barcode02_DS_4.7GB	contig_433	1176501	1177704	vanT gene in vanG cluster_glycopeptide_antibiotic	19	1203	1203	1.0	
barcode02_DS_4.7GB	contig_433	1246996	1248490	vanW gene in vanI cluster_glycopeptide_antibiotic	17	1494	1494	1.0	
barcode02_DS_4.7GB	contig_433	2177764	2178328	lnuC_lincosamide_antibiotic	72	564	564	1.0	Unknown taxonomy (chromosome or plasmid)
barcode02_DS_4.7GB	contig_437	22922	23417	dfrF_diaminopyrimidine_antibiotic	25	495	495	1.0	Unknown taxonomy (chromosome or plasmid)
barcode02_DS_4.7GB	contig_439	2691	3186	dfrF_diaminopyrimidine_antibiotic	11	495	495	1.0	Unknown taxonomy (chromosome or plasmid)
barcode02_DS_4.7GB	contig_4652	23094	25749	vanW gene in vanI cluster_glycopeptide_antibiotic	5	2655	2655	1.0	
barcode02_DS_4.7GB	contig_4659	1006	2194	tet(39)_tetracycline_antibiotic	12	1188	1188	1.0	Unknown taxonomy (plasmid)
barcode02_DS_4.7GB	contig_4675	81805	82642	vanW gene in vanG cluster_glycopeptide_antibiotic	11	837	837	1.0	
barcode02_DS_4.7GB	contig_4717	9922	10432	vanY gene in vanG cluster_glycopeptide_antibiotic	4	510	510	1.0	
barcode02_DS_4.7GB	contig_4790	62207	63404	vanT gene in vanG cluster_glycopeptide_antibiotic	12	1197	1197	1.0	Faecalibacterium prausnitzii (no genomic info)
barcode02_DS_4.7GB	contig_4849	63645	64269	Campylobacter coli chloramphenicol acetyltransferase_phenicol_antibiotic	22	624	624	1.0	Klebsiella pneumoniae (chromosome)
barcode02_DS_4.7GB	contig_4874	11601	14079	vanT gene in vanG cluster_glycopeptide_antibiotic	13	2478	2478	1.0	
barcode02_DS_4.7GB	contig_5172	4015	4339	qacJ_disinfecting_agents_and_antiseptics	4	324	324	1.0	
barcode02_DS_4.7GB	contig_5241	196648	198619	tet(O)_tetracycline_antibiotic	6	1971	1971	1.0	
barcode02_DS_4.7GB	contig_5379	63176	64730	vanW gene in vanI cluster_glycopeptide_antibiotic	24	1554	1554	1.0	
barcode02_DS_4.7GB	contig_5448	1489	2353	aadS_aminoglycoside_antibiotic	12	864	864	1.0	Unknown taxonomy (chromosome or plasmid)
barcode02_DS_4.7GB	contig_5524	2	464	vanW gene in vanI cluster_glycopeptide_antibiotic	3	462	462	1.0	
barcode02_DS_4.7GB	contig_5524	520	790	vanW gene in vanI cluster_glycopeptide_antibiotic	3	270	270	1.0	
barcode02_DS_4.7GB	contig_5737	6753	7926	vanT gene in vanG cluster_glycopeptide_antibiotic	6	1173	1173	1.0	
barcode02_DS_4.7GB	contig_5752	5103	5982	vanW gene in vanI cluster_glycopeptide_antibiotic	4	879	879	1.0	
barcode02_DS_4.7GB	contig_5756	7325	9950	tet(Q)_tetracycline_antibiotic	9	2625	2625	1.0	
barcode02_DS_4.7GB	contig_592	198585	199395	vanW gene in vanG cluster_glycopeptide_antibiotic	91	810	810	1.0	
barcode02_DS_4.7GB	contig_592	285535	286522	vanH gene in vanO cluster_glycopeptide_antibiotic	110	987	987	1.0	
barcode02_DS_4.7GB	contig_592	916255	917443	vanT gene in vanG cluster_glycopeptide_antibiotic	129	1188	1188	1.0	
barcode02_DS_4.7GB	contig_599	24191	25760	vanW gene in vanI cluster_glycopeptide_antibiotic	11	1569	1569	1.0	
barcode02_DS_4.7GB	contig_6009	13348	15352	tet(Q)_tetracycline_antibiotic	23	2004	2004	1.0	Collinsella aerofaciens (no genomic info)
barcode02_DS_4.7GB	contig_602	11838	12372	vanY gene in vanB cluster_glycopeptide_antibiotic	4	534	534	1.0	
barcode02_DS_4.7GB	contig_6069	21358	22327	vanH gene in vanO cluster_glycopeptide_antibiotic	6	969	969	1.0	
barcode02_DS_4.7GB	contig_6111	231	642	vanY gene in vanB cluster_glycopeptide_antibiotic	4	411	411	1.0	
barcode02_DS_4.7GB	contig_6111	601	733	vanY gene in vanB cluster_glycopeptide_antibiotic	8	132	132	1.0	
barcode02_DS_4.7GB	contig_6116	2223	3429	Mef(En2)_macrolide_antibiotic;_lincosamide_antibiotic	38	1206	1206	1.0	Unknown taxonomy (chromosome)
barcode02_DS_4.7GB	contig_6129	32456	33557	vanG_glycopeptide_antibiotic	13	1101	1101	1.0	Faecalibacterium prausnitzii (no genomic info)
barcode02_DS_4.7GB	contig_63	191915	192626	vanY gene in vanB cluster_glycopeptide_antibiotic	25	711	711	1.0	
barcode02_DS_4.7GB	contig_6306	90735	92424	vanW gene in vanI cluster_glycopeptide_antibiotic	7	1689	1689	1.0	
barcode02_DS_4.7GB	contig_6399	105352	105916	lnuC_lincosamide_antibiotic	32	564	564	1.0	Unknown taxonomy (chromosome or plasmid)
barcode02_DS_4.7GB	contig_6528	8676	10476	vanW gene in vanI cluster_glycopeptide_antibiotic	11	1800	1800	1.0	
barcode02_DS_4.7GB	contig_6534	210524	213914	Bifidobacterium adolescentis rpoB mutants conferring resistance to rifampicin_rifamycin_antibiotic	13	3390	3390	1.0	Bifidobacterium (chromosome)
barcode02_DS_4.7GB	contig_6575	1661	3161	vanY gene in vanF cluster_glycopeptide_antibiotic	3	1500	1500	1.0	
barcode02_DS_4.7GB	contig_6638	507	1323	sul2_sulfonamide_antibiotic	23	816	816	1.0	Unknown taxonomy (chromosome or plasmid)
barcode02_DS_4.7GB	contig_6638	1610	2834	mef(C)_macrolide_antibiotic;_tetracycline_antibiotic	15	1224	1224	1.0	
barcode02_DS_4.7GB	contig_6638	2838	3723	mphG_macrolide_antibiotic	23	885	885	1.0	
barcode02_DS_4.7GB	contig_669	725	1565	sul1_sulfonamide_antibiotic	72	840	840	1.0	Unknown taxonomy (chromosome or plasmid)
barcode02_DS_4.7GB	contig_669	1558	1906	qacEdelta1_disinfecting_agents_and_antiseptics	77	348	348	1.0	Unknown taxonomy (chromosome or plasmid)
barcode02_DS_4.7GB	contig_669	2062	2596	ANT(2'')-Ia_aminoglycoside_antibiotic	41	534	534	1.0	Unknown taxonomy (chromosome or plasmid)
barcode02_DS_4.7GB	contig_669	2718	3582	GES-1_carbapenem;_cephalosporin;_penam	67	864	864	1.0	Unknown taxonomy (chromosome or plasmid)
barcode02_DS_4.7GB	contig_669	3655	4114	AAC(6')-Il_aminoglycoside_antibiotic	76	459	459	1.0	Unknown taxonomy (chromosome or plasmid)
barcode02_DS_4.7GB	contig_669	46039	46819	APH(3')-VIa_aminoglycoside_antibiotic	43	780	780	1.0	Unknown taxonomy (chromosome or plasmid)
barcode02_DS_4.7GB	contig_6765	62765	65468	tet(36)_tetracycline_antibiotic	10	2703	2703	1.0	
barcode02_DS_4.7GB	contig_681	734	1571	APH(6)-Id_aminoglycoside_antibiotic	27	837	837	1.0	Unknown taxonomy (chromosome or plasmid)
barcode02_DS_4.7GB	contig_681	31607	32471	GES-5_carbapenem;_cephalosporin;_penam	49	864	864	1.0	Unknown taxonomy (chromosome or plasmid)
barcode02_DS_4.7GB	contig_681	33447	34311	GES-1_carbapenem;_cephalosporin;_penam	55	864	864	1.0	Unknown taxonomy (chromosome or plasmid)
barcode02_DS_4.7GB	contig_681	34532	34880	qacEdelta1_disinfecting_agents_and_antiseptics	75	348	348	1.0	Unknown taxonomy (chromosome or plasmid)
barcode02_DS_4.7GB	contig_681	34873	35713	sul1_sulfonamide_antibiotic	72	840	840	1.0	Unknown taxonomy (chromosome or plasmid)
barcode02_DS_4.7GB	contig_686	1057	2533	msrE_macrolide_antibiotic;_streptogramin_antibiotic	25	1476	1476	1.0	Unknown taxonomy (chromosome or plasmid)
barcode02_DS_4.7GB	contig_686	2588	3473	mphE_macrolide_antibiotic	29	885	885	1.0	Unknown taxonomy (chromosome or plasmid)
barcode02_DS_4.7GB	contig_686	11537	12713	cmx_phenicol_antibiotic	12	1176	1176	1.0	Unknown taxonomy (chromosome or plasmid)
barcode02_DS_4.7GB	contig_6883	5252	6374	vanT gene in vanG cluster_glycopeptide_antibiotic	11	1122	1122	1.0	
barcode02_DS_4.7GB	contig_689	2444	3224	APH(3')-VIa_aminoglycoside_antibiotic	32	780	780	1.0	Unknown taxonomy (chromosome or plasmid)
barcode02_DS_4.7GB	contig_6909	175	2257	vanT gene in vanG cluster_glycopeptide_antibiotic	19	2082	2082	1.0	
barcode02_DS_4.7GB	contig_6909	2243	2996	vanXY gene in vanG cluster_glycopeptide_antibiotic	22	753	753	1.0	
barcode02_DS_4.7GB	contig_6909	2992	4033	vanG_glycopeptide_antibiotic	19	1041	1041	1.0	
barcode02_DS_4.7GB	contig_694	26044	26926	KPC-2_monobactam;_carbapenem;_cephalosporin;_penam	90	882	882	1.0	Unknown taxonomy (chromosome or plasmid)
barcode02_DS_4.7GB	contig_701	2196	2976	APH(3')-VIa_aminoglycoside_antibiotic	66	780	780	1.0	Unknown taxonomy (chromosome or plasmid)
barcode02_DS_4.7GB	contig_703	148	1009	TEM-1_monobactam;_cephalosporin;_penam;_penem	21	861	861	1.0	Unknown taxonomy (chromosome or plasmid)
barcode02_DS_4.7GB	contig_7031	15138	15900	vanW gene in vanB cluster_glycopeptide_antibiotic	17	762	762	1.0	
barcode02_DS_4.7GB	contig_724	24346	25507	vanT gene in vanG cluster_glycopeptide_antibiotic	5	1161	1161	1.0	
barcode02_DS_4.7GB	contig_734	262522	263017	lnuC_lincosamide_antibiotic	66	495	495	1.0	Unknown taxonomy (chromosome or plasmid)
barcode02_DS_4.7GB	contig_734	1347869	1348364	lnuC_lincosamide_antibiotic	64	495	495	1.0	Unknown taxonomy (chromosome or plasmid)
barcode02_DS_4.7GB	contig_7460	49760	50090	qacG_disinfecting_agents_and_antiseptics	11	330	330	1.0	
barcode02_DS_4.7GB	contig_748	8376	11529	adeF_fluoroquinolone_antibiotic;_tetracycline_antibiotic	9	3153	3153	1.0	
barcode02_DS_4.7GB	contig_7544	91115	92288	vanT gene in vanG cluster_glycopeptide_antibiotic	8	1173	1173	1.0	
barcode02_DS_4.7GB	contig_7559	14325	15030	vanY gene in vanB cluster_glycopeptide_antibiotic	3	705	705	1.0	
barcode02_DS_4.7GB	contig_7661	36719	39401	tet(Q)_tetracycline_antibiotic	7	2682	2682	1.0	
barcode02_DS_4.7GB	contig_77	2885	3065	vanY gene in vanB cluster_glycopeptide_antibiotic	15	180	180	1.0	
barcode02_DS_4.7GB	contig_77	8985	10155	vanT gene in vanG cluster_glycopeptide_antibiotic	19	1170	1170	1.0	
barcode02_DS_4.7GB	contig_771	73605	73941	qacG_disinfecting_agents_and_antiseptics	27	336	336	1.0	
barcode02_DS_4.7GB	contig_7735	31951	32953	vanY gene in vanF cluster_glycopeptide_antibiotic	7	1002	1002	1.0	
barcode02_DS_4.7GB	contig_7736	25824	28398	tet(36)_tetracycline_antibiotic	5	2574	2574	1.0	
barcode02_DS_4.7GB	contig_7862	1900	2341	nimJ_nitroimidazole_antibiotic	4	441	441	1.0	
barcode02_DS_4.7GB	contig_7898	12744	13806	vanG_glycopeptide_antibiotic	7	1062	1062	1.0	
barcode02_DS_4.7GB	contig_7943	7068	7701	catB2_phenicol_antibiotic	7	633	633	1.0	Unknown taxonomy (chromosome or plasmid)
barcode02_DS_4.7GB	contig_8	838318	839428	vanT gene in vanG cluster_glycopeptide_antibiotic	38	1110	1110	1.0	
barcode02_DS_4.7GB	contig_8057	7337	8138	OXA-46_penam	8	801	801	1.0	Pseudomonas aeruginosa (chromosome)
barcode02_DS_4.7GB	contig_8057	9743	10235	AAC(6')-IIc_aminoglycoside_antibiotic	15	492	492	1.0	Unknown taxonomy (chromosome or plasmid)
barcode02_DS_4.7GB	contig_8070	41	881	sul1_sulfonamide_antibiotic	22	840	840	1.0	Unknown taxonomy (chromosome or plasmid)
barcode02_DS_4.7GB	contig_8070	874	1222	qacEdelta1_disinfecting_agents_and_antiseptics	38	348	348	1.0	Unknown taxonomy (chromosome or plasmid)
barcode02_DS_4.7GB	contig_8070	1678	2506	OXA-2_carbapenem;_cephalosporin;_penam	18	828	828	1.0	Unknown taxonomy (chromosome or plasmid)
barcode02_DS_4.7GB	contig_8243	57485	61046	Bifidobacterium adolescentis rpoB mutants conferring resistance to rifampicin_rifamycin_antibiotic	17	3561	3561	1.0	Unknown taxonomy (chromosome)
barcode02_DS_4.7GB	contig_8246	321	1110	vanY gene in vanG cluster_glycopeptide_antibiotic	4	789	789	1.0	
barcode02_DS_4.7GB	contig_83	166023	168027	tet(Q)_tetracycline_antibiotic	38	2004	2004	1.0	
barcode02_DS_4.7GB	contig_84	7480	9400	tet(W)_tetracycline_antibiotic	55	1920	1920	1.0	Eggerthella lenta (chromosome or plasmid)
barcode02_DS_4.7GB	contig_84	28591	29479	tet(W)_tetracycline_antibiotic	84	888	888	1.0	Unknown taxonomy (chromosome)
barcode02_DS_4.7GB	contig_8428	3673	4564	vanY gene in vanB cluster_glycopeptide_antibiotic	4	891	891	1.0	Faecalibacterium prausnitzii (chromosome)
barcode02_DS_4.7GB	contig_8545	4213	5083	vanY gene in vanB cluster_glycopeptide_antibiotic	1	870	870	1.0	
barcode02_DS_4.7GB	contig_857	324	819	dfrF_diaminopyrimidine_antibiotic	19	495	495	1.0	Unknown taxonomy (chromosome or plasmid)
barcode02_DS_4.7GB	contig_857	93440	94607	vanT gene in vanG cluster_glycopeptide_antibiotic	25	1167	1167	1.0	
barcode02_DS_4.7GB	contig_8646	37226	38339	vanT gene in vanG cluster_glycopeptide_antibiotic	6	1113	1113	1.0	
barcode02_DS_4.7GB	contig_867	159212	160199	vanH gene in vanO cluster_glycopeptide_antibiotic	29	987	987	1.0	
barcode02_DS_4.7GB	contig_867	741609	742767	vanT gene in vanG cluster_glycopeptide_antibiotic	31	1158	1158	1.0	
barcode02_DS_4.7GB	contig_8859	1504	2659	vanT gene in vanG cluster_glycopeptide_antibiotic	7	1155	1155	1.0	
barcode02_DS_4.7GB	contig_9005	6516	7776	EreB_macrolide_antibiotic	9	1260	1260	1.0	
barcode02_DS_4.7GB	contig_9028	10788	12711	vanW gene in vanI cluster_glycopeptide_antibiotic	12	1923	1923	1.0	
barcode02_DS_4.7GB	contig_9083	35870	36995	vanT gene in vanG cluster_glycopeptide_antibiotic	10	1125	1125	1.0	
barcode02_DS_4.7GB	contig_909	25464	26260	APH(3')-IIIa_aminoglycoside_antibiotic	23	796	796	1.0	Unknown taxonomy (chromosome or plasmid)
barcode02_DS_4.7GB	contig_909	57146	59072	tet(Q)_tetracycline_antibiotic	59	1926	1926	1.0	Unknown taxonomy (chromosome)
barcode02_DS_4.7GB	contig_9114	2147	2936	aadA5_aminoglycoside_antibiotic	28	789	789	1.0	Unknown taxonomy (chromosome or plasmid)
barcode02_DS_4.7GB	contig_9114	3005	3561	AAC(6')-Ib4_aminoglycoside_antibiotic	45	556	556	1.0	Unknown taxonomy (chromosome or plasmid)
barcode02_DS_4.7GB	contig_9114	3648	3981	qacL_disinfecting_agents_and_antiseptics	41	333	333	1.0	Unknown taxonomy (chromosome or plasmid)
barcode02_DS_4.7GB	contig_9114	4144	4678	ANT(2'')-Ia_aminoglycoside_antibiotic	16	534	534	1.0	Unknown taxonomy (chromosome or plasmid)
barcode02_DS_4.7GB	contig_9149	6869	8261	Escherichia coli UhpT with mutation conferring resistance to fosfomycin_phosphonic_acid_antibiotic	12	1392	1392	1.0	Klebsiella pneumoniae (chromosome or plasmid)
barcode02_DS_4.7GB	contig_9150	5008	5500	vanW gene in vanI cluster_glycopeptide_antibiotic	6	492	492	1.0	
barcode02_DS_4.7GB	contig_9162	6889	7222	qacL_disinfecting_agents_and_antiseptics	27	333	333	1.0	Unknown taxonomy (chromosome or plasmid)
barcode02_DS_4.7GB	contig_9176	2632	3133	nimJ_nitroimidazole_antibiotic	12	501	501	1.0	
barcode02_DS_4.7GB	contig_9335	11570	12338	vanW gene in vanB cluster_glycopeptide_antibiotic	10	768	768	1.0	
barcode02_DS_4.7GB	contig_9336	50580	50910	vanW gene in vanG cluster_glycopeptide_antibiotic	8	330	330	1.0	
barcode02_DS_4.7GB	contig_9422	4124	5678	vanW gene in vanI cluster_glycopeptide_antibiotic	10	1554	1554	1.0	
barcode02_DS_4.7GB	contig_9427	29387	30422	vanY gene in vanA cluster_glycopeptide_antibiotic	10	1035	1035	1.0	
barcode02_DS_4.7GB	contig_9620	7700	8531	vanW gene in vanB cluster_glycopeptide_antibiotic	9	831	831	1.0	
barcode02_DS_4.7GB	contig_9684	20701	21151	qacG_disinfecting_agents_and_antiseptics	4	450	450	1.0	
barcode02_DS_4.7GB	contig_9918	699	1773	vanG_glycopeptide_antibiotic	3	1074	1074	1.0	
barcode02_DS_4.7GB	contig_993	93606	94773	vanT gene in vanG cluster_glycopeptide_antibiotic	25	1167	1167	1.0	
barcode04_DS_4.7GB	contig_10067	4499	5057	vanY gene in vanB cluster_glycopeptide_antibiotic	4	558	558	1.0	Faecalibacterium prausnitzii (chromosome)
barcode04_DS_4.7GB	contig_10153	5524	6493	vanH gene in vanO cluster_glycopeptide_antibiotic	4	969	969	1.0	
barcode04_DS_4.7GB	contig_10350	6643	7756	vanT gene in vanG cluster_glycopeptide_antibiotic	9	1113	1113	1.0	
barcode04_DS_4.7GB	contig_1037	380958	381756	vanY gene in vanB cluster_glycopeptide_antibiotic	36	798	798	1.0	
barcode04_DS_4.7GB	contig_10419	7771	8602	vanW gene in vanB cluster_glycopeptide_antibiotic	4	831	831	1.0	
barcode04_DS_4.7GB	contig_10424	42755	44456	vanW gene in vanI cluster_glycopeptide_antibiotic	6	1701	1701	1.0	
barcode04_DS_4.7GB	contig_1051	7158	7716	vanW gene in vanG cluster_glycopeptide_antibiotic	5	558	558	1.0	
barcode04_DS_4.7GB	contig_10615	3110	4937	tet(Q)_tetracycline_antibiotic	3	1827	1827	1.0	Anaerostipes hadrus (chromosome)
barcode04_DS_4.7GB	contig_10657	24126	25578	vanW gene in vanI cluster_glycopeptide_antibiotic	8	1452	1452	1.0	
barcode04_DS_4.7GB	contig_1076	37438	38005	vanY gene in vanB cluster_glycopeptide_antibiotic	3	567	567	1.0	
barcode04_DS_4.7GB	contig_10865	6592	7150	vanY gene in vanA cluster_glycopeptide_antibiotic	4	558	558	1.0	
barcode04_DS_4.7GB	contig_10929	1000	1495	lnuC_lincosamide_antibiotic	41	495	495	1.0	Unknown taxonomy (chromosome or plasmid)
barcode04_DS_4.7GB	contig_10929	4109	5339	tet(W)_tetracycline_antibiotic	6	1230	1230	1.0	Streptococcus suis (chromosome or plasmid)
barcode04_DS_4.7GB	contig_10929	5370	6030	tet(W/N/W)_tetracycline_antibiotic	4	660	660	1.0	Dysosmobacter welbionis (chromosome)
barcode04_DS_4.7GB	contig_10933	2094	2922	OXA-253_carbapenem;_penam	15	828	828	1.0	Acinetobacter baumannii (chromosome)
barcode04_DS_4.7GB	contig_1096	3383	3719	qacG_disinfecting_agents_and_antiseptics	4	336	336	1.0	
barcode04_DS_4.7GB	contig_1097	8904	9240	qacG_disinfecting_agents_and_antiseptics	28	336	336	1.0	
barcode04_DS_4.7GB	contig_10972	9458	10889	vanW gene in vanI cluster_glycopeptide_antibiotic	5	1431	1431	1.0	
barcode04_DS_4.7GB	contig_11063	26406	27069	vanY gene in vanG cluster_glycopeptide_antibiotic	3	663	663	1.0	
barcode04_DS_4.7GB	contig_1117	148890	150006	vanW gene in vanI cluster_glycopeptide_antibiotic	16	1116	1116	1.0	
barcode04_DS_4.7GB	contig_113	73789	74941	vanY gene in vanM cluster_glycopeptide_antibiotic	15	1152	1152	1.0	
barcode04_DS_4.7GB	contig_113	510888	512181	vanY gene in vanM cluster_glycopeptide_antibiotic	18	1293	1293	1.0	
barcode04_DS_4.7GB	contig_113	756775	758695	tet(M)_tetracycline_antibiotic	25	1920	1920	1.0	Unknown taxonomy (chromosome or plasmid)
barcode04_DS_4.7GB	contig_113	815091	816168	vanT gene in vanG cluster_glycopeptide_antibiotic	27	1077	1077	1.0	
barcode04_DS_4.7GB	contig_1139	402520	404218	vanW gene in vanI cluster_glycopeptide_antibiotic	12	1698	1698	1.0	
barcode04_DS_4.7GB	contig_11502	674	1217	SAT-4_nucleoside_antibiotic	8	543	543	1.0	Unknown taxonomy (chromosome or plasmid)
barcode04_DS_4.7GB	contig_11713	988	2164	cmx_phenicol_antibiotic	4	1176	1176	1.0	Unknown taxonomy (chromosome or plasmid)
barcode04_DS_4.7GB	contig_119	1715	3635	tet(O)_tetracycline_antibiotic	112	1920	1920	1.0	Streptococcus equi (chromosome or plasmid)
barcode04_DS_4.7GB	contig_1190	7481	7694	vanU gene in vanG cluster_glycopeptide_antibiotic	44	213	213	1.0	
barcode04_DS_4.7GB	contig_11922	14975	16136	vanT gene in vanG cluster_glycopeptide_antibiotic	4	1161	1161	1.0	
barcode04_DS_4.7GB	contig_12106	4473	5547	vanG_glycopeptide_antibiotic	4	1074	1074	1.0	
barcode04_DS_4.7GB	contig_12288	50254	50866	vanW gene in vanI cluster_glycopeptide_antibiotic	10	612	612	1.0	
barcode04_DS_4.7GB	contig_12393	13266	14451	vanT gene in vanG cluster_glycopeptide_antibiotic	5	1185	1185	1.0	
barcode04_DS_4.7GB	contig_12393	22765	24553	vanW gene in vanI cluster_glycopeptide_antibiotic	7	1788	1788	1.0	
barcode04_DS_4.7GB	contig_125	77456	78929	vanW gene in vanI cluster_glycopeptide_antibiotic	23	1473	1473	1.0	
barcode04_DS_4.7GB	contig_12520	19883	20447	lnuC_lincosamide_antibiotic	44	564	564	1.0	Unknown taxonomy (chromosome or plasmid)
barcode04_DS_4.7GB	contig_12552	47809	48934	vanT gene in vanG cluster_glycopeptide_antibiotic	8	1125	1125	1.0	
barcode04_DS_4.7GB	contig_12588	12938	13964	vanY gene in vanM cluster_glycopeptide_antibiotic	3	1026	1026	1.0	
barcode04_DS_4.7GB	contig_12721	100162	102547	vanT gene in vanG cluster_glycopeptide_antibiotic	8	2385	2385	1.0	
barcode04_DS_4.7GB	contig_12770	24133	24457	qacJ_disinfecting_agents_and_antiseptics	4	324	324	1.0	
barcode04_DS_4.7GB	contig_12824	3129	3921	vanY gene in vanB cluster_glycopeptide_antibiotic	7	792	792	1.0	Faecalibacterium prausnitzii (chromosome)
barcode04_DS_4.7GB	contig_12854	16474	17266	vanW gene in vanI cluster_glycopeptide_antibiotic	6	792	792	1.0	
barcode04_DS_4.7GB	contig_12874	6697	7330	CRP_macrolide_antibiotic;_fluoroquinolone_antibiotic;_penam	11	633	633	1.0	Unknown taxonomy (chromosome or plasmid)
barcode04_DS_4.7GB	contig_1288	131419	132478	vanY gene in vanM cluster_glycopeptide_antibiotic	12	1059	1059	1.0	
barcode04_DS_4.7GB	contig_12942	7071	8106	vanY gene in vanF cluster_glycopeptide_antibiotic	7	1035	1035	1.0	
barcode04_DS_4.7GB	contig_12962	23765	25349	vanW gene in vanI cluster_glycopeptide_antibiotic	5	1584	1584	1.0	
barcode04_DS_4.7GB	contig_12975	13923	14631	vanY gene in vanB cluster_glycopeptide_antibiotic	5	708	708	1.0	
barcode04_DS_4.7GB	contig_130	103843	104317	dfrF_diaminopyrimidine_antibiotic	41	474	474	1.0	Unknown taxonomy (chromosome or plasmid)
barcode04_DS_4.7GB	contig_1304	17690	18557	SCO-1_cephalosporin;_penam;_penem	4	867	867	1.0	Unknown taxonomy (chromosome or plasmid)
barcode04_DS_4.7GB	contig_1306	3564	4533	SCO-1_cephalosporin;_penam;_penem	10	969	969	1.0	Unknown taxonomy (chromosome or plasmid)
barcode04_DS_4.7GB	contig_1306	6708	7581	AAC(3)-IIc_aminoglycoside_antibiotic	6	873	873	1.0	
barcode04_DS_4.7GB	contig_131	30693	31489	APH(3')-IIIa_aminoglycoside_antibiotic	30	796	796	1.0	Unknown taxonomy (chromosome or plasmid)
barcode04_DS_4.7GB	contig_13159	9350	9683	qacG_disinfecting_agents_and_antiseptics	4	333	333	1.0	
barcode04_DS_4.7GB	contig_13167	13089	14760	vanW gene in vanI cluster_glycopeptide_antibiotic	6	1671	1671	1.0	
barcode04_DS_4.7GB	contig_13273	17092	17929	vanY gene in vanB cluster_glycopeptide_antibiotic	7	837	837	1.0	
barcode04_DS_4.7GB	contig_13304	25613	28766	adeF_fluoroquinolone_antibiotic;_tetracycline_antibiotic	7	3153	3153	1.0	
barcode04_DS_4.7GB	contig_13362	6350	7142	vanY gene in vanB cluster_glycopeptide_antibiotic	5	792	792	1.0	
barcode04_DS_4.7GB	contig_13371	14952	16290	vanW gene in vanI cluster_glycopeptide_antibiotic	6	1338	1338	1.0	
barcode04_DS_4.7GB	contig_13471	49099	49993	vanY gene in vanB cluster_glycopeptide_antibiotic	13	894	894	1.0	
barcode04_DS_4.7GB	contig_13541	21496	22318	vanW gene in vanG cluster_glycopeptide_antibiotic	4	822	822	1.0	
barcode04_DS_4.7GB	contig_13542	10583	13058	vanT gene in vanG cluster_glycopeptide_antibiotic	15	2475	2475	1.0	
barcode04_DS_4.7GB	contig_13558	3199	5119	tet(W)_tetracycline_antibiotic	56	1920	1920	1.0	Unknown taxonomy (chromosome or plasmid)
barcode04_DS_4.7GB	contig_13559	169	2089	tet(W)_tetracycline_antibiotic	29	1920	1920	1.0	Unknown taxonomy (chromosome or plasmid)
barcode04_DS_4.7GB	contig_136	219671	220166	dfrF_diaminopyrimidine_antibiotic	24	495	495	1.0	Unknown taxonomy (chromosome or plasmid)
barcode04_DS_4.7GB	contig_13617	14244	16044	vanW gene in vanI cluster_glycopeptide_antibiotic	15	1800	1800	1.0	
barcode04_DS_4.7GB	contig_13635	2690	2975	vanY gene in vanB cluster_glycopeptide_antibiotic	7	285	285	1.0	
barcode04_DS_4.7GB	contig_13638	60916	62089	vanY gene in vanB cluster_glycopeptide_antibiotic	24	1173	1173	1.0	
barcode04_DS_4.7GB	contig_13664	4111	5272	vanT gene in vanG cluster_glycopeptide_antibiotic	4	1161	1161	1.0	
barcode04_DS_4.7GB	contig_13686	16094	17408	vanW gene in vanI cluster_glycopeptide_antibiotic	9	1314	1314	1.0	
barcode04_DS_4.7GB	contig_137	78896	79550	vanY gene in vanB cluster_glycopeptide_antibiotic	29	654	654	1.0	
barcode04_DS_4.7GB	contig_1371	175759	176965	Mef(En2)_macrolide_antibiotic;_lincosamide_antibiotic	38	1206	1206	1.0	Unknown taxonomy (chromosome)
barcode04_DS_4.7GB	contig_13762	51143	54284	adeF_fluoroquinolone_antibiotic;_tetracycline_antibiotic	6	3141	3141	1.0	
barcode04_DS_4.7GB	contig_13808	49135	50299	vanT gene in vanG cluster_glycopeptide_antibiotic	14	1164	1164	1.0	
barcode04_DS_4.7GB	contig_13809	14890	15229	qacG_disinfecting_agents_and_antiseptics	10	339	339	1.0	
barcode04_DS_4.7GB	contig_13846	31344	32055	vanW gene in vanI cluster_glycopeptide_antibiotic	2	711	711	1.0	
barcode04_DS_4.7GB	contig_13864	44636	45704	vanG_glycopeptide_antibiotic	4	1068	1068	1.0	
barcode04_DS_4.7GB	contig_13915	74198	75365	vanT gene in vanG cluster_glycopeptide_antibiotic	14	1167	1167	1.0	
barcode04_DS_4.7GB	contig_13918	2757	3987	tet(32)_tetracycline_antibiotic	14	1230	1230	1.0	Unknown taxonomy (chromosome or plasmid)
barcode04_DS_4.7GB	contig_13918	3983	4679	tet(32)_tetracycline_antibiotic	11	696	696	1.0	Unknown taxonomy (chromosome)
barcode04_DS_4.7GB	contig_13923	11963	12644	vanY gene in vanB cluster_glycopeptide_antibiotic	9	681	681	1.0	
barcode04_DS_4.7GB	contig_14015	8359	8914	AAC(6')-IIa_aminoglycoside_antibiotic	8	555	555	1.0	Unknown taxonomy (chromosome or plasmid)
barcode04_DS_4.7GB	contig_14015	9061	9520	AAC(6')-Il_aminoglycoside_antibiotic	19	459	459	1.0	Unknown taxonomy (chromosome or plasmid)
barcode04_DS_4.7GB	contig_14015	9613	10414	VIM-4_carbapenem;_cephalosporin;_cephamycin;_penam;_penem	4	801	801	1.0	Unknown taxonomy (chromosome or plasmid)
barcode04_DS_4.7GB	contig_14151	8340	8964	catS_phenicol_antibiotic	6	624	624	1.0	Parvimonas micra (chromosome)
barcode04_DS_4.7GB	contig_14164	2130	2886	ArnT_peptide_antibiotic	4	756	756	1.0	Klebsiella pneumoniae (chromosome)
barcode04_DS_4.7GB	contig_14169	25992	27093	vanG_glycopeptide_antibiotic	17	1101	1101	1.0	Faecalibacterium prausnitzii (no genomic info)
barcode04_DS_4.7GB	contig_14209	48593	49724	vanT gene in vanG cluster_glycopeptide_antibiotic	17	1131	1131	1.0	
barcode04_DS_4.7GB	contig_14242	1397	2021	Campylobacter coli chloramphenicol acetyltransferase_phenicol_antibiotic	19	624	624	1.0	Klebsiella pneumoniae (chromosome)
barcode04_DS_4.7GB	contig_14261	7738	8233	lnuC_lincosamide_antibiotic	52	495	495	1.0	Unknown taxonomy (chromosome or plasmid)
barcode04_DS_4.7GB	contig_14308	1	520	lnuC_lincosamide_antibiotic	6	519	519	1.0	Unknown taxonomy (chromosome or plasmid)
barcode04_DS_4.7GB	contig_14316	1812	2649	APH(6)-Id_aminoglycoside_antibiotic	19	837	837	1.0	Unknown taxonomy (chromosome or plasmid)
barcode04_DS_4.7GB	contig_14316	2648	3452	APH(3'')-Ib_aminoglycoside_antibiotic	18	804	804	1.0	Unknown taxonomy (chromosome or plasmid)
barcode04_DS_4.7GB	contig_14351	10528	13102	tet(36)_tetracycline_antibiotic	9	2574	2574	1.0	
barcode04_DS_4.7GB	contig_145	14505	15498	vanH gene in vanB cluster_glycopeptide_antibiotic	17	993	993	1.0	
barcode04_DS_4.7GB	contig_145	903131	904256	vanT gene in vanG cluster_glycopeptide_antibiotic	27	1125	1125	1.0	
barcode04_DS_4.7GB	contig_14526	20931	21993	vanG_glycopeptide_antibiotic	3	1062	1062	1.0	
barcode04_DS_4.7GB	contig_14591	5975	6788	vanY gene in vanF cluster_glycopeptide_antibiotic	4	813	813	1.0	
barcode04_DS_4.7GB	contig_14606	20138	21317	vanT gene in vanG cluster_glycopeptide_antibiotic	8	1179	1179	1.0	
barcode04_DS_4.7GB	contig_14668	91535	92597	vanG_glycopeptide_antibiotic	13	1062	1062	1.0	
barcode04_DS_4.7GB	contig_14673	58122	58452	qacG_disinfecting_agents_and_antiseptics	6	330	330	1.0	
barcode04_DS_4.7GB	contig_151	6058	6529	vanY gene in vanB cluster_glycopeptide_antibiotic	8	471	471	1.0	Faecalibacterium prausnitzii (chromosome)
barcode04_DS_4.7GB	contig_1546	83578	84493	vanY gene in vanB cluster_glycopeptide_antibiotic	10	915	915	1.0	
barcode04_DS_4.7GB	contig_1546	91091	92261	vanT gene in vanG cluster_glycopeptide_antibiotic	15	1170	1170	1.0	
barcode04_DS_4.7GB	contig_160	22743	24747	tet(Q)_tetracycline_antibiotic	44	2004	2004	1.0	
barcode04_DS_4.7GB	contig_1613	4932	5826	vanT gene in vanG cluster_glycopeptide_antibiotic	4	894	894	1.0	
barcode04_DS_4.7GB	contig_1682	77416	78235	vanY gene in vanB cluster_glycopeptide_antibiotic	18	819	819	1.0	Faecalibacterium prausnitzii (chromosome)
barcode04_DS_4.7GB	contig_1707	111456	112566	vanT gene in vanG cluster_glycopeptide_antibiotic	44	1110	1110	1.0	
barcode04_DS_4.7GB	contig_1708	781890	785082	adeF_fluoroquinolone_antibiotic;_tetracycline_antibiotic	33	3192	3192	1.0	
barcode04_DS_4.7GB	contig_173	641336	642812	vanW gene in vanI cluster_glycopeptide_antibiotic	62	1476	1476	1.0	
barcode04_DS_4.7GB	contig_173	2386480	2387680	vanT gene in vanG cluster_glycopeptide_antibiotic	47	1200	1200	1.0	
barcode04_DS_4.7GB	contig_173	2407995	2408208	vanU gene in vanG cluster_glycopeptide_antibiotic	60	213	213	1.0	
barcode04_DS_4.7GB	contig_173	2672318	2673404	vanY gene in vanB cluster_glycopeptide_antibiotic	44	1086	1086	1.0	
barcode04_DS_4.7GB	contig_1775	5377	6202	vanW gene in vanG cluster_glycopeptide_antibiotic	3	825	825	1.0	
barcode04_DS_4.7GB	contig_1828	155506	156241	tet(M)_tetracycline_antibiotic	4	735	735	1.0	
barcode04_DS_4.7GB	contig_1828	156264	157284	tet(W)_tetracycline_antibiotic	4	1020	1020	1.0	
barcode04_DS_4.7GB	contig_1828	164198	165371	vanT gene in vanG cluster_glycopeptide_antibiotic	7	1173	1173	1.0	
barcode04_DS_4.7GB	contig_1863	493720	495370	vanW gene in vanI cluster_glycopeptide_antibiotic	23	1650	1650	1.0	
barcode04_DS_4.7GB	contig_1863	814160	815789	tet(O/W)_tetracycline_antibiotic	37	1629	1629	1.0	Unknown taxonomy (chromosome or plasmid)
barcode04_DS_4.7GB	contig_1872	76186	79756	Bifidobacterium adolescentis rpoB mutants conferring resistance to rifampicin_rifamycin_antibiotic	9	3570	3570	1.0	Bifidobacterium (chromosome)
barcode04_DS_4.7GB	contig_1922	397812	398982	vanT gene in vanG cluster_glycopeptide_antibiotic	24	1170	1170	1.0	
barcode04_DS_4.7GB	contig_1932	19715	20945	vanT gene in vanG cluster_glycopeptide_antibiotic	4	1230	1230	1.0	
barcode04_DS_4.7GB	contig_1979	102650	105365	adeF_fluoroquinolone_antibiotic;_tetracycline_antibiotic	24	2715	2715	1.0	
barcode04_DS_4.7GB	contig_200	108	456	qacEdelta1_disinfecting_agents_and_antiseptics	30	348	348	1.0	Unknown taxonomy (chromosome or plasmid)
barcode04_DS_4.7GB	contig_200	449	1289	sul1_sulfonamide_antibiotic	29	840	840	1.0	Unknown taxonomy (chromosome or plasmid)
barcode04_DS_4.7GB	contig_2001	1038376	1038871	lnuC_lincosamide_antibiotic	56	495	495	1.0	Unknown taxonomy (chromosome or plasmid)
barcode04_DS_4.7GB	contig_2001	2125505	2126000	lnuC_lincosamide_antibiotic	59	495	495	1.0	Unknown taxonomy (chromosome or plasmid)
barcode04_DS_4.7GB	contig_2010	894	2607	vanW gene in vanI cluster_glycopeptide_antibiotic	16	1713	1713	1.0	
barcode04_DS_4.7GB	contig_2182	14945	15659	vanY gene in vanB cluster_glycopeptide_antibiotic	4	714	714	1.0	
barcode04_DS_4.7GB	contig_2252	135571	136063	nimA_nitroimidazole_antibiotic	8	492	492	1.0	
barcode04_DS_4.7GB	contig_2297	49760	50303	lnuC_lincosamide_antibiotic	27	543	543	1.0	Anaerostipes hadrus (chromosome or plasmid)
barcode04_DS_4.7GB	contig_23	132928	134053	vanT gene in vanG cluster_glycopeptide_antibiotic	5	1125	1125	1.0	
barcode04_DS_4.7GB	contig_2356	415896	417066	vanT gene in vanG cluster_glycopeptide_antibiotic	26	1170	1170	1.0	
barcode04_DS_4.7GB	contig_2378	379129	380332	vanT gene in vanG cluster_glycopeptide_antibiotic	24	1203	1203	1.0	
barcode04_DS_4.7GB	contig_2378	449623	451117	vanW gene in vanI cluster_glycopeptide_antibiotic	21	1494	1494	1.0	
barcode04_DS_4.7GB	contig_2378	1380414	1380978	lnuC_lincosamide_antibiotic	65	564	564	1.0	Unknown taxonomy (chromosome or plasmid)
barcode04_DS_4.7GB	contig_2378	2215821	2218974	adeF_fluoroquinolone_antibiotic;_tetracycline_antibiotic	24	3153	3153	1.0	
barcode04_DS_4.7GB	contig_2378	2287243	2287807	lnuC_lincosamide_antibiotic	28	564	564	1.0	Unknown taxonomy (chromosome or plasmid)
barcode04_DS_4.7GB	contig_239	583091	583901	vanY gene in vanB cluster_glycopeptide_antibiotic	24	810	810	1.0	
barcode04_DS_4.7GB	contig_239	602264	605036	tet(Q)_tetracycline_antibiotic	21	2772	2772	1.0	
barcode04_DS_4.7GB	contig_2494	13428	14640	vanW gene in vanI cluster_glycopeptide_antibiotic	4	1212	1212	1.0	
barcode04_DS_4.7GB	contig_2494	15792	17319	vanW gene in vanI cluster_glycopeptide_antibiotic	5	1527	1527	1.0	
barcode04_DS_4.7GB	contig_253	3699	5253	vanW gene in vanI cluster_glycopeptide_antibiotic	4	1554	1554	1.0	
barcode04_DS_4.7GB	contig_2537	511	1249	ErmB_macrolide_antibiotic;_lincosamide_antibiotic;_streptogramin_antibiotic;_streptogramin_A_antibiotic;_streptogramin_B_antibiotic	28	738	738	1.0	Unknown taxonomy (chromosome or plasmid)
barcode04_DS_4.7GB	contig_254	503307	505011	vanW gene in vanI cluster_glycopeptide_antibiotic	25	1704	1704	1.0	
barcode04_DS_4.7GB	contig_2711	18814	19396	vanY gene in vanM cluster_glycopeptide_antibiotic	9	582	582	1.0	
barcode04_DS_4.7GB	contig_2737	6485	7367	KPC-2_monobactam;_carbapenem;_cephalosporin;_penam	46	882	882	1.0	Unknown taxonomy (chromosome or plasmid)
barcode04_DS_4.7GB	contig_2784	55154	56633	vanW gene in vanI cluster_glycopeptide_antibiotic	3	1479	1479	1.0	
barcode04_DS_4.7GB	contig_2785	35120	37049	vanW gene in vanI cluster_glycopeptide_antibiotic	6	1929	1929	1.0	
barcode04_DS_4.7GB	contig_2950	76179	77346	vanT gene in vanG cluster_glycopeptide_antibiotic	9	1167	1167	1.0	
barcode04_DS_4.7GB	contig_2955	86169	86979	vanY gene in vanG cluster_glycopeptide_antibiotic	18	810	810	1.0	
barcode04_DS_4.7GB	contig_2955	87121	87394	vanW gene in vanG cluster_glycopeptide_antibiotic	20	273	273	1.0	
barcode04_DS_4.7GB	contig_2955	363092	363884	vanY gene in vanG cluster_glycopeptide_antibiotic	29	792	792	1.0	
barcode04_DS_4.7GB	contig_2978	17854	19006	vanT gene in vanE cluster_glycopeptide_antibiotic	20	1152	1152	1.0	
barcode04_DS_4.7GB	contig_2978	18999	20055	vanG_glycopeptide_antibiotic	17	1056	1056	1.0	
barcode04_DS_4.7GB	contig_3017	284	2204	tet(W)_tetracycline_antibiotic	49	1920	1920	1.0	Unknown taxonomy (chromosome or plasmid)
barcode04_DS_4.7GB	contig_304	33698	35618	tet(O)_tetracycline_antibiotic	75	1920	1920	1.0	Enterococcus hirae (chromosome or plasmid)
barcode04_DS_4.7GB	contig_3093	2	611	vanY gene in vanG cluster_glycopeptide_antibiotic	5	609	609	1.0	
barcode04_DS_4.7GB	contig_3101	44744	46670	tet(Q)_tetracycline_antibiotic	58	1926	1926	1.0	Unknown taxonomy (chromosome)
barcode04_DS_4.7GB	contig_3206	18428	18740	vanW gene in vanI cluster_glycopeptide_antibiotic	14	312	312	1.0	
barcode04_DS_4.7GB	contig_3206	18648	19509	vanW gene in vanI cluster_glycopeptide_antibiotic	14	861	861	1.0	
barcode04_DS_4.7GB	contig_3251	25281	27456	adeF_fluoroquinolone_antibiotic;_tetracycline_antibiotic	13	2175	2175	1.0	Burkholderia cenocepacia (chromosome)
barcode04_DS_4.7GB	contig_3285	363	1224	TEM-1_monobactam;_cephalosporin;_penam;_penem	19	861	861	1.0	Unknown taxonomy (chromosome or plasmid)
barcode04_DS_4.7GB	contig_330	70727	72647	tet(O)_tetracycline_antibiotic	93	1920	1920	1.0	Unknown taxonomy (chromosome or plasmid)
barcode04_DS_4.7GB	contig_3309	2977	3436	AAC(6')-Il_aminoglycoside_antibiotic	21	459	459	1.0	Unknown taxonomy (chromosome or plasmid)
barcode04_DS_4.7GB	contig_3309	3453	3987	ANT(2'')-Ia_aminoglycoside_antibiotic	26	534	534	1.0	Unknown taxonomy (chromosome or plasmid)
barcode04_DS_4.7GB	contig_3309	4125	4866	IMP-16_carbapenem;_cephalosporin;_cephamycin;_penam;_penem	20	741	741	1.0	Unknown taxonomy (plasmid)
barcode04_DS_4.7GB	contig_3309	5835	6690	ErmX_macrolide_antibiotic;_lincosamide_antibiotic;_streptogramin_antibiotic;_streptogramin_A_antibiotic;_streptogramin_B_antibiotic	30	855	855	1.0	Unknown taxonomy (chromosome or plasmid)
barcode04_DS_4.7GB	contig_3316	4117	5221	vanW gene in vanI cluster_glycopeptide_antibiotic	4	1104	1104	1.0	
barcode04_DS_4.7GB	contig_334	8172	9129	tet(W)_tetracycline_antibiotic	18	957	957	1.0	Unknown taxonomy (chromosome)
barcode04_DS_4.7GB	contig_3413	8425	10429	tet(Q)_tetracycline_antibiotic	10	2004	2004	1.0	Collinsella aerofaciens (no genomic info)
barcode04_DS_4.7GB	contig_343	46274	46934	vanY gene in vanB cluster_glycopeptide_antibiotic	16	660	660	1.0	Roseburia hominis (no genomic info)
barcode04_DS_4.7GB	contig_345	57	1977	tet(O)_tetracycline_antibiotic	115	1920	1920	1.0	Unknown taxonomy (chromosome or plasmid)
barcode04_DS_4.7GB	contig_3451	41127	42129	vanY gene in vanF cluster_glycopeptide_antibiotic	10	1002	1002	1.0	
barcode04_DS_4.7GB	contig_346	51317	53237	tet(O)_tetracycline_antibiotic	67	1920	1920	1.0	Unknown taxonomy (chromosome or plasmid)
barcode04_DS_4.7GB	contig_346	53288	54527	tet(40)_tetracycline_antibiotic	27	1239	1239	1.0	Unknown taxonomy (chromosome)
barcode04_DS_4.7GB	contig_3461	6018	6900	KPC-2_monobactam;_carbapenem;_cephalosporin;_penam	30	882	882	1.0	Unknown taxonomy (chromosome or plasmid)
barcode04_DS_4.7GB	contig_3465	84068	86600	vanT gene in vanG cluster_glycopeptide_antibiotic	32	2532	2532	1.0	
barcode04_DS_4.7GB	contig_350	1427	3347	tet(O)_tetracycline_antibiotic	55	1920	1920	1.0	Unknown taxonomy (chromosome or plasmid)
barcode04_DS_4.7GB	contig_351	4452	5691	tet(40)_tetracycline_antibiotic	36	1239	1239	1.0	Unknown taxonomy (chromosome)
barcode04_DS_4.7GB	contig_351	5742	7662	tet(O)_tetracycline_antibiotic	69	1920	1920	1.0	Unknown taxonomy (chromosome or plasmid)
barcode04_DS_4.7GB	contig_353	1342	3262	tet(O)_tetracycline_antibiotic	37	1920	1920	1.0	Unknown taxonomy (chromosome or plasmid)
barcode04_DS_4.7GB	contig_354	10102	12022	tet(O)_tetracycline_antibiotic	54	1920	1920	1.0	Unknown taxonomy (chromosome or plasmid)
barcode04_DS_4.7GB	contig_356	16646	18566	tet(O)_tetracycline_antibiotic	31	1920	1920	1.0	Unknown taxonomy (chromosome or plasmid)
barcode04_DS_4.7GB	contig_356	27799	28729	Erm(52)_macrolide_antibiotic;_lincosamide_antibiotic;_streptogramin_antibiotic	14	930	930	1.0	
barcode04_DS_4.7GB	contig_356	28909	30829	tet(M)_tetracycline_antibiotic	16	1920	1920	1.0	Unknown taxonomy (chromosome or plasmid)
barcode04_DS_4.7GB	contig_3601	301310	302219	vanY gene in vanB cluster_glycopeptide_antibiotic	17	909	909	1.0	
barcode04_DS_4.7GB	contig_361	304	1150	tet(32)_tetracycline_antibiotic	10	846	846	1.0	Unknown taxonomy (chromosome or plasmid)
barcode04_DS_4.7GB	contig_3640	40219	40789	vanY gene in vanB cluster_glycopeptide_antibiotic	14	570	570	1.0	
barcode04_DS_4.7GB	contig_379	31970	32756	tet(W)_tetracycline_antibiotic	32	786	786	1.0	Unknown taxonomy (chromosome)
barcode04_DS_4.7GB	contig_3804	10101	11628	vanW gene in vanI cluster_glycopeptide_antibiotic	8	1527	1527	1.0	Anaerostipes hadrus (chromosome)
barcode04_DS_4.7GB	contig_382	8175	10095	tet(W)_tetracycline_antibiotic	62	1920	1920	1.0	Unknown taxonomy (chromosome or plasmid)
barcode04_DS_4.7GB	contig_383	758	2429	tet(W)_tetracycline_antibiotic	35	1671	1671	1.0	Unknown taxonomy (chromosome or plasmid)
barcode04_DS_4.7GB	contig_385	4343	6263	tet(W)_tetracycline_antibiotic	24	1920	1920	1.0	Eggerthella lenta (chromosome or plasmid)
barcode04_DS_4.7GB	contig_387	100	1354	tet(W)_tetracycline_antibiotic	8	1254	1254	1.0	Unknown taxonomy (chromosome or plasmid)
barcode04_DS_4.7GB	contig_388	11141	13061	tet(W)_tetracycline_antibiotic	23	1920	1920	1.0	Eggerthella lenta (chromosome or plasmid)
barcode04_DS_4.7GB	contig_390	18053	19973	tet(W)_tetracycline_antibiotic	42	1920	1920	1.0	Unknown taxonomy (chromosome or plasmid)
barcode04_DS_4.7GB	contig_4	73140	74250	vanT gene in vanG cluster_glycopeptide_antibiotic	160	1110	1110	1.0	
barcode04_DS_4.7GB	contig_4	317659	320851	adeF_fluoroquinolone_antibiotic;_tetracycline_antibiotic	156	3192	3192	1.0	
barcode04_DS_4.7GB	contig_4	575143	575650	nimK_nitroimidazole_antibiotic	166	507	507	1.0	
barcode04_DS_4.7GB	contig_4	1277667	1278903	vanW gene in vanI cluster_glycopeptide_antibiotic	149	1236	1236	1.0	
barcode04_DS_4.7GB	contig_4136	30564	31245	vanY gene in vanB cluster_glycopeptide_antibiotic	11	681	681	1.0	
barcode04_DS_4.7GB	contig_4147	2115	3144	vanT gene in vanG cluster_glycopeptide_antibiotic	4	1029	1029	1.0	
barcode04_DS_4.7GB	contig_429	406363	407137	vanY gene in vanB cluster_glycopeptide_antibiotic	16	774	774	1.0	
barcode04_DS_4.7GB	contig_4331	11965	12271	vanY gene in vanA cluster_glycopeptide_antibiotic	14	306	306	1.0	
barcode04_DS_4.7GB	contig_434	198168	200715	tet(Q)_tetracycline_antibiotic	8	2547	2547	1.0	
barcode04_DS_4.7GB	contig_434	231448	232582	vanT gene in vanG cluster_glycopeptide_antibiotic	16	1134	1134	1.0	
barcode04_DS_4.7GB	contig_4349	5739	5970	vanW gene in vanI cluster_glycopeptide_antibiotic	7	231	231	1.0	
barcode04_DS_4.7GB	contig_435	30287	32990	tet(36)_tetracycline_antibiotic	7	2703	2703	1.0	
barcode04_DS_4.7GB	contig_435	168458	169445	vanH gene in vanO cluster_glycopeptide_antibiotic	5	987	987	1.0	
barcode04_DS_4.7GB	contig_438	263103	264177	vanG_glycopeptide_antibiotic	12	1074	1074	1.0	
barcode04_DS_4.7GB	contig_438	555292	557374	vanT gene in vanG cluster_glycopeptide_antibiotic	20	2082	2082	1.0	
barcode04_DS_4.7GB	contig_438	557360	558113	vanXY gene in vanG cluster_glycopeptide_antibiotic	24	753	753	1.0	
barcode04_DS_4.7GB	contig_438	558109	559150	vanG_glycopeptide_antibiotic	24	1041	1041	1.0	
barcode04_DS_4.7GB	contig_4431	32686	34309	vanW gene in vanI cluster_glycopeptide_antibiotic	8	1623	1623	1.0	
barcode04_DS_4.7GB	contig_4446	56416	57562	vanT gene in vanG cluster_glycopeptide_antibiotic	29	1146	1146	1.0	
barcode04_DS_4.7GB	contig_4493	94435	95614	vanT gene in vanG cluster_glycopeptide_antibiotic	8	1179	1179	1.0	
barcode04_DS_4.7GB	contig_4575	7612	9289	vanW gene in vanI cluster_glycopeptide_antibiotic	13	1677	1677	1.0	Roseburia hominis (no genomic info)
barcode04_DS_4.7GB	contig_4671	66409	67408	vanY gene in vanF cluster_glycopeptide_antibiotic	13	999	999	1.0	
barcode04_DS_4.7GB	contig_469	121704	122337	catB2_phenicol_antibiotic	16	633	633	1.0	Unknown taxonomy (chromosome or plasmid)
barcode04_DS_4.7GB	contig_4776	95195	96266	vanY gene in vanG cluster_glycopeptide_antibiotic	12	1071	1071	1.0	
barcode04_DS_4.7GB	contig_488	217522	220678	adeF_fluoroquinolone_antibiotic;_tetracycline_antibiotic	32	3156	3156	1.0	
barcode04_DS_4.7GB	contig_4933	7806	9525	vanW gene in vanG cluster_glycopeptide_antibiotic	3	1719	1719	1.0	
barcode04_DS_4.7GB	contig_4936	2192	3554	vanW gene in vanG cluster_glycopeptide_antibiotic	4	1362	1362	1.0	
barcode04_DS_4.7GB	contig_4946	251433	252228	vanY gene in vanB cluster_glycopeptide_antibiotic	7	795	795	1.0	
barcode04_DS_4.7GB	contig_5001	26567	27662	vanG_glycopeptide_antibiotic	19	1095	1095	1.0	Faecalibacterium prausnitzii (chromosome)
barcode04_DS_4.7GB	contig_5060	143324	144161	vanW gene in vanG cluster_glycopeptide_antibiotic	11	837	837	1.0	
barcode04_DS_4.7GB	contig_508	7206	7665	AAC(6')-Il_aminoglycoside_antibiotic	57	459	459	1.0	Unknown taxonomy (chromosome or plasmid)
barcode04_DS_4.7GB	contig_508	7738	8602	GES-1_carbapenem;_cephalosporin;_penam	51	864	864	1.0	Unknown taxonomy (chromosome or plasmid)
barcode04_DS_4.7GB	contig_508	8724	9258	ANT(2'')-Ia_aminoglycoside_antibiotic	41	534	534	1.0	Unknown taxonomy (chromosome or plasmid)
barcode04_DS_4.7GB	contig_508	9373	9721	qacEdelta1_disinfecting_agents_and_antiseptics	59	348	348	1.0	Unknown taxonomy (chromosome or plasmid)
barcode04_DS_4.7GB	contig_508	9714	10554	sul1_sulfonamide_antibiotic	66	840	840	1.0	Unknown taxonomy (chromosome or plasmid)
barcode04_DS_4.7GB	contig_508	44168	45050	KPC-2_monobactam;_carbapenem;_cephalosporin;_penam	65	882	882	1.0	Unknown taxonomy (chromosome or plasmid)
barcode04_DS_4.7GB	contig_5159	32320	33190	vanW gene in vanI cluster_glycopeptide_antibiotic	5	870	870	1.0	
barcode04_DS_4.7GB	contig_5159	97600	99127	vanW gene in vanI cluster_glycopeptide_antibiotic	8	1527	1527	1.0	
barcode04_DS_4.7GB	contig_5217	74737	75727	vanH gene in vanB cluster_glycopeptide_antibiotic	27	990	990	1.0	
barcode04_DS_4.7GB	contig_5242	3218	3893	vanY gene in vanG cluster_glycopeptide_antibiotic	5	675	675	1.0	
barcode04_DS_4.7GB	contig_527	731	1571	sul1_sulfonamide_antibiotic	36	840	840	1.0	Unknown taxonomy (chromosome or plasmid)
barcode04_DS_4.7GB	contig_527	1564	1912	qacEdelta1_disinfecting_agents_and_antiseptics	36	348	348	1.0	Unknown taxonomy (chromosome or plasmid)
barcode04_DS_4.7GB	contig_529	931	1264	qacJ_disinfecting_agents_and_antiseptics	4	333	333	1.0	Unknown taxonomy (chromosome or plasmid)
barcode04_DS_4.7GB	contig_529	1393	2221	OXA-2_carbapenem;_cephalosporin;_penam	20	828	828	1.0	Unknown taxonomy (chromosome or plasmid)
barcode04_DS_4.7GB	contig_529	3375	3909	ANT(2'')-Ia_aminoglycoside_antibiotic	27	534	534	1.0	Unknown taxonomy (chromosome or plasmid)
barcode04_DS_4.7GB	contig_529	4040	4499	AAC(6')-Il_aminoglycoside_antibiotic	28	459	459	1.0	Unknown taxonomy (chromosome or plasmid)
barcode04_DS_4.7GB	contig_530	100	901	OXA-17_cephalosporin;_penam	16	801	801	1.0	Unknown taxonomy (chromosome or plasmid)
barcode04_DS_4.7GB	contig_530	969	1602	catB3_phenicol_antibiotic	18	633	633	1.0	Unknown taxonomy (chromosome or plasmid)
barcode04_DS_4.7GB	contig_530	2336	2891	AAC(6')-Ib4_aminoglycoside_antibiotic	31	555	555	1.0	Unknown taxonomy (chromosome or plasmid)
barcode04_DS_4.7GB	contig_5301	15119	16637	vanW gene in vanI cluster_glycopeptide_antibiotic	5	1518	1518	1.0	
barcode04_DS_4.7GB	contig_5374	1851	2460	FosI_phosphonic_acid_antibiotic	11	609	609	1.0	
barcode04_DS_4.7GB	contig_541	5991	6864	vanY gene in vanG cluster_glycopeptide_antibiotic	14	873	873	1.0	
barcode04_DS_4.7GB	contig_5492	2977	3862	mphG_macrolide_antibiotic	25	885	885	1.0	
barcode04_DS_4.7GB	contig_5492	3866	5090	mef(C)_macrolide_antibiotic;_tetracycline_antibiotic	25	1224	1224	1.0	
barcode04_DS_4.7GB	contig_5515	71762	72578	vanW gene in vanG cluster_glycopeptide_antibiotic	11	816	816	1.0	
barcode04_DS_4.7GB	contig_5523	4755	5373	Campylobacter coli chloramphenicol acetyltransferase_phenicol_antibiotic	17	618	618	1.0	Klebsiella pneumoniae (chromosome)
barcode04_DS_4.7GB	contig_5604	9997	10879	KPC-2_monobactam;_carbapenem;_cephalosporin;_penam	35	882	882	1.0	Unknown taxonomy (chromosome or plasmid)
barcode04_DS_4.7GB	contig_5608	499	1381	KPC-2_monobactam;_carbapenem;_cephalosporin;_penam	52	882	882	1.0	Unknown taxonomy (chromosome or plasmid)
barcode04_DS_4.7GB	contig_5608	3796	4576	APH(3')-VIa_aminoglycoside_antibiotic	53	780	780	1.0	Unknown taxonomy (chromosome or plasmid)
barcode04_DS_4.7GB	contig_5609	234	1074	sul1_sulfonamide_antibiotic	36	840	840	1.0	Unknown taxonomy (chromosome or plasmid)
barcode04_DS_4.7GB	contig_5609	1067	1415	qacEdelta1_disinfecting_agents_and_antiseptics	44	348	348	1.0	Unknown taxonomy (chromosome or plasmid)
barcode04_DS_4.7GB	contig_5609	2331	2865	ANT(2'')-Ia_aminoglycoside_antibiotic	32	534	534	1.0	Unknown taxonomy (chromosome or plasmid)
barcode04_DS_4.7GB	contig_5609	4648	5533	mphE_macrolide_antibiotic	20	885	885	1.0	Unknown taxonomy (chromosome or plasmid)
barcode04_DS_4.7GB	contig_563	82593	83766	vanT gene in vanG cluster_glycopeptide_antibiotic	10	1173	1173	1.0	
barcode04_DS_4.7GB	contig_5644	939	1803	GES-5_carbapenem;_cephalosporin;_penam	33	864	864	1.0	Unknown taxonomy (chromosome or plasmid)
barcode04_DS_4.7GB	contig_5644	2030	2363	qacL_disinfecting_agents_and_antiseptics	33	333	333	1.0	Unknown taxonomy (chromosome or plasmid)
barcode04_DS_4.7GB	contig_5644	2437	2896	AAC(6')-Il_aminoglycoside_antibiotic	15	459	459	1.0	Unknown taxonomy (chromosome or plasmid)
barcode04_DS_4.7GB	contig_5655	295	625	qacJ_disinfecting_agents_and_antiseptics	2	330	330	1.0	Elizabethkingia anophelis (chromosome)
barcode04_DS_4.7GB	contig_566	220572	223329	tet(36)_tetracycline_antibiotic	11	2757	2757	1.0	
barcode04_DS_4.7GB	contig_5705	55205	55700	dfrF_diaminopyrimidine_antibiotic	24	495	495	1.0	Unknown taxonomy (chromosome or plasmid)
barcode04_DS_4.7GB	contig_5732	20996	21785	aadA5_aminoglycoside_antibiotic	15	789	789	1.0	Unknown taxonomy (chromosome or plasmid)
barcode04_DS_4.7GB	contig_5732	22748	23330	AAC(6')-IIc_aminoglycoside_antibiotic	14	582	582	1.0	Unknown taxonomy (chromosome or plasmid)
barcode04_DS_4.7GB	contig_5732	25633	26434	OXA-46_penam	14	801	801	1.0	Pseudomonas aeruginosa (chromosome)
barcode04_DS_4.7GB	contig_5743	78133	79144	vanW gene in vanI cluster_glycopeptide_antibiotic	19	1011	1011	1.0	
barcode04_DS_4.7GB	contig_5858	1030	1654	catS_phenicol_antibiotic	7	624	624	1.0	Faecalibacterium prausnitzii (no genomic info)
barcode04_DS_4.7GB	contig_5953	17450	18614	vanT gene in vanG cluster_glycopeptide_antibiotic	5	1164	1164	1.0	
barcode04_DS_4.7GB	contig_5971	14552	14873	vanY gene in vanF cluster_glycopeptide_antibiotic	4	321	321	1.0	
barcode04_DS_4.7GB	contig_5997	31098	31905	vanY gene in vanB cluster_glycopeptide_antibiotic	14	807	807	1.0	
barcode04_DS_4.7GB	contig_6004	44092	45664	vanW gene in vanI cluster_glycopeptide_antibiotic	7	1572	1572	1.0	
barcode04_DS_4.7GB	contig_6023	63482	64052	vanY gene in vanG cluster_glycopeptide_antibiotic	9	570	570	1.0	
barcode04_DS_4.7GB	contig_6023	150349	152101	vanT gene in vanG cluster_glycopeptide_antibiotic	13	1752	1752	1.0	
barcode04_DS_4.7GB	contig_611	739096	740284	vanT gene in vanG cluster_glycopeptide_antibiotic	97	1188	1188	1.0	
barcode04_DS_4.7GB	contig_611	1370017	1371004	vanH gene in vanO cluster_glycopeptide_antibiotic	106	987	987	1.0	
barcode04_DS_4.7GB	contig_611	1457144	1457954	vanW gene in vanG cluster_glycopeptide_antibiotic	79	810	810	1.0	
barcode04_DS_4.7GB	contig_611	2131672	2132782	vanG_glycopeptide_antibiotic	136	1110	1110	1.0	
barcode04_DS_4.7GB	contig_629	8503	9640	vanT gene in vanG cluster_glycopeptide_antibiotic	7	1137	1137	1.0	
barcode04_DS_4.7GB	contig_6344	451	1927	msrE_macrolide_antibiotic;_streptogramin_antibiotic	21	1476	1476	1.0	Unknown taxonomy (chromosome or plasmid)
barcode04_DS_4.7GB	contig_6344	1982	2867	mphE_macrolide_antibiotic	20	885	885	1.0	Unknown taxonomy (chromosome or plasmid)
barcode04_DS_4.7GB	contig_6344	3827	4688	TEM-1_monobactam;_cephalosporin;_penam;_penem	15	861	861	1.0	Unknown taxonomy (chromosome or plasmid)
barcode04_DS_4.7GB	contig_6486	11984	12458	qacJ_disinfecting_agents_and_antiseptics	5	474	474	1.0	
barcode04_DS_4.7GB	contig_6535	410	2099	vanW gene in vanI cluster_glycopeptide_antibiotic	7	1689	1689	1.0	
barcode04_DS_4.7GB	contig_662	39246	42303	adeF_fluoroquinolone_antibiotic;_tetracycline_antibiotic	5	3057	3057	1.0	
barcode04_DS_4.7GB	contig_6643	12595	13255	vanY gene in vanG cluster_glycopeptide_antibiotic	6	660	660	1.0	
barcode04_DS_4.7GB	contig_6657	1756	2215	AAC(6')-Il_aminoglycoside_antibiotic	49	459	459	1.0	Unknown taxonomy (chromosome or plasmid)
barcode04_DS_4.7GB	contig_6657	2288	3152	GES-1_carbapenem;_cephalosporin;_penam	47	864	864	1.0	Unknown taxonomy (chromosome or plasmid)
barcode04_DS_4.7GB	contig_6657	20817	21600	LCR-1_cephalosporin;_penam	7	783	783	1.0	Pseudomonas aeruginosa (chromosome or plasmid)
barcode04_DS_4.7GB	contig_6658	17	845	OXA-2_carbapenem;_cephalosporin;_penam	22	828	828	1.0	Unknown taxonomy (chromosome or plasmid)
barcode04_DS_4.7GB	contig_6658	1300	1648	qacEdelta1_disinfecting_agents_and_antiseptics	35	348	348	1.0	Unknown taxonomy (chromosome or plasmid)
barcode04_DS_4.7GB	contig_6658	1641	2481	sul1_sulfonamide_antibiotic	30	840	840	1.0	Unknown taxonomy (chromosome or plasmid)
barcode04_DS_4.7GB	contig_6685	319188	322266	adeF_fluoroquinolone_antibiotic;_tetracycline_antibiotic	19	3078	3078	1.0	
barcode04_DS_4.7GB	contig_6685	443418	444588	vanT gene in vanG cluster_glycopeptide_antibiotic	16	1170	1170	1.0	
barcode04_DS_4.7GB	contig_6685	484376	484856	nimA_nitroimidazole_antibiotic	18	480	480	1.0	
barcode04_DS_4.7GB	contig_6685	666299	667532	vanW gene in vanI cluster_glycopeptide_antibiotic	25	1233	1233	1.0	
barcode04_DS_4.7GB	contig_6768	16994	18944	vanW gene in vanI cluster_glycopeptide_antibiotic	8	1950	1950	1.0	
barcode04_DS_4.7GB	contig_683	2634	3534	APH(2'')-IIa_aminoglycoside_antibiotic	14	900	900	1.0	Unknown taxonomy (plasmid)
barcode04_DS_4.7GB	contig_683	3577	4114	AAC(6')-Im_aminoglycoside_antibiotic	17	537	537	1.0	Unknown taxonomy (plasmid)
barcode04_DS_4.7GB	contig_6836	1064	1844	APH(3')-VIa_aminoglycoside_antibiotic	27	780	780	1.0	Unknown taxonomy (chromosome or plasmid)
barcode04_DS_4.7GB	contig_7	1877	2606	ACI-1_cephalosporin;_penam;_penem	2	729	729	1.0	
barcode04_DS_4.7GB	contig_7093	20220	21042	vanW gene in vanB cluster_glycopeptide_antibiotic	14	822	822	1.0	
barcode04_DS_4.7GB	contig_7172	784	1687	tet(32)_tetracycline_antibiotic	8	903	903	1.0	Unknown taxonomy (chromosome)
barcode04_DS_4.7GB	contig_7267	142653	143475	vanY gene in vanB cluster_glycopeptide_antibiotic	12	822	822	1.0	Faecalibacterium prausnitzii (chromosome)
barcode04_DS_4.7GB	contig_7317	43634	44795	vanT gene in vanG cluster_glycopeptide_antibiotic	5	1161	1161	1.0	
barcode04_DS_4.7GB	contig_7325	8903	11975	adeF_fluoroquinolone_antibiotic;_tetracycline_antibiotic	9	3072	3072	1.0	
barcode04_DS_4.7GB	contig_7335	1652	2516	aadS_aminoglycoside_antibiotic	14	864	864	1.0	Unknown taxonomy (chromosome or plasmid)
barcode04_DS_4.7GB	contig_7335	3758	4559	ErmF_macrolide_antibiotic;_lincosamide_antibiotic;_streptogramin_antibiotic;_streptogramin_A_antibiotic;_streptogramin_B_antibiotic	23	801	801	1.0	Unknown taxonomy (chromosome or plasmid)
barcode04_DS_4.7GB	contig_7520	13644	14727	vanT gene in vanG cluster_glycopeptide_antibiotic	6	1083	1083	1.0	
barcode04_DS_4.7GB	contig_765	19083	19419	vanY gene in vanB cluster_glycopeptide_antibiotic	17	336	336	1.0	
barcode04_DS_4.7GB	contig_765	51517	53086	vanW gene in vanI cluster_glycopeptide_antibiotic	12	1569	1569	1.0	
barcode04_DS_4.7GB	contig_777	8608	9334	vanY gene in vanB cluster_glycopeptide_antibiotic	26	726	726	1.0	Roseburia hominis (no genomic info)
barcode04_DS_4.7GB	contig_777	487425	488979	vanW gene in vanI cluster_glycopeptide_antibiotic	22	1554	1554	1.0	
barcode04_DS_4.7GB	contig_7786	5065	5800	vanY gene in vanB cluster_glycopeptide_antibiotic	3	735	735	1.0	
barcode04_DS_4.7GB	contig_7786	5912	6803	vanY gene in vanG cluster_glycopeptide_antibiotic	7	891	891	1.0	
barcode04_DS_4.7GB	contig_7791	873	1494	AAC(6')-Ib9_aminoglycoside_antibiotic	28	621	621	1.0	Unknown taxonomy (chromosome or plasmid)
barcode04_DS_4.7GB	contig_7791	1662	2010	qacEdelta1_disinfecting_agents_and_antiseptics	16	348	348	1.0	Unknown taxonomy (chromosome or plasmid)
barcode04_DS_4.7GB	contig_7868	4920	5658	ErmB_macrolide_antibiotic;_lincosamide_antibiotic;_streptogramin_antibiotic;_streptogramin_A_antibiotic;_streptogramin_B_antibiotic	21	738	738	1.0	Unknown taxonomy (chromosome or plasmid)
barcode04_DS_4.7GB	contig_8338	47462	50144	tet(Q)_tetracycline_antibiotic	10	2682	2682	1.0	
barcode04_DS_4.7GB	contig_841	63187	65107	tet(O)_tetracycline_antibiotic	97	1920	1920	1.0	Unknown taxonomy (chromosome or plasmid)
barcode04_DS_4.7GB	contig_8478	10257	11022	ErmX_macrolide_antibiotic;_lincosamide_antibiotic;_streptogramin_antibiotic;_streptogramin_A_antibiotic;_streptogramin_B_antibiotic	10	765	765	1.0	Unknown taxonomy (chromosome or plasmid)
barcode04_DS_4.7GB	contig_875	4106	5309	vanT gene in vanG cluster_glycopeptide_antibiotic	25	1203	1203	1.0	Faecalibacterium prausnitzii (chromosome)
barcode04_DS_4.7GB	contig_8774	6733	8164	vanW gene in vanI cluster_glycopeptide_antibiotic	12	1431	1431	1.0	
barcode04_DS_4.7GB	contig_8821	2364	3102	ErmB_macrolide_antibiotic;_lincosamide_antibiotic;_streptogramin_antibiotic;_streptogramin_A_antibiotic;_streptogramin_B_antibiotic	35	738	738	1.0	Unknown taxonomy (chromosome or plasmid)
barcode04_DS_4.7GB	contig_8950	3727	4891	vanT gene in vanG cluster_glycopeptide_antibiotic	4	1164	1164	1.0	Anaerostipes hadrus (chromosome)
barcode04_DS_4.7GB	contig_8995	23768	24296	vanY gene in vanF cluster_glycopeptide_antibiotic	4	528	528	1.0	
barcode04_DS_4.7GB	contig_9015	60	393	qacL_disinfecting_agents_and_antiseptics	31	333	333	1.0	Unknown taxonomy (chromosome or plasmid)
barcode04_DS_4.7GB	contig_907	707980	708967	vanH gene in vanO cluster_glycopeptide_antibiotic	35	987	987	1.0	
barcode04_DS_4.7GB	contig_907	1290388	1291546	vanT gene in vanG cluster_glycopeptide_antibiotic	38	1158	1158	1.0	
barcode04_DS_4.7GB	contig_9132	7675	8179	nimG_nitroimidazole_antibiotic	3	504	504	1.0	
barcode04_DS_4.7GB	contig_9178	13822	14185	vanY gene in vanG cluster_glycopeptide_antibiotic	2	363	363	1.0	
barcode04_DS_4.7GB	contig_9178	14273	15233	vanY gene in vanB cluster_glycopeptide_antibiotic	2	960	960	1.0	
barcode04_DS_4.7GB	contig_9182	3586	4732	vanT gene in vanG cluster_glycopeptide_antibiotic	3	1146	1146	1.0	
barcode04_DS_4.7GB	contig_9387	7130	8306	vanT gene in vanG cluster_glycopeptide_antibiotic	8	1176	1176	1.0	
barcode04_DS_4.7GB	contig_9441	2289	3069	APH(3')-VIa_aminoglycoside_antibiotic	38	780	780	1.0	Unknown taxonomy (chromosome or plasmid)
barcode04_DS_4.7GB	contig_9446	2801	4421	vanW gene in vanI cluster_glycopeptide_antibiotic	4	1620	1620	1.0	
barcode04_DS_4.7GB	contig_9461	1891	2698	vanY gene in vanB cluster_glycopeptide_antibiotic	5	807	807	1.0	Faecalibacterium prausnitzii (chromosome)
barcode04_DS_4.7GB	contig_9473	877	1951	vanG_glycopeptide_antibiotic	11	1074	1074	1.0	
barcode04_DS_4.7GB	contig_9484	4919	5252	qacJ_disinfecting_agents_and_antiseptics	6	333	333	1.0	
barcode04_DS_4.7GB	contig_949	155	1394	tet(40)_tetracycline_antibiotic	18	1239	1239	1.0	Faecalibacterium prausnitzii (chromosome)
barcode04_DS_4.7GB	contig_949	1445	3365	tet(O)_tetracycline_antibiotic	60	1920	1920	1.0	Unknown taxonomy (chromosome or plasmid)
barcode04_DS_4.7GB	contig_950	20915	22121	vanT gene in vanG cluster_glycopeptide_antibiotic	4	1206	1206	1.0	
barcode04_DS_4.7GB	contig_9785	373	1234	TEM-1_monobactam;_cephalosporin;_penam;_penem	16	861	861	1.0	Unknown taxonomy (chromosome or plasmid)
barcode04_DS_4.7GB	contig_9785	1375	2188	AAC(3)-IIc_aminoglycoside_antibiotic	6	813	813	1.0	Klebsiella pneumoniae (chromosome or plasmid)
barcode04_DS_4.7GB	contig_9918	126274	127453	vanT gene in vanG cluster_glycopeptide_antibiotic	15	1179	1179	1.0	
barcode04_DS_4.7GB	contig_9998	29620	30052	vanW gene in vanB cluster_glycopeptide_antibiotic	4	432	432	1.0	
barcode04_DS_4.7GB	contig_9998	30039	30561	vanW gene in vanG cluster_glycopeptide_antibiotic	3	522	522	1.0	
barcode06_DS_4.7GB	contig_10102	1288	2152	GES-5_carbapenem;_cephalosporin;_penam	29	864	864	1.0	Unknown taxonomy (chromosome or plasmid)
barcode06_DS_4.7GB	contig_10102	2291	2876	AAC(6')-IIc_aminoglycoside_antibiotic	35	585	585	1.0	Unknown taxonomy (chromosome or plasmid)
barcode06_DS_4.7GB	contig_10102	3120	3453	qacL_disinfecting_agents_and_antiseptics	28	333	333	1.0	Unknown taxonomy (chromosome or plasmid)
barcode06_DS_4.7GB	contig_10102	6005	6353	qacEdelta1_disinfecting_agents_and_antiseptics	39	348	348	1.0	Unknown taxonomy (chromosome or plasmid)
barcode06_DS_4.7GB	contig_10102	6346	7186	sul1_sulfonamide_antibiotic	40	840	840	1.0	Unknown taxonomy (chromosome or plasmid)
barcode06_DS_4.7GB	contig_10102	11261	12500	Mrx_macrolide_antibiotic	7	1239	1239	1.0	Unknown taxonomy (chromosome or plasmid)
barcode06_DS_4.7GB	contig_10102	12496	13258	mphA_macrolide_antibiotic	5	762	762	1.0	Unknown taxonomy (chromosome or plasmid)
barcode06_DS_4.7GB	contig_10270	7548	8625	oqxA_fluoroquinolone_antibiotic;_glycylcycline;_tetracycline_antibiotic;_diaminopyrimidine_antibiotic;_nitrofuran_antibiotic	8	1077	1077	1.0	Klebsiella pneumoniae (chromosome or plasmid)
barcode06_DS_4.7GB	contig_10292	1398	1548	vanY gene in vanB cluster_glycopeptide_antibiotic	2	150	150	1.0	
barcode06_DS_4.7GB	contig_10377	9760	10747	vanH gene in vanO cluster_glycopeptide_antibiotic	12	987	987	1.0	
barcode06_DS_4.7GB	contig_10382	7290	8805	aadT_macrolide_antibiotic;_tetracycline_antibiotic;_disinfecting_agents_and_antiseptics	15	1515	1515	1.0	
barcode06_DS_4.7GB	contig_10440	8343	9510	vanW gene in vanI cluster_glycopeptide_antibiotic	2	1167	1167	1.0	
barcode06_DS_4.7GB	contig_10541	6554	7085	vanY gene in vanB cluster_glycopeptide_antibiotic	10	531	531	1.0	Roseburia hominis (no genomic info)
barcode06_DS_4.7GB	contig_1065	149698	150808	vanG_glycopeptide_antibiotic	16	1110	1110	1.0	
barcode06_DS_4.7GB	contig_1066	102208	103396	vanT gene in vanG cluster_glycopeptide_antibiotic	14	1188	1188	1.0	
barcode06_DS_4.7GB	contig_1073	798	3915	Bifidobacterium adolescentis rpoB mutants conferring resistance to rifampicin_rifamycin_antibiotic	3	3117	3117	1.0	Bifidobacterium (chromosome)
barcode06_DS_4.7GB	contig_10901	1077	1587	nimG_nitroimidazole_antibiotic	1	510	510	1.0	
barcode06_DS_4.7GB	contig_10930	7532	8891	vanW gene in vanI cluster_glycopeptide_antibiotic	4	1359	1359	1.0	
barcode06_DS_4.7GB	contig_11205	8529	9654	vanT gene in vanG cluster_glycopeptide_antibiotic	7	1125	1125	1.0	
barcode06_DS_4.7GB	contig_11433	2455	3283	OXA-253_carbapenem;_penam	38	828	828	1.0	Acinetobacter baumannii (chromosome)
barcode06_DS_4.7GB	contig_11472	12181	12514	Klebsiella pneumoniae KpnE_macrolide_antibiotic;_aminoglycoside_antibiotic;_cephalosporin;_tetracycline_antibiotic;_peptide_antibiotic;_rifamycin_antibiotic;_disinfecting_agents_and_antiseptics	5	333	333	1.0	Unknown taxonomy (chromosome or plasmid)
barcode06_DS_4.7GB	contig_11472	12500	12830	Klebsiella pneumoniae KpnF_macrolide_antibiotic;_aminoglycoside_antibiotic;_cephalosporin;_tetracycline_antibiotic;_peptide_antibiotic;_rifamycin_antibiotic;_disinfecting_agents_and_antiseptics	5	330	330	1.0	Escherichia coli (chromosome or plasmid)
barcode06_DS_4.7GB	contig_11482	66211	68425	vanW gene in vanI cluster_glycopeptide_antibiotic	5	2214	2214	1.0	
barcode06_DS_4.7GB	contig_11512	3335	3839	nimG_nitroimidazole_antibiotic	8	504	504	1.0	
barcode06_DS_4.7GB	contig_11547	2602	3361	vanY gene in vanB cluster_glycopeptide_antibiotic	4	759	759	1.0	
barcode06_DS_4.7GB	contig_11569	7674	8358	AAC(6')-Ib9_aminoglycoside_antibiotic	30	684	684	1.0	Unknown taxonomy (chromosome or plasmid)
barcode06_DS_4.7GB	contig_11585	4064	5609	tet(Q)_tetracycline_antibiotic	10	1545	1545	1.0	Unknown taxonomy (chromosome)
barcode06_DS_4.7GB	contig_11937	2410	2932	vanW gene in vanI cluster_glycopeptide_antibiotic	4	522	522	1.0	
barcode06_DS_4.7GB	contig_12086	3653	4520	SCO-1_cephalosporin;_penam;_penem	9	867	867	1.0	Unknown taxonomy (chromosome or plasmid)
barcode06_DS_4.7GB	contig_12147	13908	14757	vanW gene in vanI cluster_glycopeptide_antibiotic	4	849	849	1.0	
barcode06_DS_4.7GB	contig_12290	8371	8710	qacG_disinfecting_agents_and_antiseptics	4	339	339	1.0	
barcode06_DS_4.7GB	contig_1240	63054	63618	lnuC_lincosamide_antibiotic	64	564	564	1.0	Unknown taxonomy (chromosome or plasmid)
barcode06_DS_4.7GB	contig_12482	19327	20866	emrY_tetracycline_antibiotic	2	1539	1539	1.0	Unknown taxonomy (chromosome or plasmid)
barcode06_DS_4.7GB	contig_12482	20938	22030	emrK_tetracycline_antibiotic	5	1092	1092	1.0	Escherichia coli (chromosome or plasmid)
barcode06_DS_4.7GB	contig_12482	22445	23060	evgA_macrolide_antibiotic;_fluoroquinolone_antibiotic;_penam;_tetracycline_antibiotic	7	615	615	1.0	Escherichia coli (chromosome or plasmid)
barcode06_DS_4.7GB	contig_12482	23115	26658	evgS_macrolide_antibiotic;_fluoroquinolone_antibiotic;_penam;_tetracycline_antibiotic	7	3543	3543	1.0	Escherichia coli (chromosome or plasmid)
barcode06_DS_4.7GB	contig_1249	2565	3345	APH(3')-VIa_aminoglycoside_antibiotic	20	780	780	1.0	Unknown taxonomy (chromosome or plasmid)
barcode06_DS_4.7GB	contig_1249	4622	5435	NDM-1_carbapenem;_cephalosporin;_cephamycin;_penam	25	813	813	1.0	Unknown taxonomy (chromosome or plasmid)
barcode06_DS_4.7GB	contig_1251	9775	10603	OXA-253_carbapenem;_penam	46	828	828	1.0	Acinetobacter baumannii (chromosome)
barcode06_DS_4.7GB	contig_1252	9343	10123	APH(3')-VIa_aminoglycoside_antibiotic	24	780	780	1.0	Unknown taxonomy (chromosome or plasmid)
barcode06_DS_4.7GB	contig_1252	29484	30324	sul1_sulfonamide_antibiotic	61	840	840	1.0	Unknown taxonomy (chromosome or plasmid)
barcode06_DS_4.7GB	contig_1252	30317	30665	qacEdelta1_disinfecting_agents_and_antiseptics	56	348	348	1.0	Unknown taxonomy (chromosome or plasmid)
barcode06_DS_4.7GB	contig_1252	30833	31421	AAC(6')-Ib9_aminoglycoside_antibiotic	44	588	588	1.0	Unknown taxonomy (chromosome or plasmid)
barcode06_DS_4.7GB	contig_1252	31526	31979	arr-3_rifamycin_antibiotic	15	453	453	1.0	Unknown taxonomy (chromosome or plasmid)
barcode06_DS_4.7GB	contig_1253	109	949	sul1_sulfonamide_antibiotic	30	840	840	1.0	Unknown taxonomy (chromosome or plasmid)
barcode06_DS_4.7GB	contig_1253	942	1290	qacEdelta1_disinfecting_agents_and_antiseptics	31	348	348	1.0	Unknown taxonomy (chromosome or plasmid)
barcode06_DS_4.7GB	contig_1253	1520	1979	AAC(6')-Il_aminoglycoside_antibiotic	30	459	459	1.0	Unknown taxonomy (chromosome or plasmid)
barcode06_DS_4.7GB	contig_1253	2037	2571	ANT(2'')-Ia_aminoglycoside_antibiotic	38	534	534	1.0	Unknown taxonomy (chromosome or plasmid)
barcode06_DS_4.7GB	contig_1254	108	972	GES-1_carbapenem;_cephalosporin;_penam	52	864	864	1.0	Unknown taxonomy (chromosome or plasmid)
barcode06_DS_4.7GB	contig_1254	1045	1504	AAC(6')-Il_aminoglycoside_antibiotic	49	459	459	1.0	Unknown taxonomy (chromosome or plasmid)
barcode06_DS_4.7GB	contig_1254	1521	2055	ANT(2'')-Ia_aminoglycoside_antibiotic	43	534	534	1.0	Unknown taxonomy (chromosome or plasmid)
barcode06_DS_4.7GB	contig_1254	3017	3872	ErmX_macrolide_antibiotic;_lincosamide_antibiotic;_streptogramin_antibiotic;_streptogramin_A_antibiotic;_streptogramin_B_antibiotic	40	855	855	1.0	Unknown taxonomy (chromosome or plasmid)
barcode06_DS_4.7GB	contig_1254	5164	5947	LCR-1_cephalosporin;_penam	12	783	783	1.0	Pseudomonas aeruginosa (chromosome or plasmid)
barcode06_DS_4.7GB	contig_12549	2788	3934	vanT gene in vanG cluster_glycopeptide_antibiotic	10	1146	1146	1.0	
barcode06_DS_4.7GB	contig_1256	14749	15208	AAC(6')-Il_aminoglycoside_antibiotic	59	459	459	1.0	Unknown taxonomy (chromosome or plasmid)
barcode06_DS_4.7GB	contig_1256	15281	16145	GES-1_carbapenem;_cephalosporin;_penam	66	864	864	1.0	Unknown taxonomy (chromosome or plasmid)
barcode06_DS_4.7GB	contig_1256	16267	16801	ANT(2'')-Ia_aminoglycoside_antibiotic	42	534	534	1.0	Unknown taxonomy (chromosome or plasmid)
barcode06_DS_4.7GB	contig_1256	16916	17264	qacEdelta1_disinfecting_agents_and_antiseptics	40	348	348	1.0	Unknown taxonomy (chromosome or plasmid)
barcode06_DS_4.7GB	contig_1256	17257	18097	sul1_sulfonamide_antibiotic	35	840	840	1.0	Unknown taxonomy (chromosome or plasmid)
barcode06_DS_4.7GB	contig_1256	20060	21251	tet(C)_tetracycline_antibiotic	13	1191	1191	1.0	Unknown taxonomy (chromosome or plasmid)
barcode06_DS_4.7GB	contig_1257	11202	11835	AAC(6')-Ib9_aminoglycoside_antibiotic	42	633	633	1.0	Unknown taxonomy (chromosome or plasmid)
barcode06_DS_4.7GB	contig_1257	12003	12351	qacEdelta1_disinfecting_agents_and_antiseptics	62	348	348	1.0	Unknown taxonomy (chromosome or plasmid)
barcode06_DS_4.7GB	contig_1257	12344	13184	sul1_sulfonamide_antibiotic	72	840	840	1.0	Unknown taxonomy (chromosome or plasmid)
barcode06_DS_4.7GB	contig_1259	793	1969	cmx_phenicol_antibiotic	11	1176	1176	1.0	Unknown taxonomy (chromosome or plasmid)
barcode06_DS_4.7GB	contig_1260	348	1176	OXA-2_carbapenem;_cephalosporin;_penam	22	828	828	1.0	Unknown taxonomy (chromosome or plasmid)
barcode06_DS_4.7GB	contig_12615	4667	5360	vanY gene in vanB cluster_glycopeptide_antibiotic	5	693	693	1.0	
barcode06_DS_4.7GB	contig_12652	11229	12042	vanY gene in vanF cluster_glycopeptide_antibiotic	4	813	813	1.0	
barcode06_DS_4.7GB	contig_12688	1	457	vanY gene in vanB cluster_glycopeptide_antibiotic	2	456	456	1.0	
barcode06_DS_4.7GB	contig_1271	1532718	1535844	adeF_fluoroquinolone_antibiotic;_tetracycline_antibiotic	17	3126	3126	1.0	
barcode06_DS_4.7GB	contig_1271	1903698	1905087	vanW gene in vanI cluster_glycopeptide_antibiotic	20	1389	1389	1.0	
barcode06_DS_4.7GB	contig_1271	2118582	2121735	adeF_fluoroquinolone_antibiotic;_tetracycline_antibiotic	21	3153	3153	1.0	
barcode06_DS_4.7GB	contig_12770	7506	8220	vanY gene in vanB cluster_glycopeptide_antibiotic	2	714	714	1.0	Faecalibacterium prausnitzii (chromosome)
barcode06_DS_4.7GB	contig_12968	60440	60779	qacG_disinfecting_agents_and_antiseptics	8	339	339	1.0	
barcode06_DS_4.7GB	contig_13076	7014	7488	dfrF_diaminopyrimidine_antibiotic	16	474	474	1.0	Unknown taxonomy (chromosome or plasmid)
barcode06_DS_4.7GB	contig_13161	9418	10267	vanW gene in vanI cluster_glycopeptide_antibiotic	5	849	849	1.0	
barcode06_DS_4.7GB	contig_13169	10065	10860	vanY gene in vanB cluster_glycopeptide_antibiotic	9	795	795	1.0	
barcode06_DS_4.7GB	contig_13193	2617	3991	vanW gene in vanI cluster_glycopeptide_antibiotic	4	1374	1374	1.0	
barcode06_DS_4.7GB	contig_13297	5857	7066	vanT gene in vanG cluster_glycopeptide_antibiotic	7	1209	1209	1.0	
barcode06_DS_4.7GB	contig_13320	8200	9928	vanW gene in vanI cluster_glycopeptide_antibiotic	3	1728	1728	1.0	
barcode06_DS_4.7GB	contig_13347	14753	15923	vanT gene in vanG cluster_glycopeptide_antibiotic	8	1170	1170	1.0	
barcode06_DS_4.7GB	contig_13479	13682	14315	CRP_macrolide_antibiotic;_fluoroquinolone_antibiotic;_penam	11	633	633	1.0	Unknown taxonomy (chromosome or plasmid)
barcode06_DS_4.7GB	contig_1352	13430	15077	vanW gene in vanI cluster_glycopeptide_antibiotic	20	1647	1647	1.0	
barcode06_DS_4.7GB	contig_13522	2	974	vanW gene in vanI cluster_glycopeptide_antibiotic	2	972	972	1.0	
barcode06_DS_4.7GB	contig_13572	7717	8278	vanY gene in vanM cluster_glycopeptide_antibiotic	6	561	561	1.0	
barcode06_DS_4.7GB	contig_13640	35559	37296	Haemophilus influenzae PBP3 conferring resistance to beta-lactam antibiotics_cephalosporin;_cephamycin;_penam	5	1737	1737	1.0	Klebsiella pneumoniae (chromosome or plasmid)
barcode06_DS_4.7GB	contig_13640	43518	44364	leuO_nucleoside_antibiotic;_disinfecting_agents_and_antiseptics	5	846	846	1.0	Klebsiella pneumoniae (chromosome)
barcode06_DS_4.7GB	contig_13645	19557	20022	Escherichia coli soxR with mutation conferring antibiotic resistance_fluoroquinolone_antibiotic;_cephalosporin;_glycylcycline;_penam;_tetracycline_antibiotic;_rifamycin_antibiotic;_phenicol_antibiotic;_disinfecting_agents_and_antiseptics	9	465	465	1.0	Unknown taxonomy (chromosome or plasmid)
barcode06_DS_4.7GB	contig_13645	20107	20431	Escherichia coli soxS with mutation conferring antibiotic resistance_fluoroquinolone_antibiotic;_monobactam;_carbapenem;_cephalosporin;_glycylcycline;_cephamycin;_penam;_tetracycline_antibiotic;_rifamycin_antibiotic;_phenicol_antibiotic;_penem;_disinfecting_agents_and_antiseptics	7	324	324	1.0	Unknown taxonomy (chromosome or plasmid)
barcode06_DS_4.7GB	contig_1365	4872	5391	vanY gene in vanB cluster_glycopeptide_antibiotic	2	519	519	1.0	
barcode06_DS_4.7GB	contig_1371	78977	79781	lnuB_lincosamide_antibiotic	14	804	804	1.0	Unknown taxonomy (chromosome or plasmid)
barcode06_DS_4.7GB	contig_1371	79834	81319	lsaE_lincosamide_antibiotic;_streptogramin_antibiotic;_pleuromutilin_antibiotic	21	1485	1485	1.0	Streptococcus (chromosome or plasmid)
barcode06_DS_4.7GB	contig_1371	176514	178068	vanW gene in vanI cluster_glycopeptide_antibiotic	21	1554	1554	1.0	
barcode06_DS_4.7GB	contig_1371	797597	800768	adeF_fluoroquinolone_antibiotic;_tetracycline_antibiotic	25	3171	3171	1.0	
barcode06_DS_4.7GB	contig_1371	1343238	1344411	vanT gene in vanG cluster_glycopeptide_antibiotic	21	1173	1173	1.0	
barcode06_DS_4.7GB	contig_1371	1495110	1496283	vanT gene in vanG cluster_glycopeptide_antibiotic	18	1173	1173	1.0	
barcode06_DS_4.7GB	contig_1371	1503193	1505164	tet(O)_tetracycline_antibiotic	19	1971	1971	1.0	
barcode06_DS_4.7GB	contig_13715	4863	5613	vanY gene in vanB cluster_glycopeptide_antibiotic	7	750	750	1.0	Bifidobacterium bifidum (chromosome)
barcode06_DS_4.7GB	contig_13763	12296	13022	vanY gene in vanB cluster_glycopeptide_antibiotic	2	726	726	1.0	Faecalibacterium prausnitzii (no genomic info)
barcode06_DS_4.7GB	contig_13817	18751	19954	vanT gene in vanG cluster_glycopeptide_antibiotic	10	1203	1203	1.0	Faecalibacterium prausnitzii (chromosome)
barcode06_DS_4.7GB	contig_13833	4668	5133	FosI_phosphonic_acid_antibiotic	18	465	465	1.0	
barcode06_DS_4.7GB	contig_13862	6220	6433	vanU gene in vanG cluster_glycopeptide_antibiotic	13	213	213	1.0	
barcode06_DS_4.7GB	contig_13864	8190	9744	vanW gene in vanI cluster_glycopeptide_antibiotic	5	1554	1554	1.0	
barcode06_DS_4.7GB	contig_14021	33615	34848	mdtM_fluoroquinolone_antibiotic;_lincosamide_antibiotic;_nucleoside_antibiotic;_phenicol_antibiotic;_disinfecting_agents_and_antiseptics	8	1233	1233	1.0	Escherichia coli (chromosome or plasmid)
barcode06_DS_4.7GB	contig_14202	7346	7712	vanY gene in vanB cluster_glycopeptide_antibiotic	3	366	366	1.0	
barcode06_DS_4.7GB	contig_14236	12783	14067	tet(W)_tetracycline_antibiotic	25	1284	1284	1.0	Unknown taxonomy (chromosome or plasmid)
barcode06_DS_4.7GB	contig_14412	3978	5163	Escherichia coli EF-Tu mutants conferring resistance to Pulvomycin_elfamycin_antibiotic	17	1185	1185	1.0	Salmonella enterica (chromosome or plasmid)
barcode06_DS_4.7GB	contig_14502	4212	5169	vanH gene in vanO cluster_glycopeptide_antibiotic	4	957	957	1.0	Faecalibacterium prausnitzii (chromosome)
barcode06_DS_4.7GB	contig_14564	45	930	mphG_macrolide_antibiotic	61	885	885	1.0	
barcode06_DS_4.7GB	contig_14564	934	2158	mef(C)_macrolide_antibiotic;_tetracycline_antibiotic	52	1224	1224	1.0	
barcode06_DS_4.7GB	contig_14564	2445	3261	sul2_sulfonamide_antibiotic	59	816	816	1.0	Unknown taxonomy (chromosome or plasmid)
barcode06_DS_4.7GB	contig_14682	1441	2236	APH(3')-IIIa_aminoglycoside_antibiotic	5	795	795	1.0	Unknown taxonomy (chromosome or plasmid)
barcode06_DS_4.7GB	contig_14715	14996	15917	vanY gene in vanB cluster_glycopeptide_antibiotic	6	921	921	1.0	Faecalibacterium prausnitzii (chromosome)
barcode06_DS_4.7GB	contig_14854	2972	3989	vanY gene in vanB cluster_glycopeptide_antibiotic	6	1017	1017	1.0	
barcode06_DS_4.7GB	contig_14897	7629	8670	vanG_glycopeptide_antibiotic	8	1041	1041	1.0	
barcode06_DS_4.7GB	contig_14897	8666	9419	vanXY gene in vanG cluster_glycopeptide_antibiotic	9	753	753	1.0	
barcode06_DS_4.7GB	contig_14897	9405	11487	vanT gene in vanG cluster_glycopeptide_antibiotic	6	2082	2082	1.0	
barcode06_DS_4.7GB	contig_15104	27893	29306	vanW gene in vanI cluster_glycopeptide_antibiotic	7	1413	1413	1.0	
barcode06_DS_4.7GB	contig_15233	947	1997	vanT gene in vanG cluster_glycopeptide_antibiotic	12	1050	1050	1.0	
barcode06_DS_4.7GB	contig_15250	10011	10845	vanY gene in vanB cluster_glycopeptide_antibiotic	12	834	834	1.0	Faecalibacterium prausnitzii (chromosome)
barcode06_DS_4.7GB	contig_1527	285707	286874	vanT gene in vanG cluster_glycopeptide_antibiotic	8	1167	1167	1.0	
barcode06_DS_4.7GB	contig_15294	21454	22423	PmrF_peptide_antibiotic	7	969	969	1.0	Unknown taxonomy (chromosome or plasmid)
barcode06_DS_4.7GB	contig_15294	37919	39278	Escherichia coli GlpT with mutation conferring resistance to fosfomycin_phosphonic_acid_antibiotic	11	1359	1359	1.0	Escherichia (chromosome or plasmid)
barcode06_DS_4.7GB	contig_1530	114204	117396	adeF_fluoroquinolone_antibiotic;_tetracycline_antibiotic	9	3192	3192	1.0	
barcode06_DS_4.7GB	contig_15324	1312	2167	ACI-1_cephalosporin;_penam;_penem	8	855	855	1.0	
barcode06_DS_4.7GB	contig_15326	12575	13670	vanG_glycopeptide_antibiotic	10	1095	1095	1.0	Faecalibacterium prausnitzii (no genomic info)
barcode06_DS_4.7GB	contig_15354	9468	10281	vanY gene in vanF cluster_glycopeptide_antibiotic	10	813	813	1.0	Faecalibacterium prausnitzii (chromosome)
barcode06_DS_4.7GB	contig_15365	1674	1953	vanY gene in vanF cluster_glycopeptide_antibiotic	10	279	279	1.0	
barcode06_DS_4.7GB	contig_15406	3402	4140	ErmB_macrolide_antibiotic;_lincosamide_antibiotic;_streptogramin_antibiotic;_streptogramin_A_antibiotic;_streptogramin_B_antibiotic	38	738	738	1.0	Unknown taxonomy (chromosome or plasmid)
barcode06_DS_4.7GB	contig_1595	6755	7562	vanY gene in vanB cluster_glycopeptide_antibiotic	7	807	807	1.0	Faecalibacterium prausnitzii (chromosome)
barcode06_DS_4.7GB	contig_1610	5670	6498	OXA-2_carbapenem;_cephalosporin;_penam	28	828	828	1.0	Unknown taxonomy (chromosome or plasmid)
barcode06_DS_4.7GB	contig_1610	6549	7104	AAC(6')-Ib4_aminoglycoside_antibiotic	28	555	555	1.0	Unknown taxonomy (chromosome or plasmid)
barcode06_DS_4.7GB	contig_1610	7272	7620	qacEdelta1_disinfecting_agents_and_antiseptics	8	348	348	1.0	Unknown taxonomy (chromosome or plasmid)
barcode06_DS_4.7GB	contig_1611	25192	26074	KPC-2_monobactam;_carbapenem;_cephalosporin;_penam	45	882	882	1.0	Unknown taxonomy (chromosome or plasmid)
barcode06_DS_4.7GB	contig_1636	15811	16549	ErmB_macrolide_antibiotic;_lincosamide_antibiotic;_streptogramin_antibiotic;_streptogramin_A_antibiotic;_streptogramin_B_antibiotic	48	738	738	1.0	Unknown taxonomy (chromosome or plasmid)
barcode06_DS_4.7GB	contig_1662	23363	24869	vanT gene in vanG cluster_glycopeptide_antibiotic	13	1506	1506	1.0	
barcode06_DS_4.7GB	contig_1664	28500	29595	vanG_glycopeptide_antibiotic	39	1095	1095	1.0	Faecalibacterium prausnitzii (chromosome)
barcode06_DS_4.7GB	contig_1728	1037	1919	KPC-2_monobactam;_carbapenem;_cephalosporin;_penam	62	882	882	1.0	Unknown taxonomy (chromosome or plasmid)
barcode06_DS_4.7GB	contig_1728	4334	5114	APH(3')-VIa_aminoglycoside_antibiotic	68	780	780	1.0	Unknown taxonomy (chromosome or plasmid)
barcode06_DS_4.7GB	contig_1828	17067	18333	vanW gene in vanI cluster_glycopeptide_antibiotic	3	1266	1266	1.0	
barcode06_DS_4.7GB	contig_1850	8779	9814	AcrE_fluoroquinolone_antibiotic;_cephalosporin;_cephamycin;_penam	4	1035	1035	1.0	Escherichia coli (chromosome or plasmid)
barcode06_DS_4.7GB	contig_1850	10212	10875	AcrS_fluoroquinolone_antibiotic;_cephalosporin;_glycylcycline;_cephamycin;_penam;_tetracycline_antibiotic;_rifamycin_antibiotic;_phenicol_antibiotic;_disinfecting_agents_and_antiseptics	5	663	663	1.0	Unknown taxonomy (chromosome or plasmid)
barcode06_DS_4.7GB	contig_1919	234965	236222	vanW gene in vanI cluster_glycopeptide_antibiotic	5	1257	1257	1.0	
barcode06_DS_4.7GB	contig_1950	131981	135173	adeF_fluoroquinolone_antibiotic;_tetracycline_antibiotic	14	3192	3192	1.0	
barcode06_DS_4.7GB	contig_2013	52652	53477	OXA-333_carbapenem;_penam	13	825	825	1.0	Acinetobacter johnsonii (chromosome)
barcode06_DS_4.7GB	contig_2054	923443	924562	vanT gene in vanG cluster_glycopeptide_antibiotic	23	1119	1119	1.0	
barcode06_DS_4.7GB	contig_2054	1789819	1790308	nimJ_nitroimidazole_antibiotic	21	489	489	1.0	
barcode06_DS_4.7GB	contig_207	10157	11144	vanH gene in vanO cluster_glycopeptide_antibiotic	4	987	987	1.0	
barcode06_DS_4.7GB	contig_2114	2	164	vanY gene in vanB cluster_glycopeptide_antibiotic	3	162	162	1.0	
barcode06_DS_4.7GB	contig_2123	20489	22085	vanW gene in vanI cluster_glycopeptide_antibiotic	5	1560	1596	0.9774436	
barcode06_DS_4.7GB	contig_2127	1234493	1235651	vanT gene in vanG cluster_glycopeptide_antibiotic	233	1158	1158	1.0	
barcode06_DS_4.7GB	contig_2127	1817050	1818037	vanH gene in vanO cluster_glycopeptide_antibiotic	227	987	987	1.0	
barcode06_DS_4.7GB	contig_2146	53194	54304	vanT gene in vanG cluster_glycopeptide_antibiotic	8	1110	1110	1.0	
barcode06_DS_4.7GB	contig_2222	22049	22904	ErmX_macrolide_antibiotic;_lincosamide_antibiotic;_streptogramin_antibiotic;_streptogramin_A_antibiotic;_streptogramin_B_antibiotic	25	855	855	1.0	Unknown taxonomy (chromosome or plasmid)
barcode06_DS_4.7GB	contig_2272	2649	3780	vanT gene in vanG cluster_glycopeptide_antibiotic	3	1131	1131	1.0	
barcode06_DS_4.7GB	contig_2327	5815	6310	dfrF_diaminopyrimidine_antibiotic	20	495	495	1.0	Unknown taxonomy (chromosome or plasmid)
barcode06_DS_4.7GB	contig_238	49152	51072	tet(W)_tetracycline_antibiotic	91	1920	1920	1.0	Unknown taxonomy (chromosome or plasmid)
barcode06_DS_4.7GB	contig_2386	262418	263549	vanT gene in vanG cluster_glycopeptide_antibiotic	30	1131	1131	1.0	
barcode06_DS_4.7GB	contig_2393	22000	22600	vanY gene in vanB cluster_glycopeptide_antibiotic	15	600	600	1.0	Faecalibacterium prausnitzii (chromosome)
barcode06_DS_4.7GB	contig_244	1543	3055	tet(O/W)_tetracycline_antibiotic	23	1512	1512	1.0	Bifidobacterium longum (chromosome or plasmid)
barcode06_DS_4.7GB	contig_2580	2547	3639	vanG_glycopeptide_antibiotic	7	1092	1092	1.0	Faecalibacterium prausnitzii (chromosome)
barcode06_DS_4.7GB	contig_2599	32124	34530	tet(W)_tetracycline_antibiotic	31	1916	2406	0.7963425	Eggerthella lenta (chromosome or plasmid)
barcode06_DS_4.7GB	contig_2599	34492	36007	tet(O/W)_tetracycline_antibiotic	9	1515	1515	1.0	Collinsella aerofaciens (chromosome or plasmid)
barcode06_DS_4.7GB	contig_260	944080	947650	Bifidobacterium adolescentis rpoB mutants conferring resistance to rifampicin_rifamycin_antibiotic	18	3570	3570	1.0	Bifidobacterium (chromosome)
barcode06_DS_4.7GB	contig_2608	56402	58322	tet(W)_tetracycline_antibiotic	98	1920	1920	1.0	Unknown taxonomy (chromosome or plasmid)
barcode06_DS_4.7GB	contig_2609	5649	7569	tet(W)_tetracycline_antibiotic	26	1920	1920	1.0	Collinsella aerofaciens (chromosome or plasmid)
barcode06_DS_4.7GB	contig_267	946319	947480	vanT gene in vanG cluster_glycopeptide_antibiotic	57	1161	1161	1.0	
barcode06_DS_4.7GB	contig_2679	199	2119	tet(W)_tetracycline_antibiotic	16	1920	1920	1.0	Unknown taxonomy (chromosome or plasmid)
barcode06_DS_4.7GB	contig_2721	8112	9189	vanT gene in vanG cluster_glycopeptide_antibiotic	8	1077	1077	1.0	
barcode06_DS_4.7GB	contig_2857	8144	9821	vanW gene in vanI cluster_glycopeptide_antibiotic	11	1677	1677	1.0	Roseburia hominis (no genomic info)
barcode06_DS_4.7GB	contig_2946	42998	46337	Bifidobacterium bifidum ileS conferring resistance to mupirocin_mupirocin-like_antibiotic	7	3339	3339	1.0	Bifidobacterium bifidum (chromosome)
barcode06_DS_4.7GB	contig_2957	74339	75179	vanW gene in vanG cluster_glycopeptide_antibiotic	5	840	840	1.0	
barcode06_DS_4.7GB	contig_3048	737	1409	tet(36)_tetracycline_antibiotic	1	672	672	1.0	
barcode06_DS_4.7GB	contig_3085	22991	26147	adeF_fluoroquinolone_antibiotic;_tetracycline_antibiotic	99	3156	3156	1.0	
barcode06_DS_4.7GB	contig_3109	8473	9355	KPC-2_monobactam;_carbapenem;_cephalosporin;_penam	14	882	882	1.0	Unknown taxonomy (chromosome or plasmid)
barcode06_DS_4.7GB	contig_3112	1630	2470	sul1_sulfonamide_antibiotic	61	840	840	1.0	Unknown taxonomy (chromosome or plasmid)
barcode06_DS_4.7GB	contig_3112	2463	2811	qacEdelta1_disinfecting_agents_and_antiseptics	56	348	348	1.0	Unknown taxonomy (chromosome or plasmid)
barcode06_DS_4.7GB	contig_3112	2974	3766	aadA_aminoglycoside_antibiotic	37	792	792	1.0	Escherichia coli (chromosome or plasmid)
barcode06_DS_4.7GB	contig_329	12538	13087	AAC(6')-Ib'_aminoglycoside_antibiotic	28	549	549	1.0	Unknown taxonomy (chromosome or plasmid)
barcode06_DS_4.7GB	contig_333	17052	17586	ANT(2'')-Ia_aminoglycoside_antibiotic	26	534	534	1.0	Unknown taxonomy (chromosome or plasmid)
barcode06_DS_4.7GB	contig_333	17659	17974	qacL_disinfecting_agents_and_antiseptics	31	315	315	1.0	Unknown taxonomy (chromosome or plasmid)
barcode06_DS_4.7GB	contig_3364	47054	49826	tet(Q)_tetracycline_antibiotic	12	2772	2772	1.0	
barcode06_DS_4.7GB	contig_3364	68256	68634	vanY gene in vanG cluster_glycopeptide_antibiotic	9	378	378	1.0	
barcode06_DS_4.7GB	contig_3364	68608	69067	vanY gene in vanB cluster_glycopeptide_antibiotic	6	459	459	1.0	
barcode06_DS_4.7GB	contig_3502	36629	38003	cpxA_aminoglycoside_antibiotic;_aminocoumarin_antibiotic	5	1374	1374	1.0	Unknown taxonomy (chromosome or plasmid)
barcode06_DS_4.7GB	contig_3528	12768	13650	vanW gene in vanG cluster_glycopeptide_antibiotic	11	882	882	1.0	Acinetobacter johnsonii (chromosome)
barcode06_DS_4.7GB	contig_3569	207	1203	vanH gene in vanO cluster_glycopeptide_antibiotic	5	996	996	1.0	Faecalibacterium prausnitzii (no genomic info)
barcode06_DS_4.7GB	contig_3586	953	1733	APH(3')-VIa_aminoglycoside_antibiotic	30	780	780	1.0	Unknown taxonomy (chromosome or plasmid)
barcode06_DS_4.7GB	contig_3700	5221	5777	AAC(6')-Ib4_aminoglycoside_antibiotic	52	556	556	1.0	Unknown taxonomy (chromosome or plasmid)
barcode06_DS_4.7GB	contig_3700	5864	6197	qacL_disinfecting_agents_and_antiseptics	56	333	333	1.0	Unknown taxonomy (chromosome or plasmid)
barcode06_DS_4.7GB	contig_3700	6359	6893	ANT(2'')-Ia_aminoglycoside_antibiotic	35	534	534	1.0	Unknown taxonomy (chromosome or plasmid)
barcode06_DS_4.7GB	contig_3700	7263	8064	OXA-46_penam	27	801	801	1.0	Pseudomonas aeruginosa (chromosome)
barcode06_DS_4.7GB	contig_372	17217	17712	dfrF_diaminopyrimidine_antibiotic	13	495	495	1.0	Unknown taxonomy (chromosome or plasmid)
barcode06_DS_4.7GB	contig_3849	109755	110079	qacG_disinfecting_agents_and_antiseptics	6	324	324	1.0	
barcode06_DS_4.7GB	contig_3875	63	399	qacG_disinfecting_agents_and_antiseptics	79	336	336	1.0	
barcode06_DS_4.7GB	contig_388	370447	371431	vanH gene in vanO cluster_glycopeptide_antibiotic	39	984	984	1.0	
barcode06_DS_4.7GB	contig_3887	10515	11316	VIM-4_carbapenem;_cephalosporin;_cephamycin;_penam;_penem	30	801	801	1.0	Unknown taxonomy (chromosome or plasmid)
barcode06_DS_4.7GB	contig_3887	11409	11868	AAC(6')-Il_aminoglycoside_antibiotic	42	459	459	1.0	Unknown taxonomy (chromosome or plasmid)
barcode06_DS_4.7GB	contig_3887	12015	12570	AAC(6')-IIa_aminoglycoside_antibiotic	26	555	555	1.0	Unknown taxonomy (chromosome or plasmid)
barcode06_DS_4.7GB	contig_3912	16724	18110	vanW gene in vanI cluster_glycopeptide_antibiotic	4	1386	1386	1.0	
barcode06_DS_4.7GB	contig_3952	39326	39635	qacG_disinfecting_agents_and_antiseptics	7	309	309	1.0	
barcode06_DS_4.7GB	contig_4166	11185	11500	qacG_disinfecting_agents_and_antiseptics	11	315	315	1.0	Elizabethkingia anophelis (chromosome)
barcode06_DS_4.7GB	contig_4196	9944	11948	tet(Q)_tetracycline_antibiotic	32	2004	2004	1.0	Collinsella aerofaciens (no genomic info)
barcode06_DS_4.7GB	contig_4271	27856	28516	vanW gene in vanI cluster_glycopeptide_antibiotic	9	660	660	1.0	
barcode06_DS_4.7GB	contig_43	3481	5401	tet(O)_tetracycline_antibiotic	39	1920	1920	1.0	Unknown taxonomy (chromosome or plasmid)
barcode06_DS_4.7GB	contig_4375	1272	2373	vanG_glycopeptide_antibiotic	9	1101	1101	1.0	Faecalibacterium prausnitzii (chromosome)
barcode06_DS_4.7GB	contig_438	19049	19475	nimF_nitroimidazole_antibiotic	3	426	426	1.0	
barcode06_DS_4.7GB	contig_444	22967	23768	OXA-10_cephalosporin;_penam	7	801	801	1.0	Unknown taxonomy (chromosome or plasmid)
barcode06_DS_4.7GB	contig_4529	4791	5370	vanW gene in vanI cluster_glycopeptide_antibiotic	5	579	579	1.0	
barcode06_DS_4.7GB	contig_4611	35648	36758	vanT gene in vanG cluster_glycopeptide_antibiotic	6	1110	1110	1.0	
barcode06_DS_4.7GB	contig_4698	3976	4756	aadA_aminoglycoside_antibiotic	33	780	780	1.0	Unknown taxonomy (chromosome or plasmid)
barcode06_DS_4.7GB	contig_4731	423021	423516	lnuC_lincosamide_antibiotic	49	495	495	1.0	Unknown taxonomy (chromosome or plasmid)
barcode06_DS_4.7GB	contig_4783	23255	24419	vanT gene in vanG cluster_glycopeptide_antibiotic	7	1164	1164	1.0	
barcode06_DS_4.7GB	contig_4790	20597	21755	mdtE_macrolide_antibiotic;_fluoroquinolone_antibiotic;_penam	4	1158	1158	1.0	Escherichia coli (chromosome)
barcode06_DS_4.7GB	contig_494	1427	3527	adeF_fluoroquinolone_antibiotic;_tetracycline_antibiotic	70	2100	2100	1.0	
barcode06_DS_4.7GB	contig_5018	2865	3645	vanT gene in vanG cluster_glycopeptide_antibiotic	11	780	780	1.0	
barcode06_DS_4.7GB	contig_503	95935	96739	APH(3'')-Ib_aminoglycoside_antibiotic	52	804	804	1.0	Unknown taxonomy (chromosome or plasmid)
barcode06_DS_4.7GB	contig_503	96738	97575	APH(6)-Id_aminoglycoside_antibiotic	55	837	837	1.0	Unknown taxonomy (chromosome or plasmid)
barcode06_DS_4.7GB	contig_504	6728	8204	msrE_macrolide_antibiotic;_streptogramin_antibiotic	79	1476	1476	1.0	Unknown taxonomy (chromosome or plasmid)
barcode06_DS_4.7GB	contig_504	8259	9144	mphE_macrolide_antibiotic	106	885	885	1.0	Unknown taxonomy (chromosome or plasmid)
barcode06_DS_4.7GB	contig_5047	13297	13552	rsmA_fluoroquinolone_antibiotic;_diaminopyrimidine_antibiotic;_phenicol_antibiotic	13	255	255	1.0	
barcode06_DS_4.7GB	contig_5134	2109	2592	nimG_nitroimidazole_antibiotic	5	483	483	1.0	
barcode06_DS_4.7GB	contig_5145	12862	16423	Bifidobacterium adolescentis rpoB mutants conferring resistance to rifampicin_rifamycin_antibiotic	29	3561	3561	1.0	Unknown taxonomy (chromosome)
barcode06_DS_4.7GB	contig_52	227168	228293	vanT gene in vanG cluster_glycopeptide_antibiotic	4	1125	1125	1.0	
barcode06_DS_4.7GB	contig_5271	3434	6545	mdtB_aminocoumarin_antibiotic	3	3111	3111	1.0	Escherichia coli (chromosome or plasmid)
barcode06_DS_4.7GB	contig_5271	6544	7912	mdtA_aminocoumarin_antibiotic	3	1368	1368	1.0	Unknown taxonomy (chromosome or plasmid)
barcode06_DS_4.7GB	contig_5299	32086	33082	vanH gene in vanB cluster_glycopeptide_antibiotic	8	996	996	1.0	
barcode06_DS_4.7GB	contig_5363	3818	4682	aadS_aminoglycoside_antibiotic	24	864	864	1.0	Unknown taxonomy (chromosome or plasmid)
barcode06_DS_4.7GB	contig_5363	5924	6725	ErmF_macrolide_antibiotic;_lincosamide_antibiotic;_streptogramin_antibiotic;_streptogramin_A_antibiotic;_streptogramin_B_antibiotic	24	801	801	1.0	Unknown taxonomy (chromosome or plasmid)
barcode06_DS_4.7GB	contig_544	3713	4598	mphE_macrolide_antibiotic	106	885	885	1.0	Unknown taxonomy (chromosome or plasmid)
barcode06_DS_4.7GB	contig_544	4653	6129	msrE_macrolide_antibiotic;_streptogramin_antibiotic	77	1476	1476	1.0	Unknown taxonomy (chromosome or plasmid)
barcode06_DS_4.7GB	contig_5466	7240	7681	FosA8_phosphonic_acid_antibiotic	8	441	441	1.0	
barcode06_DS_4.7GB	contig_554	4759	5539	APH(3')-VIa_aminoglycoside_antibiotic	38	780	780	1.0	Unknown taxonomy (chromosome or plasmid)
barcode06_DS_4.7GB	contig_557	4344	5544	tet(A)_tetracycline_antibiotic	9	1200	1200	1.0	Unknown taxonomy (chromosome or plasmid)
barcode06_DS_4.7GB	contig_560	2724	3609	mphE_macrolide_antibiotic	72	885	885	1.0	Unknown taxonomy (chromosome or plasmid)
barcode06_DS_4.7GB	contig_560	3664	5140	msrE_macrolide_antibiotic;_streptogramin_antibiotic	72	1476	1476	1.0	Unknown taxonomy (chromosome or plasmid)
barcode06_DS_4.7GB	contig_561	2164	3049	mphE_macrolide_antibiotic	98	885	885	1.0	Unknown taxonomy (chromosome or plasmid)
barcode06_DS_4.7GB	contig_561	3104	4580	msrE_macrolide_antibiotic;_streptogramin_antibiotic	71	1476	1476	1.0	Unknown taxonomy (chromosome or plasmid)
barcode06_DS_4.7GB	contig_561	11287	12502	floR_phenicol_antibiotic	21	1215	1215	1.0	Unknown taxonomy (chromosome or plasmid)
barcode06_DS_4.7GB	contig_5668	11937	13164	mdtG_phosphonic_acid_antibiotic	7	1227	1227	1.0	Unknown taxonomy (chromosome or plasmid)
barcode06_DS_4.7GB	contig_5769	218682	219669	vanH gene in vanD cluster_glycopeptide_antibiotic	6	987	987	1.0	
barcode06_DS_4.7GB	contig_5949	15999	17202	vanT gene in vanG cluster_glycopeptide_antibiotic	16	1203	1203	1.0	Faecalibacterium prausnitzii (chromosome)
barcode06_DS_4.7GB	contig_6120	5519	6641	vanW gene in vanI cluster_glycopeptide_antibiotic	2	1122	1122	1.0	
barcode06_DS_4.7GB	contig_6339	2528	3026	lnuC_lincosamide_antibiotic	43	498	498	1.0	Unknown taxonomy (chromosome or plasmid)
barcode06_DS_4.7GB	contig_6343	56520	59673	adeF_fluoroquinolone_antibiotic;_tetracycline_antibiotic	16	3153	3153	1.0	
barcode06_DS_4.7GB	contig_64	5006	6926	tet(O)_tetracycline_antibiotic	72	1920	1920	1.0	Unknown taxonomy (chromosome or plasmid)
barcode06_DS_4.7GB	contig_6439	11247	12069	vanW gene in vanB cluster_glycopeptide_antibiotic	12	822	822	1.0	
barcode06_DS_4.7GB	contig_6499	15226	16294	vanG_glycopeptide_antibiotic	5	1068	1068	1.0	
barcode06_DS_4.7GB	contig_65	826	1336	tet(O)_tetracycline_antibiotic	58	510	510	1.0	Unknown taxonomy (chromosome or plasmid)
barcode06_DS_4.7GB	contig_65	1340	1961	tet(O)_tetracycline_antibiotic	57	621	621	1.0	Enterococcus hirae (chromosome or plasmid)
barcode06_DS_4.7GB	contig_65	1978	2749	tet(O)_tetracycline_antibiotic	52	771	771	1.0	Unknown taxonomy (chromosome or plasmid)
barcode06_DS_4.7GB	contig_6516	24846	26586	vanW gene in vanI cluster_glycopeptide_antibiotic	3	1740	1740	1.0	
barcode06_DS_4.7GB	contig_6557	16460	17450	vanH gene in vanF cluster_glycopeptide_antibiotic	4	990	990	1.0	
barcode06_DS_4.7GB	contig_657	245333	246569	vanW gene in vanI cluster_glycopeptide_antibiotic	103	1236	1236	1.0	
barcode06_DS_4.7GB	contig_657	946998	947505	nimK_nitroimidazole_antibiotic	121	507	507	1.0	
barcode06_DS_4.7GB	contig_657	1445048	1446158	vanT gene in vanG cluster_glycopeptide_antibiotic	146	1110	1110	1.0	
barcode06_DS_4.7GB	contig_658	16961	18803	vanW gene in vanI cluster_glycopeptide_antibiotic	6	1842	1842	1.0	
barcode06_DS_4.7GB	contig_658	102154	103750	vanW gene in vanI cluster_glycopeptide_antibiotic	7	1596	1596	1.0	
barcode06_DS_4.7GB	contig_6614	1	658	vanH gene in vanO cluster_glycopeptide_antibiotic	2	657	657	1.0	Faecalibacterium prausnitzii (no genomic info)
barcode06_DS_4.7GB	contig_6627	52997	53492	nimK_nitroimidazole_antibiotic	4	495	495	1.0	
barcode06_DS_4.7GB	contig_6641	8265	9006	mdeA_fluoroquinolone_antibiotic;_aminoglycoside_antibiotic;_penam;_tetracycline_antibiotic;_disinfecting_agents_and_antiseptics	3	741	741	1.0	
barcode06_DS_4.7GB	contig_67	4806	5916	tet(O)_tetracycline_antibiotic	21	1110	1110	1.0	Unknown taxonomy (chromosome or plasmid)
barcode06_DS_4.7GB	contig_6734	1020	1449	vanW gene in vanI cluster_glycopeptide_antibiotic	4	429	429	1.0	
barcode06_DS_4.7GB	contig_674	4207	5134	PER-2_monobactam;_carbapenem;_cephalosporin;_penam;_penem	6	927	927	1.0	Unknown taxonomy (plasmid)
barcode06_DS_4.7GB	contig_6770	10180	11017	APH(6)-Id_aminoglycoside_antibiotic	32	837	837	1.0	Unknown taxonomy (chromosome or plasmid)
barcode06_DS_4.7GB	contig_6770	11016	11820	APH(3'')-Ib_aminoglycoside_antibiotic	21	804	804	1.0	Unknown taxonomy (chromosome or plasmid)
barcode06_DS_4.7GB	contig_6770	11880	12696	sul2_sulfonamide_antibiotic	27	816	816	1.0	Unknown taxonomy (chromosome or plasmid)
barcode06_DS_4.7GB	contig_6770	14198	15059	TEM-1_monobactam;_cephalosporin;_penam;_penem	10	861	861	1.0	Unknown taxonomy (chromosome or plasmid)
barcode06_DS_4.7GB	contig_6775	9103	9415	vanY gene in vanM cluster_glycopeptide_antibiotic	6	312	312	1.0	
barcode06_DS_4.7GB	contig_68	20596	21619	tet(O)_tetracycline_antibiotic	46	1023	1023	1.0	Unknown taxonomy (chromosome or plasmid)
barcode06_DS_4.7GB	contig_68	21690	22524	tet(O)_tetracycline_antibiotic	33	834	834	1.0	Unknown taxonomy (chromosome or plasmid)
barcode06_DS_4.7GB	contig_68	22579	23800	tet(40)_tetracycline_antibiotic	31	1221	1221	1.0	Unknown taxonomy (chromosome)
barcode06_DS_4.7GB	contig_68	31788	33708	tet(O)_tetracycline_antibiotic	61	1920	1920	1.0	Unknown taxonomy (chromosome or plasmid)
barcode06_DS_4.7GB	contig_6829	4297	4762	FosI_phosphonic_acid_antibiotic	8	465	465	1.0	
barcode06_DS_4.7GB	contig_69	19565	21485	tet(M)_tetracycline_antibiotic	8	1920	1920	1.0	Unknown taxonomy (chromosome or plasmid)
barcode06_DS_4.7GB	contig_69	21665	22595	Erm(52)_macrolide_antibiotic;_lincosamide_antibiotic;_streptogramin_antibiotic	10	930	930	1.0	
barcode06_DS_4.7GB	contig_69	31828	33748	tet(O)_tetracycline_antibiotic	26	1920	1920	1.0	Unknown taxonomy (chromosome or plasmid)
barcode06_DS_4.7GB	contig_6921	72969	74091	vanT gene in vanG cluster_glycopeptide_antibiotic	14	1122	1122	1.0	
barcode06_DS_4.7GB	contig_6927	13842	14859	vanW gene in vanI cluster_glycopeptide_antibiotic	9	1017	1017	1.0	
barcode06_DS_4.7GB	contig_7006	16355	18329	tet(Q)_tetracycline_antibiotic	13	1974	1974	1.0	Unknown taxonomy (chromosome)
barcode06_DS_4.7GB	contig_7082	4220	4565	qacG_disinfecting_agents_and_antiseptics	25	345	345	1.0	Unknown taxonomy (chromosome or plasmid)
barcode06_DS_4.7GB	contig_7082	5600	6428	OXA-72_carbapenem;_penam	12	828	828	1.0	Unknown taxonomy (chromosome or plasmid)
barcode06_DS_4.7GB	contig_7113	5291	6119	tet(O)_tetracycline_antibiotic	14	828	828	1.0	Unknown taxonomy (chromosome or plasmid)
barcode06_DS_4.7GB	contig_7138	1348	2449	vanT gene in vanG cluster_glycopeptide_antibiotic	7	1101	1101	1.0	
barcode06_DS_4.7GB	contig_7158	18496	19486	vanH gene in vanB cluster_glycopeptide_antibiotic	14	990	990	1.0	
barcode06_DS_4.7GB	contig_7195	6825	7923	vanH gene in vanO cluster_glycopeptide_antibiotic	5	1098	1098	1.0	Faecalibacterium prausnitzii (chromosome)
barcode06_DS_4.7GB	contig_7312	123	1740	vanW gene in vanI cluster_glycopeptide_antibiotic	3	1617	1617	1.0	
barcode06_DS_4.7GB	contig_7323	2239	3478	Mycobacterium tuberculosis intrinsic murA conferring resistance to fosfomycin_phosphonic_acid_antibiotic	7	1239	1239	1.0	
barcode06_DS_4.7GB	contig_7400	4012	4801	aadA5_aminoglycoside_antibiotic	36	789	789	1.0	Unknown taxonomy (chromosome or plasmid)
barcode06_DS_4.7GB	contig_75	11031	12951	tet(O)_tetracycline_antibiotic	29	1920	1920	1.0	Unknown taxonomy (chromosome or plasmid)
barcode06_DS_4.7GB	contig_7736	7906	9673	Haemophilus influenzae PBP3 conferring resistance to beta-lactam antibiotics_cephalosporin;_cephamycin;_penam	8	1767	1767	1.0	Escherichia coli (chromosome or plasmid)
barcode06_DS_4.7GB	contig_7736	15777	16722	leuO_nucleoside_antibiotic;_disinfecting_agents_and_antiseptics	7	945	945	1.0	Unknown taxonomy (chromosome or plasmid)
barcode06_DS_4.7GB	contig_7739	11182	11515	qacL_disinfecting_agents_and_antiseptics	22	333	333	1.0	Unknown taxonomy (chromosome or plasmid)
barcode06_DS_4.7GB	contig_7879	21341	22451	vanG_glycopeptide_antibiotic	7	1110	1110	1.0	
barcode06_DS_4.7GB	contig_7950	18588	19092	nimJ_nitroimidazole_antibiotic	4	504	504	1.0	
barcode06_DS_4.7GB	contig_7950	133965	134460	lnuC_lincosamide_antibiotic	64	495	495	1.0	Unknown taxonomy (chromosome or plasmid)
barcode06_DS_4.7GB	contig_7986	4182	5010	OXA-253_carbapenem;_penam	42	828	828	1.0	Acinetobacter baumannii (chromosome)
barcode06_DS_4.7GB	contig_8081	7804	9724	tet(M)_tetracycline_antibiotic	5	1920	1920	1.0	Unknown taxonomy (chromosome or plasmid)
barcode06_DS_4.7GB	contig_8081	10826	11564	ErmB_macrolide_antibiotic;_lincosamide_antibiotic;_streptogramin_antibiotic;_streptogramin_A_antibiotic;_streptogramin_B_antibiotic	31	738	738	1.0	Unknown taxonomy (chromosome or plasmid)
barcode06_DS_4.7GB	contig_8162	12488	13349	AAC(3)-IIe_aminoglycoside_antibiotic	16	861	861	1.0	Unknown taxonomy (chromosome or plasmid)
barcode06_DS_4.7GB	contig_8162	13490	14351	TEM-1_monobactam;_cephalosporin;_penam;_penem	19	861	861	1.0	Unknown taxonomy (chromosome or plasmid)
barcode06_DS_4.7GB	contig_8285	49229	50390	vanT gene in vanG cluster_glycopeptide_antibiotic	10	1161	1161	1.0	
barcode06_DS_4.7GB	contig_851	26912	30104	adeF_fluoroquinolone_antibiotic;_tetracycline_antibiotic	6	3192	3192	1.0	
barcode06_DS_4.7GB	contig_8517	74763	75873	vanT gene in vanG cluster_glycopeptide_antibiotic	8	1110	1110	1.0	
barcode06_DS_4.7GB	contig_8572	2868	3189	qacG_disinfecting_agents_and_antiseptics	4	321	321	1.0	
barcode06_DS_4.7GB	contig_8706	13661	14006	qacJ_disinfecting_agents_and_antiseptics	10	345	345	1.0	
barcode06_DS_4.7GB	contig_872	251869	255061	adeF_fluoroquinolone_antibiotic;_tetracycline_antibiotic	89	3192	3192	1.0	
barcode06_DS_4.7GB	contig_8727	10771	12031	vanW gene in vanI cluster_glycopeptide_antibiotic	6	1260	1260	1.0	
barcode06_DS_4.7GB	contig_8748	20171	21713	vanW gene in vanI cluster_glycopeptide_antibiotic	2	1542	1542	1.0	
barcode06_DS_4.7GB	contig_8766	2726	3827	vanT gene in vanG cluster_glycopeptide_antibiotic	7	1101	1101	1.0	
barcode06_DS_4.7GB	contig_886	66213	67035	vanY gene in vanB cluster_glycopeptide_antibiotic	9	822	822	1.0	Faecalibacterium prausnitzii (chromosome)
barcode06_DS_4.7GB	contig_8863	11428	12247	vanY gene in vanB cluster_glycopeptide_antibiotic	29	819	819	1.0	Faecalibacterium prausnitzii (chromosome)
barcode06_DS_4.7GB	contig_887	17306	18128	vanY gene in vanB cluster_glycopeptide_antibiotic	8	822	822	1.0	Faecalibacterium prausnitzii (chromosome)
barcode06_DS_4.7GB	contig_892	12091	13201	vanT gene in vanG cluster_glycopeptide_antibiotic	100	1110	1110	1.0	
barcode06_DS_4.7GB	contig_8968	11278	11641	vanW gene in vanI cluster_glycopeptide_antibiotic	12	363	363	1.0	
barcode06_DS_4.7GB	contig_8983	5338	6514	vanT gene in vanG cluster_glycopeptide_antibiotic	3	1176	1176	1.0	
barcode06_DS_4.7GB	contig_9068	11910	12345	vanY gene in vanM cluster_glycopeptide_antibiotic	2	435	435	1.0	
barcode06_DS_4.7GB	contig_910	774812	776306	vanW gene in vanI cluster_glycopeptide_antibiotic	15	1494	1494	1.0	
barcode06_DS_4.7GB	contig_910	845612	846815	vanT gene in vanG cluster_glycopeptide_antibiotic	12	1203	1203	1.0	
barcode06_DS_4.7GB	contig_922	4937	5663	vanY gene in vanB cluster_glycopeptide_antibiotic	16	726	726	1.0	Roseburia hominis (no genomic info)
barcode06_DS_4.7GB	contig_9299	3616	4036	vanW gene in vanG cluster_glycopeptide_antibiotic	1	420	420	1.0	
barcode06_DS_4.7GB	contig_9301	7028	10169	adeF_fluoroquinolone_antibiotic;_tetracycline_antibiotic	6	3141	3141	1.0	
barcode06_DS_4.7GB	contig_9328	35173	35806	vanX gene in vanO cluster_glycopeptide_antibiotic	10	633	633	1.0	
barcode06_DS_4.7GB	contig_9328	35802	36849	vanO_glycopeptide_antibiotic	10	1047	1047	1.0	
barcode06_DS_4.7GB	contig_9328	36845	37793	vanH gene in vanO cluster_glycopeptide_antibiotic	7	948	948	1.0	
barcode06_DS_4.7GB	contig_9518	2076	2523	FosXCC_phosphonic_acid_antibiotic	10	447	447	1.0	
barcode06_DS_4.7GB	contig_9518	7101	7602	nimJ_nitroimidazole_antibiotic	9	501	501	1.0	
barcode06_DS_4.7GB	contig_9519	165	576	FosXCC_phosphonic_acid_antibiotic	4	411	411	1.0	
barcode06_DS_4.7GB	contig_955	133303	135007	vanW gene in vanI cluster_glycopeptide_antibiotic	18	1704	1704	1.0	
barcode06_DS_4.7GB	contig_966	69321	69654	qacL_disinfecting_agents_and_antiseptics	47	333	333	1.0	Unknown taxonomy (chromosome or plasmid)
barcode06_DS_4.7GB	contig_966	70423	70756	qacL_disinfecting_agents_and_antiseptics	43	333	333	1.0	Unknown taxonomy (chromosome or plasmid)
barcode06_DS_4.7GB	contig_966	70829	71363	ANT(2'')-Ia_aminoglycoside_antibiotic	30	534	534	1.0	Unknown taxonomy (chromosome or plasmid)
barcode06_DS_4.7GB	contig_967	9336	9669	qacL_disinfecting_agents_and_antiseptics	16	333	333	1.0	Unknown taxonomy (chromosome or plasmid)
barcode06_DS_4.7GB	contig_9972	9829	10564	ErmG_macrolide_antibiotic;_lincosamide_antibiotic;_streptogramin_antibiotic;_streptogramin_A_antibiotic;_streptogramin_B_antibiotic	9	735	735	1.0	Unknown taxonomy (chromosome)
barcode07_DS_4.7GB	contig_10008	4199	5558	Escherichia coli GlpT with mutation conferring resistance to fosfomycin_phosphonic_acid_antibiotic	6	1359	1359	1.0	Unknown taxonomy (chromosome or plasmid)
barcode07_DS_4.7GB	contig_1007	261085	264238	adeF_fluoroquinolone_antibiotic;_tetracycline_antibiotic	16	3153	3153	1.0	
barcode07_DS_4.7GB	contig_1007	476834	478268	vanW gene in vanI cluster_glycopeptide_antibiotic	23	1434	1434	1.0	
barcode07_DS_4.7GB	contig_1007	846079	849205	adeF_fluoroquinolone_antibiotic;_tetracycline_antibiotic	17	3126	3126	1.0	
barcode07_DS_4.7GB	contig_1007	1619408	1620554	vanT gene in vanG cluster_glycopeptide_antibiotic	23	1146	1146	1.0	
barcode07_DS_4.7GB	contig_1008	5500	6703	vanT gene in vanG cluster_glycopeptide_antibiotic	8	1203	1203	1.0	Faecalibacterium prausnitzii (chromosome)
barcode07_DS_4.7GB	contig_10181	492	1299	vanY gene in vanB cluster_glycopeptide_antibiotic	4	807	807	1.0	Faecalibacterium prausnitzii (chromosome)
barcode07_DS_4.7GB	contig_1028	133293	134418	vanT gene in vanG cluster_glycopeptide_antibiotic	13	1125	1125	1.0	
barcode07_DS_4.7GB	contig_10305	2032	2959	PER-1_monobactam;_carbapenem;_cephalosporin;_penam;_penem	4	927	927	1.0	Unknown taxonomy (chromosome or plasmid)
barcode07_DS_4.7GB	contig_1039	940	2095	tet(W)_tetracycline_antibiotic	58	1155	1155	1.0	Unknown taxonomy (chromosome or plasmid)
barcode07_DS_4.7GB	contig_1039	2042	2861	tet(W)_tetracycline_antibiotic	53	819	819	1.0	Unknown taxonomy (chromosome)
barcode07_DS_4.7GB	contig_1041	660	2580	tet(W)_tetracycline_antibiotic	71	1920	1920	1.0	Unknown taxonomy (chromosome or plasmid)
barcode07_DS_4.7GB	contig_1045	9269	11189	tet(W)_tetracycline_antibiotic	30	1920	1920	1.0	Unknown taxonomy (chromosome or plasmid)
barcode07_DS_4.7GB	contig_10502	20991	21696	vanH gene in vanO cluster_glycopeptide_antibiotic	5	705	705	1.0	
barcode07_DS_4.7GB	contig_10502	21692	22733	vanO_glycopeptide_antibiotic	5	1041	1041	1.0	
barcode07_DS_4.7GB	contig_10502	22729	23362	vanX gene in vanO cluster_glycopeptide_antibiotic	5	633	633	1.0	
barcode07_DS_4.7GB	contig_1055	1329	2550	tet(40)_tetracycline_antibiotic	12	1221	1221	1.0	Unknown taxonomy (chromosome)
barcode07_DS_4.7GB	contig_1055	4280	5360	tet(W)_tetracycline_antibiotic	56	1080	1080	1.0	Unknown taxonomy (chromosome or plasmid)
barcode07_DS_4.7GB	contig_1055	5332	6199	tet(W)_tetracycline_antibiotic	73	867	867	1.0	Trueperella pyogenes (chromosome or plasmid)
barcode07_DS_4.7GB	contig_10587	31241	31574	qacJ_disinfecting_agents_and_antiseptics	4	333	333	1.0	
barcode07_DS_4.7GB	contig_1061	5130	7050	tet(W)_tetracycline_antibiotic	48	1920	1920	1.0	Unknown taxonomy (chromosome or plasmid)
barcode07_DS_4.7GB	contig_10751	26041	27136	vanG_glycopeptide_antibiotic	8	1095	1095	1.0	Unknown taxonomy (chromosome or plasmid)
barcode07_DS_4.7GB	contig_10855	3757	4993	vanW gene in vanI cluster_glycopeptide_antibiotic	3	1236	1236	1.0	
barcode07_DS_4.7GB	contig_10896	5284	5947	AcrS_fluoroquinolone_antibiotic;_cephalosporin;_glycylcycline;_cephamycin;_penam;_tetracycline_antibiotic;_rifamycin_antibiotic;_phenicol_antibiotic;_disinfecting_agents_and_antiseptics	5	663	663	1.0	Unknown taxonomy (chromosome or plasmid)
barcode07_DS_4.7GB	contig_1100	59636	60746	vanT gene in vanG cluster_glycopeptide_antibiotic	161	1110	1110	1.0	
barcode07_DS_4.7GB	contig_1100	558369	558876	nimK_nitroimidazole_antibiotic	139	507	507	1.0	
barcode07_DS_4.7GB	contig_1100	1259319	1260555	vanW gene in vanI cluster_glycopeptide_antibiotic	131	1236	1236	1.0	
barcode07_DS_4.7GB	contig_11147	9297	10089	aadA_aminoglycoside_antibiotic	30	792	792	1.0	Unknown taxonomy (chromosome or plasmid)
barcode07_DS_4.7GB	contig_11198	21542	22037	nimK_nitroimidazole_antibiotic	10	495	495	1.0	
barcode07_DS_4.7GB	contig_1121	199253	199592	qacG_disinfecting_agents_and_antiseptics	11	339	339	1.0	
barcode07_DS_4.7GB	contig_1141	4681	6601	tet(W)_tetracycline_antibiotic	79	1920	1920	1.0	Unknown taxonomy (chromosome or plasmid)
barcode07_DS_4.7GB	contig_1158	13179	13803	catS_phenicol_antibiotic	17	624	624	1.0	Parvimonas micra (chromosome)
barcode07_DS_4.7GB	contig_11612	7741	8806	vanW gene in vanG cluster_glycopeptide_antibiotic	4	1065	1065	1.0	
barcode07_DS_4.7GB	contig_1167	87507	88503	vanH gene in vanB cluster_glycopeptide_antibiotic	10	996	996	1.0	
barcode07_DS_4.7GB	contig_11744	638	1502	aadS_aminoglycoside_antibiotic	26	864	864	1.0	Unknown taxonomy (chromosome or plasmid)
barcode07_DS_4.7GB	contig_11752	1038	1563	vanY gene in vanM cluster_glycopeptide_antibiotic	12	525	525	1.0	Faecalibacterium prausnitzii (chromosome)
barcode07_DS_4.7GB	contig_1177	36482	36818	qacG_disinfecting_agents_and_antiseptics	104	336	336	1.0	
barcode07_DS_4.7GB	contig_11790	11719	12760	tet(W/N/W)_tetracycline_antibiotic	1	1041	1041	1.0	Streptococcus suis (chromosome)
barcode07_DS_4.7GB	contig_11828	112785	113109	qacG_disinfecting_agents_and_antiseptics	13	324	324	1.0	
barcode07_DS_4.7GB	contig_11848	13250	14072	vanW gene in vanB cluster_glycopeptide_antibiotic	10	822	822	1.0	
barcode07_DS_4.7GB	contig_11900	3811	4981	vanTr gene in vanL cluster_glycopeptide_antibiotic	8	1170	1170	1.0	
barcode07_DS_4.7GB	contig_11979	22551	23808	vanW gene in vanI cluster_glycopeptide_antibiotic	5	1257	1257	1.0	
barcode07_DS_4.7GB	contig_12065	45009	46269	vanW gene in vanI cluster_glycopeptide_antibiotic	6	1260	1260	1.0	
barcode07_DS_4.7GB	contig_1231	1613	1967	FosH_phosphonic_acid_antibiotic	16	354	354	1.0	
barcode07_DS_4.7GB	contig_12368	21508	21973	Escherichia coli soxR with mutation conferring antibiotic resistance_fluoroquinolone_antibiotic;_cephalosporin;_glycylcycline;_penam;_tetracycline_antibiotic;_rifamycin_antibiotic;_phenicol_antibiotic;_disinfecting_agents_and_antiseptics	12	465	465	1.0	Unknown taxonomy (chromosome or plasmid)
barcode07_DS_4.7GB	contig_12368	22058	22382	Escherichia coli soxS with mutation conferring antibiotic resistance_fluoroquinolone_antibiotic;_monobactam;_carbapenem;_cephalosporin;_glycylcycline;_cephamycin;_penam;_tetracycline_antibiotic;_rifamycin_antibiotic;_phenicol_antibiotic;_penem;_disinfecting_agents_and_antiseptics	13	324	324	1.0	Unknown taxonomy (chromosome or plasmid)
barcode07_DS_4.7GB	contig_12400	4926	5457	emrR_fluoroquinolone_antibiotic	9	531	531	1.0	Unknown taxonomy (chromosome or plasmid)
barcode07_DS_4.7GB	contig_12400	6775	8143	Klebsiella pneumoniae KpnH_macrolide_antibiotic;_fluoroquinolone_antibiotic;_aminoglycoside_antibiotic;_carbapenem;_cephalosporin;_penam;_peptide_antibiotic;_penem	10	1368	1368	1.0	Escherichia coli (chromosome or plasmid)
barcode07_DS_4.7GB	contig_12417	2342	5669	Bifidobacterium bifidum ileS conferring resistance to mupirocin_mupirocin-like_antibiotic	7	3327	3327	1.0	Bifidobacterium bifidum (chromosome)
barcode07_DS_4.7GB	contig_1246	83061	84183	vanT gene in vanG cluster_glycopeptide_antibiotic	14	1122	1122	1.0	
barcode07_DS_4.7GB	contig_1246	372704	373961	vanW gene in vanI cluster_glycopeptide_antibiotic	16	1257	1257	1.0	
barcode07_DS_4.7GB	contig_12658	2309	2654	qacJ_disinfecting_agents_and_antiseptics	4	345	345	1.0	
barcode07_DS_4.7GB	contig_12845	52701	53451	vanY gene in vanB cluster_glycopeptide_antibiotic	2	750	750	1.0	Bifidobacterium bifidum (chromosome)
barcode07_DS_4.7GB	contig_12912	3649	4135	nimA_nitroimidazole_antibiotic	5	486	486	1.0	
barcode07_DS_4.7GB	contig_12918	2359	3883	vanW gene in vanI cluster_glycopeptide_antibiotic	6	1524	1524	1.0	
barcode07_DS_4.7GB	contig_1305	13339	14452	vanT gene in vanG cluster_glycopeptide_antibiotic	9	1113	1113	1.0	
barcode07_DS_4.7GB	contig_13119	5982	7080	vanG_glycopeptide_antibiotic	8	1098	1098	1.0	Faecalibacterium prausnitzii (chromosome)
barcode07_DS_4.7GB	contig_13142	2118	2610	lnuC_lincosamide_antibiotic	41	492	492	1.0	Unknown taxonomy (chromosome or plasmid)
barcode07_DS_4.7GB	contig_13203	39287	40841	vanW gene in vanI cluster_glycopeptide_antibiotic	3	1554	1554	1.0	
barcode07_DS_4.7GB	contig_13264	3667	4813	vanY gene in vanG cluster_glycopeptide_antibiotic	2	1146	1146	1.0	
barcode07_DS_4.7GB	contig_13353	7112	8630	vanW gene in vanI cluster_glycopeptide_antibiotic	8	1518	1518	1.0	
barcode07_DS_4.7GB	contig_13382	29824	30997	vanW gene in vanI cluster_glycopeptide_antibiotic	8	1173	1173	1.0	
barcode07_DS_4.7GB	contig_13528	5637	6798	vanT gene in vanG cluster_glycopeptide_antibiotic	9	1161	1161	1.0	
barcode07_DS_4.7GB	contig_13557	9489	10665	oqxA_fluoroquinolone_antibiotic;_glycylcycline;_tetracycline_antibiotic;_diaminopyrimidine_antibiotic;_nitrofuran_antibiotic	13	1176	1176	1.0	Klebsiella pneumoniae (chromosome or plasmid)
barcode07_DS_4.7GB	contig_13675	2141	2774	CRP_macrolide_antibiotic;_fluoroquinolone_antibiotic;_penam	11	633	633	1.0	Unknown taxonomy (chromosome or plasmid)
barcode07_DS_4.7GB	contig_14018	14962	17437	vanT gene in vanG cluster_glycopeptide_antibiotic	10	2475	2475	1.0	
barcode07_DS_4.7GB	contig_14201	444	1920	msrE_macrolide_antibiotic;_streptogramin_antibiotic	93	1476	1476	1.0	Unknown taxonomy (chromosome or plasmid)
barcode07_DS_4.7GB	contig_14201	1975	2860	mphE_macrolide_antibiotic	94	885	885	1.0	Unknown taxonomy (chromosome or plasmid)
barcode07_DS_4.7GB	contig_14212	146	974	OXA-72_carbapenem;_penam	17	828	828	1.0	Unknown taxonomy (chromosome or plasmid)
barcode07_DS_4.7GB	contig_14212	2009	2354	qacG_disinfecting_agents_and_antiseptics	38	345	345	1.0	Unknown taxonomy (chromosome or plasmid)
barcode07_DS_4.7GB	contig_14219	15977	16481	nimJ_nitroimidazole_antibiotic	11	504	504	1.0	
barcode07_DS_4.7GB	contig_14292	1586	2003	FosI_phosphonic_acid_antibiotic	24	417	417	1.0	
barcode07_DS_4.7GB	contig_14367	6616	7795	vanT gene in vanG cluster_glycopeptide_antibiotic	6	1179	1179	1.0	
barcode07_DS_4.7GB	contig_14427	176	1313	tet(X)_glycylcycline;_tetracycline_antibiotic	12	1137	1137	1.0	Unknown taxonomy (chromosome or plasmid)
barcode07_DS_4.7GB	contig_14427	2051	3842	tet(Q)_tetracycline_antibiotic	5	1791	1791	1.0	Unknown taxonomy (chromosome)
barcode07_DS_4.7GB	contig_14499	46418	47907	TolC_macrolide_antibiotic;_fluoroquinolone_antibiotic;_aminoglycoside_antibiotic;_carbapenem;_cephalosporin;_glycylcycline;_cephamycin;_penam;_tetracycline_antibiotic;_peptide_antibiotic;_aminocoumarin_antibiotic;_rifamycin_antibiotic;_phenicol_antibiotic;_penem;_disinfecting_agents_and_antiseptics	9	1489	1489	1.0	Unknown taxonomy (chromosome or plasmid)
barcode07_DS_4.7GB	contig_14553	71169	72555	vanW gene in vanI cluster_glycopeptide_antibiotic	13	1386	1386	1.0	
barcode07_DS_4.7GB	contig_14612	2081	4871	adeF_fluoroquinolone_antibiotic;_tetracycline_antibiotic	55	2790	2790	1.0	
barcode07_DS_4.7GB	contig_14627	1833	2832	vanH gene in vanB cluster_glycopeptide_antibiotic	8	999	999	1.0	
barcode07_DS_4.7GB	contig_14690	1730	2285	AAC(6')-IIa_aminoglycoside_antibiotic	16	555	555	1.0	Unknown taxonomy (chromosome or plasmid)
barcode07_DS_4.7GB	contig_14690	2434	2893	AAC(6')-Il_aminoglycoside_antibiotic	15	459	459	1.0	Unknown taxonomy (chromosome or plasmid)
barcode07_DS_4.7GB	contig_14690	2986	3787	VIM-4_carbapenem;_cephalosporin;_cephamycin;_penam;_penem	13	801	801	1.0	Unknown taxonomy (chromosome or plasmid)
barcode07_DS_4.7GB	contig_14690	24349	25198	SCO-1_cephalosporin;_penam;_penem	5	849	849	1.0	Unknown taxonomy (chromosome or plasmid)
barcode07_DS_4.7GB	contig_1478	111107	114671	Bifidobacterium adolescentis rpoB mutants conferring resistance to rifampicin_rifamycin_antibiotic	13	3564	3564	1.0	Bifidobacterium longum (chromosome)
barcode07_DS_4.7GB	contig_14793	2819	3005	rsmA_fluoroquinolone_antibiotic;_diaminopyrimidine_antibiotic;_phenicol_antibiotic	6	186	186	1.0	Unknown taxonomy (chromosome or plasmid)
barcode07_DS_4.7GB	contig_14818	32276	33368	vanG_glycopeptide_antibiotic	9	1092	1092	1.0	Faecalibacterium prausnitzii (chromosome)
barcode07_DS_4.7GB	contig_14879	62835	63630	vanY gene in vanB cluster_glycopeptide_antibiotic	10	795	795	1.0	
barcode07_DS_4.7GB	contig_14947	33051	33498	vanY gene in vanF cluster_glycopeptide_antibiotic	6	447	447	1.0	Faecalibacterium prausnitzii (chromosome)
barcode07_DS_4.7GB	contig_14969	14344	15007	tet(44)_tetracycline_antibiotic	5	663	663	1.0	Unknown taxonomy (chromosome)
barcode07_DS_4.7GB	contig_14969	15529	16267	tet(44)_tetracycline_antibiotic	4	738	738	1.0	Clostridium perfringens (chromosome)
barcode07_DS_4.7GB	contig_14970	26876	27290	H-NS_macrolide_antibiotic;_fluoroquinolone_antibiotic;_cephalosporin;_cephamycin;_penam;_tetracycline_antibiotic	4	414	414	1.0	Unknown taxonomy (chromosome or plasmid)
barcode07_DS_4.7GB	contig_15043	18980	19886	mphA_macrolide_antibiotic	6	906	906	1.0	Unknown taxonomy (chromosome or plasmid)
barcode07_DS_4.7GB	contig_15043	19882	21121	Mrx_macrolide_antibiotic	7	1239	1239	1.0	Unknown taxonomy (chromosome or plasmid)
barcode07_DS_4.7GB	contig_15058	6104	6929	gadX_macrolide_antibiotic;_fluoroquinolone_antibiotic;_penam	6	825	825	1.0	Unknown taxonomy (chromosome)
barcode07_DS_4.7GB	contig_15153	11968	12778	vanW gene in vanG cluster_glycopeptide_antibiotic	13	810	810	1.0	
barcode07_DS_4.7GB	contig_15181	11578	12406	OXA-253_carbapenem;_penam	23	828	828	1.0	Acinetobacter baumannii (chromosome)
barcode07_DS_4.7GB	contig_1519	34564	35722	vanT gene in vanG cluster_glycopeptide_antibiotic	235	1158	1158	1.0	
barcode07_DS_4.7GB	contig_1519	617125	618112	vanH gene in vanO cluster_glycopeptide_antibiotic	207	987	987	1.0	
barcode07_DS_4.7GB	contig_1540	4706	5561	ErmX_macrolide_antibiotic;_lincosamide_antibiotic;_streptogramin_antibiotic;_streptogramin_A_antibiotic;_streptogramin_B_antibiotic	30	855	855	1.0	Unknown taxonomy (chromosome or plasmid)
barcode07_DS_4.7GB	contig_1551	6448	7030	AAC(6')-IIc_aminoglycoside_antibiotic	21	582	582	1.0	Unknown taxonomy (chromosome or plasmid)
barcode07_DS_4.7GB	contig_1552	1573	2362	aadA5_aminoglycoside_antibiotic	26	789	789	1.0	Unknown taxonomy (chromosome or plasmid)
barcode07_DS_4.7GB	contig_1739	58660	60016	vanW gene in vanI cluster_glycopeptide_antibiotic	4	1356	1356	1.0	
barcode07_DS_4.7GB	contig_1740	1	604	vanT gene in vanG cluster_glycopeptide_antibiotic	4	603	603	1.0	Streptococcus (chromosome)
barcode07_DS_4.7GB	contig_1740	596	1361	vanXY gene in vanG cluster_glycopeptide_antibiotic	4	765	765	1.0	Streptococcus agalactiae (chromosome)
barcode07_DS_4.7GB	contig_1740	1357	2359	vanG_glycopeptide_antibiotic	4	1002	1002	1.0	
barcode07_DS_4.7GB	contig_1740	2409	2778	vanW gene in vanG cluster_glycopeptide_antibiotic	4	369	369	1.0	Streptococcus agalactiae (chromosome)
barcode07_DS_4.7GB	contig_1787	6407	8195	tet(32)_tetracycline_antibiotic	6	1788	1788	1.0	Unknown taxonomy (chromosome or plasmid)
barcode07_DS_4.7GB	contig_18	5805	6300	dfrF_diaminopyrimidine_antibiotic	23	495	495	1.0	Unknown taxonomy (chromosome or plasmid)
barcode07_DS_4.7GB	contig_182	380	1160	APH(3')-VIa_aminoglycoside_antibiotic	40	780	780	1.0	Unknown taxonomy (chromosome or plasmid)
barcode07_DS_4.7GB	contig_1827	473906	477467	Bifidobacterium adolescentis rpoB mutants conferring resistance to rifampicin_rifamycin_antibiotic	27	3561	3561	1.0	Unknown taxonomy (chromosome)
barcode07_DS_4.7GB	contig_1888	391	2317	tet(Q)_tetracycline_antibiotic	22	1926	1926	1.0	Unknown taxonomy (chromosome)
barcode07_DS_4.7GB	contig_1945	103838	104171	qacL_disinfecting_agents_and_antiseptics	52	333	333	1.0	Unknown taxonomy (chromosome or plasmid)
barcode07_DS_4.7GB	contig_1945	104941	105274	qacL_disinfecting_agents_and_antiseptics	65	333	333	1.0	Unknown taxonomy (chromosome or plasmid)
barcode07_DS_4.7GB	contig_1945	105347	105881	ANT(2'')-Ia_aminoglycoside_antibiotic	41	534	534	1.0	Unknown taxonomy (chromosome or plasmid)
barcode07_DS_4.7GB	contig_1964	3925	5059	ArnT_peptide_antibiotic	3	1134	1134	1.0	Unknown taxonomy (chromosome or plasmid)
barcode07_DS_4.7GB	contig_1990	4278	5109	vanY gene in vanB cluster_glycopeptide_antibiotic	12	831	831	1.0	Faecalibacterium prausnitzii (chromosome)
barcode07_DS_4.7GB	contig_2033	28030	28975	leuO_nucleoside_antibiotic;_disinfecting_agents_and_antiseptics	6	945	945	1.0	Unknown taxonomy (chromosome or plasmid)
barcode07_DS_4.7GB	contig_2038	16973	20129	adeF_fluoroquinolone_antibiotic;_tetracycline_antibiotic	104	3156	3156	1.0	
barcode07_DS_4.7GB	contig_2058	366711	367695	vanH gene in vanO cluster_glycopeptide_antibiotic	54	984	984	1.0	
barcode07_DS_4.7GB	contig_2113	12104	12437	qacL_disinfecting_agents_and_antiseptics	27	333	333	1.0	Unknown taxonomy (chromosome or plasmid)
barcode07_DS_4.7GB	contig_213	394	1870	msrE_macrolide_antibiotic;_streptogramin_antibiotic	86	1476	1476	1.0	Unknown taxonomy (chromosome or plasmid)
barcode07_DS_4.7GB	contig_213	1925	2810	mphE_macrolide_antibiotic	68	885	885	1.0	Unknown taxonomy (chromosome or plasmid)
barcode07_DS_4.7GB	contig_213	4593	5127	ANT(2'')-Ia_aminoglycoside_antibiotic	25	534	534	1.0	Unknown taxonomy (chromosome or plasmid)
barcode07_DS_4.7GB	contig_213	5245	6076	OXA-4_cephalosporin;_penam	17	831	831	1.0	Pseudomonas aeruginosa (chromosome or plasmid)
barcode07_DS_4.7GB	contig_213	6287	6635	qacEdelta1_disinfecting_agents_and_antiseptics	18	348	348	1.0	Unknown taxonomy (chromosome or plasmid)
barcode07_DS_4.7GB	contig_213	6628	7468	sul1_sulfonamide_antibiotic	20	840	840	1.0	Unknown taxonomy (chromosome or plasmid)
barcode07_DS_4.7GB	contig_215	96248	97724	msrE_macrolide_antibiotic;_streptogramin_antibiotic	94	1476	1476	1.0	Unknown taxonomy (chromosome or plasmid)
barcode07_DS_4.7GB	contig_215	97779	98664	mphE_macrolide_antibiotic	97	885	885	1.0	Unknown taxonomy (chromosome or plasmid)
barcode07_DS_4.7GB	contig_215	109764	110592	OXA-253_carbapenem;_penam	34	828	828	1.0	Acinetobacter baumannii (chromosome)
barcode07_DS_4.7GB	contig_215	119163	119991	OXA-253_carbapenem;_penam	23	828	828	1.0	Acinetobacter baumannii (chromosome)
barcode07_DS_4.7GB	contig_227	1534	1954	FosI_phosphonic_acid_antibiotic	22	420	420	1.0	
barcode07_DS_4.7GB	contig_2306	10101	10839	ErmB_macrolide_antibiotic;_lincosamide_antibiotic;_streptogramin_antibiotic;_streptogramin_A_antibiotic;_streptogramin_B_antibiotic	53	738	738	1.0	Unknown taxonomy (chromosome or plasmid)
barcode07_DS_4.7GB	contig_235	10528	11413	mphG_macrolide_antibiotic	71	885	885	1.0	
barcode07_DS_4.7GB	contig_235	11417	12641	mef(C)_macrolide_antibiotic;_tetracycline_antibiotic	66	1224	1224	1.0	
barcode07_DS_4.7GB	contig_235	12928	13744	sul2_sulfonamide_antibiotic	71	816	816	1.0	Unknown taxonomy (chromosome or plasmid)
barcode07_DS_4.7GB	contig_236	7632	8518	mphG_macrolide_antibiotic	61	886	886	1.0	
barcode07_DS_4.7GB	contig_236	10032	10848	sul2_sulfonamide_antibiotic	64	816	816	1.0	Unknown taxonomy (chromosome or plasmid)
barcode07_DS_4.7GB	contig_2428	33358	34612	vanW gene in vanI cluster_glycopeptide_antibiotic	3	1254	1254	1.0	
barcode07_DS_4.7GB	contig_2496	22993	23467	dfrF_diaminopyrimidine_antibiotic	25	474	474	1.0	Unknown taxonomy (chromosome or plasmid)
barcode07_DS_4.7GB	contig_2566	10634	11810	vanT gene in vanG cluster_glycopeptide_antibiotic	3	1176	1176	1.0	
barcode07_DS_4.7GB	contig_2566	12121	13294	vanT gene in vanG cluster_glycopeptide_antibiotic	4	1173	1173	1.0	
barcode07_DS_4.7GB	contig_263	8288	10208	tet(O)_tetracycline_antibiotic	51	1920	1920	1.0	Unknown taxonomy (chromosome or plasmid)
barcode07_DS_4.7GB	contig_2649	2110	2443	qacJ_disinfecting_agents_and_antiseptics	4	333	333	1.0	
barcode07_DS_4.7GB	contig_2740	7273	8200	PER-2_monobactam;_carbapenem;_cephalosporin;_penam;_penem	5	927	927	1.0	Unknown taxonomy (plasmid)
barcode07_DS_4.7GB	contig_2927	1371	2187	sul2_sulfonamide_antibiotic	21	816	816	1.0	Unknown taxonomy (chromosome or plasmid)
barcode07_DS_4.7GB	contig_2927	4138	5353	floR_phenicol_antibiotic	9	1215	1215	1.0	Unknown taxonomy (chromosome or plasmid)
barcode07_DS_4.7GB	contig_2928	14054	14894	sul1_sulfonamide_antibiotic	29	840	840	1.0	Unknown taxonomy (chromosome or plasmid)
barcode07_DS_4.7GB	contig_2928	14887	15235	qacEdelta1_disinfecting_agents_and_antiseptics	26	348	348	1.0	Unknown taxonomy (chromosome or plasmid)
barcode07_DS_4.7GB	contig_2928	16243	17044	OXA-46_penam	9	801	801	1.0	Pseudomonas aeruginosa (chromosome)
barcode07_DS_4.7GB	contig_2928	17391	17946	AAC(6')-31_aminoglycoside_antibiotic	19	555	555	1.0	Pseudomonas aeruginosa (plasmid)
barcode07_DS_4.7GB	contig_2928	18034	18367	qacL_disinfecting_agents_and_antiseptics	32	333	333	1.0	Unknown taxonomy (chromosome or plasmid)
barcode07_DS_4.7GB	contig_2950	35492	36587	vanG_glycopeptide_antibiotic	34	1095	1095	1.0	Faecalibacterium prausnitzii (chromosome)
barcode07_DS_4.7GB	contig_2981	67961	68402	FosA8_phosphonic_acid_antibiotic	9	441	441	1.0	
barcode07_DS_4.7GB	contig_3136	16105	16885	APH(3')-VIa_aminoglycoside_antibiotic	42	780	780	1.0	Unknown taxonomy (chromosome or plasmid)
barcode07_DS_4.7GB	contig_32	278616	279747	vanT gene in vanG cluster_glycopeptide_antibiotic	19	1131	1131	1.0	
barcode07_DS_4.7GB	contig_3215	31898	32708	vanY gene in vanB cluster_glycopeptide_antibiotic	8	810	810	1.0	
barcode07_DS_4.7GB	contig_3241	234	768	ANT(2'')-Ia_aminoglycoside_antibiotic	21	534	534	1.0	Unknown taxonomy (chromosome or plasmid)
barcode07_DS_4.7GB	contig_3241	826	1285	AAC(6')-Il_aminoglycoside_antibiotic	16	459	459	1.0	Unknown taxonomy (chromosome or plasmid)
barcode07_DS_4.7GB	contig_3241	1515	1863	qacEdelta1_disinfecting_agents_and_antiseptics	18	348	348	1.0	Unknown taxonomy (chromosome or plasmid)
barcode07_DS_4.7GB	contig_3241	1856	2696	sul1_sulfonamide_antibiotic	31	840	840	1.0	Unknown taxonomy (chromosome or plasmid)
barcode07_DS_4.7GB	contig_3241	22269	23049	APH(3')-VIa_aminoglycoside_antibiotic	31	780	780	1.0	Unknown taxonomy (chromosome or plasmid)
barcode07_DS_4.7GB	contig_3244	1953	2793	sul1_sulfonamide_antibiotic	42	840	840	1.0	Unknown taxonomy (chromosome or plasmid)
barcode07_DS_4.7GB	contig_3244	2786	3134	qacEdelta1_disinfecting_agents_and_antiseptics	37	348	348	1.0	Unknown taxonomy (chromosome or plasmid)
barcode07_DS_4.7GB	contig_3244	3302	3923	AAC(6')-Ib9_aminoglycoside_antibiotic	42	621	621	1.0	Unknown taxonomy (chromosome or plasmid)
barcode07_DS_4.7GB	contig_3244	3995	4448	arr-3_rifamycin_antibiotic	21	453	453	1.0	Unknown taxonomy (chromosome or plasmid)
barcode07_DS_4.7GB	contig_3245	349	1177	OXA-2_carbapenem;_cephalosporin;_penam	18	828	828	1.0	Unknown taxonomy (chromosome or plasmid)
barcode07_DS_4.7GB	contig_3245	2974	3433	AAC(6')-Il_aminoglycoside_antibiotic	21	459	459	1.0	Unknown taxonomy (chromosome or plasmid)
barcode07_DS_4.7GB	contig_3250	2674	3793	tet(A)_tetracycline_antibiotic	10	1119	1119	1.0	Unknown taxonomy (chromosome or plasmid)
barcode07_DS_4.7GB	contig_3332	15000	15606	tet(O)_tetracycline_antibiotic	7	606	606	1.0	Unknown taxonomy (chromosome or plasmid)
barcode07_DS_4.7GB	contig_3416	2464	5650	adeF_fluoroquinolone_antibiotic;_tetracycline_antibiotic	8	3186	3186	1.0	
barcode07_DS_4.7GB	contig_342	24286	24781	lnuC_lincosamide_antibiotic	52	495	495	1.0	Unknown taxonomy (chromosome or plasmid)
barcode07_DS_4.7GB	contig_347	19265	19760	lnuC_lincosamide_antibiotic	52	495	495	1.0	Unknown taxonomy (chromosome or plasmid)
barcode07_DS_4.7GB	contig_3476	59920	60907	vanH gene in vanD cluster_glycopeptide_antibiotic	7	987	987	1.0	
barcode07_DS_4.7GB	contig_3493	93571	95044	vanW gene in vanI cluster_glycopeptide_antibiotic	4	1473	1473	1.0	
barcode07_DS_4.7GB	contig_3579	32317	32626	qacG_disinfecting_agents_and_antiseptics	13	309	309	1.0	
barcode07_DS_4.7GB	contig_3709	34389	34884	lnuC_lincosamide_antibiotic	43	495	495	1.0	Unknown taxonomy (chromosome or plasmid)
barcode07_DS_4.7GB	contig_3748	570121	570610	nimJ_nitroimidazole_antibiotic	19	489	489	1.0	
barcode07_DS_4.7GB	contig_3748	1432863	1433982	vanT gene in vanG cluster_glycopeptide_antibiotic	17	1119	1119	1.0	
barcode07_DS_4.7GB	contig_3769	980	1763	OXA-46_penam	13	783	783	1.0	Pseudomonas aeruginosa (chromosome)
barcode07_DS_4.7GB	contig_3769	2155	2689	ANT(2'')-Ia_aminoglycoside_antibiotic	20	534	534	1.0	Unknown taxonomy (chromosome or plasmid)
barcode07_DS_4.7GB	contig_3769	2851	3184	qacL_disinfecting_agents_and_antiseptics	32	333	333	1.0	Unknown taxonomy (chromosome or plasmid)
barcode07_DS_4.7GB	contig_3769	3272	3828	AAC(6')-Ib4_aminoglycoside_antibiotic	39	556	556	1.0	Unknown taxonomy (chromosome or plasmid)
barcode07_DS_4.7GB	contig_3769	3896	4685	aadA5_aminoglycoside_antibiotic	32	789	789	1.0	Unknown taxonomy (chromosome or plasmid)
barcode07_DS_4.7GB	contig_3802	5451	6441	vanH gene in vanB cluster_glycopeptide_antibiotic	15	990	990	1.0	
barcode07_DS_4.7GB	contig_3845	11624	12665	vanG_glycopeptide_antibiotic	5	1041	1041	1.0	
barcode07_DS_4.7GB	contig_3845	12860	13415	vanXY gene in vanG cluster_glycopeptide_antibiotic	9	555	555	1.0	
barcode07_DS_4.7GB	contig_3845	13401	15483	vanT gene in vanG cluster_glycopeptide_antibiotic	10	2082	2082	1.0	
barcode07_DS_4.7GB	contig_3864	298	1114	sul2_sulfonamide_antibiotic	41	816	816	1.0	Unknown taxonomy (chromosome or plasmid)
barcode07_DS_4.7GB	contig_3864	2631	3516	mphG_macrolide_antibiotic	42	885	885	1.0	
barcode07_DS_4.7GB	contig_3903	327056	329018	tet(O)_tetracycline_antibiotic	20	1962	1962	1.0	
barcode07_DS_4.7GB	contig_3903	335937	337110	vanT gene in vanG cluster_glycopeptide_antibiotic	18	1173	1173	1.0	
barcode07_DS_4.7GB	contig_3903	487788	488982	vanT gene in vanG cluster_glycopeptide_antibiotic	17	1194	1194	1.0	
barcode07_DS_4.7GB	contig_3903	1031500	1034617	adeF_fluoroquinolone_antibiotic;_tetracycline_antibiotic	23	3117	3117	1.0	
barcode07_DS_4.7GB	contig_3903	1654077	1655700	vanW gene in vanI cluster_glycopeptide_antibiotic	16	1623	1623	1.0	
barcode07_DS_4.7GB	contig_3908	2858	3971	vanW gene in vanI cluster_glycopeptide_antibiotic	4	1113	1113	1.0	
barcode07_DS_4.7GB	contig_3952	42596	43301	vanY gene in vanB cluster_glycopeptide_antibiotic	17	705	705	1.0	Roseburia hominis (no genomic info)
barcode07_DS_4.7GB	contig_3964	546489	549642	adeF_fluoroquinolone_antibiotic;_tetracycline_antibiotic	22	3153	3153	1.0	
barcode07_DS_4.7GB	contig_3964	1384489	1385053	lnuC_lincosamide_antibiotic	59	564	564	1.0	Unknown taxonomy (chromosome or plasmid)
barcode07_DS_4.7GB	contig_40	269527	272719	adeF_fluoroquinolone_antibiotic;_tetracycline_antibiotic	82	3192	3192	1.0	
barcode07_DS_4.7GB	contig_40	1158042	1159152	vanT gene in vanG cluster_glycopeptide_antibiotic	106	1110	1110	1.0	
barcode07_DS_4.7GB	contig_4000	2631	3519	vanW gene in vanI cluster_glycopeptide_antibiotic	4	888	888	1.0	
barcode07_DS_4.7GB	contig_406	7354	8116	vanY gene in vanB cluster_glycopeptide_antibiotic	6	762	762	1.0	Roseburia hominis (no genomic info)
barcode07_DS_4.7GB	contig_406	28083	29007	tet(O)_tetracycline_antibiotic	72	924	924	1.0	Unknown taxonomy (chromosome or plasmid)
barcode07_DS_4.7GB	contig_406	29034	30009	tet(O)_tetracycline_antibiotic	74	975	975	1.0	Unknown taxonomy (chromosome or plasmid)
barcode07_DS_4.7GB	contig_4099	32481	33771	vanW gene in vanI cluster_glycopeptide_antibiotic	12	1290	1290	1.0	
barcode07_DS_4.7GB	contig_4116	33723	34908	vanG_glycopeptide_antibiotic	5	1185	1185	1.0	
barcode07_DS_4.7GB	contig_4121	5738	6782	vanT gene in vanG cluster_glycopeptide_antibiotic	6	1044	1044	1.0	
barcode07_DS_4.7GB	contig_4352	19885	21277	Escherichia coli UhpT with mutation conferring resistance to fosfomycin_phosphonic_acid_antibiotic	3	1392	1392	1.0	Klebsiella pneumoniae (chromosome or plasmid)
barcode07_DS_4.7GB	contig_437	1556	2438	KPC-2_monobactam;_carbapenem;_cephalosporin;_penam	60	882	882	1.0	Unknown taxonomy (chromosome or plasmid)
barcode07_DS_4.7GB	contig_437	12309	13089	APH(3')-VIa_aminoglycoside_antibiotic	72	780	780	1.0	Unknown taxonomy (chromosome or plasmid)
barcode07_DS_4.7GB	contig_4484	7928	11069	adeF_fluoroquinolone_antibiotic;_tetracycline_antibiotic	6	3141	3141	1.0	
barcode07_DS_4.7GB	contig_455	1443	2325	KPC-2_monobactam;_carbapenem;_cephalosporin;_penam	33	882	882	1.0	Unknown taxonomy (chromosome or plasmid)
barcode07_DS_4.7GB	contig_458	16999	17839	sul1_sulfonamide_antibiotic	28	840	840	1.0	Unknown taxonomy (chromosome or plasmid)
barcode07_DS_4.7GB	contig_458	20604	21468	GES-5_carbapenem;_cephalosporin;_penam	26	864	864	1.0	Unknown taxonomy (chromosome or plasmid)
barcode07_DS_4.7GB	contig_459	13723	14935	cmlA5_phenicol_antibiotic	14	1212	1212	1.0	Unknown taxonomy (chromosome or plasmid)
barcode07_DS_4.7GB	contig_459	15248	16049	OXA-10_cephalosporin;_penam	17	801	801	1.0	Unknown taxonomy (chromosome or plasmid)
barcode07_DS_4.7GB	contig_459	16041	16857	aadA_aminoglycoside_antibiotic	35	816	816	1.0	Unknown taxonomy (chromosome or plasmid)
barcode07_DS_4.7GB	contig_459	17020	17368	qacEdelta1_disinfecting_agents_and_antiseptics	31	348	348	1.0	Unknown taxonomy (chromosome or plasmid)
barcode07_DS_4.7GB	contig_459	17361	18201	sul1_sulfonamide_antibiotic	34	840	840	1.0	Unknown taxonomy (chromosome or plasmid)
barcode07_DS_4.7GB	contig_4592	26882	28067	Escherichia coli EF-Tu mutants conferring resistance to Pulvomycin_elfamycin_antibiotic	12	1185	1185	1.0	Unknown taxonomy (chromosome or plasmid)
barcode07_DS_4.7GB	contig_460	1307	2144	APH(6)-Id_aminoglycoside_antibiotic	46	837	837	1.0	Unknown taxonomy (chromosome or plasmid)
barcode07_DS_4.7GB	contig_460	2143	2947	APH(3'')-Ib_aminoglycoside_antibiotic	61	804	804	1.0	Unknown taxonomy (chromosome or plasmid)
barcode07_DS_4.7GB	contig_462	14902	15742	sul1_sulfonamide_antibiotic	43	840	840	1.0	Unknown taxonomy (chromosome or plasmid)
barcode07_DS_4.7GB	contig_462	15735	16083	qacEdelta1_disinfecting_agents_and_antiseptics	39	348	348	1.0	Unknown taxonomy (chromosome or plasmid)
barcode07_DS_4.7GB	contig_462	16198	16732	ANT(2'')-Ia_aminoglycoside_antibiotic	31	534	534	1.0	Unknown taxonomy (chromosome or plasmid)
barcode07_DS_4.7GB	contig_462	16854	17718	GES-1_carbapenem;_cephalosporin;_penam	46	864	864	1.0	Unknown taxonomy (chromosome or plasmid)
barcode07_DS_4.7GB	contig_4753	1084	2119	vanW gene in vanI cluster_glycopeptide_antibiotic	4	1035	1035	1.0	
barcode07_DS_4.7GB	contig_4760	36611	37796	Escherichia coli EF-Tu mutants conferring resistance to Pulvomycin_elfamycin_antibiotic	7	1185	1185	1.0	Escherichia coli (chromosome or plasmid)
barcode07_DS_4.7GB	contig_477	280	814	ANT(2'')-Ia_aminoglycoside_antibiotic	26	534	534	1.0	Unknown taxonomy (chromosome or plasmid)
barcode07_DS_4.7GB	contig_477	936	1800	GES-1_carbapenem;_cephalosporin;_penam	25	864	864	1.0	Unknown taxonomy (chromosome or plasmid)
barcode07_DS_4.7GB	contig_4804	4691	4904	vanU gene in vanG cluster_glycopeptide_antibiotic	3	213	213	1.0	
barcode07_DS_4.7GB	contig_481	1692	2484	aadA_aminoglycoside_antibiotic	20	792	792	1.0	Unknown taxonomy (chromosome or plasmid)
barcode07_DS_4.7GB	contig_485	2371	2926	AAC(6')-IIa_aminoglycoside_antibiotic	22	555	555	1.0	Unknown taxonomy (chromosome or plasmid)
barcode07_DS_4.7GB	contig_485	3073	3532	AAC(6')-Il_aminoglycoside_antibiotic	27	459	459	1.0	Unknown taxonomy (chromosome or plasmid)
barcode07_DS_4.7GB	contig_4905	74540	75362	vanY gene in vanB cluster_glycopeptide_antibiotic	30	822	822	1.0	Faecalibacterium prausnitzii (chromosome)
barcode07_DS_4.7GB	contig_4919	2372	2990	vanY gene in vanM cluster_glycopeptide_antibiotic	4	618	618	1.0	
barcode07_DS_4.7GB	contig_494	2497	2956	AAC(6')-Il_aminoglycoside_antibiotic	35	459	459	1.0	Unknown taxonomy (chromosome or plasmid)
barcode07_DS_4.7GB	contig_494	3087	3621	ANT(2'')-Ia_aminoglycoside_antibiotic	31	534	534	1.0	Unknown taxonomy (chromosome or plasmid)
barcode07_DS_4.7GB	contig_494	3777	4125	qacEdelta1_disinfecting_agents_and_antiseptics	19	348	348	1.0	Unknown taxonomy (chromosome or plasmid)
barcode07_DS_4.7GB	contig_494	4118	4958	sul1_sulfonamide_antibiotic	22	840	840	1.0	Unknown taxonomy (chromosome or plasmid)
barcode07_DS_4.7GB	contig_4996	26962	27328	qacG_disinfecting_agents_and_antiseptics	9	366	366	1.0	Acinetobacter johnsonii (chromosome)
barcode07_DS_4.7GB	contig_5008	1691	2642	leuO_nucleoside_antibiotic;_disinfecting_agents_and_antiseptics	4	951	951	1.0	Klebsiella pneumoniae (chromosome)
barcode07_DS_4.7GB	contig_5212	58431	59634	vanT gene in vanG cluster_glycopeptide_antibiotic	34	1203	1203	1.0	Faecalibacterium prausnitzii (chromosome)
barcode07_DS_4.7GB	contig_5266	10582	11689	vanT gene in vanG cluster_glycopeptide_antibiotic	3	1107	1107	1.0	
barcode07_DS_4.7GB	contig_5285	2881	3928	vanY gene in vanM cluster_glycopeptide_antibiotic	9	1047	1047	1.0	
barcode07_DS_4.7GB	contig_5350	1064	1928	aadS_aminoglycoside_antibiotic	25	864	864	1.0	Unknown taxonomy (chromosome or plasmid)
barcode07_DS_4.7GB	contig_5354	3451	3892	qacG_disinfecting_agents_and_antiseptics	13	441	441	1.0	Elizabethkingia anophelis (chromosome)
barcode07_DS_4.7GB	contig_546	29893	31366	vanW gene in vanI cluster_glycopeptide_antibiotic	13	1473	1473	1.0	
barcode07_DS_4.7GB	contig_5532	2512	3097	AAC(6')-IIc_aminoglycoside_antibiotic	24	585	585	1.0	Unknown taxonomy (chromosome or plasmid)
barcode07_DS_4.7GB	contig_5532	3817	4606	aadA5_aminoglycoside_antibiotic	32	789	789	1.0	Unknown taxonomy (chromosome or plasmid)
barcode07_DS_4.7GB	contig_5532	4911	5226	qacL_disinfecting_agents_and_antiseptics	41	315	315	1.0	Unknown taxonomy (chromosome or plasmid)
barcode07_DS_4.7GB	contig_5532	5633	6188	AAC(6')-Ib4_aminoglycoside_antibiotic	33	555	555	1.0	Unknown taxonomy (chromosome or plasmid)
barcode07_DS_4.7GB	contig_5688	774818	776312	vanW gene in vanI cluster_glycopeptide_antibiotic	22	1494	1494	1.0	
barcode07_DS_4.7GB	contig_5891	2154	2490	qacG_disinfecting_agents_and_antiseptics	27	336	336	1.0	
barcode07_DS_4.7GB	contig_6032	20290	22768	vanT gene in vanG cluster_glycopeptide_antibiotic	28	2478	2478	1.0	
barcode07_DS_4.7GB	contig_6202	164054	165896	vanW gene in vanI cluster_glycopeptide_antibiotic	11	1842	1842	1.0	
barcode07_DS_4.7GB	contig_6202	249290	250886	vanW gene in vanI cluster_glycopeptide_antibiotic	6	1596	1596	1.0	
barcode07_DS_4.7GB	contig_6232	61	556	dfrF_diaminopyrimidine_antibiotic	26	495	495	1.0	Unknown taxonomy (chromosome or plasmid)
barcode07_DS_4.7GB	contig_6259	25042	26203	vanT gene in vanG cluster_glycopeptide_antibiotic	4	1161	1161	1.0	
barcode07_DS_4.7GB	contig_6299	4673	5177	vanY gene in vanF cluster_glycopeptide_antibiotic	2	504	504	1.0	
barcode07_DS_4.7GB	contig_6394	12349	13261	vanY gene in vanB cluster_glycopeptide_antibiotic	7	912	912	1.0	
barcode07_DS_4.7GB	contig_6440	7333	10525	adeF_fluoroquinolone_antibiotic;_tetracycline_antibiotic	5	3192	3192	1.0	
barcode07_DS_4.7GB	contig_6477	9382	10480	vanG_glycopeptide_antibiotic	9	1098	1098	1.0	Faecalibacterium prausnitzii (chromosome)
barcode07_DS_4.7GB	contig_672	1132	1915	LCR-1_cephalosporin;_penam	13	783	783	1.0	Pseudomonas aeruginosa (chromosome or plasmid)
barcode07_DS_4.7GB	contig_672	3207	4062	ErmX_macrolide_antibiotic;_lincosamide_antibiotic;_streptogramin_antibiotic;_streptogramin_A_antibiotic;_streptogramin_B_antibiotic	30	855	855	1.0	Unknown taxonomy (chromosome or plasmid)
barcode07_DS_4.7GB	contig_672	5024	5558	ANT(2'')-Ia_aminoglycoside_antibiotic	23	534	534	1.0	Unknown taxonomy (chromosome or plasmid)
barcode07_DS_4.7GB	contig_672	5575	6034	AAC(6')-Il_aminoglycoside_antibiotic	33	459	459	1.0	Unknown taxonomy (chromosome or plasmid)
barcode07_DS_4.7GB	contig_672	6107	6971	GES-1_carbapenem;_cephalosporin;_penam	31	864	864	1.0	Unknown taxonomy (chromosome or plasmid)
barcode07_DS_4.7GB	contig_6738	25179	26040	AAC(3)-IIe_aminoglycoside_antibiotic	17	861	861	1.0	Unknown taxonomy (chromosome or plasmid)
barcode07_DS_4.7GB	contig_6738	26181	27042	TEM-1_monobactam;_cephalosporin;_penam;_penem	27	861	861	1.0	Unknown taxonomy (chromosome or plasmid)
barcode07_DS_4.7GB	contig_68	45364	45958	vanY gene in vanB cluster_glycopeptide_antibiotic	25	594	594	1.0	Faecalibacterium prausnitzii (chromosome)
barcode07_DS_4.7GB	contig_6807	2980	3670	LEN-14_penam;_penem	3	690	690	1.0	Unknown taxonomy (chromosome or plasmid)
barcode07_DS_4.7GB	contig_6878	2422	3079	QnrS1_fluoroquinolone_antibiotic	7	657	657	1.0	Unknown taxonomy (chromosome or plasmid)
barcode07_DS_4.7GB	contig_704	111746	112871	vanT gene in vanG cluster_glycopeptide_antibiotic	8	1125	1125	1.0	
barcode07_DS_4.7GB	contig_7106	178151	179261	vanT gene in vanG cluster_glycopeptide_antibiotic	9	1110	1110	1.0	
barcode07_DS_4.7GB	contig_7111	9708	10854	vanW gene in vanI cluster_glycopeptide_antibiotic	4	1146	1146	1.0	
barcode07_DS_4.7GB	contig_7246	5530	6169	vanY gene in vanB cluster_glycopeptide_antibiotic	3	639	639	1.0	
barcode07_DS_4.7GB	contig_7373	11462	11828	vanY gene in vanB cluster_glycopeptide_antibiotic	4	366	366	1.0	Faecalibacterium prausnitzii (chromosome)
barcode07_DS_4.7GB	contig_745	226	634	vanY gene in vanB cluster_glycopeptide_antibiotic	4	408	408	1.0	
barcode07_DS_4.7GB	contig_7469	7887	9339	vanY gene in vanG cluster_glycopeptide_antibiotic	5	1452	1452	1.0	
barcode07_DS_4.7GB	contig_7510	9159	9663	nimG_nitroimidazole_antibiotic	8	504	504	1.0	
barcode07_DS_4.7GB	contig_7524	27302	28184	vanW gene in vanG cluster_glycopeptide_antibiotic	15	882	882	1.0	Acinetobacter johnsonii (chromosome)
barcode07_DS_4.7GB	contig_758	274902	276063	vanT gene in vanG cluster_glycopeptide_antibiotic	68	1161	1161	1.0	
barcode07_DS_4.7GB	contig_7594	14413	14875	vanW gene in vanI cluster_glycopeptide_antibiotic	2	462	462	1.0	
barcode07_DS_4.7GB	contig_7613	1204	2077	vanY gene in vanG cluster_glycopeptide_antibiotic	3	873	873	1.0	
barcode07_DS_4.7GB	contig_7680	0	2424	vanT gene in vanG cluster_glycopeptide_antibiotic	1	2424	2424	1.0	
barcode07_DS_4.7GB	contig_7694	4343	4964	AAC(6')-IIc_aminoglycoside_antibiotic	8	621	621	1.0	Pseudomonas aeruginosa (chromosome or plasmid)
barcode07_DS_4.7GB	contig_7780	213	714	nimJ_nitroimidazole_antibiotic	17	501	501	1.0	
barcode07_DS_4.7GB	contig_8014	12249	13203	vanW gene in vanI cluster_glycopeptide_antibiotic	7	954	954	1.0	
barcode07_DS_4.7GB	contig_811	339787	341491	vanW gene in vanI cluster_glycopeptide_antibiotic	12	1704	1704	1.0	
barcode07_DS_4.7GB	contig_8112	12341	12869	vanY gene in vanB cluster_glycopeptide_antibiotic	2	528	528	1.0	
barcode07_DS_4.7GB	contig_812	1229082	1232652	Bifidobacterium adolescentis rpoB mutants conferring resistance to rifampicin_rifamycin_antibiotic	33	3570	3570	1.0	Bifidobacterium (chromosome)
barcode07_DS_4.7GB	contig_8173	34842	36093	vanW gene in vanI cluster_glycopeptide_antibiotic	22	1251	1251	1.0	
barcode07_DS_4.7GB	contig_8194	2008	5173	adeF_fluoroquinolone_antibiotic;_tetracycline_antibiotic	5	3165	3165	1.0	Acinetobacter (chromosome or plasmid)
barcode07_DS_4.7GB	contig_8234	6257	6884	Campylobacter coli chloramphenicol acetyltransferase_phenicol_antibiotic	16	627	627	1.0	Klebsiella pneumoniae (chromosome)
barcode07_DS_4.7GB	contig_8249	37618	38797	vanT gene in vanG cluster_glycopeptide_antibiotic	16	1179	1179	1.0	
barcode07_DS_4.7GB	contig_842	15848	16703	ACI-1_cephalosporin;_penam;_penem	8	855	855	1.0	
barcode07_DS_4.7GB	contig_8432	2567	3563	CfxA6_cephamycin	18	996	996	1.0	Unknown taxonomy (chromosome or plasmid)
barcode07_DS_4.7GB	contig_8529	1749	2613	GES-5_carbapenem;_cephalosporin;_penam	20	864	864	1.0	Unknown taxonomy (chromosome or plasmid)
barcode07_DS_4.7GB	contig_8529	3351	4215	GES-5_carbapenem;_cephalosporin;_penam	29	864	864	1.0	Unknown taxonomy (chromosome or plasmid)
barcode07_DS_4.7GB	contig_8529	4987	5767	aadA_aminoglycoside_antibiotic	35	780	780	1.0	Unknown taxonomy (chromosome or plasmid)
barcode07_DS_4.7GB	contig_8529	5843	6671	OXA-2_carbapenem;_cephalosporin;_penam	29	828	828	1.0	Unknown taxonomy (chromosome or plasmid)
barcode07_DS_4.7GB	contig_8529	7126	7474	qacEdelta1_disinfecting_agents_and_antiseptics	28	348	348	1.0	Unknown taxonomy (chromosome or plasmid)
barcode07_DS_4.7GB	contig_8529	7467	8307	sul1_sulfonamide_antibiotic	34	840	840	1.0	Unknown taxonomy (chromosome or plasmid)
barcode07_DS_4.7GB	contig_8627	19949	21152	vanT gene in vanG cluster_glycopeptide_antibiotic	17	1203	1203	1.0	
barcode07_DS_4.7GB	contig_8660	11277	12096	vanY gene in vanB cluster_glycopeptide_antibiotic	13	819	819	1.0	Faecalibacterium prausnitzii (chromosome)
barcode07_DS_4.7GB	contig_8691	11934	13032	vanG_glycopeptide_antibiotic	8	1098	1098	1.0	Klebsiella pneumoniae (chromosome)
barcode07_DS_4.7GB	contig_8727	3078	3321	vanY gene in vanB cluster_glycopeptide_antibiotic	4	243	243	1.0	
barcode07_DS_4.7GB	contig_8901	3029	4007	vanW gene in vanI cluster_glycopeptide_antibiotic	4	978	978	1.0	
barcode07_DS_4.7GB	contig_8950	1627	2530	AAC(3)-IIc_aminoglycoside_antibiotic	7	903	903	1.0	
barcode07_DS_4.7GB	contig_8950	4747	5614	SCO-1_cephalosporin;_penam;_penem	7	867	867	1.0	Unknown taxonomy (chromosome or plasmid)
barcode07_DS_4.7GB	contig_8956	146	884	ErmB_macrolide_antibiotic;_lincosamide_antibiotic;_streptogramin_antibiotic;_streptogramin_A_antibiotic;_streptogramin_B_antibiotic	30	738	738	1.0	Unknown taxonomy (chromosome or plasmid)
barcode07_DS_4.7GB	contig_8957	562	1300	ErmB_macrolide_antibiotic;_lincosamide_antibiotic;_streptogramin_antibiotic;_streptogramin_A_antibiotic;_streptogramin_B_antibiotic	20	738	738	1.0	Unknown taxonomy (chromosome or plasmid)
barcode07_DS_4.7GB	contig_9137	2560	2803	vanW gene in vanI cluster_glycopeptide_antibiotic	7	243	243	1.0	
barcode07_DS_4.7GB	contig_9207	20345	21821	Haemophilus influenzae PBP3 conferring resistance to beta-lactam antibiotics_cephalosporin;_cephamycin;_penam	7	1476	1476	1.0	Klebsiella (chromosome or plasmid)
barcode07_DS_4.7GB	contig_9215	3525	3999	vanY gene in vanB cluster_glycopeptide_antibiotic	2	474	474	1.0	
barcode07_DS_4.7GB	contig_9230	0	348	vanW gene in vanI cluster_glycopeptide_antibiotic	1	348	348	1.0	
barcode07_DS_4.7GB	contig_94	23324	25001	vanW gene in vanI cluster_glycopeptide_antibiotic	14	1677	1677	1.0	Roseburia hominis (no genomic info)
barcode07_DS_4.7GB	contig_9420	1	130	vanY gene in vanB cluster_glycopeptide_antibiotic	11	129	129	1.0	
barcode07_DS_4.7GB	contig_9434	9049	9382	qacG_disinfecting_agents_and_antiseptics	5	333	333	1.0	
barcode07_DS_4.7GB	contig_9653	1606	2053	vanY gene in vanF cluster_glycopeptide_antibiotic	5	447	447	1.0	
barcode07_DS_4.7GB	contig_966	1	1804	tet(O)_tetracycline_antibiotic	29	1803	1803	1.0	Unknown taxonomy (chromosome or plasmid)
barcode07_DS_4.7GB	contig_967	1725	2745	tet(O)_tetracycline_antibiotic	64	1020	1020	1.0	Unknown taxonomy (chromosome or plasmid)
barcode07_DS_4.7GB	contig_967	2741	3653	tet(O)_tetracycline_antibiotic	53	912	912	1.0	Unknown taxonomy (chromosome or plasmid)
barcode07_DS_4.7GB	contig_970	730	2650	tet(O)_tetracycline_antibiotic	44	1920	1920	1.0	Unknown taxonomy (chromosome or plasmid)
barcode07_DS_4.7GB	contig_970	2700	3921	tet(40)_tetracycline_antibiotic	14	1221	1221	1.0	Unknown taxonomy (chromosome)
barcode07_DS_4.7GB	contig_9714	51127	51952	OXA-333_carbapenem;_penam	15	825	825	1.0	Acinetobacter johnsonii (chromosome)
barcode07_DS_4.7GB	contig_972	7179	9099	tet(O)_tetracycline_antibiotic	42	1920	1920	1.0	Unknown taxonomy (chromosome or plasmid)
barcode07_DS_4.7GB	contig_972	18338	19268	Erm(52)_macrolide_antibiotic;_lincosamide_antibiotic;_streptogramin_antibiotic	11	930	930	1.0	
barcode07_DS_4.7GB	contig_972	19448	19997	tet(M)_tetracycline_antibiotic	16	549	549	1.0	Unknown taxonomy (chromosome or plasmid)
barcode07_DS_4.7GB	contig_972	20170	21163	tet(M)_tetracycline_antibiotic	11	993	993	1.0	Streptococcus (chromosome or plasmid)
barcode07_DS_4.7GB	contig_9739	7951	8206	rsmA_fluoroquinolone_antibiotic;_diaminopyrimidine_antibiotic;_phenicol_antibiotic	25	255	255	1.0	
barcode07_DS_4.7GB	contig_9771	15090	16383	vanY gene in vanM cluster_glycopeptide_antibiotic	2	1293	1293	1.0	
barcode07_DS_4.7GB	contig_988	15384	16557	vanT gene in vanG cluster_glycopeptide_antibiotic	5	1173	1173	1.0	
barcode07_DS_4.7GB	contig_989	13051	14536	lsaE_lincosamide_antibiotic;_streptogramin_antibiotic;_pleuromutilin_antibiotic	12	1485	1485	1.0	Streptococcus (chromosome or plasmid)
barcode07_DS_4.7GB	contig_989	14589	15393	lnuB_lincosamide_antibiotic	12	804	804	1.0	Unknown taxonomy (chromosome or plasmid)
barcode07_DS_4.7GB	contig_9988	9395	10250	ACI-1_cephalosporin;_penam;_penem	7	855	855	1.0	
barcode08_DS_4.7GB	contig_10056	668	1478	ErmB_macrolide_antibiotic;_lincosamide_antibiotic;_streptogramin_antibiotic;_streptogramin_A_antibiotic;_streptogramin_B_antibiotic	16	810	810	1.0	Escherichia coli (chromosome or plasmid)
barcode08_DS_4.7GB	contig_10071	38669	40412	vanW gene in vanI cluster_glycopeptide_antibiotic	6	1743	1743	1.0	
barcode08_DS_4.7GB	contig_10098	29536	30532	CfxA6_cephamycin	15	996	996	1.0	
barcode08_DS_4.7GB	contig_10180	1724	2699	vanT gene in vanG cluster_glycopeptide_antibiotic	3	975	975	1.0	
barcode08_DS_4.7GB	contig_10182	2	560	Campylobacter coli chloramphenicol acetyltransferase_phenicol_antibiotic	5	558	558	1.0	Klebsiella pneumoniae (chromosome)
barcode08_DS_4.7GB	contig_102	131389	133018	tet(O)_tetracycline_antibiotic	46	1629	1629	1.0	Enterococcus hirae (chromosome or plasmid)
barcode08_DS_4.7GB	contig_10229	8060	9269	vanT gene in vanG cluster_glycopeptide_antibiotic	5	1209	1209	1.0	
barcode08_DS_4.7GB	contig_1029	3249	5859	tet(36)_tetracycline_antibiotic	14	2610	2610	1.0	
barcode08_DS_4.7GB	contig_103	23064	24267	vanT gene in vanG cluster_glycopeptide_antibiotic	24	1203	1203	1.0	Faecalibacterium prausnitzii (chromosome)
barcode08_DS_4.7GB	contig_1040	1	1921	tet(O)_tetracycline_antibiotic	74	1920	1920	1.0	Unknown taxonomy (chromosome or plasmid)
barcode08_DS_4.7GB	contig_1042	0	1893	tet(O)_tetracycline_antibiotic	65	1893	1893	1.0	Streptococcus equi (chromosome or plasmid)
barcode08_DS_4.7GB	contig_1044	78	1998	tet(O)_tetracycline_antibiotic	83	1920	1920	1.0	Unknown taxonomy (chromosome or plasmid)
barcode08_DS_4.7GB	contig_10472	2341	2812	vanY gene in vanM cluster_glycopeptide_antibiotic	6	471	471	1.0	
barcode08_DS_4.7GB	contig_1055	10728	11223	dfrF_diaminopyrimidine_antibiotic	28	495	495	1.0	Unknown taxonomy (chromosome or plasmid)
barcode08_DS_4.7GB	contig_1082	766360	768202	vanW gene in vanI cluster_glycopeptide_antibiotic	13	1842	1842	1.0	
barcode08_DS_4.7GB	contig_1083	4367	4766	vanW gene in vanI cluster_glycopeptide_antibiotic	2	399	399	1.0	
barcode08_DS_4.7GB	contig_1083	4719	5082	vanW gene in vanI cluster_glycopeptide_antibiotic	2	363	363	1.0	
barcode08_DS_4.7GB	contig_11041	89	1262	vanT gene in vanG cluster_glycopeptide_antibiotic	6	1173	1173	1.0	
barcode08_DS_4.7GB	contig_11057	7937	8810	vanY gene in vanG cluster_glycopeptide_antibiotic	5	873	873	1.0	
barcode08_DS_4.7GB	contig_11113	7005	7572	vanW gene in vanI cluster_glycopeptide_antibiotic	8	567	567	1.0	
barcode08_DS_4.7GB	contig_11192	16778	17885	vanT gene in vanG cluster_glycopeptide_antibiotic	5	1107	1107	1.0	
barcode08_DS_4.7GB	contig_11240	729	1059	qacG_disinfecting_agents_and_antiseptics	13	330	330	1.0	Elizabethkingia anophelis (chromosome)
barcode08_DS_4.7GB	contig_11241	6686	7682	vanH gene in vanB cluster_glycopeptide_antibiotic	10	996	996	1.0	
barcode08_DS_4.7GB	contig_11394	2721	5835	mdtF_macrolide_antibiotic;_fluoroquinolone_antibiotic;_penam	5	3114	3114	1.0	Unknown taxonomy (chromosome)
barcode08_DS_4.7GB	contig_11394	5859	7017	mdtE_macrolide_antibiotic;_fluoroquinolone_antibiotic;_penam	5	1158	1158	1.0	Escherichia coli (chromosome)
barcode08_DS_4.7GB	contig_11416	36008	36863	ErmX_macrolide_antibiotic;_lincosamide_antibiotic;_streptogramin_antibiotic;_streptogramin_A_antibiotic;_streptogramin_B_antibiotic	30	855	855	1.0	Unknown taxonomy (chromosome or plasmid)
barcode08_DS_4.7GB	contig_1204	908	4469	Bifidobacterium adolescentis rpoB mutants conferring resistance to rifampicin_rifamycin_antibiotic	19	3561	3561	1.0	Unknown taxonomy (chromosome)
barcode08_DS_4.7GB	contig_12051	154347	155472	vanT gene in vanG cluster_glycopeptide_antibiotic	10	1125	1125	1.0	
barcode08_DS_4.7GB	contig_1207	5895	9456	Bifidobacterium adolescentis rpoB mutants conferring resistance to rifampicin_rifamycin_antibiotic	5	3561	3561	1.0	Bifidobacterium (chromosome)
barcode08_DS_4.7GB	contig_12208	6214	6604	vanY gene in vanB cluster_glycopeptide_antibiotic	13	390	390	1.0	Faecalibacterium prausnitzii (chromosome)
barcode08_DS_4.7GB	contig_12222	692	1907	vanT gene in vanG cluster_glycopeptide_antibiotic	3	1215	1215	1.0	
barcode08_DS_4.7GB	contig_12401	9979	10903	vanT gene in vanG cluster_glycopeptide_antibiotic	3	924	924	1.0	
barcode08_DS_4.7GB	contig_12401	10889	11735	vanT gene in vanG cluster_glycopeptide_antibiotic	2	846	846	1.0	
barcode08_DS_4.7GB	contig_12401	11885	12233	vanY gene in vanM cluster_glycopeptide_antibiotic	2	348	348	1.0	
barcode08_DS_4.7GB	contig_12401	12368	13358	vanG_glycopeptide_antibiotic	2	990	990	1.0	
barcode08_DS_4.7GB	contig_12466	5714	6536	bacA_peptide_antibiotic	4	822	822	1.0	Unknown taxonomy (chromosome or plasmid)
barcode08_DS_4.7GB	contig_12526	11138	12257	vanT gene in vanG cluster_glycopeptide_antibiotic	3	1119	1119	1.0	
barcode08_DS_4.7GB	contig_12674	6154	7210	emrK_tetracycline_antibiotic	3	1056	1056	1.0	Unknown taxonomy (chromosome or plasmid)
barcode08_DS_4.7GB	contig_12749	43297	44365	vanG_glycopeptide_antibiotic	7	1068	1068	1.0	
barcode08_DS_4.7GB	contig_12830	14091	14940	vanY gene in vanB cluster_glycopeptide_antibiotic	13	849	849	1.0	
barcode08_DS_4.7GB	contig_12888	6772	8059	efmA_macrolide_antibiotic;_fluoroquinolone_antibiotic	4	1287	1287	1.0	Enterococcus faecium (chromosome)
barcode08_DS_4.7GB	contig_12913	4181	5096	vanY gene in vanB cluster_glycopeptide_antibiotic	9	915	915	1.0	Faecalibacterium prausnitzii (chromosome)
barcode08_DS_4.7GB	contig_12924	16839	18762	tet(44)_tetracycline_antibiotic	5	1923	1923	1.0	Clostridium perfringens (chromosome)
barcode08_DS_4.7GB	contig_12958	35263	36742	vanW gene in vanI cluster_glycopeptide_antibiotic	7	1479	1479	1.0	
barcode08_DS_4.7GB	contig_12960	3623	4415	vanY gene in vanB cluster_glycopeptide_antibiotic	9	792	792	1.0	
barcode08_DS_4.7GB	contig_12986	6185	7358	vanY gene in vanA cluster_glycopeptide_antibiotic	4	1173	1173	1.0	
barcode08_DS_4.7GB	contig_13025	17104	20245	adeF_fluoroquinolone_antibiotic;_tetracycline_antibiotic	6	3141	3141	1.0	
barcode08_DS_4.7GB	contig_13037	27954	29115	vanT gene in vanG cluster_glycopeptide_antibiotic	7	1161	1161	1.0	
barcode08_DS_4.7GB	contig_13039	206	1721	aadT_macrolide_antibiotic;_tetracycline_antibiotic;_disinfecting_agents_and_antiseptics	5	1515	1515	1.0	
barcode08_DS_4.7GB	contig_13039	5922	6765	OXA-58_carbapenem;_penam	7	843	843	1.0	Unknown taxonomy (chromosome or plasmid)
barcode08_DS_4.7GB	contig_13041	1464	3138	eptB_peptide_antibiotic	5	1674	1674	1.0	Klebsiella pneumoniae (chromosome)
barcode08_DS_4.7GB	contig_1308	87744	88053	qacG_disinfecting_agents_and_antiseptics	6	309	309	1.0	
barcode08_DS_4.7GB	contig_13095	13248	13752	nimG_nitroimidazole_antibiotic	3	504	504	1.0	
barcode08_DS_4.7GB	contig_13120	6188	6662	dfrF_diaminopyrimidine_antibiotic	24	474	474	1.0	Unknown taxonomy (chromosome or plasmid)
barcode08_DS_4.7GB	contig_132	125064	126768	vanW gene in vanI cluster_glycopeptide_antibiotic	9	1704	1704	1.0	
barcode08_DS_4.7GB	contig_13263	4800	6882	vanT gene in vanG cluster_glycopeptide_antibiotic	7	2082	2082	1.0	
barcode08_DS_4.7GB	contig_13263	6868	7621	vanXY gene in vanG cluster_glycopeptide_antibiotic	10	753	753	1.0	
barcode08_DS_4.7GB	contig_1352	42229	43009	APH(3')-VIa_aminoglycoside_antibiotic	37	780	780	1.0	Unknown taxonomy (chromosome or plasmid)
barcode08_DS_4.7GB	contig_13614	3994	5086	vanG_glycopeptide_antibiotic	9	1092	1092	1.0	Faecalibacterium prausnitzii (chromosome)
barcode08_DS_4.7GB	contig_13666	52615	53716	vanT gene in vanG cluster_glycopeptide_antibiotic	6	1101	1101	1.0	
barcode08_DS_4.7GB	contig_13908	15427	16660	mdtM_fluoroquinolone_antibiotic;_lincosamide_antibiotic;_nucleoside_antibiotic;_phenicol_antibiotic;_disinfecting_agents_and_antiseptics	5	1233	1233	1.0	Escherichia coli (chromosome or plasmid)
barcode08_DS_4.7GB	contig_13928	505	1183	IMP-16_carbapenem;_cephalosporin;_cephamycin;_penam;_penem	8	678	678	1.0	Unknown taxonomy (plasmid)
barcode08_DS_4.7GB	contig_13928	1847	2486	AAC(6')-31_aminoglycoside_antibiotic	22	639	639	1.0	Pseudomonas aeruginosa (plasmid)
barcode08_DS_4.7GB	contig_13928	3339	4131	aadA_aminoglycoside_antibiotic	16	792	792	1.0	Unknown taxonomy (chromosome or plasmid)
barcode08_DS_4.7GB	contig_13929	55832	56273	vanW gene in vanI cluster_glycopeptide_antibiotic	3	441	441	1.0	
barcode08_DS_4.7GB	contig_1398	9463	9649	rsmA_fluoroquinolone_antibiotic;_diaminopyrimidine_antibiotic;_phenicol_antibiotic	12	186	186	1.0	Unknown taxonomy (chromosome or plasmid)
barcode08_DS_4.7GB	contig_14102	21170	22814	eptA_peptide_antibiotic	6	1644	1644	1.0	Escherichia coli (chromosome or plasmid)
barcode08_DS_4.7GB	contig_14132	2	554	vanY gene in vanG cluster_glycopeptide_antibiotic	3	552	552	1.0	
barcode08_DS_4.7GB	contig_14205	6289	7495	tet(B)_tetracycline_antibiotic	4	1206	1206	1.0	Unknown taxonomy (chromosome or plasmid)
barcode08_DS_4.7GB	contig_14205	7576	8200	tetR_tetracycline_antibiotic	6	624	624	1.0	Unknown taxonomy (chromosome or plasmid)
barcode08_DS_4.7GB	contig_14216	10626	11406	aadA_aminoglycoside_antibiotic	16	780	780	1.0	Unknown taxonomy (chromosome or plasmid)
barcode08_DS_4.7GB	contig_14216	11435	11969	ANT(2'')-Ia_aminoglycoside_antibiotic	15	534	534	1.0	Unknown taxonomy (chromosome or plasmid)
barcode08_DS_4.7GB	contig_14216	13029	13488	AAC(6')-Il_aminoglycoside_antibiotic	16	459	459	1.0	Unknown taxonomy (chromosome or plasmid)
barcode08_DS_4.7GB	contig_143	113143	114253	vanG_glycopeptide_antibiotic	15	1110	1110	1.0	
barcode08_DS_4.7GB	contig_14318	471	1209	ErmB_macrolide_antibiotic;_lincosamide_antibiotic;_streptogramin_antibiotic;_streptogramin_A_antibiotic;_streptogramin_B_antibiotic	20	738	738	1.0	Unknown taxonomy (chromosome or plasmid)
barcode08_DS_4.7GB	contig_14351	52059	52383	qacG_disinfecting_agents_and_antiseptics	11	324	324	1.0	
barcode08_DS_4.7GB	contig_1437	71480	71816	qacG_disinfecting_agents_and_antiseptics	91	336	336	1.0	
barcode08_DS_4.7GB	contig_14370	8650	9808	AcrE_fluoroquinolone_antibiotic;_cephalosporin;_cephamycin;_penam	8	1158	1158	1.0	Escherichia coli (chromosome or plasmid)
barcode08_DS_4.7GB	contig_14370	10206	10869	AcrS_fluoroquinolone_antibiotic;_cephalosporin;_glycylcycline;_cephamycin;_penam;_tetracycline_antibiotic;_rifamycin_antibiotic;_phenicol_antibiotic;_disinfecting_agents_and_antiseptics	6	663	663	1.0	Unknown taxonomy (chromosome or plasmid)
barcode08_DS_4.7GB	contig_14387	2884	3385	nimJ_nitroimidazole_antibiotic	12	501	501	1.0	
barcode08_DS_4.7GB	contig_14408	19582	20575	vanT gene in vanG cluster_glycopeptide_antibiotic	3	993	993	1.0	
barcode08_DS_4.7GB	contig_14418	36801	37989	vanT gene in vanG cluster_glycopeptide_antibiotic	12	1188	1188	1.0	
barcode08_DS_4.7GB	contig_14472	6266	6833	vanY gene in vanB cluster_glycopeptide_antibiotic	4	567	567	1.0	
barcode08_DS_4.7GB	contig_14592	3633	4284	vanY gene in vanB cluster_glycopeptide_antibiotic	11	651	651	1.0	Faecalibacterium prausnitzii (chromosome)
barcode08_DS_4.7GB	contig_14619	33443	34325	vanW gene in vanG cluster_glycopeptide_antibiotic	10	882	882	1.0	Acinetobacter johnsonii (chromosome)
barcode08_DS_4.7GB	contig_14631	846	1212	qacG_disinfecting_agents_and_antiseptics	4	366	366	1.0	Acinetobacter johnsonii (chromosome)
barcode08_DS_4.7GB	contig_14644	93058	94531	vanW gene in vanI cluster_glycopeptide_antibiotic	6	1473	1473	1.0	
barcode08_DS_4.7GB	contig_14694	4411	4870	AAC(6')-Il_aminoglycoside_antibiotic	16	459	459	1.0	Unknown taxonomy (chromosome or plasmid)
barcode08_DS_4.7GB	contig_14694	4943	5807	GES-1_carbapenem;_cephalosporin;_penam	35	864	864	1.0	Unknown taxonomy (chromosome or plasmid)
barcode08_DS_4.7GB	contig_1480	471	1137	ErmB_macrolide_antibiotic;_lincosamide_antibiotic;_streptogramin_antibiotic;_streptogramin_A_antibiotic;_streptogramin_B_antibiotic	17	666	666	1.0	Unknown taxonomy (chromosome or plasmid)
barcode08_DS_4.7GB	contig_14917	2898	3996	vanG_glycopeptide_antibiotic	8	1098	1098	1.0	Faecalibacterium prausnitzii (chromosome)
barcode08_DS_4.7GB	contig_14995	3688	4426	ErmB_macrolide_antibiotic;_lincosamide_antibiotic;_streptogramin_antibiotic;_streptogramin_A_antibiotic;_streptogramin_B_antibiotic	32	738	738	1.0	Unknown taxonomy (chromosome or plasmid)
barcode08_DS_4.7GB	contig_150	2243	3242	vanW gene in vanI cluster_glycopeptide_antibiotic	4	999	999	1.0	
barcode08_DS_4.7GB	contig_15043	1039	3094	tet(36)_tetracycline_antibiotic	7	2055	2055	1.0	
barcode08_DS_4.7GB	contig_15051	15175	15364	vanY gene in vanM cluster_glycopeptide_antibiotic	6	189	189	1.0	Faecalibacterium prausnitzii (chromosome)
barcode08_DS_4.7GB	contig_15052	22026	22848	vanY gene in vanB cluster_glycopeptide_antibiotic	19	822	822	1.0	Faecalibacterium prausnitzii (chromosome)
barcode08_DS_4.7GB	contig_15223	2181	3051	vanT gene in vanG cluster_glycopeptide_antibiotic	6	870	870	1.0	
barcode08_DS_4.7GB	contig_15241	8850	10023	vanY gene in vanF cluster_glycopeptide_antibiotic	5	1173	1173	1.0	
barcode08_DS_4.7GB	contig_15277	4919	7310	vanW gene in vanI cluster_glycopeptide_antibiotic	3	2391	2391	1.0	
barcode08_DS_4.7GB	contig_1604	84174	85305	vanT gene in vanG cluster_glycopeptide_antibiotic	21	1131	1131	1.0	
barcode08_DS_4.7GB	contig_1612	10466	13622	adeF_fluoroquinolone_antibiotic;_tetracycline_antibiotic	91	3156	3156	1.0	
barcode08_DS_4.7GB	contig_1724	48014	49532	vanW gene in vanI cluster_glycopeptide_antibiotic	5	1518	1518	1.0	
barcode08_DS_4.7GB	contig_1769	484	1264	APH(3')-VIa_aminoglycoside_antibiotic	23	780	780	1.0	Unknown taxonomy (chromosome or plasmid)
barcode08_DS_4.7GB	contig_1780	3043	4231	tet(39)_tetracycline_antibiotic	19	1188	1188	1.0	Unknown taxonomy (plasmid)
barcode08_DS_4.7GB	contig_18	36595	36928	qacL_disinfecting_agents_and_antiseptics	32	333	333	1.0	Unknown taxonomy (chromosome or plasmid)
barcode08_DS_4.7GB	contig_18	37697	38030	qacL_disinfecting_agents_and_antiseptics	38	333	333	1.0	Unknown taxonomy (chromosome or plasmid)
barcode08_DS_4.7GB	contig_1844	151950	152445	lnuC_lincosamide_antibiotic	54	495	495	1.0	Unknown taxonomy (chromosome or plasmid)
barcode08_DS_4.7GB	contig_1847	25697	26192	dfrF_diaminopyrimidine_antibiotic	26	495	495	1.0	Unknown taxonomy (chromosome or plasmid)
barcode08_DS_4.7GB	contig_1891	656	1436	APH(3')-VIa_aminoglycoside_antibiotic	27	780	780	1.0	Unknown taxonomy (chromosome or plasmid)
barcode08_DS_4.7GB	contig_1896	10743	11208	FosI_phosphonic_acid_antibiotic	33	465	465	1.0	
barcode08_DS_4.7GB	contig_1905	28	493	FosI_phosphonic_acid_antibiotic	11	465	465	1.0	
barcode08_DS_4.7GB	contig_1948	90367	93559	adeF_fluoroquinolone_antibiotic;_tetracycline_antibiotic	134	3192	3192	1.0	
barcode08_DS_4.7GB	contig_1948	346104	346611	nimK_nitroimidazole_antibiotic	133	507	507	1.0	
barcode08_DS_4.7GB	contig_1948	1048665	1049901	vanW gene in vanI cluster_glycopeptide_antibiotic	115	1236	1236	1.0	
barcode08_DS_4.7GB	contig_1976	46562	47723	vanT gene in vanG cluster_glycopeptide_antibiotic	8	1161	1161	1.0	
barcode08_DS_4.7GB	contig_1977	975	1860	mphE_macrolide_antibiotic	61	885	885	1.0	Unknown taxonomy (chromosome or plasmid)
barcode08_DS_4.7GB	contig_1977	1915	3391	msrE_macrolide_antibiotic;_streptogramin_antibiotic	60	1476	1476	1.0	Unknown taxonomy (chromosome or plasmid)
barcode08_DS_4.7GB	contig_1978	59111	59996	mphE_macrolide_antibiotic	62	885	885	1.0	Unknown taxonomy (chromosome or plasmid)
barcode08_DS_4.7GB	contig_1978	60051	61527	msrE_macrolide_antibiotic;_streptogramin_antibiotic	60	1476	1476	1.0	Unknown taxonomy (chromosome or plasmid)
barcode08_DS_4.7GB	contig_2240	159210	160197	vanH gene in vanO cluster_glycopeptide_antibiotic	219	987	987	1.0	
barcode08_DS_4.7GB	contig_2240	741600	742758	vanT gene in vanG cluster_glycopeptide_antibiotic	214	1158	1158	1.0	
barcode08_DS_4.7GB	contig_2258	97573	98959	vanW gene in vanI cluster_glycopeptide_antibiotic	11	1386	1386	1.0	
barcode08_DS_4.7GB	contig_2268	23287	24463	vanT gene in vanG cluster_glycopeptide_antibiotic	3	1176	1176	1.0	
barcode08_DS_4.7GB	contig_2302	12762	13608	vanY gene in vanF cluster_glycopeptide_antibiotic	3	846	846	1.0	
barcode08_DS_4.7GB	contig_2302	13597	14302	vanY gene in vanF cluster_glycopeptide_antibiotic	3	705	705	1.0	
barcode08_DS_4.7GB	contig_2344	3673	4513	vanW gene in vanG cluster_glycopeptide_antibiotic	4	840	840	1.0	
barcode08_DS_4.7GB	contig_2387	435	930	lnuC_lincosamide_antibiotic	45	495	495	1.0	Unknown taxonomy (chromosome or plasmid)
barcode08_DS_4.7GB	contig_245	162624	163785	vanT gene in vanG cluster_glycopeptide_antibiotic	62	1161	1161	1.0	
barcode08_DS_4.7GB	contig_2487	75113	76223	vanG_glycopeptide_antibiotic	6	1110	1110	1.0	
barcode08_DS_4.7GB	contig_2560	37035	40599	Bifidobacterium adolescentis rpoB mutants conferring resistance to rifampicin_rifamycin_antibiotic	15	3564	3564	1.0	Bifidobacterium longum (chromosome)
barcode08_DS_4.7GB	contig_2725	62817	63141	Escherichia coli soxS with mutation conferring antibiotic resistance_fluoroquinolone_antibiotic;_monobactam;_carbapenem;_cephalosporin;_glycylcycline;_cephamycin;_penam;_tetracycline_antibiotic;_rifamycin_antibiotic;_phenicol_antibiotic;_penem;_disinfecting_agents_and_antiseptics	9	324	324	1.0	Unknown taxonomy (chromosome or plasmid)
barcode08_DS_4.7GB	contig_2725	63226	63691	Escherichia coli soxR with mutation conferring antibiotic resistance_fluoroquinolone_antibiotic;_cephalosporin;_glycylcycline;_penam;_tetracycline_antibiotic;_rifamycin_antibiotic;_phenicol_antibiotic;_disinfecting_agents_and_antiseptics	7	465	465	1.0	Unknown taxonomy (chromosome or plasmid)
barcode08_DS_4.7GB	contig_2753	5654	6860	vanT gene in vanG cluster_glycopeptide_antibiotic	15	1206	1206	1.0	Faecalibacterium prausnitzii (chromosome)
barcode08_DS_4.7GB	contig_2815	6735	7554	vanY gene in vanB cluster_glycopeptide_antibiotic	24	819	819	1.0	Faecalibacterium prausnitzii (chromosome)
barcode08_DS_4.7GB	contig_2819	20702	21032	qacG_disinfecting_agents_and_antiseptics	21	330	330	1.0	Elizabethkingia anophelis (chromosome)
barcode08_DS_4.7GB	contig_2883	65634	66129	nimK_nitroimidazole_antibiotic	11	495	495	1.0	
barcode08_DS_4.7GB	contig_2942	1174	2614	AAC(6')-Ie-APH(2'')-Ia bifunctional protein_aminoglycoside_antibiotic	7	1440	1440	1.0	Unknown taxonomy (chromosome or plasmid)
barcode08_DS_4.7GB	contig_298	7908	9168	cmlA5_phenicol_antibiotic	15	1260	1260	1.0	Unknown taxonomy (chromosome or plasmid)
barcode08_DS_4.7GB	contig_298	9432	10245	OXA-10_cephalosporin;_penam	18	813	813	1.0	Unknown taxonomy (chromosome or plasmid)
barcode08_DS_4.7GB	contig_298	10349	10697	qacEdelta1_disinfecting_agents_and_antiseptics	93	348	348	1.0	Unknown taxonomy (chromosome or plasmid)
barcode08_DS_4.7GB	contig_298	10690	11530	sul1_sulfonamide_antibiotic	91	840	840	1.0	Unknown taxonomy (chromosome or plasmid)
barcode08_DS_4.7GB	contig_300	18587	20063	msrE_macrolide_antibiotic;_streptogramin_antibiotic	54	1476	1476	1.0	Unknown taxonomy (chromosome or plasmid)
barcode08_DS_4.7GB	contig_300	20118	21003	mphE_macrolide_antibiotic	45	885	885	1.0	Unknown taxonomy (chromosome or plasmid)
barcode08_DS_4.7GB	contig_300	22786	23320	ANT(2'')-Ia_aminoglycoside_antibiotic	28	534	534	1.0	Unknown taxonomy (chromosome or plasmid)
barcode08_DS_4.7GB	contig_300	23438	24269	OXA-4_cephalosporin;_penam	26	831	831	1.0	Pseudomonas aeruginosa (chromosome or plasmid)
barcode08_DS_4.7GB	contig_301	53626	55102	msrE_macrolide_antibiotic;_streptogramin_antibiotic	22	1476	1476	1.0	Unknown taxonomy (chromosome or plasmid)
barcode08_DS_4.7GB	contig_303	5238	6099	SHV-2A_carbapenem;_cephalosporin;_penam	8	861	861	1.0	Unknown taxonomy (chromosome or plasmid)
barcode08_DS_4.7GB	contig_303	9984	10821	APH(6)-Id_aminoglycoside_antibiotic	27	837	837	1.0	Unknown taxonomy (chromosome or plasmid)
barcode08_DS_4.7GB	contig_303	11685	12501	sul2_sulfonamide_antibiotic	24	816	816	1.0	Unknown taxonomy (chromosome or plasmid)
barcode08_DS_4.7GB	contig_303	16888	17386	dfrA12_diaminopyrimidine_antibiotic	19	498	498	1.0	Unknown taxonomy (chromosome or plasmid)
barcode08_DS_4.7GB	contig_303	17805	18585	aadA2_aminoglycoside_antibiotic	34	780	780	1.0	Unknown taxonomy (chromosome or plasmid)
barcode08_DS_4.7GB	contig_303	18748	19096	qacEdelta1_disinfecting_agents_and_antiseptics	79	348	348	1.0	Unknown taxonomy (chromosome or plasmid)
barcode08_DS_4.7GB	contig_303	19089	19929	sul1_sulfonamide_antibiotic	72	840	840	1.0	Unknown taxonomy (chromosome or plasmid)
barcode08_DS_4.7GB	contig_303	24004	25243	Mrx_macrolide_antibiotic	10	1239	1239	1.0	Unknown taxonomy (chromosome or plasmid)
barcode08_DS_4.7GB	contig_303	25239	26145	mphA_macrolide_antibiotic	7	906	906	1.0	Unknown taxonomy (chromosome or plasmid)
barcode08_DS_4.7GB	contig_3085	82422	84915	vanT gene in vanG cluster_glycopeptide_antibiotic	9	2493	2493	1.0	
barcode08_DS_4.7GB	contig_309	8868	9648	APH(3')-VIa_aminoglycoside_antibiotic	72	780	780	1.0	Unknown taxonomy (chromosome or plasmid)
barcode08_DS_4.7GB	contig_309	12063	12945	KPC-2_monobactam;_carbapenem;_cephalosporin;_penam	72	882	882	1.0	Unknown taxonomy (chromosome or plasmid)
barcode08_DS_4.7GB	contig_3098	23451	26565	acrD_aminoglycoside_antibiotic	12	3114	3114	1.0	Unknown taxonomy (chromosome or plasmid)
barcode08_DS_4.7GB	contig_311	18635	19415	APH(3')-VIa_aminoglycoside_antibiotic	12	780	780	1.0	Unknown taxonomy (chromosome or plasmid)
barcode08_DS_4.7GB	contig_312	3779	4646	SCO-1_cephalosporin;_penam;_penem	9	867	867	1.0	Unknown taxonomy (chromosome or plasmid)
barcode08_DS_4.7GB	contig_313	2117	2768	AAC(6')-Ib9_aminoglycoside_antibiotic	42	651	651	1.0	Unknown taxonomy (chromosome or plasmid)
barcode08_DS_4.7GB	contig_3151	18840	19578	ErmB_macrolide_antibiotic;_lincosamide_antibiotic;_streptogramin_antibiotic;_streptogramin_A_antibiotic;_streptogramin_B_antibiotic	47	738	738	1.0	Unknown taxonomy (chromosome or plasmid)
barcode08_DS_4.7GB	contig_321	3229	4024	vanY gene in vanB cluster_glycopeptide_antibiotic	9	795	795	1.0	
barcode08_DS_4.7GB	contig_3338	3468	4464	vanH gene in vanO cluster_glycopeptide_antibiotic	7	996	996	1.0	Faecalibacterium prausnitzii (chromosome)
barcode08_DS_4.7GB	contig_3693	147602	148382	APH(3')-VIa_aminoglycoside_antibiotic	12	780	780	1.0	Unknown taxonomy (chromosome or plasmid)
barcode08_DS_4.7GB	contig_3721	448	1312	GES-1_carbapenem;_cephalosporin;_penam	53	864	864	1.0	Unknown taxonomy (chromosome or plasmid)
barcode08_DS_4.7GB	contig_3721	1385	1844	AAC(6')-Il_aminoglycoside_antibiotic	44	459	459	1.0	Unknown taxonomy (chromosome or plasmid)
barcode08_DS_4.7GB	contig_3721	1861	2395	ANT(2'')-Ia_aminoglycoside_antibiotic	40	534	534	1.0	Unknown taxonomy (chromosome or plasmid)
barcode08_DS_4.7GB	contig_3721	3357	4212	ErmX_macrolide_antibiotic;_lincosamide_antibiotic;_streptogramin_antibiotic;_streptogramin_A_antibiotic;_streptogramin_B_antibiotic	35	855	855	1.0	Unknown taxonomy (chromosome or plasmid)
barcode08_DS_4.7GB	contig_3721	5504	6287	LCR-1_cephalosporin;_penam	15	783	783	1.0	Pseudomonas aeruginosa (chromosome or plasmid)
barcode08_DS_4.7GB	contig_3751	3416	3752	qacG_disinfecting_agents_and_antiseptics	6	336	336	1.0	
barcode08_DS_4.7GB	contig_3753	1	343	qacG_disinfecting_agents_and_antiseptics	2	342	342	1.0	
barcode08_DS_4.7GB	contig_3754	113	449	qacG_disinfecting_agents_and_antiseptics	3	336	336	1.0	
barcode08_DS_4.7GB	contig_381	16919	19187	adeF_fluoroquinolone_antibiotic;_tetracycline_antibiotic	16	2268	2268	1.0	Unknown taxonomy (chromosome)
barcode08_DS_4.7GB	contig_3882	27956	28682	vanY gene in vanB cluster_glycopeptide_antibiotic	25	726	726	1.0	Roseburia hominis (no genomic info)
barcode08_DS_4.7GB	contig_3883	13773	14118	vanY gene in vanB cluster_glycopeptide_antibiotic	7	345	345	1.0	Roseburia hominis (no genomic info)
barcode08_DS_4.7GB	contig_396	7778	8582	APH(3'')-Ib_aminoglycoside_antibiotic	45	804	804	1.0	Unknown taxonomy (chromosome or plasmid)
barcode08_DS_4.7GB	contig_396	8581	9418	APH(6)-Id_aminoglycoside_antibiotic	43	837	837	1.0	Unknown taxonomy (chromosome or plasmid)
barcode08_DS_4.7GB	contig_397	7179	8016	APH(6)-Id_aminoglycoside_antibiotic	44	837	837	1.0	Unknown taxonomy (chromosome or plasmid)
barcode08_DS_4.7GB	contig_4090	29050	29767	ACI-1_cephalosporin;_penam;_penem	5	717	717	1.0	
barcode08_DS_4.7GB	contig_4095	2065	5257	adeF_fluoroquinolone_antibiotic;_tetracycline_antibiotic	7	3192	3192	1.0	
barcode08_DS_4.7GB	contig_417	6432	8145	tet(M)_tetracycline_antibiotic	12	1713	1713	1.0	Unknown taxonomy (chromosome or plasmid)
barcode08_DS_4.7GB	contig_417	8325	9255	Erm(52)_macrolide_antibiotic;_lincosamide_antibiotic;_streptogramin_antibiotic	14	930	930	1.0	
barcode08_DS_4.7GB	contig_417	18511	20431	tet(O)_tetracycline_antibiotic	88	1920	1920	1.0	Unknown taxonomy (chromosome or plasmid)
barcode08_DS_4.7GB	contig_4248	307	586	qacJ_disinfecting_agents_and_antiseptics	3	279	279	1.0	Acinetobacter johnsonii (chromosome)
barcode08_DS_4.7GB	contig_4324	28087	29482	vanW gene in vanI cluster_glycopeptide_antibiotic	3	1395	1395	1.0	
barcode08_DS_4.7GB	contig_44	7250	8132	KPC-2_monobactam;_carbapenem;_cephalosporin;_penam	53	882	882	1.0	Unknown taxonomy (chromosome or plasmid)
barcode08_DS_4.7GB	contig_4423	52	778	vanY gene in vanB cluster_glycopeptide_antibiotic	4	726	726	1.0	Roseburia hominis (no genomic info)
barcode08_DS_4.7GB	contig_443	23406	24531	vanH gene in vanO cluster_glycopeptide_antibiotic	5	1125	1125	1.0	
barcode08_DS_4.7GB	contig_443	24527	25568	vanO_glycopeptide_antibiotic	6	1041	1041	1.0	
barcode08_DS_4.7GB	contig_443	25564	26197	vanX gene in vanO cluster_glycopeptide_antibiotic	6	633	633	1.0	
barcode08_DS_4.7GB	contig_4434	10602	11736	EC-15_cephalosporin	7	1134	1134	1.0	Escherichia coli (chromosome or plasmid)
barcode08_DS_4.7GB	contig_445	49200	49695	lnuC_lincosamide_antibiotic	47	495	495	1.0	Unknown taxonomy (chromosome or plasmid)
barcode08_DS_4.7GB	contig_4481	18613	20041	vanW gene in vanI cluster_glycopeptide_antibiotic	5	1428	1428	1.0	
barcode08_DS_4.7GB	contig_449	674841	676803	tet(O)_tetracycline_antibiotic	10	1962	1962	1.0	
barcode08_DS_4.7GB	contig_449	683722	684895	vanT gene in vanG cluster_glycopeptide_antibiotic	13	1173	1173	1.0	
barcode08_DS_4.7GB	contig_449	835571	836765	vanT gene in vanG cluster_glycopeptide_antibiotic	22	1194	1194	1.0	
barcode08_DS_4.7GB	contig_4524	24163	25768	vanW gene in vanI cluster_glycopeptide_antibiotic	23	1605	1605	1.0	
barcode08_DS_4.7GB	contig_4608	78998	80993	vanW gene in vanI cluster_glycopeptide_antibiotic	7	1995	1995	1.0	
barcode08_DS_4.7GB	contig_4630	14429	15761	vanW gene in vanI cluster_glycopeptide_antibiotic	3	1332	1332	1.0	
barcode08_DS_4.7GB	contig_4637	25886	29078	adeF_fluoroquinolone_antibiotic;_tetracycline_antibiotic	13	3192	3192	1.0	
barcode08_DS_4.7GB	contig_469	2	1514	msbA_nitroimidazole_antibiotic	4	1512	1512	1.0	Escherichia coli (chromosome)
barcode08_DS_4.7GB	contig_4694	12739	13564	OXA-333_carbapenem;_penam	16	825	825	1.0	Acinetobacter johnsonii (chromosome)
barcode08_DS_4.7GB	contig_489	56125	57385	vanW gene in vanI cluster_glycopeptide_antibiotic	10	1260	1260	1.0	
barcode08_DS_4.7GB	contig_4942	274208	275354	vanT gene in vanG cluster_glycopeptide_antibiotic	20	1146	1146	1.0	
barcode08_DS_4.7GB	contig_4942	1045634	1048760	adeF_fluoroquinolone_antibiotic;_tetracycline_antibiotic	23	3126	3126	1.0	
barcode08_DS_4.7GB	contig_4942	1416614	1418003	vanW gene in vanI cluster_glycopeptide_antibiotic	13	1389	1389	1.0	
barcode08_DS_4.7GB	contig_4942	1638938	1642091	adeF_fluoroquinolone_antibiotic;_tetracycline_antibiotic	16	3153	3153	1.0	
barcode08_DS_4.7GB	contig_499	703960	705070	vanT gene in vanG cluster_glycopeptide_antibiotic	111	1110	1110	1.0	
barcode08_DS_4.7GB	contig_499	1591583	1594775	adeF_fluoroquinolone_antibiotic;_tetracycline_antibiotic	89	3192	3192	1.0	
barcode08_DS_4.7GB	contig_5080	4988	5813	OXA-333_carbapenem;_penam	11	825	825	1.0	Acinetobacter johnsonii (chromosome)
barcode08_DS_4.7GB	contig_5085	422	956	ANT(2'')-Ia_aminoglycoside_antibiotic	17	534	534	1.0	Unknown taxonomy (chromosome or plasmid)
barcode08_DS_4.7GB	contig_5085	1087	1546	AAC(6')-Il_aminoglycoside_antibiotic	17	459	459	1.0	Unknown taxonomy (chromosome or plasmid)
barcode08_DS_4.7GB	contig_51	1105	1933	OXA-253_carbapenem;_penam	50	828	828	1.0	Acinetobacter baumannii (chromosome)
barcode08_DS_4.7GB	contig_5107	27160	28339	vanT gene in vanG cluster_glycopeptide_antibiotic	14	1179	1179	1.0	
barcode08_DS_4.7GB	contig_5125	4691	5552	AAC(3)-IIe_aminoglycoside_antibiotic	7	861	861	1.0	Unknown taxonomy (chromosome or plasmid)
barcode08_DS_4.7GB	contig_5153	10719	11814	vanY gene in vanB cluster_glycopeptide_antibiotic	5	1095	1095	1.0	
barcode08_DS_4.7GB	contig_5165	3496	4303	vanY gene in vanB cluster_glycopeptide_antibiotic	9	807	807	1.0	Faecalibacterium prausnitzii (chromosome)
barcode08_DS_4.7GB	contig_5192	9915	11025	vanT gene in vanG cluster_glycopeptide_antibiotic	147	1110	1110	1.0	
barcode08_DS_4.7GB	contig_5218	790	1411	QnrS1_fluoroquinolone_antibiotic	4	621	621	1.0	Unknown taxonomy (chromosome or plasmid)
barcode08_DS_4.7GB	contig_5273	12506	13601	vanG_glycopeptide_antibiotic	8	1095	1095	1.0	Faecalibacterium prausnitzii (no genomic info)
barcode08_DS_4.7GB	contig_5301	5695	6796	vanT gene in vanG cluster_glycopeptide_antibiotic	13	1101	1101	1.0	Faecalibacterium prausnitzii (chromosome)
barcode08_DS_4.7GB	contig_5326	23166	24858	vanW gene in vanI cluster_glycopeptide_antibiotic	5	1692	1692	1.0	
barcode08_DS_4.7GB	contig_538	1965	3642	vanW gene in vanI cluster_glycopeptide_antibiotic	8	1677	1677	1.0	Roseburia hominis (no genomic info)
barcode08_DS_4.7GB	contig_5405	7539	8073	ANT(2'')-Ia_aminoglycoside_antibiotic	26	534	534	1.0	Unknown taxonomy (chromosome or plasmid)
barcode08_DS_4.7GB	contig_5405	8195	9137	GES-26_carbapenem;_cephalosporin;_penam	26	942	942	1.0	Unknown taxonomy (chromosome or plasmid)
barcode08_DS_4.7GB	contig_5405	9133	9592	AAC(6')-Il_aminoglycoside_antibiotic	17	459	459	1.0	Unknown taxonomy (chromosome or plasmid)
barcode08_DS_4.7GB	contig_5497	7256	8438	vanT gene in vanG cluster_glycopeptide_antibiotic	4	1182	1182	1.0	
barcode08_DS_4.7GB	contig_552	12779	14672	tet(W)_tetracycline_antibiotic	111	1893	1893	1.0	Unknown taxonomy (chromosome or plasmid)
barcode08_DS_4.7GB	contig_566	30101	31196	vanG_glycopeptide_antibiotic	23	1095	1095	1.0	Faecalibacterium prausnitzii (chromosome)
barcode08_DS_4.7GB	contig_593	12534	13344	vanW gene in vanG cluster_glycopeptide_antibiotic	13	810	810	1.0	
barcode08_DS_4.7GB	contig_6006	333930	335526	vanW gene in vanI cluster_glycopeptide_antibiotic	5	1596	1596	1.0	
barcode08_DS_4.7GB	contig_6047	9565	10312	vanW gene in vanI cluster_glycopeptide_antibiotic	5	747	747	1.0	
barcode08_DS_4.7GB	contig_6067	82167	83277	vanT gene in vanG cluster_glycopeptide_antibiotic	12	1110	1110	1.0	
barcode08_DS_4.7GB	contig_616	19337	21257	tet(O)_tetracycline_antibiotic	91	1920	1920	1.0	Unknown taxonomy (chromosome or plasmid)
barcode08_DS_4.7GB	contig_6170	688	2611	vanW gene in vanI cluster_glycopeptide_antibiotic	10	1923	1923	1.0	
barcode08_DS_4.7GB	contig_6245	7997	8927	vanY gene in vanB cluster_glycopeptide_antibiotic	11	930	930	1.0	Faecalibacterium prausnitzii (no genomic info)
barcode08_DS_4.7GB	contig_6251	1786	2575	aadA5_aminoglycoside_antibiotic	26	789	789	1.0	Unknown taxonomy (chromosome or plasmid)
barcode08_DS_4.7GB	contig_6251	3110	3569	AAC(6')-Il_aminoglycoside_antibiotic	13	459	459	1.0	Unknown taxonomy (chromosome or plasmid)
barcode08_DS_4.7GB	contig_6251	3709	4294	AAC(6')-IIc_aminoglycoside_antibiotic	30	585	585	1.0	Unknown taxonomy (chromosome or plasmid)
barcode08_DS_4.7GB	contig_630	81953	82448	lnuC_lincosamide_antibiotic	56	495	495	1.0	Unknown taxonomy (chromosome or plasmid)
barcode08_DS_4.7GB	contig_630	197391	197895	nimJ_nitroimidazole_antibiotic	16	504	504	1.0	
barcode08_DS_4.7GB	contig_630	680468	681725	vanW gene in vanI cluster_glycopeptide_antibiotic	12	1257	1257	1.0	
barcode08_DS_4.7GB	contig_636	237422	238544	vanT gene in vanG cluster_glycopeptide_antibiotic	13	1122	1122	1.0	
barcode08_DS_4.7GB	contig_643	1	1231	tet(40)_tetracycline_antibiotic	18	1230	1230	1.0	Unknown taxonomy (chromosome)
barcode08_DS_4.7GB	contig_6482	2365	2989	catS_phenicol_antibiotic	10	624	624	1.0	Parvimonas micra (chromosome)
barcode08_DS_4.7GB	contig_656	29807	30623	sul2_sulfonamide_antibiotic	70	816	816	1.0	Unknown taxonomy (chromosome or plasmid)
barcode08_DS_4.7GB	contig_656	32138	33024	mphG_macrolide_antibiotic	53	886	886	1.0	
barcode08_DS_4.7GB	contig_6562	6303	6603	vanY gene in vanM cluster_glycopeptide_antibiotic	10	300	300	1.0	Faecalibacterium prausnitzii (chromosome)
barcode08_DS_4.7GB	contig_66	261975	263100	vanT gene in vanG cluster_glycopeptide_antibiotic	9	1125	1125	1.0	
barcode08_DS_4.7GB	contig_663	6909	7795	mphG_macrolide_antibiotic	54	886	886	1.0	
barcode08_DS_4.7GB	contig_6631	9462	10572	vanT gene in vanG cluster_glycopeptide_antibiotic	146	1110	1110	1.0	
barcode08_DS_4.7GB	contig_671	5488	6877	vanW gene in vanI cluster_glycopeptide_antibiotic	10	1389	1389	1.0	
barcode08_DS_4.7GB	contig_676	1097640	1098759	vanT gene in vanG cluster_glycopeptide_antibiotic	27	1119	1119	1.0	
barcode08_DS_4.7GB	contig_679	64788	67959	adeF_fluoroquinolone_antibiotic;_tetracycline_antibiotic	29	3171	3171	1.0	
barcode08_DS_4.7GB	contig_679	687477	689031	vanW gene in vanI cluster_glycopeptide_antibiotic	12	1554	1554	1.0	
barcode08_DS_4.7GB	contig_679	784224	785709	lsaE_lincosamide_antibiotic;_streptogramin_antibiotic;_pleuromutilin_antibiotic	14	1485	1485	1.0	Streptococcus (chromosome or plasmid)
barcode08_DS_4.7GB	contig_679	785762	786566	lnuB_lincosamide_antibiotic	11	804	804	1.0	Unknown taxonomy (chromosome or plasmid)
barcode08_DS_4.7GB	contig_683	497343	497907	lnuC_lincosamide_antibiotic	69	564	564	1.0	Unknown taxonomy (chromosome or plasmid)
barcode08_DS_4.7GB	contig_683	1427689	1429183	vanW gene in vanI cluster_glycopeptide_antibiotic	18	1494	1494	1.0	
barcode08_DS_4.7GB	contig_683	1498474	1499677	vanT gene in vanG cluster_glycopeptide_antibiotic	21	1203	1203	1.0	
barcode08_DS_4.7GB	contig_685	57140	57704	lnuC_lincosamide_antibiotic	27	564	564	1.0	Unknown taxonomy (chromosome or plasmid)
barcode08_DS_4.7GB	contig_685	123626	126779	adeF_fluoroquinolone_antibiotic;_tetracycline_antibiotic	21	3153	3153	1.0	
barcode08_DS_4.7GB	contig_6861	6311	6656	qacG_disinfecting_agents_and_antiseptics	32	345	345	1.0	Unknown taxonomy (chromosome or plasmid)
barcode08_DS_4.7GB	contig_6862	6750	7578	OXA-253_carbapenem;_penam	40	828	828	1.0	Acinetobacter baumannii (chromosome)
barcode08_DS_4.7GB	contig_6997	10484	11471	vanH gene in vanO cluster_glycopeptide_antibiotic	14	987	987	1.0	
barcode08_DS_4.7GB	contig_7001	555	1542	vanH gene in vanO cluster_glycopeptide_antibiotic	4	987	987	1.0	
barcode08_DS_4.7GB	contig_7094	3631	4495	GES-1_carbapenem;_cephalosporin;_penam	36	864	864	1.0	Unknown taxonomy (chromosome or plasmid)
barcode08_DS_4.7GB	contig_711	3228	3720	AAC(6')-IIa_aminoglycoside_antibiotic	20	492	492	1.0	Unknown taxonomy (chromosome or plasmid)
barcode08_DS_4.7GB	contig_711	4483	5284	VIM-4_carbapenem;_cephalosporin;_cephamycin;_penam;_penem	26	801	801	1.0	Unknown taxonomy (chromosome or plasmid)
barcode08_DS_4.7GB	contig_712	10770	11325	AAC(6')-IIa_aminoglycoside_antibiotic	24	555	555	1.0	Unknown taxonomy (chromosome or plasmid)
barcode08_DS_4.7GB	contig_712	11472	11931	AAC(6')-Il_aminoglycoside_antibiotic	29	459	459	1.0	Unknown taxonomy (chromosome or plasmid)
barcode08_DS_4.7GB	contig_712	12024	12825	VIM-4_carbapenem;_cephalosporin;_cephamycin;_penam;_penem	29	801	801	1.0	Unknown taxonomy (chromosome or plasmid)
barcode08_DS_4.7GB	contig_7134	707	1298	AAC(6')-31_aminoglycoside_antibiotic	12	591	591	1.0	Pseudomonas aeruginosa (plasmid)
barcode08_DS_4.7GB	contig_7134	3336	4032	AAC(6')-IIc_aminoglycoside_antibiotic	32	696	696	1.0	Unknown taxonomy (chromosome or plasmid)
barcode08_DS_4.7GB	contig_7134	4662	5451	aadA5_aminoglycoside_antibiotic	28	789	789	1.0	Unknown taxonomy (chromosome or plasmid)
barcode08_DS_4.7GB	contig_7134	5738	6071	qacL_disinfecting_agents_and_antiseptics	27	333	333	1.0	Unknown taxonomy (chromosome or plasmid)
barcode08_DS_4.7GB	contig_7134	6159	6715	AAC(6')-Ib4_aminoglycoside_antibiotic	48	556	556	1.0	Unknown taxonomy (chromosome or plasmid)
barcode08_DS_4.7GB	contig_7162	13794	14517	baeR_aminoglycoside_antibiotic;_aminocoumarin_antibiotic	3	723	723	1.0	Unknown taxonomy (chromosome or plasmid)
barcode08_DS_4.7GB	contig_7166	1881	2745	GES-1_carbapenem;_cephalosporin;_penam	30	864	864	1.0	Unknown taxonomy (chromosome or plasmid)
barcode08_DS_4.7GB	contig_7166	2818	3277	AAC(6')-Il_aminoglycoside_antibiotic	18	459	459	1.0	Unknown taxonomy (chromosome or plasmid)
barcode08_DS_4.7GB	contig_7166	3639	4195	AAC(6')-Ib4_aminoglycoside_antibiotic	36	556	556	1.0	Unknown taxonomy (chromosome or plasmid)
barcode08_DS_4.7GB	contig_7183	7581	7923	vanY gene in vanB cluster_glycopeptide_antibiotic	4	342	342	1.0	
barcode08_DS_4.7GB	contig_719	29607	29850	rsmA_fluoroquinolone_antibiotic;_diaminopyrimidine_antibiotic;_phenicol_antibiotic	25	243	243	1.0	
barcode08_DS_4.7GB	contig_7191	20409	22176	Haemophilus influenzae PBP3 conferring resistance to beta-lactam antibiotics_cephalosporin;_cephamycin;_penam	4	1767	1767	1.0	Escherichia coli (chromosome or plasmid)
barcode08_DS_4.7GB	contig_7237	6213	7098	vanT gene in vanG cluster_glycopeptide_antibiotic	3	885	885	1.0	
barcode08_DS_4.7GB	contig_737	4675	5413	ErmB_macrolide_antibiotic;_lincosamide_antibiotic;_streptogramin_antibiotic;_streptogramin_A_antibiotic;_streptogramin_B_antibiotic	16	738	738	1.0	Unknown taxonomy (chromosome or plasmid)
barcode08_DS_4.7GB	contig_7495	1186	3634	vanT gene in vanG cluster_glycopeptide_antibiotic	11	2448	2448	1.0	
barcode08_DS_4.7GB	contig_7530	2956	4114	vanT gene in vanG cluster_glycopeptide_antibiotic	9	1158	1158	1.0	Faecalibacterium prausnitzii (chromosome)
barcode08_DS_4.7GB	contig_7531	101	449	qacEdelta1_disinfecting_agents_and_antiseptics	83	348	348	1.0	Unknown taxonomy (chromosome or plasmid)
barcode08_DS_4.7GB	contig_7531	442	1282	sul1_sulfonamide_antibiotic	85	840	840	1.0	Unknown taxonomy (chromosome or plasmid)
barcode08_DS_4.7GB	contig_7586	3274	3607	qacL_disinfecting_agents_and_antiseptics	20	333	333	1.0	Unknown taxonomy (chromosome or plasmid)
barcode08_DS_4.7GB	contig_774	225	2010	tet(W)_tetracycline_antibiotic	43	1785	1785	1.0	Unknown taxonomy (chromosome or plasmid)
barcode08_DS_4.7GB	contig_774	2438	3638	tet(W)_tetracycline_antibiotic	44	1200	1200	1.0	Unknown taxonomy (chromosome or plasmid)
barcode08_DS_4.7GB	contig_787	0	744	tet(W)_tetracycline_antibiotic	104	744	744	1.0	Unknown taxonomy (chromosome)
barcode08_DS_4.7GB	contig_787	1026	1893	tet(W)_tetracycline_antibiotic	109	867	867	1.0	Unknown taxonomy (chromosome or plasmid)
barcode08_DS_4.7GB	contig_791	2	1895	tet(W)_tetracycline_antibiotic	105	1893	1893	1.0	Unknown taxonomy (chromosome or plasmid)
barcode08_DS_4.7GB	contig_793	1	1915	tet(W)_tetracycline_antibiotic	91	1914	1914	1.0	Eggerthella lenta (chromosome or plasmid)
barcode08_DS_4.7GB	contig_8024	27719	28979	vanW gene in vanI cluster_glycopeptide_antibiotic	10	1260	1260	1.0	
barcode08_DS_4.7GB	contig_8049	29813	30146	Escherichia coli emrE_macrolide_antibiotic	3	333	333	1.0	Unknown taxonomy (chromosome or plasmid)
barcode08_DS_4.7GB	contig_8158	8310	9171	TEM-1_monobactam;_cephalosporin;_penam;_penem	10	861	861	1.0	Unknown taxonomy (chromosome or plasmid)
barcode08_DS_4.7GB	contig_8158	9312	10173	AAC(3)-IIe_aminoglycoside_antibiotic	10	861	861	1.0	Unknown taxonomy (chromosome or plasmid)
barcode08_DS_4.7GB	contig_822	3199	3988	aadA5_aminoglycoside_antibiotic	25	789	789	1.0	Unknown taxonomy (chromosome or plasmid)
barcode08_DS_4.7GB	contig_823	11351	12131	aadA_aminoglycoside_antibiotic	17	780	780	1.0	Unknown taxonomy (chromosome or plasmid)
barcode08_DS_4.7GB	contig_8257	2369	3320	leuO_nucleoside_antibiotic;_disinfecting_agents_and_antiseptics	7	951	951	1.0	Klebsiella pneumoniae (chromosome)
barcode08_DS_4.7GB	contig_8263	43667	44483	vanY gene in vanB cluster_glycopeptide_antibiotic	9	816	816	1.0	
barcode08_DS_4.7GB	contig_8494	3469	4984	aadT_macrolide_antibiotic;_tetracycline_antibiotic;_disinfecting_agents_and_antiseptics	7	1515	1515	1.0	
barcode08_DS_4.7GB	contig_851	81341	83972	adeF_fluoroquinolone_antibiotic;_tetracycline_antibiotic	90	2631	2631	1.0	
barcode08_DS_4.7GB	contig_858	834772	838342	Bifidobacterium adolescentis rpoB mutants conferring resistance to rifampicin_rifamycin_antibiotic	31	3570	3570	1.0	Bifidobacterium (chromosome)
barcode08_DS_4.7GB	contig_8599	18772	19249	nimG_nitroimidazole_antibiotic	4	477	477	1.0	
barcode08_DS_4.7GB	contig_864	52	586	ANT(2'')-Ia_aminoglycoside_antibiotic	20	534	534	1.0	Unknown taxonomy (chromosome or plasmid)
barcode08_DS_4.7GB	contig_8853	13570	14149	vanY gene in vanB cluster_glycopeptide_antibiotic	4	579	579	1.0	
barcode08_DS_4.7GB	contig_8864	1074	2241	tet(X)_glycylcycline;_tetracycline_antibiotic	15	1167	1167	1.0	Unknown taxonomy (chromosome or plasmid)
barcode08_DS_4.7GB	contig_8864	2453	3347	ErmF_macrolide_antibiotic;_lincosamide_antibiotic;_streptogramin_antibiotic;_streptogramin_A_antibiotic;_streptogramin_B_antibiotic	17	894	894	1.0	Bacteroides fragilis (chromosome or plasmid)
barcode08_DS_4.7GB	contig_89	1004005	1004989	vanH gene in vanO cluster_glycopeptide_antibiotic	48	984	984	1.0	
barcode08_DS_4.7GB	contig_901	98098	98908	vanY gene in vanB cluster_glycopeptide_antibiotic	13	810	810	1.0	
barcode08_DS_4.7GB	contig_9157	20823	21795	vanY gene in vanF cluster_glycopeptide_antibiotic	6	972	972	1.0	Faecalibacterium prausnitzii (chromosome)
barcode08_DS_4.7GB	contig_9188	2956	3493	vanY gene in vanB cluster_glycopeptide_antibiotic	5	537	537	1.0	Faecalibacterium prausnitzii (chromosome)
barcode08_DS_4.7GB	contig_9223	3746	4319	qacJ_disinfecting_agents_and_antiseptics	3	573	573	1.0	Elizabethkingia anophelis (chromosome)
barcode08_DS_4.7GB	contig_9451	2044	2374	qacG_disinfecting_agents_and_antiseptics	3	330	330	1.0	
barcode08_DS_4.7GB	contig_9513	945	1854	aad(6)_aminoglycoside_antibiotic	6	909	909	1.0	Unknown taxonomy (chromosome or plasmid)
barcode08_DS_4.7GB	contig_9513	1850	2393	SAT-4_nucleoside_antibiotic	7	543	543	1.0	Unknown taxonomy (chromosome or plasmid)
barcode08_DS_4.7GB	contig_9513	2485	3280	APH(3')-IIIa_aminoglycoside_antibiotic	7	795	795	1.0	Unknown taxonomy (chromosome or plasmid)
barcode08_DS_4.7GB	contig_9677	10407	10875	vanW gene in vanG cluster_glycopeptide_antibiotic	2	468	468	1.0	
barcode08_DS_4.7GB	contig_9733	4243	4981	vanW gene in vanG cluster_glycopeptide_antibiotic	3	738	738	1.0	
barcode08_DS_4.7GB	contig_9733	4988	6014	vanG_glycopeptide_antibiotic	2	1026	1026	1.0	
barcode08_DS_4.7GB	contig_9733	6499	7612	vanT gene in vanG cluster_glycopeptide_antibiotic	3	1113	1113	1.0	
barcode08_DS_4.7GB	contig_9773	12844	13291	nimF_nitroimidazole_antibiotic	7	447	447	1.0	
barcode08_DS_4.7GB	contig_9784	2095	2428	qacJ_disinfecting_agents_and_antiseptics	10	333	333	1.0	
barcode08_DS_4.7GB	contig_9818	1817	2762	leuO_nucleoside_antibiotic;_disinfecting_agents_and_antiseptics	7	945	945	1.0	Unknown taxonomy (chromosome or plasmid)
barcode08_DS_4.7GB	contig_9902	222	2196	tet(Q)_tetracycline_antibiotic	24	1974	1974	1.0	Unknown taxonomy (chromosome)
barcode08_DS_4.7GB	contig_9964	125	989	GES-5_carbapenem;_cephalosporin;_penam	26	864	864	1.0	Unknown taxonomy (chromosome or plasmid)
barcode09_DS_4.7GB	contig_10008	1	481	tet(W)_tetracycline_antibiotic	13	480	480	1.0	Bifidobacterium breve (chromosome or plasmid)
barcode09_DS_4.7GB	contig_10009	36140	36740	vanW gene in vanG cluster_glycopeptide_antibiotic	17	600	600	1.0	
barcode09_DS_4.7GB	contig_10479	6135	8742	vanT gene in vanG cluster_glycopeptide_antibiotic	11	2607	2607	1.0	Faecalibacterium prausnitzii (chromosome)
barcode09_DS_4.7GB	contig_10494	1725	3237	vanY gene in vanB cluster_glycopeptide_antibiotic	4	1512	1512	1.0	
barcode09_DS_4.7GB	contig_10622	4898	5999	vanW gene in vanI cluster_glycopeptide_antibiotic	5	1101	1101	1.0	
barcode09_DS_4.7GB	contig_10657	46819	47314	lnuC_lincosamide_antibiotic	29	495	495	1.0	Unknown taxonomy (chromosome or plasmid)
barcode09_DS_4.7GB	contig_10700	24250	25072	vanY gene in vanB cluster_glycopeptide_antibiotic	19	822	822	1.0	Faecalibacterium prausnitzii (chromosome)
barcode09_DS_4.7GB	contig_1087	198399	201555	adeF_fluoroquinolone_antibiotic;_tetracycline_antibiotic	22	3156	3156	1.0	
barcode09_DS_4.7GB	contig_1087	291996	292332	qacG_disinfecting_agents_and_antiseptics	23	336	336	1.0	
barcode09_DS_4.7GB	contig_1117	2858	3740	KPC-2_monobactam;_carbapenem;_cephalosporin;_penam	53	882	882	1.0	Unknown taxonomy (chromosome or plasmid)
barcode09_DS_4.7GB	contig_1117	6155	6935	APH(3')-VIa_aminoglycoside_antibiotic	48	780	780	1.0	Unknown taxonomy (chromosome or plasmid)
barcode09_DS_4.7GB	contig_1125	1220285	1221443	vanT gene in vanG cluster_glycopeptide_antibiotic	183	1158	1158	1.0	
barcode09_DS_4.7GB	contig_1125	1802845	1803832	vanH gene in vanO cluster_glycopeptide_antibiotic	167	987	987	1.0	
barcode09_DS_4.7GB	contig_1128	30011	30947	vanW gene in vanI cluster_glycopeptide_antibiotic	4	936	936	1.0	
barcode09_DS_4.7GB	contig_1149	615930	618423	vanT gene in vanG cluster_glycopeptide_antibiotic	29	2493	2493	1.0	
barcode09_DS_4.7GB	contig_11535	6740	8789	vanW gene in vanI cluster_glycopeptide_antibiotic	7	2049	2049	1.0	
barcode09_DS_4.7GB	contig_11569	7285	8407	vanT gene in vanG cluster_glycopeptide_antibiotic	6	1122	1122	1.0	
barcode09_DS_4.7GB	contig_11588	219	819	tet(W)_tetracycline_antibiotic	11	600	600	1.0	Trueperella pyogenes (chromosome or plasmid)
barcode09_DS_4.7GB	contig_11588	844	1492	tet(W)_tetracycline_antibiotic	13	648	648	1.0	Unknown taxonomy (chromosome)
barcode09_DS_4.7GB	contig_1166	816110	816443	qacJ_disinfecting_agents_and_antiseptics	51	333	333	1.0	
barcode09_DS_4.7GB	contig_11693	997	1624	Campylobacter coli chloramphenicol acetyltransferase_phenicol_antibiotic	12	627	627	1.0	Klebsiella pneumoniae (chromosome)
barcode09_DS_4.7GB	contig_12251	908	2180	vanT gene in vanG cluster_glycopeptide_antibiotic	3	1272	1272	1.0	
barcode09_DS_4.7GB	contig_1237	14826	15552	vanY gene in vanB cluster_glycopeptide_antibiotic	10	726	726	1.0	Roseburia hominis (no genomic info)
barcode09_DS_4.7GB	contig_12606	21700	22024	qacG_disinfecting_agents_and_antiseptics	3	324	324	1.0	
barcode09_DS_4.7GB	contig_12609	16100	17225	vanT gene in vanG cluster_glycopeptide_antibiotic	5	1125	1125	1.0	
barcode09_DS_4.7GB	contig_1267	2975	5453	vanT gene in vanG cluster_glycopeptide_antibiotic	6	2478	2478	1.0	
barcode09_DS_4.7GB	contig_12708	470	1208	ErmB_macrolide_antibiotic;_lincosamide_antibiotic;_streptogramin_antibiotic;_streptogramin_A_antibiotic;_streptogramin_B_antibiotic	20	738	738	1.0	Unknown taxonomy (chromosome or plasmid)
barcode09_DS_4.7GB	contig_12759	5775	6030	rsmA_fluoroquinolone_antibiotic;_diaminopyrimidine_antibiotic;_phenicol_antibiotic	9	255	255	1.0	
barcode09_DS_4.7GB	contig_12904	12318	12651	qacJ_disinfecting_agents_and_antiseptics	7	333	333	1.0	
barcode09_DS_4.7GB	contig_1306	258	1059	ErmF_macrolide_antibiotic;_lincosamide_antibiotic;_streptogramin_antibiotic;_streptogramin_A_antibiotic;_streptogramin_B_antibiotic	24	801	801	1.0	Unknown taxonomy (chromosome or plasmid)
barcode09_DS_4.7GB	contig_13148	25721	26981	vanW gene in vanI cluster_glycopeptide_antibiotic	4	1260	1260	1.0	
barcode09_DS_4.7GB	contig_13213	13687	14833	vanT gene in vanG cluster_glycopeptide_antibiotic	6	1146	1146	1.0	
barcode09_DS_4.7GB	contig_13235	2557	3031	dfrF_diaminopyrimidine_antibiotic	21	474	474	1.0	Unknown taxonomy (chromosome or plasmid)
barcode09_DS_4.7GB	contig_13298	12133	13489	vanT gene in vanG cluster_glycopeptide_antibiotic	3	1356	1356	1.0	
barcode09_DS_4.7GB	contig_13414	3065	4541	vanW gene in vanI cluster_glycopeptide_antibiotic	15	1476	1476	1.0	
barcode09_DS_4.7GB	contig_13667	9630	10452	lnuF_lincosamide_antibiotic	3	822	822	1.0	Unknown taxonomy (chromosome or plasmid)
barcode09_DS_4.7GB	contig_13667	10567	11788	EreA_macrolide_antibiotic	8	1221	1221	1.0	Unknown taxonomy (chromosome or plasmid)
barcode09_DS_4.7GB	contig_13680	5508	6012	nimJ_nitroimidazole_antibiotic	5	504	504	1.0	
barcode09_DS_4.7GB	contig_1393	172977	174138	vanT gene in vanG cluster_glycopeptide_antibiotic	30	1161	1161	1.0	
barcode09_DS_4.7GB	contig_13954	10016	11936	tet(36)_tetracycline_antibiotic	5	1920	1920	1.0	Myroides odoratimimus (no genomic info)
barcode09_DS_4.7GB	contig_14164	20837	21995	tet(Q)_tetracycline_antibiotic	17	1158	1158	1.0	Unknown taxonomy (chromosome)
barcode09_DS_4.7GB	contig_14202	8231	9197	CfxA2_cephamycin	54	966	966	1.0	Unknown taxonomy (chromosome or plasmid)
barcode09_DS_4.7GB	contig_14273	18041	21140	adeF_fluoroquinolone_antibiotic;_tetracycline_antibiotic	24	3099	3099	1.0	Alistipes putredinis (no genomic info)
barcode09_DS_4.7GB	contig_14371	6235	6730	nimA_nitroimidazole_antibiotic	8	495	495	1.0	
barcode09_DS_4.7GB	contig_14463	6078	7284	Mef(En2)_macrolide_antibiotic;_lincosamide_antibiotic	53	1206	1206	1.0	Unknown taxonomy (chromosome)
barcode09_DS_4.7GB	contig_14534	3204	4464	EreB_macrolide_antibiotic	39	1260	1260	1.0	
barcode09_DS_4.7GB	contig_14685	5479	6364	mphG_macrolide_antibiotic	4	885	885	1.0	Escherichia coli (no genomic info)
barcode09_DS_4.7GB	contig_14732	9499	10588	vanW gene in vanI cluster_glycopeptide_antibiotic	4	1089	1089	1.0	
barcode09_DS_4.7GB	contig_14828	6344	7154	vanY gene in vanB cluster_glycopeptide_antibiotic	4	810	810	1.0	
barcode09_DS_4.7GB	contig_14832	8612	9731	vanT gene in vanG cluster_glycopeptide_antibiotic	7	1119	1119	1.0	
barcode09_DS_4.7GB	contig_14922	27824	29795	tet(O)_tetracycline_antibiotic	6	1971	1971	1.0	
barcode09_DS_4.7GB	contig_15063	31784	32117	qacG_disinfecting_agents_and_antiseptics	8	333	333	1.0	
barcode09_DS_4.7GB	contig_15156	7731	9456	Haemophilus influenzae PBP3 conferring resistance to beta-lactam antibiotics_cephalosporin;_cephamycin;_penam	8	1725	1725	1.0	Escherichia coli (chromosome or plasmid)
barcode09_DS_4.7GB	contig_15249	1463	2663	vanT gene in vanG cluster_glycopeptide_antibiotic	7	1200	1200	1.0	
barcode09_DS_4.7GB	contig_15272	1405	2320	EstT_macrolide_antibiotic;_glycylcycline;_tetracycline_antibiotic	8	915	915	1.0	Riemerella anatipestifer (chromosome or plasmid)
barcode09_DS_4.7GB	contig_15394	335	830	nimD_nitroimidazole_antibiotic	12	495	495	1.0	Bacteroides fragilis (plasmid)
barcode09_DS_4.7GB	contig_1545	3958	4924	CfxA3_cephamycin	63	966	966	1.0	Unknown taxonomy (chromosome or plasmid)
barcode09_DS_4.7GB	contig_1554	3367	4333	CfxA2_cephamycin	50	966	966	1.0	Unknown taxonomy (chromosome or plasmid)
barcode09_DS_4.7GB	contig_1604	24382	25315	vanH gene in vanO cluster_glycopeptide_antibiotic	12	933	933	1.0	
barcode09_DS_4.7GB	contig_1722	180292	181102	vanW gene in vanG cluster_glycopeptide_antibiotic	5	810	810	1.0	
barcode09_DS_4.7GB	contig_1726	15803	17480	tet(Q)_tetracycline_antibiotic	94	1677	1677	1.0	Alistipes putredinis (chromosome)
barcode09_DS_4.7GB	contig_1731	2	1163	tet(Q)_tetracycline_antibiotic	16	1161	1161	1.0	Unknown taxonomy (chromosome)
barcode09_DS_4.7GB	contig_1732	4977	6903	tet(Q)_tetracycline_antibiotic	89	1926	1926	1.0	Unknown taxonomy (chromosome)
barcode09_DS_4.7GB	contig_1736	0	954	tet(Q)_tetracycline_antibiotic	24	954	954	1.0	Unknown taxonomy (chromosome)
barcode09_DS_4.7GB	contig_1737	23563	24301	ErmB_macrolide_antibiotic;_lincosamide_antibiotic;_streptogramin_antibiotic;_streptogramin_A_antibiotic;_streptogramin_B_antibiotic	29	738	738	1.0	Unknown taxonomy (chromosome or plasmid)
barcode09_DS_4.7GB	contig_1742	1	811	tet(Q)_tetracycline_antibiotic	67	810	810	1.0	Unknown taxonomy (chromosome)
barcode09_DS_4.7GB	contig_1747	3498	4257	ErmB_macrolide_antibiotic;_lincosamide_antibiotic;_streptogramin_antibiotic;_streptogramin_A_antibiotic;_streptogramin_B_antibiotic	32	759	759	1.0	Unknown taxonomy (chromosome or plasmid)
barcode09_DS_4.7GB	contig_1749	11288	12023	ErmG_macrolide_antibiotic;_lincosamide_antibiotic;_streptogramin_antibiotic;_streptogramin_A_antibiotic;_streptogramin_B_antibiotic	32	735	735	1.0	Unknown taxonomy (chromosome)
barcode09_DS_4.7GB	contig_177	13489	14020	vanW gene in vanG cluster_glycopeptide_antibiotic	8	531	531	1.0	Acinetobacter johnsonii (chromosome)
barcode09_DS_4.7GB	contig_1870	67912	71014	adeF_fluoroquinolone_antibiotic;_tetracycline_antibiotic	12	3102	3102	1.0	Phocaeicola vulgatus (chromosome)
barcode09_DS_4.7GB	contig_1895	5301	6162	TEM-1_monobactam;_cephalosporin;_penam;_penem	16	861	861	1.0	Unknown taxonomy (chromosome or plasmid)
barcode09_DS_4.7GB	contig_1896	1675	2914	Mrx_macrolide_antibiotic	13	1239	1239	1.0	Unknown taxonomy (chromosome or plasmid)
barcode09_DS_4.7GB	contig_1896	2910	3816	mphA_macrolide_antibiotic	11	906	906	1.0	Unknown taxonomy (chromosome or plasmid)
barcode09_DS_4.7GB	contig_1896	4725	5610	mphE_macrolide_antibiotic	29	885	885	1.0	Unknown taxonomy (chromosome or plasmid)
barcode09_DS_4.7GB	contig_1896	5665	7141	msrE_macrolide_antibiotic;_streptogramin_antibiotic	23	1476	1476	1.0	Unknown taxonomy (chromosome or plasmid)
barcode09_DS_4.7GB	contig_2	67574	68684	vanT gene in vanG cluster_glycopeptide_antibiotic	116	1110	1110	1.0	
barcode09_DS_4.7GB	contig_2	312372	315564	adeF_fluoroquinolone_antibiotic;_tetracycline_antibiotic	121	3192	3192	1.0	
barcode09_DS_4.7GB	contig_2	571073	571580	nimK_nitroimidazole_antibiotic	123	507	507	1.0	
barcode09_DS_4.7GB	contig_2015	37067	37397	qacG_disinfecting_agents_and_antiseptics	17	330	330	1.0	Elizabethkingia anophelis (chromosome)
barcode09_DS_4.7GB	contig_2023	59958	60375	FosI_phosphonic_acid_antibiotic	16	417	417	1.0	
barcode09_DS_4.7GB	contig_203	404	1865	tet(Q)_tetracycline_antibiotic	56	1461	1461	1.0	Unknown taxonomy (chromosome)
barcode09_DS_4.7GB	contig_203	3925	5092	tet(X)_glycylcycline;_tetracycline_antibiotic	31	1167	1167	1.0	Unknown taxonomy (chromosome or plasmid)
barcode09_DS_4.7GB	contig_203	5304	6126	ErmF_macrolide_antibiotic;_lincosamide_antibiotic;_streptogramin_antibiotic;_streptogramin_A_antibiotic;_streptogramin_B_antibiotic	43	822	822	1.0	Unknown taxonomy (chromosome or plasmid)
barcode09_DS_4.7GB	contig_207	10467	11268	ErmF_macrolide_antibiotic;_lincosamide_antibiotic;_streptogramin_antibiotic;_streptogramin_A_antibiotic;_streptogramin_B_antibiotic	45	801	801	1.0	Unknown taxonomy (chromosome or plasmid)
barcode09_DS_4.7GB	contig_207	11480	12614	tet(X)_glycylcycline;_tetracycline_antibiotic	23	1134	1134	1.0	Unknown taxonomy (chromosome or plasmid)
barcode09_DS_4.7GB	contig_2089	23180	24020	tet(O)_tetracycline_antibiotic	47	840	840	1.0	Unknown taxonomy (chromosome or plasmid)
barcode09_DS_4.7GB	contig_2186	26708	27203	lnuC_lincosamide_antibiotic	35	495	495	1.0	Unknown taxonomy (chromosome or plasmid)
barcode09_DS_4.7GB	contig_2188	4006	5281	tet(Q)_tetracycline_antibiotic	16	1275	1275	1.0	Parabacteroides distasonis (chromosome)
barcode09_DS_4.7GB	contig_2339	2984	3869	mphG_macrolide_antibiotic	20	885	885	1.0	
barcode09_DS_4.7GB	contig_2339	3873	5097	mef(C)_macrolide_antibiotic;_tetracycline_antibiotic	13	1224	1224	1.0	
barcode09_DS_4.7GB	contig_2339	5384	6200	sul2_sulfonamide_antibiotic	19	816	816	1.0	Unknown taxonomy (chromosome or plasmid)
barcode09_DS_4.7GB	contig_241	2876	5324	vanT gene in vanG cluster_glycopeptide_antibiotic	16	2448	2448	1.0	
barcode09_DS_4.7GB	contig_250	716379	717489	vanT gene in vanG cluster_glycopeptide_antibiotic	84	1110	1110	1.0	
barcode09_DS_4.7GB	contig_2514	276259	277693	vanW gene in vanI cluster_glycopeptide_antibiotic	12	1434	1434	1.0	
barcode09_DS_4.7GB	contig_255	1577120	1580690	Bifidobacterium adolescentis rpoB mutants conferring resistance to rifampicin_rifamycin_antibiotic	11	3570	3570	1.0	Bifidobacterium (chromosome)
barcode09_DS_4.7GB	contig_2550	3071	3398	qacG_disinfecting_agents_and_antiseptics	8	327	327	1.0	
barcode09_DS_4.7GB	contig_2556	82489	83620	vanT gene in vanG cluster_glycopeptide_antibiotic	18	1131	1131	1.0	
barcode09_DS_4.7GB	contig_2630	81954	85515	Bifidobacterium adolescentis rpoB mutants conferring resistance to rifampicin_rifamycin_antibiotic	17	3561	3561	1.0	Unknown taxonomy (chromosome)
barcode09_DS_4.7GB	contig_2691	16285	17488	vanT gene in vanG cluster_glycopeptide_antibiotic	20	1203	1203	1.0	Faecalibacterium prausnitzii (chromosome)
barcode09_DS_4.7GB	contig_2706	496	2416	tet(O)_tetracycline_antibiotic	75	1920	1920	1.0	Unknown taxonomy (chromosome or plasmid)
barcode09_DS_4.7GB	contig_2707	305	2225	tet(O)_tetracycline_antibiotic	49	1920	1920	1.0	Unknown taxonomy (chromosome or plasmid)
barcode09_DS_4.7GB	contig_2708	102	1323	tet(40)_tetracycline_antibiotic	11	1221	1221	1.0	Unknown taxonomy (chromosome)
barcode09_DS_4.7GB	contig_2709	18075	18288	vanU gene in vanG cluster_glycopeptide_antibiotic	20	213	213	1.0	
barcode09_DS_4.7GB	contig_284	696147	698622	vanT gene in vanG cluster_glycopeptide_antibiotic	47	2475	2475	1.0	
barcode09_DS_4.7GB	contig_284	1621486	1622485	vanH gene in vanB cluster_glycopeptide_antibiotic	41	999	999	1.0	
barcode09_DS_4.7GB	contig_2857	2	755	tet(Q)_tetracycline_antibiotic	57	753	753	1.0	Unknown taxonomy (chromosome)
barcode09_DS_4.7GB	contig_2871	28278	29301	vanY gene in vanB cluster_glycopeptide_antibiotic	6	1023	1023	1.0	
barcode09_DS_4.7GB	contig_2895	84743	86531	vanW gene in vanI cluster_glycopeptide_antibiotic	3	1788	1788	1.0	
barcode09_DS_4.7GB	contig_2895	169990	171586	vanW gene in vanI cluster_glycopeptide_antibiotic	8	1596	1596	1.0	
barcode09_DS_4.7GB	contig_29	99619	100615	CfxA6_cephamycin	75	996	996	1.0	
barcode09_DS_4.7GB	contig_2929	3088	3913	Erm(52)_macrolide_antibiotic;_lincosamide_antibiotic;_streptogramin_antibiotic	9	825	825	1.0	
barcode09_DS_4.7GB	contig_2929	4093	5041	tet(M)_tetracycline_antibiotic	11	948	948	1.0	Unknown taxonomy (chromosome or plasmid)
barcode09_DS_4.7GB	contig_2929	4994	6014	tet(M)_tetracycline_antibiotic	11	1020	1020	1.0	Unknown taxonomy (chromosome or plasmid)
barcode09_DS_4.7GB	contig_3282	16759	19237	vanT gene in vanG cluster_glycopeptide_antibiotic	19	2478	2478	1.0	
barcode09_DS_4.7GB	contig_3332	2119	4594	vanT gene in vanG cluster_glycopeptide_antibiotic	4	2475	2475	1.0	
barcode09_DS_4.7GB	contig_3348	54430	57049	vanT gene in vanG cluster_glycopeptide_antibiotic	144	2619	2619	1.0	
barcode09_DS_4.7GB	contig_3424	712	3190	vanT gene in vanG cluster_glycopeptide_antibiotic	18	2478	2478	1.0	
barcode09_DS_4.7GB	contig_3511	2935	3718	LCR-1_cephalosporin;_penam	8	783	783	1.0	Pseudomonas aeruginosa (chromosome or plasmid)
barcode09_DS_4.7GB	contig_3511	23679	24543	GES-1_carbapenem;_cephalosporin;_penam	23	864	864	1.0	Unknown taxonomy (chromosome or plasmid)
barcode09_DS_4.7GB	contig_3511	24616	25075	AAC(6')-Il_aminoglycoside_antibiotic	27	459	459	1.0	Unknown taxonomy (chromosome or plasmid)
barcode09_DS_4.7GB	contig_3511	25092	25626	ANT(2'')-Ia_aminoglycoside_antibiotic	14	534	534	1.0	Unknown taxonomy (chromosome or plasmid)
barcode09_DS_4.7GB	contig_3612	20809	21673	aadS_aminoglycoside_antibiotic	19	864	864	1.0	Unknown taxonomy (chromosome or plasmid)
barcode09_DS_4.7GB	contig_362	46261	47755	vanW gene in vanI cluster_glycopeptide_antibiotic	10	1494	1494	1.0	
barcode09_DS_4.7GB	contig_3623	76300	79426	adeF_fluoroquinolone_antibiotic;_tetracycline_antibiotic	11	3126	3126	1.0	
barcode09_DS_4.7GB	contig_3668	2164	3004	sul1_sulfonamide_antibiotic	26	840	840	1.0	Unknown taxonomy (chromosome or plasmid)
barcode09_DS_4.7GB	contig_3668	2997	3345	qacEdelta1_disinfecting_agents_and_antiseptics	27	348	348	1.0	Unknown taxonomy (chromosome or plasmid)
barcode09_DS_4.7GB	contig_3668	3665	4349	catB3_phenicol_antibiotic	18	684	684	1.0	Unknown taxonomy (chromosome or plasmid)
barcode09_DS_4.7GB	contig_3668	4486	5317	OXA-1_cephalosporin;_penam	18	831	831	1.0	Unknown taxonomy (chromosome or plasmid)
barcode09_DS_4.7GB	contig_3668	12233	13433	tet(A)_tetracycline_antibiotic	13	1200	1200	1.0	Unknown taxonomy (chromosome or plasmid)
barcode09_DS_4.7GB	contig_3668	15442	15895	arr-3_rifamycin_antibiotic	16	453	453	1.0	Unknown taxonomy (chromosome or plasmid)
barcode09_DS_4.7GB	contig_3668	18652	19000	qacEdelta1_disinfecting_agents_and_antiseptics	28	348	348	1.0	Unknown taxonomy (chromosome or plasmid)
barcode09_DS_4.7GB	contig_3668	18993	19833	sul1_sulfonamide_antibiotic	27	840	840	1.0	Unknown taxonomy (chromosome or plasmid)
barcode09_DS_4.7GB	contig_3670	623	1082	AAC(6')-Il_aminoglycoside_antibiotic	21	459	459	1.0	Unknown taxonomy (chromosome or plasmid)
barcode09_DS_4.7GB	contig_3671	728	1568	sul1_sulfonamide_antibiotic	39	840	840	1.0	Unknown taxonomy (chromosome or plasmid)
barcode09_DS_4.7GB	contig_3671	1561	1909	qacEdelta1_disinfecting_agents_and_antiseptics	37	348	348	1.0	Unknown taxonomy (chromosome or plasmid)
barcode09_DS_4.7GB	contig_3671	2024	2558	ANT(2'')-Ia_aminoglycoside_antibiotic	31	534	534	1.0	Unknown taxonomy (chromosome or plasmid)
barcode09_DS_4.7GB	contig_3671	2680	3544	GES-1_carbapenem;_cephalosporin;_penam	43	864	864	1.0	Unknown taxonomy (chromosome or plasmid)
barcode09_DS_4.7GB	contig_3671	3617	4076	AAC(6')-Il_aminoglycoside_antibiotic	47	459	459	1.0	Unknown taxonomy (chromosome or plasmid)
barcode09_DS_4.7GB	contig_3671	4199	5063	GES-5_carbapenem;_cephalosporin;_penam	31	864	864	1.0	Unknown taxonomy (chromosome or plasmid)
barcode09_DS_4.7GB	contig_3671	6260	7115	ErmX_macrolide_antibiotic;_lincosamide_antibiotic;_streptogramin_antibiotic;_streptogramin_A_antibiotic;_streptogramin_B_antibiotic	28	855	855	1.0	Unknown taxonomy (chromosome or plasmid)
barcode09_DS_4.7GB	contig_3677	18217	19081	aadS_aminoglycoside_antibiotic	29	864	864	1.0	Unknown taxonomy (chromosome or plasmid)
barcode09_DS_4.7GB	contig_3677	20337	21504	tet(X)_glycylcycline;_tetracycline_antibiotic	19	1167	1167	1.0	Unknown taxonomy (chromosome or plasmid)
barcode09_DS_4.7GB	contig_3677	21713	22514	ErmF_macrolide_antibiotic;_lincosamide_antibiotic;_streptogramin_antibiotic;_streptogramin_A_antibiotic;_streptogramin_B_antibiotic	24	801	801	1.0	Unknown taxonomy (chromosome or plasmid)
barcode09_DS_4.7GB	contig_373	5416	6298	KPC-2_monobactam;_carbapenem;_cephalosporin;_penam	43	882	882	1.0	Unknown taxonomy (chromosome or plasmid)
barcode09_DS_4.7GB	contig_3790	60932	64115	Bifidobacterium adolescentis rpoB mutants conferring resistance to rifampicin_rifamycin_antibiotic	6	3183	3183	1.0	Bifidobacterium (chromosome)
barcode09_DS_4.7GB	contig_3871	30279	31080	ErmF_macrolide_antibiotic;_lincosamide_antibiotic;_streptogramin_antibiotic;_streptogramin_A_antibiotic;_streptogramin_B_antibiotic	60	801	801	1.0	Unknown taxonomy (chromosome or plasmid)
barcode09_DS_4.7GB	contig_3871	31292	32369	tet(X4)_glycylcycline;_tetracycline_antibiotic	42	1077	1077	1.0	Unknown taxonomy (chromosome or plasmid)
barcode09_DS_4.7GB	contig_3871	33166	35092	tet(Q)_tetracycline_antibiotic	26	1926	1926	1.0	Unknown taxonomy (chromosome)
barcode09_DS_4.7GB	contig_3957	376	1927	vanW gene in vanI cluster_glycopeptide_antibiotic	4	1551	1551	1.0	
barcode09_DS_4.7GB	contig_3970	656	3023	tet(W)_tetracycline_antibiotic	65	2367	2367	1.0	Unknown taxonomy (chromosome or plasmid)
barcode09_DS_4.7GB	contig_404	29097	30087	tet(M)_tetracycline_antibiotic	8	990	990	1.0	Escherichia coli (chromosome or plasmid)
barcode09_DS_4.7GB	contig_404	30327	30816	tet(M)_tetracycline_antibiotic	6	489	489	1.0	Unknown taxonomy (chromosome or plasmid)
barcode09_DS_4.7GB	contig_404	40831	42751	tet(O)_tetracycline_antibiotic	53	1920	1920	1.0	Unknown taxonomy (chromosome or plasmid)
barcode09_DS_4.7GB	contig_4057	4210	5029	vanY gene in vanB cluster_glycopeptide_antibiotic	18	819	819	1.0	Faecalibacterium prausnitzii (chromosome)
barcode09_DS_4.7GB	contig_423	157	2083	tet(Q)_tetracycline_antibiotic	81	1926	1926	1.0	Unknown taxonomy (chromosome)
barcode09_DS_4.7GB	contig_4230	80	875	APH(3')-IIIa_aminoglycoside_antibiotic	10	795	795	1.0	Unknown taxonomy (chromosome or plasmid)
barcode09_DS_4.7GB	contig_4242	244	1084	sul1_sulfonamide_antibiotic	42	840	840	1.0	Unknown taxonomy (chromosome or plasmid)
barcode09_DS_4.7GB	contig_4242	4160	5066	mphA_macrolide_antibiotic	10	906	906	1.0	Unknown taxonomy (chromosome or plasmid)
barcode09_DS_4.7GB	contig_4242	9833	10181	qacEdelta1_disinfecting_agents_and_antiseptics	27	348	348	1.0	Unknown taxonomy (chromosome or plasmid)
barcode09_DS_4.7GB	contig_4242	10174	11014	sul1_sulfonamide_antibiotic	29	840	840	1.0	Unknown taxonomy (chromosome or plasmid)
barcode09_DS_4.7GB	contig_4290	38206	38737	vanY gene in vanB cluster_glycopeptide_antibiotic	8	531	531	1.0	Roseburia hominis (no genomic info)
barcode09_DS_4.7GB	contig_4343	914	1715	ErmF_macrolide_antibiotic;_lincosamide_antibiotic;_streptogramin_antibiotic;_streptogramin_A_antibiotic;_streptogramin_B_antibiotic	18	801	801	1.0	Phocaeicola vulgatus (chromosome or plasmid)
barcode09_DS_4.7GB	contig_4456	40204	41383	vanT gene in vanG cluster_glycopeptide_antibiotic	9	1179	1179	1.0	
barcode09_DS_4.7GB	contig_4628	289304	290447	vanT gene in vanG cluster_glycopeptide_antibiotic	6	1143	1143	1.0	
barcode09_DS_4.7GB	contig_473	1482	2208	vanG_glycopeptide_antibiotic	8	726	726	1.0	
barcode09_DS_4.7GB	contig_4766	105409	105739	qacG_disinfecting_agents_and_antiseptics	19	330	330	1.0	Elizabethkingia anophelis (chromosome)
barcode09_DS_4.7GB	contig_4890	5524	5962	vanY gene in vanB cluster_glycopeptide_antibiotic	2	438	438	1.0	Faecalibacterium prausnitzii (chromosome)
barcode09_DS_4.7GB	contig_5179	3447	3678	vanY gene in vanM cluster_glycopeptide_antibiotic	11	231	231	1.0	Faecalibacterium prausnitzii (chromosome)
barcode09_DS_4.7GB	contig_5385	19075	20266	vanT gene in vanG cluster_glycopeptide_antibiotic	3	1191	1191	1.0	
barcode09_DS_4.7GB	contig_5607	13203	15669	vanT gene in vanG cluster_glycopeptide_antibiotic	9	2466	2466	1.0	
barcode09_DS_4.7GB	contig_5631	6228	6558	qacG_disinfecting_agents_and_antiseptics	20	330	330	1.0	Elizabethkingia anophelis (chromosome)
barcode09_DS_4.7GB	contig_580	39529	40609	tet(W)_tetracycline_antibiotic	72	1080	1080	1.0	Unknown taxonomy (chromosome or plasmid)
barcode09_DS_4.7GB	contig_580	40679	41450	tet(W)_tetracycline_antibiotic	68	771	771	1.0	Trueperella pyogenes (chromosome or plasmid)
barcode09_DS_4.7GB	contig_5815	21958	23314	vanW gene in vanI cluster_glycopeptide_antibiotic	8	1356	1356	1.0	
barcode09_DS_4.7GB	contig_5821	43973	44777	lnuB_lincosamide_antibiotic	7	804	804	1.0	Unknown taxonomy (chromosome or plasmid)
barcode09_DS_4.7GB	contig_5864	12674	14015	ArnT_peptide_antibiotic	6	1341	1341	1.0	Klebsiella pneumoniae (chromosome)
barcode09_DS_4.7GB	contig_5864	17248	18232	PmrF_peptide_antibiotic	5	984	984	1.0	
barcode09_DS_4.7GB	contig_5902	368150	369134	vanH gene in vanO cluster_glycopeptide_antibiotic	13	984	984	1.0	
barcode09_DS_4.7GB	contig_6032	34178	34511	qacJ_disinfecting_agents_and_antiseptics	31	333	333	1.0	
barcode09_DS_4.7GB	contig_6076	5372	6110	ErmB_macrolide_antibiotic;_lincosamide_antibiotic;_streptogramin_antibiotic;_streptogramin_A_antibiotic;_streptogramin_B_antibiotic	45	738	738	1.0	Unknown taxonomy (chromosome or plasmid)
barcode09_DS_4.7GB	contig_618	170137	173329	adeF_fluoroquinolone_antibiotic;_tetracycline_antibiotic	70	3192	3192	1.0	
barcode09_DS_4.7GB	contig_6278	120719	121850	vanT gene in vanG cluster_glycopeptide_antibiotic	6	1131	1131	1.0	Roseburia hominis (no genomic info)
barcode09_DS_4.7GB	contig_6374	28348	29608	vanW gene in vanI cluster_glycopeptide_antibiotic	5	1260	1260	1.0	
barcode09_DS_4.7GB	contig_6420	55	550	dfrF_diaminopyrimidine_antibiotic	19	495	495	1.0	Unknown taxonomy (chromosome or plasmid)
barcode09_DS_4.7GB	contig_6422	55	550	dfrF_diaminopyrimidine_antibiotic	16	495	495	1.0	Unknown taxonomy (chromosome or plasmid)
barcode09_DS_4.7GB	contig_6423	806	1307	nimJ_nitroimidazole_antibiotic	7	501	501	1.0	
barcode09_DS_4.7GB	contig_6436	69741	70929	vanT gene in vanG cluster_glycopeptide_antibiotic	9	1188	1188	1.0	
barcode09_DS_4.7GB	contig_6484	19260	21633	vanT gene in vanG cluster_glycopeptide_antibiotic	7	2373	2373	1.0	Alistipes putredinis (no genomic info)
barcode09_DS_4.7GB	contig_6620	20817	21150	qacL_disinfecting_agents_and_antiseptics	26	333	333	1.0	Unknown taxonomy (chromosome or plasmid)
barcode09_DS_4.7GB	contig_6620	21782	22652	aadA5_aminoglycoside_antibiotic	12	870	870	1.0	Unknown taxonomy (chromosome or plasmid)
barcode09_DS_4.7GB	contig_6841	8301	9483	vanT gene in vanG cluster_glycopeptide_antibiotic	8	1182	1182	1.0	
barcode09_DS_4.7GB	contig_6970	124977	125541	lnuC_lincosamide_antibiotic	31	564	564	1.0	Unknown taxonomy (chromosome or plasmid)
barcode09_DS_4.7GB	contig_709	1243	2035	aadA_aminoglycoside_antibiotic	21	792	792	1.0	Unknown taxonomy (chromosome or plasmid)
barcode09_DS_4.7GB	contig_714	41722	43426	vanW gene in vanI cluster_glycopeptide_antibiotic	24	1704	1704	1.0	
barcode09_DS_4.7GB	contig_7213	3508	4648	vanY gene in vanB cluster_glycopeptide_antibiotic	3	1140	1140	1.0	
barcode09_DS_4.7GB	contig_7384	33471	34035	lnuC_lincosamide_antibiotic	32	564	564	1.0	Unknown taxonomy (chromosome or plasmid)
barcode09_DS_4.7GB	contig_7476	19891	22357	vanT gene in vanG cluster_glycopeptide_antibiotic	19	2466	2466	1.0	Phocaeicola vulgatus (chromosome)
barcode09_DS_4.7GB	contig_7530	1108	2095	vanH gene in vanO cluster_glycopeptide_antibiotic	10	987	987	1.0	
barcode09_DS_4.7GB	contig_7568	4930	5668	ErmB_macrolide_antibiotic;_lincosamide_antibiotic;_streptogramin_antibiotic;_streptogramin_A_antibiotic;_streptogramin_B_antibiotic	22	738	738	1.0	Unknown taxonomy (chromosome or plasmid)
barcode09_DS_4.7GB	contig_7588	4047	5220	vanY gene in vanF cluster_glycopeptide_antibiotic	7	1173	1173	1.0	
barcode09_DS_4.7GB	contig_7660	0	1209	vanT gene in vanG cluster_glycopeptide_antibiotic	6	1209	1209	1.0	Phocaeicola massiliensis (no genomic info)
barcode09_DS_4.7GB	contig_778	50932	51925	tet(O)_tetracycline_antibiotic	35	993	993	1.0	Unknown taxonomy (chromosome or plasmid)
barcode09_DS_4.7GB	contig_7983	69505	71182	vanW gene in vanI cluster_glycopeptide_antibiotic	8	1677	1677	1.0	Roseburia hominis (no genomic info)
barcode09_DS_4.7GB	contig_804	7474	8677	vanT gene in vanG cluster_glycopeptide_antibiotic	9	1203	1203	1.0	
barcode09_DS_4.7GB	contig_8139	7343	7811	vanW gene in vanI cluster_glycopeptide_antibiotic	4	468	468	1.0	
barcode09_DS_4.7GB	contig_8266	0	1281	vanT gene in vanG cluster_glycopeptide_antibiotic	6	1281	1281	1.0	
barcode09_DS_4.7GB	contig_830	809388	810624	vanW gene in vanI cluster_glycopeptide_antibiotic	128	1236	1236	1.0	
barcode09_DS_4.7GB	contig_8334	998	1442	vanY gene in vanB cluster_glycopeptide_antibiotic	5	444	444	1.0	
barcode09_DS_4.7GB	contig_845	41930	42692	ErmB_macrolide_antibiotic;_lincosamide_antibiotic;_streptogramin_antibiotic;_streptogramin_A_antibiotic;_streptogramin_B_antibiotic	41	762	762	1.0	Unknown taxonomy (chromosome or plasmid)
barcode09_DS_4.7GB	contig_8459	8056	9463	vanT gene in vanG cluster_glycopeptide_antibiotic	12	1407	1407	1.0	Faecalibacterium prausnitzii (chromosome)
barcode09_DS_4.7GB	contig_8644	27999	29565	tet(W)_tetracycline_antibiotic	37	1566	1566	1.0	Unknown taxonomy (chromosome or plasmid)
barcode09_DS_4.7GB	contig_8644	29577	30201	tet(W)_tetracycline_antibiotic	5	624	624	1.0	Unknown taxonomy (chromosome or plasmid)
barcode09_DS_4.7GB	contig_866	18170	19034	aadS_aminoglycoside_antibiotic	49	864	864	1.0	Unknown taxonomy (chromosome or plasmid)
barcode09_DS_4.7GB	contig_866	20276	21077	ErmF_macrolide_antibiotic;_lincosamide_antibiotic;_streptogramin_antibiotic;_streptogramin_A_antibiotic;_streptogramin_B_antibiotic	65	801	801	1.0	Unknown taxonomy (chromosome or plasmid)
barcode09_DS_4.7GB	contig_8661	8774	10097	vanT gene in vanG cluster_glycopeptide_antibiotic	7	1323	1323	1.0	Faecalibacterium prausnitzii (no genomic info)
barcode09_DS_4.7GB	contig_8934	5672	6392	vanY gene in vanF cluster_glycopeptide_antibiotic	4	720	720	1.0	
barcode09_DS_4.7GB	contig_8934	6650	7214	vanY gene in vanF cluster_glycopeptide_antibiotic	4	564	564	1.0	
barcode09_DS_4.7GB	contig_9016	16370	16694	Escherichia coli soxS with mutation conferring antibiotic resistance_fluoroquinolone_antibiotic;_monobactam;_carbapenem;_cephalosporin;_glycylcycline;_cephamycin;_penam;_tetracycline_antibiotic;_rifamycin_antibiotic;_phenicol_antibiotic;_penem;_disinfecting_agents_and_antiseptics	7	324	324	1.0	Unknown taxonomy (chromosome or plasmid)
barcode09_DS_4.7GB	contig_9016	16779	17244	Escherichia coli soxR with mutation conferring antibiotic resistance_fluoroquinolone_antibiotic;_cephalosporin;_glycylcycline;_penam;_tetracycline_antibiotic;_rifamycin_antibiotic;_phenicol_antibiotic;_disinfecting_agents_and_antiseptics	6	465	465	1.0	Unknown taxonomy (chromosome or plasmid)
barcode09_DS_4.7GB	contig_9185	177	1005	vanY gene in vanF cluster_glycopeptide_antibiotic	9	828	828	1.0	
barcode09_DS_4.7GB	contig_9262	1	1099	tet(W)_tetracycline_antibiotic	19	1098	1098	1.0	Unknown taxonomy (chromosome or plasmid)
barcode09_DS_4.7GB	contig_9270	11340	12552	vanT gene in vanG cluster_glycopeptide_antibiotic	6	1212	1212	1.0	
barcode09_DS_4.7GB	contig_9531	569	1007	vanY gene in vanB cluster_glycopeptide_antibiotic	1	438	438	1.0	Faecalibacterium prausnitzii (chromosome)
barcode09_DS_4.7GB	contig_9592	5513	6680	vanT gene in vanG cluster_glycopeptide_antibiotic	8	1167	1167	1.0	
barcode09_DS_4.7GB	contig_9854	11631	12132	nimG_nitroimidazole_antibiotic	4	501	501	1.0	
barcode09_DS_4.7GB	contig_9866	1952	2858	vanY gene in vanB cluster_glycopeptide_antibiotic	4	906	906	1.0	
barcode09_DS_4.7GB	contig_9887	25999	26488	nimJ_nitroimidazole_antibiotic	8	489	489	1.0	
barcode09_DS_4.7GB	contig_9986	1972	2986	vanT gene in vanG cluster_glycopeptide_antibiotic	9	1014	1014	1.0	
barcode10_DS_4.7GB	contig_100	2	674	tet(O)_tetracycline_antibiotic	27	672	672	1.0	Unknown taxonomy (chromosome or plasmid)
barcode10_DS_4.7GB	contig_10070	2	752	EreD_macrolide_antibiotic	4	750	750	1.0	Unknown taxonomy (chromosome or plasmid)
barcode10_DS_4.7GB	contig_10099	8090	10172	vanT gene in vanG cluster_glycopeptide_antibiotic	5	2082	2082	1.0	
barcode10_DS_4.7GB	contig_10099	10158	10911	vanXY gene in vanG cluster_glycopeptide_antibiotic	7	753	753	1.0	
barcode10_DS_4.7GB	contig_10099	10907	11948	vanG_glycopeptide_antibiotic	6	1041	1041	1.0	
barcode10_DS_4.7GB	contig_1015	10562	11384	vanY gene in vanB cluster_glycopeptide_antibiotic	12	822	822	1.0	Faecalibacterium prausnitzii (chromosome)
barcode10_DS_4.7GB	contig_10167	27333	27657	qacG_disinfecting_agents_and_antiseptics	4	324	324	1.0	
barcode10_DS_4.7GB	contig_10299	3531	4011	vanW gene in vanG cluster_glycopeptide_antibiotic	6	480	480	1.0	Acinetobacter johnsonii (chromosome)
barcode10_DS_4.7GB	contig_10299	3958	4414	vanW gene in vanG cluster_glycopeptide_antibiotic	5	456	456	1.0	Acinetobacter johnsonii (chromosome)
barcode10_DS_4.7GB	contig_1043	679427	681902	vanT gene in vanG cluster_glycopeptide_antibiotic	46	2475	2475	1.0	
barcode10_DS_4.7GB	contig_1043	1604785	1605784	vanH gene in vanB cluster_glycopeptide_antibiotic	56	999	999	1.0	
barcode10_DS_4.7GB	contig_1043	2241684	2242017	qacJ_disinfecting_agents_and_antiseptics	62	333	333	1.0	
barcode10_DS_4.7GB	contig_10486	517	2779	adeF_fluoroquinolone_antibiotic;_tetracycline_antibiotic	7	2262	2262	1.0	Comamonas testosteroni (chromosome)
barcode10_DS_4.7GB	contig_10493	120	627	vanW gene in vanI cluster_glycopeptide_antibiotic	1	507	507	1.0	
barcode10_DS_4.7GB	contig_10516	1806	2796	vanT gene in vanG cluster_glycopeptide_antibiotic	14	990	990	1.0	
barcode10_DS_4.7GB	contig_1055	589292	591266	tet(Q)_tetracycline_antibiotic	96	1974	1974	1.0	Unknown taxonomy (chromosome)
barcode10_DS_4.7GB	contig_10928	12574	13009	vanY gene in vanF cluster_glycopeptide_antibiotic	5	435	435	1.0	
barcode10_DS_4.7GB	contig_11027	14115	15087	vanY gene in vanG cluster_glycopeptide_antibiotic	4	972	972	1.0	
barcode10_DS_4.7GB	contig_11202	1222	1699	nimA_nitroimidazole_antibiotic	3	477	477	1.0	
barcode10_DS_4.7GB	contig_1136	1	649	vanY gene in vanB cluster_glycopeptide_antibiotic	12	648	648	1.0	Roseburia hominis (no genomic info)
barcode10_DS_4.7GB	contig_11400	5420	6617	vanT gene in vanG cluster_glycopeptide_antibiotic	11	1197	1197	1.0	Faecalibacterium prausnitzii (chromosome)
barcode10_DS_4.7GB	contig_11453	20808	22068	vanW gene in vanI cluster_glycopeptide_antibiotic	6	1260	1260	1.0	
barcode10_DS_4.7GB	contig_1151	35164	36790	vanW gene in vanI cluster_glycopeptide_antibiotic	6	1626	1626	1.0	
barcode10_DS_4.7GB	contig_11627	5110	5284	vanY gene in vanB cluster_glycopeptide_antibiotic	11	174	174	1.0	
barcode10_DS_4.7GB	contig_12026	8436	8715	vanY gene in vanB cluster_glycopeptide_antibiotic	6	279	279	1.0	
barcode10_DS_4.7GB	contig_12026	8681	9227	vanY gene in vanG cluster_glycopeptide_antibiotic	7	546	546	1.0	
barcode10_DS_4.7GB	contig_1214	83909	86387	vanT gene in vanG cluster_glycopeptide_antibiotic	135	2478	2478	1.0	
barcode10_DS_4.7GB	contig_12832	24177	26019	vanW gene in vanI cluster_glycopeptide_antibiotic	4	1842	1842	1.0	
barcode10_DS_4.7GB	contig_12890	454	1192	ErmB_macrolide_antibiotic;_lincosamide_antibiotic;_streptogramin_antibiotic;_streptogramin_A_antibiotic;_streptogramin_B_antibiotic	17	738	738	1.0	Unknown taxonomy (chromosome or plasmid)
barcode10_DS_4.7GB	contig_12940	13763	15176	vanW gene in vanI cluster_glycopeptide_antibiotic	4	1413	1413	1.0	
barcode10_DS_4.7GB	contig_12962	4399	5011	vanY gene in vanB cluster_glycopeptide_antibiotic	28	612	612	1.0	Faecalibacterium prausnitzii (chromosome)
barcode10_DS_4.7GB	contig_13369	10255	12160	vanT gene in vanG cluster_glycopeptide_antibiotic	5	1905	1905	1.0	
barcode10_DS_4.7GB	contig_13410	3073	4159	vanY gene in vanB cluster_glycopeptide_antibiotic	7	1086	1086	1.0	
barcode10_DS_4.7GB	contig_13634	15447	16557	vanT gene in vanG cluster_glycopeptide_antibiotic	8	1110	1110	1.0	
barcode10_DS_4.7GB	contig_13649	7762	8752	vanT gene in vanG cluster_glycopeptide_antibiotic	11	990	990	1.0	
barcode10_DS_4.7GB	contig_1376	3355	3568	vanU gene in vanG cluster_glycopeptide_antibiotic	13	213	213	1.0	
barcode10_DS_4.7GB	contig_13773	16090	17728	vanW gene in vanI cluster_glycopeptide_antibiotic	7	1638	1638	1.0	Roseburia hominis (no genomic info)
barcode10_DS_4.7GB	contig_13921	15189	16728	vanT gene in vanG cluster_glycopeptide_antibiotic	4	1539	1539	1.0	
barcode10_DS_4.7GB	contig_13994	513	1752	tet(36)_tetracycline_antibiotic	3	1239	1239	1.0	Myroides odoratimimus (no genomic info)
barcode10_DS_4.7GB	contig_13994	1814	2426	tet(36)_tetracycline_antibiotic	3	612	612	1.0	
barcode10_DS_4.7GB	contig_13994	5516	6380	aadS_aminoglycoside_antibiotic	22	864	864	1.0	Unknown taxonomy (chromosome or plasmid)
barcode10_DS_4.7GB	contig_13994	7969	8791	ErmF_macrolide_antibiotic;_lincosamide_antibiotic;_streptogramin_antibiotic;_streptogramin_A_antibiotic;_streptogramin_B_antibiotic	36	822	822	1.0	Unknown taxonomy (chromosome or plasmid)
barcode10_DS_4.7GB	contig_13994	8990	9854	aadS_aminoglycoside_antibiotic	21	864	864	1.0	Unknown taxonomy (chromosome or plasmid)
barcode10_DS_4.7GB	contig_14099	43346	45824	vanT gene in vanG cluster_glycopeptide_antibiotic	15	2478	2478	1.0	
barcode10_DS_4.7GB	contig_14111	5804	6461	QnrVC1_fluoroquinolone_antibiotic	6	657	657	1.0	Unknown taxonomy (chromosome or plasmid)
barcode10_DS_4.7GB	contig_14259	6891	8097	Mef(En2)_macrolide_antibiotic;_lincosamide_antibiotic	53	1206	1206	1.0	Unknown taxonomy (chromosome)
barcode10_DS_4.7GB	contig_14285	6419	7085	ErmB_macrolide_antibiotic;_lincosamide_antibiotic;_streptogramin_antibiotic;_streptogramin_A_antibiotic;_streptogramin_B_antibiotic	25	666	666	1.0	Unknown taxonomy (chromosome or plasmid)
barcode10_DS_4.7GB	contig_14287	978	1716	ErmB_macrolide_antibiotic;_lincosamide_antibiotic;_streptogramin_antibiotic;_streptogramin_A_antibiotic;_streptogramin_B_antibiotic	20	738	738	1.0	Unknown taxonomy (chromosome or plasmid)
barcode10_DS_4.7GB	contig_14303	265	1741	msrE_macrolide_antibiotic;_streptogramin_antibiotic	29	1476	1476	1.0	Unknown taxonomy (chromosome or plasmid)
barcode10_DS_4.7GB	contig_14464	15286	18403	adeF_fluoroquinolone_antibiotic;_tetracycline_antibiotic	18	3117	3117	1.0	Phocaeicola vulgatus (chromosome)
barcode10_DS_4.7GB	contig_14466	1070	1886	APH(3')-Ia_aminoglycoside_antibiotic	9	816	816	1.0	Unknown taxonomy (chromosome or plasmid)
barcode10_DS_4.7GB	contig_14466	2221	3058	APH(6)-Id_aminoglycoside_antibiotic	20	837	837	1.0	Unknown taxonomy (chromosome or plasmid)
barcode10_DS_4.7GB	contig_14466	3057	3861	APH(3'')-Ib_aminoglycoside_antibiotic	12	804	804	1.0	Unknown taxonomy (chromosome or plasmid)
barcode10_DS_4.7GB	contig_14466	3921	4737	sul2_sulfonamide_antibiotic	31	816	816	1.0	Unknown taxonomy (chromosome or plasmid)
barcode10_DS_4.7GB	contig_14475	5591	7031	AAC(6')-Ie-APH(2'')-Ia bifunctional protein_aminoglycoside_antibiotic	17	1440	1440	1.0	Unknown taxonomy (chromosome or plasmid)
barcode10_DS_4.7GB	contig_14619	36543	37398	ErmX_macrolide_antibiotic;_lincosamide_antibiotic;_streptogramin_antibiotic;_streptogramin_A_antibiotic;_streptogramin_B_antibiotic	13	855	855	1.0	Unknown taxonomy (chromosome or plasmid)
barcode10_DS_4.7GB	contig_14714	39012	40131	vanT gene in vanG cluster_glycopeptide_antibiotic	4	1119	1119	1.0	
barcode10_DS_4.7GB	contig_14751	6064	6337	vanW gene in vanG cluster_glycopeptide_antibiotic	5	273	273	1.0	
barcode10_DS_4.7GB	contig_14751	6858	7539	vanY gene in vanG cluster_glycopeptide_antibiotic	5	681	681	1.0	
barcode10_DS_4.7GB	contig_14758	55177	55972	vanY gene in vanB cluster_glycopeptide_antibiotic	9	795	795	1.0	
barcode10_DS_4.7GB	contig_14914	12120	12984	aadS_aminoglycoside_antibiotic	53	864	864	1.0	Unknown taxonomy (chromosome or plasmid)
barcode10_DS_4.7GB	contig_14914	14226	15027	ErmF_macrolide_antibiotic;_lincosamide_antibiotic;_streptogramin_antibiotic;_streptogramin_A_antibiotic;_streptogramin_B_antibiotic	59	801	801	1.0	Unknown taxonomy (chromosome or plasmid)
barcode10_DS_4.7GB	contig_14921	28016	29720	vanW gene in vanI cluster_glycopeptide_antibiotic	12	1704	1704	1.0	
barcode10_DS_4.7GB	contig_14957	41354	42476	vanT gene in vanG cluster_glycopeptide_antibiotic	10	1122	1122	1.0	
barcode10_DS_4.7GB	contig_1508	622078	623314	vanW gene in vanI cluster_glycopeptide_antibiotic	127	1236	1236	1.0	
barcode10_DS_4.7GB	contig_1508	1323782	1324289	nimK_nitroimidazole_antibiotic	135	507	507	1.0	
barcode10_DS_4.7GB	contig_1508	1579947	1583139	adeF_fluoroquinolone_antibiotic;_tetracycline_antibiotic	146	3192	3192	1.0	
barcode10_DS_4.7GB	contig_1508	1825071	1826181	vanT gene in vanG cluster_glycopeptide_antibiotic	135	1110	1110	1.0	
barcode10_DS_4.7GB	contig_15138	4463	5345	KPC-2_monobactam;_carbapenem;_cephalosporin;_penam	40	882	882	1.0	Unknown taxonomy (chromosome or plasmid)
barcode10_DS_4.7GB	contig_15189	17789	20867	adeF_fluoroquinolone_antibiotic;_tetracycline_antibiotic	13	3078	3078	1.0	Alistipes putredinis (no genomic info)
barcode10_DS_4.7GB	contig_15243	18541	19729	vanT gene in vanG cluster_glycopeptide_antibiotic	9	1188	1188	1.0	
barcode10_DS_4.7GB	contig_15298	471	1209	ErmB_macrolide_antibiotic;_lincosamide_antibiotic;_streptogramin_antibiotic;_streptogramin_A_antibiotic;_streptogramin_B_antibiotic	21	738	738	1.0	Unknown taxonomy (chromosome or plasmid)
barcode10_DS_4.7GB	contig_1530	170050	173152	adeF_fluoroquinolone_antibiotic;_tetracycline_antibiotic	17	3102	3102	1.0	Phocaeicola (chromosome)
barcode10_DS_4.7GB	contig_15313	1466	1961	nimD_nitroimidazole_antibiotic	12	495	495	1.0	Bacteroides fragilis (plasmid)
barcode10_DS_4.7GB	contig_1574	12324	13800	vanW gene in vanI cluster_glycopeptide_antibiotic	7	1476	1476	1.0	
barcode10_DS_4.7GB	contig_1577	32155	32398	vanY gene in vanB cluster_glycopeptide_antibiotic	1	243	243	1.0	Faecalibacterium prausnitzii (chromosome)
barcode10_DS_4.7GB	contig_1692	2513	4991	vanT gene in vanG cluster_glycopeptide_antibiotic	8	2478	2478	1.0	
barcode10_DS_4.7GB	contig_1695	10202	12680	vanT gene in vanG cluster_glycopeptide_antibiotic	18	2478	2478	1.0	
barcode10_DS_4.7GB	contig_1747	1312	2197	mphG_macrolide_antibiotic	8	885	885	1.0	Escherichia coli (no genomic info)
barcode10_DS_4.7GB	contig_1788	107031	110157	adeF_fluoroquinolone_antibiotic;_tetracycline_antibiotic	9	3126	3126	1.0	
barcode10_DS_4.7GB	contig_1788	478029	479463	vanW gene in vanI cluster_glycopeptide_antibiotic	14	1434	1434	1.0	
barcode10_DS_4.7GB	contig_1857	1206706	1207864	vanT gene in vanG cluster_glycopeptide_antibiotic	168	1158	1158	1.0	
barcode10_DS_4.7GB	contig_1857	1789264	1790251	vanH gene in vanO cluster_glycopeptide_antibiotic	161	987	987	1.0	
barcode10_DS_4.7GB	contig_1872	48217	48553	qacG_disinfecting_agents_and_antiseptics	20	336	336	1.0	
barcode10_DS_4.7GB	contig_1872	83220	84021	OXA-46_penam	7	801	801	1.0	Pseudomonas aeruginosa (chromosome)
barcode10_DS_4.7GB	contig_1937	99966	102579	adeF_fluoroquinolone_antibiotic;_tetracycline_antibiotic	24	2613	2613	1.0	
barcode10_DS_4.7GB	contig_1977	1066	1930	GES-1_carbapenem;_cephalosporin;_penam	41	864	864	1.0	Unknown taxonomy (chromosome or plasmid)
barcode10_DS_4.7GB	contig_1977	2003	2462	AAC(6')-Il_aminoglycoside_antibiotic	37	459	459	1.0	Unknown taxonomy (chromosome or plasmid)
barcode10_DS_4.7GB	contig_1977	2479	3013	ANT(2'')-Ia_aminoglycoside_antibiotic	23	534	534	1.0	Unknown taxonomy (chromosome or plasmid)
barcode10_DS_4.7GB	contig_1977	3975	4830	ErmX_macrolide_antibiotic;_lincosamide_antibiotic;_streptogramin_antibiotic;_streptogramin_A_antibiotic;_streptogramin_B_antibiotic	22	855	855	1.0	Unknown taxonomy (chromosome or plasmid)
barcode10_DS_4.7GB	contig_1977	6122	6905	LCR-1_cephalosporin;_penam	10	783	783	1.0	Pseudomonas aeruginosa (chromosome or plasmid)
barcode10_DS_4.7GB	contig_202	20233	21364	vanT gene in vanG cluster_glycopeptide_antibiotic	27	1131	1131	1.0	
barcode10_DS_4.7GB	contig_2029	291	909	vanY gene in vanB cluster_glycopeptide_antibiotic	7	618	618	1.0	Roseburia hominis (no genomic info)
barcode10_DS_4.7GB	contig_2073	18727	20701	tet(Q)_tetracycline_antibiotic	76	1974	1974	1.0	Unknown taxonomy (chromosome)
barcode10_DS_4.7GB	contig_2077	504	2430	tet(Q)_tetracycline_antibiotic	16	1926	1926	1.0	Unknown taxonomy (chromosome)
barcode10_DS_4.7GB	contig_2097	1384	2896	vanW gene in vanI cluster_glycopeptide_antibiotic	10	1512	1512	1.0	
barcode10_DS_4.7GB	contig_2099	14574	16221	vanW gene in vanI cluster_glycopeptide_antibiotic	28	1647	1647	1.0	
barcode10_DS_4.7GB	contig_21	9388	10168	APH(3')-VIa_aminoglycoside_antibiotic	33	780	780	1.0	Unknown taxonomy (chromosome or plasmid)
barcode10_DS_4.7GB	contig_227	13173	14169	CfxA6_cephamycin	68	996	996	1.0	
barcode10_DS_4.7GB	contig_2368	129104	130067	CfxA6_cephamycin	63	963	963	1.0	
barcode10_DS_4.7GB	contig_2542	504	1008	nimG_nitroimidazole_antibiotic	4	504	504	1.0	
barcode10_DS_4.7GB	contig_255	31219	32107	tet(W)_tetracycline_antibiotic	25	888	888	1.0	Unknown taxonomy (chromosome)
barcode10_DS_4.7GB	contig_257	2311	3319	tet(W)_tetracycline_antibiotic	57	1008	1008	1.0	Unknown taxonomy (chromosome or plasmid)
barcode10_DS_4.7GB	contig_259	123194	125114	tet(W)_tetracycline_antibiotic	67	1920	1920	1.0	Unknown taxonomy (chromosome or plasmid)
barcode10_DS_4.7GB	contig_2599	512837	515330	vanT gene in vanG cluster_glycopeptide_antibiotic	18	2493	2493	1.0	
barcode10_DS_4.7GB	contig_261	2353	4273	tet(W)_tetracycline_antibiotic	58	1920	1920	1.0	Unknown taxonomy (chromosome or plasmid)
barcode10_DS_4.7GB	contig_269	9501	10161	tet(W)_tetracycline_antibiotic	21	660	660	1.0	Unknown taxonomy (chromosome)
barcode10_DS_4.7GB	contig_269	10415	11423	tet(W/N/W)_tetracycline_antibiotic	22	1008	1008	1.0	Unknown taxonomy (chromosome or plasmid)
barcode10_DS_4.7GB	contig_2734	27370	29014	YojI_peptide_antibiotic	7	1644	1644	1.0	Escherichia coli (chromosome or plasmid)
barcode10_DS_4.7GB	contig_2764	5328	6189	SHV-2A_carbapenem;_cephalosporin;_penam	7	861	861	1.0	Unknown taxonomy (chromosome or plasmid)
barcode10_DS_4.7GB	contig_2854	24266	26192	tet(Q)_tetracycline_antibiotic	22	1926	1926	1.0	Unknown taxonomy (chromosome)
barcode10_DS_4.7GB	contig_2854	26929	28066	tet(X)_glycylcycline;_tetracycline_antibiotic	41	1137	1137	1.0	Unknown taxonomy (chromosome or plasmid)
barcode10_DS_4.7GB	contig_2854	28278	29079	ErmF_macrolide_antibiotic;_lincosamide_antibiotic;_streptogramin_antibiotic;_streptogramin_A_antibiotic;_streptogramin_B_antibiotic	76	801	801	1.0	Unknown taxonomy (chromosome or plasmid)
barcode10_DS_4.7GB	contig_2886	28165	28498	qacJ_disinfecting_agents_and_antiseptics	7	333	333	1.0	
barcode10_DS_4.7GB	contig_30	26245	28618	vanT gene in vanG cluster_glycopeptide_antibiotic	14	2373	2373	1.0	Alistipes putredinis (no genomic info)
barcode10_DS_4.7GB	contig_3101	11734	12556	vanW gene in vanB cluster_glycopeptide_antibiotic	12	822	822	1.0	
barcode10_DS_4.7GB	contig_319	3072	3954	KPC-2_monobactam;_carbapenem;_cephalosporin;_penam	63	882	882	1.0	Unknown taxonomy (chromosome or plasmid)
barcode10_DS_4.7GB	contig_3245	672	1482	vanW gene in vanG cluster_glycopeptide_antibiotic	5	810	810	1.0	
barcode10_DS_4.7GB	contig_3245	73231	74218	vanH gene in vanO cluster_glycopeptide_antibiotic	8	987	987	1.0	
barcode10_DS_4.7GB	contig_3328	4196	5381	Escherichia coli EF-Tu mutants conferring resistance to Pulvomycin_elfamycin_antibiotic	13	1185	1185	1.0	Unknown taxonomy (chromosome or plasmid)
barcode10_DS_4.7GB	contig_334	65930	67424	vanW gene in vanI cluster_glycopeptide_antibiotic	4	1494	1494	1.0	
barcode10_DS_4.7GB	contig_334	136802	138005	vanT gene in vanG cluster_glycopeptide_antibiotic	13	1203	1203	1.0	
barcode10_DS_4.7GB	contig_3351	27914	29510	vanW gene in vanI cluster_glycopeptide_antibiotic	7	1596	1596	1.0	
barcode10_DS_4.7GB	contig_3361	53042	56603	Bifidobacterium adolescentis rpoB mutants conferring resistance to rifampicin_rifamycin_antibiotic	14	3561	3561	1.0	Unknown taxonomy (chromosome)
barcode10_DS_4.7GB	contig_344	2394	3357	CfxA6_cephamycin	64	963	963	1.0	
barcode10_DS_4.7GB	contig_3444	419	1679	EreB_macrolide_antibiotic	25	1260	1260	1.0	
barcode10_DS_4.7GB	contig_345	8223	9219	CfxA6_cephamycin	48	996	996	1.0	
barcode10_DS_4.7GB	contig_345	11742	13668	tet(Q)_tetracycline_antibiotic	41	1926	1926	1.0	Unknown taxonomy (chromosome)
barcode10_DS_4.7GB	contig_345	17057	17795	ErmB_macrolide_antibiotic;_lincosamide_antibiotic;_streptogramin_antibiotic;_streptogramin_A_antibiotic;_streptogramin_B_antibiotic	31	738	738	1.0	Unknown taxonomy (chromosome or plasmid)
barcode10_DS_4.7GB	contig_355	48781	49516	ErmG_macrolide_antibiotic;_lincosamide_antibiotic;_streptogramin_antibiotic;_streptogramin_A_antibiotic;_streptogramin_B_antibiotic	29	735	735	1.0	Unknown taxonomy (chromosome)
barcode10_DS_4.7GB	contig_359	70888	72814	tet(Q)_tetracycline_antibiotic	55	1926	1926	1.0	Unknown taxonomy (chromosome)
barcode10_DS_4.7GB	contig_3598	204	1212	tet(W)_tetracycline_antibiotic	17	1008	1008	1.0	Unknown taxonomy (chromosome or plasmid)
barcode10_DS_4.7GB	contig_361	42493	43294	ErmF_macrolide_antibiotic;_lincosamide_antibiotic;_streptogramin_antibiotic;_streptogramin_A_antibiotic;_streptogramin_B_antibiotic	41	801	801	1.0	Unknown taxonomy (chromosome or plasmid)
barcode10_DS_4.7GB	contig_3675	276683	277310	ErmX_macrolide_antibiotic;_lincosamide_antibiotic;_streptogramin_antibiotic;_streptogramin_A_antibiotic;_streptogramin_B_antibiotic	17	627	627	1.0	Unknown taxonomy (chromosome or plasmid)
barcode10_DS_4.7GB	contig_3695	20197	21661	tet(44)_tetracycline_antibiotic	5	1464	1464	1.0	
barcode10_DS_4.7GB	contig_3695	28571	29744	vanT gene in vanG cluster_glycopeptide_antibiotic	10	1173	1173	1.0	
barcode10_DS_4.7GB	contig_3700	22510	23999	TolC_macrolide_antibiotic;_fluoroquinolone_antibiotic;_aminoglycoside_antibiotic;_carbapenem;_cephalosporin;_glycylcycline;_cephamycin;_penam;_tetracycline_antibiotic;_peptide_antibiotic;_aminocoumarin_antibiotic;_rifamycin_antibiotic;_phenicol_antibiotic;_penem;_disinfecting_agents_and_antiseptics	5	1489	1489	1.0	Unknown taxonomy (chromosome or plasmid)
barcode10_DS_4.7GB	contig_3984	395753	396914	vanT gene in vanG cluster_glycopeptide_antibiotic	24	1161	1161	1.0	
barcode10_DS_4.7GB	contig_401	225965	229121	adeF_fluoroquinolone_antibiotic;_tetracycline_antibiotic	22	3156	3156	1.0	
barcode10_DS_4.7GB	contig_4144	7316	9236	tet(O)_tetracycline_antibiotic	102	1920	1920	1.0	Unknown taxonomy (chromosome or plasmid)
barcode10_DS_4.7GB	contig_4144	18480	19410	Erm(52)_macrolide_antibiotic;_lincosamide_antibiotic;_streptogramin_antibiotic	11	930	930	1.0	
barcode10_DS_4.7GB	contig_4144	19590	21510	tet(M)_tetracycline_antibiotic	12	1920	1920	1.0	Unknown taxonomy (chromosome or plasmid)
barcode10_DS_4.7GB	contig_4148	16728	17229	nimJ_nitroimidazole_antibiotic	8	501	501	1.0	
barcode10_DS_4.7GB	contig_4279	19996	20323	qacG_disinfecting_agents_and_antiseptics	5	327	327	1.0	
barcode10_DS_4.7GB	contig_428	14011	14506	lnuC_lincosamide_antibiotic	33	495	495	1.0	Unknown taxonomy (chromosome or plasmid)
barcode10_DS_4.7GB	contig_4295	565	1756	tet(C)_tetracycline_antibiotic	10	1191	1191	1.0	Unknown taxonomy (chromosome or plasmid)
barcode10_DS_4.7GB	contig_4309	2410	2707	FosI_phosphonic_acid_antibiotic	6	297	297	1.0	
barcode10_DS_4.7GB	contig_4341	26912	29390	vanT gene in vanG cluster_glycopeptide_antibiotic	13	2478	2478	1.0	
barcode10_DS_4.7GB	contig_4380	11486	11981	lnuC_lincosamide_antibiotic	35	495	495	1.0	Unknown taxonomy (chromosome or plasmid)
barcode10_DS_4.7GB	contig_4430	26815	28543	vanW gene in vanI cluster_glycopeptide_antibiotic	2	1728	1728	1.0	
barcode10_DS_4.7GB	contig_4456	1553	2408	ErmX_macrolide_antibiotic;_lincosamide_antibiotic;_streptogramin_antibiotic;_streptogramin_A_antibiotic;_streptogramin_B_antibiotic	16	855	855	1.0	Unknown taxonomy (chromosome or plasmid)
barcode10_DS_4.7GB	contig_4792	44183	46649	vanT gene in vanG cluster_glycopeptide_antibiotic	21	2466	2466	1.0	Phocaeicola vulgatus (chromosome)
barcode10_DS_4.7GB	contig_5119	0	612	tet(Q)_tetracycline_antibiotic	3	612	612	1.0	Unknown taxonomy (chromosome)
barcode10_DS_4.7GB	contig_5151	33405	34119	vanY gene in vanB cluster_glycopeptide_antibiotic	12	714	714	1.0	
barcode10_DS_4.7GB	contig_5158	7235	9710	vanT gene in vanG cluster_glycopeptide_antibiotic	6	2475	2475	1.0	
barcode10_DS_4.7GB	contig_5249	16681	17509	OXA-2_carbapenem;_cephalosporin;_penam	25	828	828	1.0	Unknown taxonomy (chromosome or plasmid)
barcode10_DS_4.7GB	contig_5249	17579	18443	GES-1_carbapenem;_cephalosporin;_penam	30	864	864	1.0	Unknown taxonomy (chromosome or plasmid)
barcode10_DS_4.7GB	contig_5249	18484	19135	AAC(6')-Ib9_aminoglycoside_antibiotic	21	651	651	1.0	Unknown taxonomy (chromosome or plasmid)
barcode10_DS_4.7GB	contig_5279	3239	3734	lnuC_lincosamide_antibiotic	36	495	495	1.0	Unknown taxonomy (chromosome or plasmid)
barcode10_DS_4.7GB	contig_5300	17236	17632	vanY gene in vanM cluster_glycopeptide_antibiotic	17	396	396	1.0	
barcode10_DS_4.7GB	contig_5309	4884	5622	ErmB_macrolide_antibiotic;_lincosamide_antibiotic;_streptogramin_antibiotic;_streptogramin_A_antibiotic;_streptogramin_B_antibiotic	26	738	738	1.0	Unknown taxonomy (chromosome or plasmid)
barcode10_DS_4.7GB	contig_5391	45426	45759	qacG_disinfecting_agents_and_antiseptics	6	333	333	1.0	
barcode10_DS_4.7GB	contig_5512	1417	1807	rsmA_fluoroquinolone_antibiotic;_diaminopyrimidine_antibiotic;_phenicol_antibiotic	7	390	390	1.0	Pseudomonas aeruginosa (chromosome)
barcode10_DS_4.7GB	contig_5559	6471	6957	nimA_nitroimidazole_antibiotic	5	486	486	1.0	
barcode10_DS_4.7GB	contig_5808	12635	12965	Klebsiella pneumoniae KpnF_macrolide_antibiotic;_aminoglycoside_antibiotic;_cephalosporin;_tetracycline_antibiotic;_peptide_antibiotic;_rifamycin_antibiotic;_disinfecting_agents_and_antiseptics	4	330	330	1.0	Unknown taxonomy (chromosome or plasmid)
barcode10_DS_4.7GB	contig_5808	12951	13317	Klebsiella pneumoniae KpnE_macrolide_antibiotic;_aminoglycoside_antibiotic;_cephalosporin;_tetracycline_antibiotic;_peptide_antibiotic;_rifamycin_antibiotic;_disinfecting_agents_and_antiseptics	4	366	366	1.0	Unknown taxonomy (chromosome or plasmid)
barcode10_DS_4.7GB	contig_5930	12410	12905	dfrF_diaminopyrimidine_antibiotic	26	495	495	1.0	Unknown taxonomy (chromosome or plasmid)
barcode10_DS_4.7GB	contig_5941	21093	21567	dfrF_diaminopyrimidine_antibiotic	20	474	474	1.0	Unknown taxonomy (chromosome or plasmid)
barcode10_DS_4.7GB	contig_61	21413	22391	tet(O)_tetracycline_antibiotic	56	978	978	1.0	Unknown taxonomy (chromosome or plasmid)
barcode10_DS_4.7GB	contig_6153	9092	9830	ErmB_macrolide_antibiotic;_lincosamide_antibiotic;_streptogramin_antibiotic;_streptogramin_A_antibiotic;_streptogramin_B_antibiotic	32	738	738	1.0	Unknown taxonomy (chromosome or plasmid)
barcode10_DS_4.7GB	contig_6383	19159	20269	vanT gene in vanG cluster_glycopeptide_antibiotic	5	1110	1110	1.0	
barcode10_DS_4.7GB	contig_6441	465	1326	TEM-1_monobactam;_cephalosporin;_penam;_penem	19	861	861	1.0	Unknown taxonomy (chromosome or plasmid)
barcode10_DS_4.7GB	contig_652	88709	89819	vanT gene in vanG cluster_glycopeptide_antibiotic	76	1110	1110	1.0	
barcode10_DS_4.7GB	contig_652	976870	980062	adeF_fluoroquinolone_antibiotic;_tetracycline_antibiotic	57	3192	3192	1.0	
barcode10_DS_4.7GB	contig_6529	26988	27963	vanW gene in vanI cluster_glycopeptide_antibiotic	5	975	975	1.0	
barcode10_DS_4.7GB	contig_673	729	1569	sul1_sulfonamide_antibiotic	50	840	840	1.0	Unknown taxonomy (chromosome or plasmid)
barcode10_DS_4.7GB	contig_673	1562	1910	qacEdelta1_disinfecting_agents_and_antiseptics	54	348	348	1.0	Unknown taxonomy (chromosome or plasmid)
barcode10_DS_4.7GB	contig_673	2679	3543	GES-1_carbapenem;_cephalosporin;_penam	56	864	864	1.0	Unknown taxonomy (chromosome or plasmid)
barcode10_DS_4.7GB	contig_673	3616	4075	AAC(6')-Il_aminoglycoside_antibiotic	48	459	459	1.0	Unknown taxonomy (chromosome or plasmid)
barcode10_DS_4.7GB	contig_674	3206	4046	sul1_sulfonamide_antibiotic	18	840	840	1.0	Unknown taxonomy (chromosome or plasmid)
barcode10_DS_4.7GB	contig_675	102	450	qacEdelta1_disinfecting_agents_and_antiseptics	31	348	348	1.0	Unknown taxonomy (chromosome or plasmid)
barcode10_DS_4.7GB	contig_675	443	1283	sul1_sulfonamide_antibiotic	31	840	840	1.0	Unknown taxonomy (chromosome or plasmid)
barcode10_DS_4.7GB	contig_675	5358	6597	Mrx_macrolide_antibiotic	16	1239	1239	1.0	Unknown taxonomy (chromosome or plasmid)
barcode10_DS_4.7GB	contig_675	6593	7499	mphA_macrolide_antibiotic	20	906	906	1.0	Unknown taxonomy (chromosome or plasmid)
barcode10_DS_4.7GB	contig_677	10	469	AAC(6')-Il_aminoglycoside_antibiotic	26	459	459	1.0	Unknown taxonomy (chromosome or plasmid)
barcode10_DS_4.7GB	contig_677	1534	2068	ANT(2'')-Ia_aminoglycoside_antibiotic	28	534	534	1.0	Unknown taxonomy (chromosome or plasmid)
barcode10_DS_4.7GB	contig_677	2183	2531	qacEdelta1_disinfecting_agents_and_antiseptics	59	348	348	1.0	Unknown taxonomy (chromosome or plasmid)
barcode10_DS_4.7GB	contig_677	2524	3364	sul1_sulfonamide_antibiotic	65	840	840	1.0	Unknown taxonomy (chromosome or plasmid)
barcode10_DS_4.7GB	contig_678	1256	1754	dfrA12_diaminopyrimidine_antibiotic	3	498	498	1.0	Unknown taxonomy (chromosome or plasmid)
barcode10_DS_4.7GB	contig_6795	2896	3745	vanW gene in vanI cluster_glycopeptide_antibiotic	4	849	849	1.0	
barcode10_DS_4.7GB	contig_684	631868	635438	Bifidobacterium adolescentis rpoB mutants conferring resistance to rifampicin_rifamycin_antibiotic	18	3570	3570	1.0	Bifidobacterium (chromosome)
barcode10_DS_4.7GB	contig_6861	3867	4869	vanH gene in vanO cluster_glycopeptide_antibiotic	7	1002	1002	1.0	
barcode10_DS_4.7GB	contig_6948	524	1304	APH(3')-VIa_aminoglycoside_antibiotic	23	780	780	1.0	Unknown taxonomy (chromosome or plasmid)
barcode10_DS_4.7GB	contig_7090	112513	113497	vanH gene in vanO cluster_glycopeptide_antibiotic	16	984	984	1.0	
barcode10_DS_4.7GB	contig_7182	5273	6530	vanW gene in vanI cluster_glycopeptide_antibiotic	7	1257	1257	1.0	
barcode10_DS_4.7GB	contig_7204	2991	3486	dfrF_diaminopyrimidine_antibiotic	23	495	495	1.0	Unknown taxonomy (chromosome or plasmid)
barcode10_DS_4.7GB	contig_7205	3550	3961	FosXCC_phosphonic_acid_antibiotic	8	411	411	1.0	
barcode10_DS_4.7GB	contig_7207	964	1780	sul2_sulfonamide_antibiotic	26	816	816	1.0	Unknown taxonomy (chromosome or plasmid)
barcode10_DS_4.7GB	contig_7208	210	1434	mef(C)_macrolide_antibiotic;_tetracycline_antibiotic	22	1224	1224	1.0	
barcode10_DS_4.7GB	contig_7208	1438	2323	mphG_macrolide_antibiotic	21	885	885	1.0	
barcode10_DS_4.7GB	contig_7609	676	1540	aadS_aminoglycoside_antibiotic	38	864	864	1.0	Unknown taxonomy (chromosome or plasmid)
barcode10_DS_4.7GB	contig_7655	29050	29851	ErmF_macrolide_antibiotic;_lincosamide_antibiotic;_streptogramin_antibiotic;_streptogramin_A_antibiotic;_streptogramin_B_antibiotic	31	801	801	1.0	Unknown taxonomy (chromosome or plasmid)
barcode10_DS_4.7GB	contig_7693	10224	10557	qacL_disinfecting_agents_and_antiseptics	16	333	333	1.0	Unknown taxonomy (chromosome or plasmid)
barcode10_DS_4.7GB	contig_7747	433	1657	mef(C)_macrolide_antibiotic;_tetracycline_antibiotic	23	1224	1224	1.0	
barcode10_DS_4.7GB	contig_7773	48	963	EstT_macrolide_antibiotic;_glycylcycline;_tetracycline_antibiotic	11	915	915	1.0	Unknown taxonomy (chromosome or plasmid)
barcode10_DS_4.7GB	contig_7773	1123	2290	tet(X)_glycylcycline;_tetracycline_antibiotic	18	1167	1167	1.0	Unknown taxonomy (chromosome or plasmid)
barcode10_DS_4.7GB	contig_7773	2499	3300	ErmF_macrolide_antibiotic;_lincosamide_antibiotic;_streptogramin_antibiotic;_streptogramin_A_antibiotic;_streptogramin_B_antibiotic	19	801	801	1.0	Unknown taxonomy (chromosome or plasmid)
barcode10_DS_4.7GB	contig_7774	1678	2479	ErmF_macrolide_antibiotic;_lincosamide_antibiotic;_streptogramin_antibiotic;_streptogramin_A_antibiotic;_streptogramin_B_antibiotic	49	801	801	1.0	Unknown taxonomy (chromosome or plasmid)
barcode10_DS_4.7GB	contig_7779	986	1787	OXA-205_penam	13	801	801	1.0	Pseudomonas aeruginosa (no genomic info)
barcode10_DS_4.7GB	contig_7779	2860	3193	qacL_disinfecting_agents_and_antiseptics	13	333	333	1.0	Unknown taxonomy (chromosome or plasmid)
barcode10_DS_4.7GB	contig_7779	3281	3837	AAC(6')-Ib3_aminoglycoside_antibiotic	14	556	556	1.0	Unknown taxonomy (chromosome or plasmid)
barcode10_DS_4.7GB	contig_7779	3905	4694	aadA5_aminoglycoside_antibiotic	10	789	789	1.0	Unknown taxonomy (chromosome or plasmid)
barcode10_DS_4.7GB	contig_7871	145722	146211	nimJ_nitroimidazole_antibiotic	6	489	489	1.0	
barcode10_DS_4.7GB	contig_7880	2069	2864	APH(3')-IIIa_aminoglycoside_antibiotic	9	795	795	1.0	Unknown taxonomy (chromosome or plasmid)
barcode10_DS_4.7GB	contig_79	2	1697	tet(O)_tetracycline_antibiotic	37	1695	1695	1.0	Unknown taxonomy (chromosome or plasmid)
barcode10_DS_4.7GB	contig_7987	8490	9627	vanW gene in vanI cluster_glycopeptide_antibiotic	5	1137	1137	1.0	
barcode10_DS_4.7GB	contig_8226	18351	18681	qacG_disinfecting_agents_and_antiseptics	16	330	330	1.0	Elizabethkingia anophelis (chromosome)
barcode10_DS_4.7GB	contig_827	230	1031	OXA-10_cephalosporin;_penam	6	801	801	1.0	Unknown taxonomy (chromosome or plasmid)
barcode10_DS_4.7GB	contig_827	1295	2468	cmlA5_phenicol_antibiotic	5	1173	1173	1.0	Klebsiella pneumoniae (chromosome or plasmid)
barcode10_DS_4.7GB	contig_827	2875	3328	arr-2_rifamycin_antibiotic	7	453	453	1.0	Unknown taxonomy (chromosome or plasmid)
barcode10_DS_4.7GB	contig_8275	2105	2930	EreD_macrolide_antibiotic	8	825	825	1.0	Unknown taxonomy (chromosome or plasmid)
barcode10_DS_4.7GB	contig_829	366	1605	Mrx_macrolide_antibiotic	6	1239	1239	1.0	Unknown taxonomy (chromosome or plasmid)
barcode10_DS_4.7GB	contig_829	1601	2507	mphA_macrolide_antibiotic	14	906	906	1.0	Unknown taxonomy (chromosome or plasmid)
barcode10_DS_4.7GB	contig_8311	1539	2352	NDM-1_carbapenem;_cephalosporin;_cephamycin;_penam	8	813	813	1.0	Unknown taxonomy (chromosome or plasmid)
barcode10_DS_4.7GB	contig_8311	2355	2721	BRP(MBL)_glycopeptide_antibiotic	7	366	366	1.0	Unknown taxonomy (chromosome or plasmid)
barcode10_DS_4.7GB	contig_8370	8806	9304	AAC(6')-IIa_aminoglycoside_antibiotic	6	498	498	1.0	Unknown taxonomy (chromosome or plasmid)
barcode10_DS_4.7GB	contig_8453	5543	6530	vanH gene in vanO cluster_glycopeptide_antibiotic	10	987	987	1.0	
barcode10_DS_4.7GB	contig_8502	8683	9418	ErmG_macrolide_antibiotic;_lincosamide_antibiotic;_streptogramin_antibiotic;_streptogramin_A_antibiotic;_streptogramin_B_antibiotic	31	735	735	1.0	Unknown taxonomy (chromosome)
barcode10_DS_4.7GB	contig_8543	2125	2953	OXA-253_carbapenem;_penam	11	828	828	1.0	Acinetobacter baumannii (chromosome)
barcode10_DS_4.7GB	contig_8685	20352	21825	vanW gene in vanI cluster_glycopeptide_antibiotic	5	1473	1473	1.0	
barcode10_DS_4.7GB	contig_8731	4572	4881	qacG_disinfecting_agents_and_antiseptics	4	309	309	1.0	
barcode10_DS_4.7GB	contig_8747	67114	68260	vanT gene in vanG cluster_glycopeptide_antibiotic	5	1146	1146	1.0	
barcode10_DS_4.7GB	contig_8801	10863	13338	vanT gene in vanG cluster_glycopeptide_antibiotic	12	2475	2475	1.0	
barcode10_DS_4.7GB	contig_9058	75220	78379	adeF_fluoroquinolone_antibiotic;_tetracycline_antibiotic	9	3159	3159	1.0	
barcode10_DS_4.7GB	contig_9107	55738	56911	vanT gene in vanG cluster_glycopeptide_antibiotic	7	1173	1173	1.0	
barcode10_DS_4.7GB	contig_923	6864	8556	vanW gene in vanI cluster_glycopeptide_antibiotic	7	1692	1692	1.0	
barcode10_DS_4.7GB	contig_93	2	755	tet(O)_tetracycline_antibiotic	24	753	753	1.0	Unknown taxonomy (chromosome or plasmid)
barcode10_DS_4.7GB	contig_93	809	2030	tet(40)_tetracycline_antibiotic	24	1221	1221	1.0	Unknown taxonomy (chromosome)
barcode10_DS_4.7GB	contig_959	8213	9179	CfxA2_cephamycin	50	966	966	1.0	Unknown taxonomy (chromosome or plasmid)
barcode10_DS_4.7GB	contig_960	5754	6720	CfxA4_cephamycin	73	966	966	1.0	Unknown taxonomy (chromosome or plasmid)
barcode10_DS_4.7GB	contig_962	7324	8290	CfxA3_cephamycin	71	966	966	1.0	Unknown taxonomy (chromosome or plasmid)
barcode10_DS_4.7GB	contig_9623	16977	18777	vanW gene in vanI cluster_glycopeptide_antibiotic	10	1800	1800	1.0	
barcode10_DS_4.7GB	contig_9692	9196	9595	FosI_phosphonic_acid_antibiotic	2	399	399	1.0	
barcode10_DS_4.7GB	contig_9701	4105	5473	Haemophilus influenzae PBP3 conferring resistance to beta-lactam antibiotics_cephalosporin;_cephamycin;_penam	5	1368	1368	1.0	Klebsiella pneumoniae (chromosome or plasmid)
barcode10_DS_4.7GB	contig_9866	10818	11943	vanT gene in vanG cluster_glycopeptide_antibiotic	4	1125	1125	1.0	
barcode10_DS_4.7GB	contig_9950	330	942	vanW gene in vanI cluster_glycopeptide_antibiotic	7	612	612	1.0	
barcode11_DS_4.7GB	contig_10080	11870	12146	vanY gene in vanA cluster_glycopeptide_antibiotic	16	276	276	1.0	
barcode11_DS_4.7GB	contig_102	5623	6505	KPC-2_monobactam;_carbapenem;_cephalosporin;_penam	42	882	882	1.0	Unknown taxonomy (chromosome or plasmid)
barcode11_DS_4.7GB	contig_10278	22056	23532	vanW gene in vanI cluster_glycopeptide_antibiotic	8	1476	1476	1.0	
barcode11_DS_4.7GB	contig_10367	10772	12098	tet(O)_tetracycline_antibiotic	6	1326	1326	1.0	
barcode11_DS_4.7GB	contig_1052	17442	19890	vanT gene in vanG cluster_glycopeptide_antibiotic	22	2448	2448	1.0	
barcode11_DS_4.7GB	contig_107	569	1454	mphE_macrolide_antibiotic	37	885	885	1.0	Unknown taxonomy (chromosome or plasmid)
barcode11_DS_4.7GB	contig_107	1509	2985	msrE_macrolide_antibiotic;_streptogramin_antibiotic	40	1476	1476	1.0	Unknown taxonomy (chromosome or plasmid)
barcode11_DS_4.7GB	contig_10778	3053	3782	gadW_macrolide_antibiotic;_fluoroquinolone_antibiotic;_penam	4	729	729	1.0	Escherichia coli (chromosome)
barcode11_DS_4.7GB	contig_10778	7295	8453	mdtE_macrolide_antibiotic;_fluoroquinolone_antibiotic;_penam	4	1158	1158	1.0	Unknown taxonomy (chromosome)
barcode11_DS_4.7GB	contig_108	618	2094	msrE_macrolide_antibiotic;_streptogramin_antibiotic	30	1476	1476	1.0	Unknown taxonomy (chromosome or plasmid)
barcode11_DS_4.7GB	contig_108	10578	11484	mphA_macrolide_antibiotic	15	906	906	1.0	Unknown taxonomy (chromosome or plasmid)
barcode11_DS_4.7GB	contig_108	11480	12719	Mrx_macrolide_antibiotic	17	1239	1239	1.0	Unknown taxonomy (chromosome or plasmid)
barcode11_DS_4.7GB	contig_11054	1711	3346	vanW gene in vanI cluster_glycopeptide_antibiotic	7	1635	1635	1.0	
barcode11_DS_4.7GB	contig_1114	121961	123092	vanT gene in vanG cluster_glycopeptide_antibiotic	21	1131	1131	1.0	
barcode11_DS_4.7GB	contig_11232	374	833	AAC(6')-Il_aminoglycoside_antibiotic	13	459	459	1.0	Unknown taxonomy (chromosome or plasmid)
barcode11_DS_4.7GB	contig_11489	19022	20108	vanY gene in vanB cluster_glycopeptide_antibiotic	15	1086	1086	1.0	
barcode11_DS_4.7GB	contig_11520	1976	2879	vanW gene in vanI cluster_glycopeptide_antibiotic	4	903	903	1.0	
barcode11_DS_4.7GB	contig_1163	2698	3580	KPC-2_monobactam;_carbapenem;_cephalosporin;_penam	39	882	882	1.0	Unknown taxonomy (chromosome or plasmid)
barcode11_DS_4.7GB	contig_1163	5995	6775	APH(3')-VIa_aminoglycoside_antibiotic	39	780	780	1.0	Unknown taxonomy (chromosome or plasmid)
barcode11_DS_4.7GB	contig_1170	49	583	ANT(2'')-Ia_aminoglycoside_antibiotic	17	534	534	1.0	Unknown taxonomy (chromosome or plasmid)
barcode11_DS_4.7GB	contig_1170	698	1046	qacEdelta1_disinfecting_agents_and_antiseptics	55	348	348	1.0	Unknown taxonomy (chromosome or plasmid)
barcode11_DS_4.7GB	contig_1170	1039	1879	sul1_sulfonamide_antibiotic	47	840	840	1.0	Unknown taxonomy (chromosome or plasmid)
barcode11_DS_4.7GB	contig_1181	1081	1861	APH(3')-VIa_aminoglycoside_antibiotic	16	780	780	1.0	Unknown taxonomy (chromosome or plasmid)
barcode11_DS_4.7GB	contig_11950	3770	4592	vanW gene in vanB cluster_glycopeptide_antibiotic	5	822	822	1.0	
barcode11_DS_4.7GB	contig_12137	1418	2060	EreD_macrolide_antibiotic	5	642	642	1.0	Unknown taxonomy (chromosome or plasmid)
barcode11_DS_4.7GB	contig_12137	2260	3085	aadS_aminoglycoside_antibiotic	19	825	825	1.0	Unknown taxonomy (chromosome or plasmid)
barcode11_DS_4.7GB	contig_12193	21265	21589	qacG_disinfecting_agents_and_antiseptics	7	324	324	1.0	
barcode11_DS_4.7GB	contig_12538	201290	204416	adeF_fluoroquinolone_antibiotic;_tetracycline_antibiotic	14	3126	3126	1.0	
barcode11_DS_4.7GB	contig_12570	5092	5920	OXA-253_carbapenem;_penam	14	828	828	1.0	Acinetobacter baumannii (chromosome)
barcode11_DS_4.7GB	contig_12621	1502	2870	mdtA_aminocoumarin_antibiotic	4	1368	1368	1.0	Escherichia coli (chromosome or plasmid)
barcode11_DS_4.7GB	contig_13319	10717	11527	vanY gene in vanB cluster_glycopeptide_antibiotic	9	810	810	1.0	
barcode11_DS_4.7GB	contig_13325	14251	14488	vanY gene in vanM cluster_glycopeptide_antibiotic	9	237	237	1.0	Faecalibacterium prausnitzii (chromosome)
barcode11_DS_4.7GB	contig_1357	9561	9912	vanY gene in vanB cluster_glycopeptide_antibiotic	11	351	351	1.0	
barcode11_DS_4.7GB	contig_13607	1015	1465	nimF_nitroimidazole_antibiotic	3	450	450	1.0	
barcode11_DS_4.7GB	contig_13831	11047	12160	vanW gene in vanI cluster_glycopeptide_antibiotic	3	1113	1113	1.0	
barcode11_DS_4.7GB	contig_13854	12439	13321	vanY gene in vanB cluster_glycopeptide_antibiotic	4	882	882	1.0	
barcode11_DS_4.7GB	contig_13962	2900	3896	vanH gene in vanB cluster_glycopeptide_antibiotic	10	996	996	1.0	
barcode11_DS_4.7GB	contig_14008	15998	17999	vanT gene in vanG cluster_glycopeptide_antibiotic	5	2001	2001	1.0	
barcode11_DS_4.7GB	contig_14024	20219	21659	Escherichia coli UhpT with mutation conferring resistance to fosfomycin_phosphonic_acid_antibiotic	11	1440	1440	1.0	Klebsiella pneumoniae (chromosome or plasmid)
barcode11_DS_4.7GB	contig_14052	2546	3542	vanH gene in vanO cluster_glycopeptide_antibiotic	7	996	996	1.0	Faecalibacterium prausnitzii (chromosome)
barcode11_DS_4.7GB	contig_14096	5048	6149	vanT gene in vanG cluster_glycopeptide_antibiotic	4	1101	1101	1.0	
barcode11_DS_4.7GB	contig_14096	11352	14493	adeF_fluoroquinolone_antibiotic;_tetracycline_antibiotic	6	3141	3141	1.0	
barcode11_DS_4.7GB	contig_14224	2721	3558	vanW gene in vanI cluster_glycopeptide_antibiotic	5	837	837	1.0	
barcode11_DS_4.7GB	contig_1424	5258	5993	ErmG_macrolide_antibiotic;_lincosamide_antibiotic;_streptogramin_antibiotic;_streptogramin_A_antibiotic;_streptogramin_B_antibiotic	31	735	735	1.0	Unknown taxonomy (chromosome)
barcode11_DS_4.7GB	contig_14352	9916	10729	vanW gene in vanI cluster_glycopeptide_antibiotic	8	813	813	1.0	
barcode11_DS_4.7GB	contig_14429	27999	29517	tet(O/W)_tetracycline_antibiotic	24	1518	1518	1.0	Unknown taxonomy (chromosome or plasmid)
barcode11_DS_4.7GB	contig_14546	96	891	APH(3')-IIIa_aminoglycoside_antibiotic	11	795	795	1.0	Unknown taxonomy (chromosome or plasmid)
barcode11_DS_4.7GB	contig_14546	1554	2295	ErmB_macrolide_antibiotic;_lincosamide_antibiotic;_streptogramin_antibiotic;_streptogramin_A_antibiotic;_streptogramin_B_antibiotic	24	741	741	1.0	Unknown taxonomy (chromosome or plasmid)
barcode11_DS_4.7GB	contig_14718	13103	14153	vanT gene in vanG cluster_glycopeptide_antibiotic	10	1050	1050	1.0	
barcode11_DS_4.7GB	contig_14856	59340	62493	adeF_fluoroquinolone_antibiotic;_tetracycline_antibiotic	9	3153	3153	1.0	
barcode11_DS_4.7GB	contig_14878	1	418	nimJ_nitroimidazole_antibiotic	6	417	417	1.0	
barcode11_DS_4.7GB	contig_1488	5246	5741	lnuC_lincosamide_antibiotic	39	495	495	1.0	Unknown taxonomy (chromosome or plasmid)
barcode11_DS_4.7GB	contig_15089	36460	39631	adeF_fluoroquinolone_antibiotic;_tetracycline_antibiotic	5	3171	3171	1.0	
barcode11_DS_4.7GB	contig_15122	2402	2615	vanU gene in vanG cluster_glycopeptide_antibiotic	12	213	213	1.0	
barcode11_DS_4.7GB	contig_15333	30764	31886	vanT gene in vanG cluster_glycopeptide_antibiotic	5	1122	1122	1.0	
barcode11_DS_4.7GB	contig_1538	2271	3135	aadS_aminoglycoside_antibiotic	27	864	864	1.0	Unknown taxonomy (chromosome or plasmid)
barcode11_DS_4.7GB	contig_1538	3316	4231	EstT_macrolide_antibiotic;_glycylcycline;_tetracycline_antibiotic	12	915	915	1.0	Unknown taxonomy (chromosome or plasmid)
barcode11_DS_4.7GB	contig_1538	4391	5558	tet(X)_glycylcycline;_tetracycline_antibiotic	28	1167	1167	1.0	Unknown taxonomy (chromosome or plasmid)
barcode11_DS_4.7GB	contig_1538	5767	6568	ErmF_macrolide_antibiotic;_lincosamide_antibiotic;_streptogramin_antibiotic;_streptogramin_A_antibiotic;_streptogramin_B_antibiotic	36	801	801	1.0	Unknown taxonomy (chromosome or plasmid)
barcode11_DS_4.7GB	contig_15428	23992	24787	vanY gene in vanB cluster_glycopeptide_antibiotic	8	795	795	1.0	
barcode11_DS_4.7GB	contig_15547	28051	28360	qacG_disinfecting_agents_and_antiseptics	7	309	309	1.0	
barcode11_DS_4.7GB	contig_158	687061	689536	vanT gene in vanG cluster_glycopeptide_antibiotic	36	2475	2475	1.0	
barcode11_DS_4.7GB	contig_158	1612368	1613367	vanH gene in vanB cluster_glycopeptide_antibiotic	46	999	999	1.0	
barcode11_DS_4.7GB	contig_158	2249266	2249599	qacJ_disinfecting_agents_and_antiseptics	61	333	333	1.0	
barcode11_DS_4.7GB	contig_1583	34	544	nimA_nitroimidazole_antibiotic	2	510	510	1.0	
barcode11_DS_4.7GB	contig_1596	2142728	2146298	Bifidobacterium adolescentis rpoB mutants conferring resistance to rifampicin_rifamycin_antibiotic	19	3570	3570	1.0	Bifidobacterium (chromosome)
barcode11_DS_4.7GB	contig_1617	12311	14231	tet(W)_tetracycline_antibiotic	77	1920	1920	1.0	Unknown taxonomy (chromosome or plasmid)
barcode11_DS_4.7GB	contig_164	1176	1902	vanY gene in vanB cluster_glycopeptide_antibiotic	29	726	726	1.0	Roseburia hominis (no genomic info)
barcode11_DS_4.7GB	contig_168	82914	84024	vanT gene in vanG cluster_glycopeptide_antibiotic	91	1110	1110	1.0	
barcode11_DS_4.7GB	contig_168	970469	973661	adeF_fluoroquinolone_antibiotic;_tetracycline_antibiotic	53	3192	3192	1.0	
barcode11_DS_4.7GB	contig_1765	6773	7511	ErmB_macrolide_antibiotic;_lincosamide_antibiotic;_streptogramin_antibiotic;_streptogramin_A_antibiotic;_streptogramin_B_antibiotic	35	738	738	1.0	Unknown taxonomy (chromosome or plasmid)
barcode11_DS_4.7GB	contig_1766	8008	8974	CfxA2_cephamycin	78	966	966	1.0	Unknown taxonomy (chromosome or plasmid)
barcode11_DS_4.7GB	contig_1767	2716	3517	ErmF_macrolide_antibiotic;_lincosamide_antibiotic;_streptogramin_antibiotic;_streptogramin_A_antibiotic;_streptogramin_B_antibiotic	60	801	801	1.0	Unknown taxonomy (chromosome or plasmid)
barcode11_DS_4.7GB	contig_1767	3729	4866	tet(X)_glycylcycline;_tetracycline_antibiotic	42	1137	1137	1.0	Unknown taxonomy (chromosome or plasmid)
barcode11_DS_4.7GB	contig_1767	5603	7529	tet(Q)_tetracycline_antibiotic	37	1926	1926	1.0	Unknown taxonomy (chromosome)
barcode11_DS_4.7GB	contig_18	3893	4388	nimD_nitroimidazole_antibiotic	8	495	495	1.0	Bacteroides fragilis (plasmid)
barcode11_DS_4.7GB	contig_1977	12386	14468	vanT gene in vanG cluster_glycopeptide_antibiotic	12	2082	2082	1.0	
barcode11_DS_4.7GB	contig_1977	14454	15207	vanXY gene in vanG cluster_glycopeptide_antibiotic	6	753	753	1.0	
barcode11_DS_4.7GB	contig_1977	15203	16244	vanG_glycopeptide_antibiotic	7	1041	1041	1.0	
barcode11_DS_4.7GB	contig_2023	89465	91079	vanW gene in vanI cluster_glycopeptide_antibiotic	23	1614	1614	1.0	
barcode11_DS_4.7GB	contig_2033	13864	14683	vanY gene in vanB cluster_glycopeptide_antibiotic	23	819	819	1.0	Faecalibacterium prausnitzii (chromosome)
barcode11_DS_4.7GB	contig_2034	9126	9720	vanY gene in vanB cluster_glycopeptide_antibiotic	13	594	594	1.0	Faecalibacterium prausnitzii (chromosome)
barcode11_DS_4.7GB	contig_206	174239	174746	nimK_nitroimidazole_antibiotic	120	507	507	1.0	
barcode11_DS_4.7GB	contig_206	875196	876432	vanW gene in vanI cluster_glycopeptide_antibiotic	115	1236	1236	1.0	
barcode11_DS_4.7GB	contig_2087	52373	52706	qacG_disinfecting_agents_and_antiseptics	10	333	333	1.0	
barcode11_DS_4.7GB	contig_2159	82951	85429	vanT gene in vanG cluster_glycopeptide_antibiotic	102	2478	2478	1.0	
barcode11_DS_4.7GB	contig_2181	2884	3379	dfrF_diaminopyrimidine_antibiotic	37	495	495	1.0	Unknown taxonomy (chromosome or plasmid)
barcode11_DS_4.7GB	contig_2212	5924	8402	vanT gene in vanG cluster_glycopeptide_antibiotic	20	2478	2478	1.0	
barcode11_DS_4.7GB	contig_222	23551	24313	ErmB_macrolide_antibiotic;_lincosamide_antibiotic;_streptogramin_antibiotic;_streptogramin_A_antibiotic;_streptogramin_B_antibiotic	35	762	762	1.0	Unknown taxonomy (chromosome or plasmid)
barcode11_DS_4.7GB	contig_2300	41980	42802	vanY gene in vanB cluster_glycopeptide_antibiotic	28	822	822	1.0	Faecalibacterium prausnitzii (chromosome)
barcode11_DS_4.7GB	contig_246	4683	6123	AAC(6')-Ie-APH(2'')-Ia bifunctional protein_aminoglycoside_antibiotic	16	1440	1440	1.0	Unknown taxonomy (chromosome or plasmid)
barcode11_DS_4.7GB	contig_246	6971	8231	EreB_macrolide_antibiotic	13	1260	1260	1.0	
barcode11_DS_4.7GB	contig_250	7852	10933	adeF_fluoroquinolone_antibiotic;_tetracycline_antibiotic	38	3081	3081	1.0	
barcode11_DS_4.7GB	contig_254	17981	19907	tet(Q)_tetracycline_antibiotic	78	1926	1926	1.0	Alistipes putredinis (chromosome)
barcode11_DS_4.7GB	contig_255	36287	37175	tet(Q)_tetracycline_antibiotic	64	888	888	1.0	Unknown taxonomy (chromosome)
barcode11_DS_4.7GB	contig_255	37214	38213	tet(Q)_tetracycline_antibiotic	75	999	999	1.0	Unknown taxonomy (chromosome)
barcode11_DS_4.7GB	contig_256	9854	11780	tet(Q)_tetracycline_antibiotic	74	1926	1926	1.0	Unknown taxonomy (chromosome)
barcode11_DS_4.7GB	contig_257	1166	2303	tet(X4)_glycylcycline;_tetracycline_antibiotic	23	1137	1137	1.0	Unknown taxonomy (chromosome or plasmid)
barcode11_DS_4.7GB	contig_257	2512	3313	ErmF_macrolide_antibiotic;_lincosamide_antibiotic;_streptogramin_antibiotic;_streptogramin_A_antibiotic;_streptogramin_B_antibiotic	33	801	801	1.0	Unknown taxonomy (chromosome or plasmid)
barcode11_DS_4.7GB	contig_2576	85920	86454	ANT(2'')-Ia_aminoglycoside_antibiotic	25	534	534	1.0	Unknown taxonomy (chromosome or plasmid)
barcode11_DS_4.7GB	contig_2576	87661	88450	aadA5_aminoglycoside_antibiotic	18	789	789	1.0	Unknown taxonomy (chromosome or plasmid)
barcode11_DS_4.7GB	contig_2576	119610	119946	qacG_disinfecting_agents_and_antiseptics	19	336	336	1.0	
barcode11_DS_4.7GB	contig_2618	26992	29470	vanT gene in vanG cluster_glycopeptide_antibiotic	21	2478	2478	1.0	
barcode11_DS_4.7GB	contig_263	42410	44336	tet(Q)_tetracycline_antibiotic	118	1926	1926	1.0	Unknown taxonomy (chromosome)
barcode11_DS_4.7GB	contig_265	1654	2518	aadS_aminoglycoside_antibiotic	41	864	864	1.0	Unknown taxonomy (chromosome or plasmid)
barcode11_DS_4.7GB	contig_265	3760	4561	ErmF_macrolide_antibiotic;_lincosamide_antibiotic;_streptogramin_antibiotic;_streptogramin_A_antibiotic;_streptogramin_B_antibiotic	58	801	801	1.0	Unknown taxonomy (chromosome or plasmid)
barcode11_DS_4.7GB	contig_2656	31570	33490	tet(Q)_tetracycline_antibiotic	56	1920	1920	1.0	Unknown taxonomy (chromosome)
barcode11_DS_4.7GB	contig_2664	1255	2251	CfxA6_cephamycin	67	996	996	1.0	
barcode11_DS_4.7GB	contig_2669	162412	164116	vanW gene in vanI cluster_glycopeptide_antibiotic	13	1704	1704	1.0	
barcode11_DS_4.7GB	contig_267	434	1298	aadS_aminoglycoside_antibiotic	30	864	864	1.0	Unknown taxonomy (chromosome or plasmid)
barcode11_DS_4.7GB	contig_267	2540	3341	ErmF_macrolide_antibiotic;_lincosamide_antibiotic;_streptogramin_antibiotic;_streptogramin_A_antibiotic;_streptogramin_B_antibiotic	62	801	801	1.0	Unknown taxonomy (chromosome or plasmid)
barcode11_DS_4.7GB	contig_2680	1189	3979	adeF_fluoroquinolone_antibiotic;_tetracycline_antibiotic	14	2790	2790	1.0	
barcode11_DS_4.7GB	contig_2813	21414	22215	ErmF_macrolide_antibiotic;_lincosamide_antibiotic;_streptogramin_antibiotic;_streptogramin_A_antibiotic;_streptogramin_B_antibiotic	57	801	801	1.0	Unknown taxonomy (chromosome or plasmid)
barcode11_DS_4.7GB	contig_3111	35370	37836	vanT gene in vanG cluster_glycopeptide_antibiotic	6	2466	2466	1.0	Phocaeicola vulgatus (chromosome)
barcode11_DS_4.7GB	contig_3160	141093	142077	vanH gene in vanO cluster_glycopeptide_antibiotic	16	984	984	1.0	
barcode11_DS_4.7GB	contig_328	27120	28215	vanG_glycopeptide_antibiotic	26	1095	1095	1.0	Faecalibacterium prausnitzii (chromosome)
barcode11_DS_4.7GB	contig_3305	11651	11939	rsmA_fluoroquinolone_antibiotic;_diaminopyrimidine_antibiotic;_phenicol_antibiotic	14	288	288	1.0	
barcode11_DS_4.7GB	contig_3308	25990	26626	IMP-16_carbapenem;_cephalosporin;_cephamycin;_penam;_penem	5	636	636	1.0	Unknown taxonomy (plasmid)
barcode11_DS_4.7GB	contig_36	1460	2678	vanW gene in vanI cluster_glycopeptide_antibiotic	3	1218	1218	1.0	
barcode11_DS_4.7GB	contig_388	120947	124139	adeF_fluoroquinolone_antibiotic;_tetracycline_antibiotic	127	3192	3192	1.0	
barcode11_DS_4.7GB	contig_388	366553	367663	vanT gene in vanG cluster_glycopeptide_antibiotic	148	1110	1110	1.0	
barcode11_DS_4.7GB	contig_3984	86445	87648	vanT gene in vanG cluster_glycopeptide_antibiotic	6	1203	1203	1.0	
barcode11_DS_4.7GB	contig_4332	17415	18675	vanW gene in vanI cluster_glycopeptide_antibiotic	6	1260	1260	1.0	
barcode11_DS_4.7GB	contig_438	56603	59096	vanT gene in vanG cluster_glycopeptide_antibiotic	27	2493	2493	1.0	
barcode11_DS_4.7GB	contig_4525	10562	11558	vanH gene in vanO cluster_glycopeptide_antibiotic	5	996	996	1.0	Faecalibacterium prausnitzii (no genomic info)
barcode11_DS_4.7GB	contig_4613	8551	9268	vanY gene in vanB cluster_glycopeptide_antibiotic	7	717	717	1.0	
barcode11_DS_4.7GB	contig_468	46917	48411	vanW gene in vanI cluster_glycopeptide_antibiotic	7	1494	1494	1.0	
barcode11_DS_4.7GB	contig_4797	114043	117160	adeF_fluoroquinolone_antibiotic;_tetracycline_antibiotic	19	3117	3117	1.0	Phocaeicola vulgatus (chromosome)
barcode11_DS_4.7GB	contig_4859	116264	117470	Mef(En2)_macrolide_antibiotic;_lincosamide_antibiotic	47	1206	1206	1.0	Unknown taxonomy (chromosome)
barcode11_DS_4.7GB	contig_4931	43310	44198	vanW gene in vanI cluster_glycopeptide_antibiotic	4	888	888	1.0	
barcode11_DS_4.7GB	contig_4982	70278	71164	mphG_macrolide_antibiotic	23	886	886	1.0	
barcode11_DS_4.7GB	contig_4982	72678	73494	sul2_sulfonamide_antibiotic	33	816	816	1.0	Unknown taxonomy (chromosome or plasmid)
barcode11_DS_4.7GB	contig_499	5236	6409	vanT gene in vanG cluster_glycopeptide_antibiotic	6	1173	1173	1.0	
barcode11_DS_4.7GB	contig_5002	27581	28076	nimA_nitroimidazole_antibiotic	9	495	495	1.0	
barcode11_DS_4.7GB	contig_5013	21127	23044	tet(W)_tetracycline_antibiotic	54	1917	1917	1.0	Unknown taxonomy (chromosome or plasmid)
barcode11_DS_4.7GB	contig_5257	5594	6476	KPC-2_monobactam;_carbapenem;_cephalosporin;_penam	13	882	882	1.0	Unknown taxonomy (chromosome or plasmid)
barcode11_DS_4.7GB	contig_53	262686	263847	vanT gene in vanG cluster_glycopeptide_antibiotic	31	1161	1161	1.0	
barcode11_DS_4.7GB	contig_538	19185	21558	vanT gene in vanG cluster_glycopeptide_antibiotic	20	2373	2373	1.0	Alistipes putredinis (no genomic info)
barcode11_DS_4.7GB	contig_5392	22119	23106	vanH gene in vanO cluster_glycopeptide_antibiotic	7	987	987	1.0	
barcode11_DS_4.7GB	contig_542	1232727	1233885	vanT gene in vanG cluster_glycopeptide_antibiotic	184	1158	1158	1.0	
barcode11_DS_4.7GB	contig_542	1815288	1816275	vanH gene in vanO cluster_glycopeptide_antibiotic	183	987	987	1.0	
barcode11_DS_4.7GB	contig_5516	149203	149533	qacG_disinfecting_agents_and_antiseptics	26	330	330	1.0	Elizabethkingia anophelis (chromosome)
barcode11_DS_4.7GB	contig_5567	19584	20088	nimJ_nitroimidazole_antibiotic	7	504	504	1.0	
barcode11_DS_4.7GB	contig_570	715	1063	qacEdelta1_disinfecting_agents_and_antiseptics	45	348	348	1.0	Unknown taxonomy (chromosome or plasmid)
barcode11_DS_4.7GB	contig_570	1056	1896	sul1_sulfonamide_antibiotic	33	840	840	1.0	Unknown taxonomy (chromosome or plasmid)
barcode11_DS_4.7GB	contig_5702	8930	10040	vanG_glycopeptide_antibiotic	6	1110	1110	1.0	
barcode11_DS_4.7GB	contig_5704	19731	20595	GES-1_carbapenem;_cephalosporin;_penam	33	864	864	1.0	Unknown taxonomy (chromosome or plasmid)
barcode11_DS_4.7GB	contig_5704	20668	21127	AAC(6')-Il_aminoglycoside_antibiotic	33	459	459	1.0	Unknown taxonomy (chromosome or plasmid)
barcode11_DS_4.7GB	contig_5704	21144	21678	ANT(2'')-Ia_aminoglycoside_antibiotic	26	534	534	1.0	Unknown taxonomy (chromosome or plasmid)
barcode11_DS_4.7GB	contig_5704	24788	25571	LCR-1_cephalosporin;_penam	9	783	783	1.0	Pseudomonas aeruginosa (chromosome or plasmid)
barcode11_DS_4.7GB	contig_572	50	842	aadA_aminoglycoside_antibiotic	26	792	792	1.0	Unknown taxonomy (chromosome or plasmid)
barcode11_DS_4.7GB	contig_573	61	617	AAC(6')-Ib4_aminoglycoside_antibiotic	14	556	556	1.0	Unknown taxonomy (chromosome or plasmid)
barcode11_DS_4.7GB	contig_574	16877	17717	sul1_sulfonamide_antibiotic	60	840	840	1.0	Unknown taxonomy (chromosome or plasmid)
barcode11_DS_4.7GB	contig_574	18828	19692	GES-1_carbapenem;_cephalosporin;_penam	42	864	864	1.0	Unknown taxonomy (chromosome or plasmid)
barcode11_DS_4.7GB	contig_575	72	936	GES-5_carbapenem;_cephalosporin;_penam	28	864	864	1.0	Unknown taxonomy (chromosome or plasmid)
barcode11_DS_4.7GB	contig_575	1092	1956	GES-5_carbapenem;_cephalosporin;_penam	46	864	864	1.0	Unknown taxonomy (chromosome or plasmid)
barcode11_DS_4.7GB	contig_575	2029	2488	AAC(6')-Il_aminoglycoside_antibiotic	37	459	459	1.0	Unknown taxonomy (chromosome or plasmid)
barcode11_DS_4.7GB	contig_6250	12928	13915	vanW gene in vanI cluster_glycopeptide_antibiotic	3	987	987	1.0	
barcode11_DS_4.7GB	contig_6341	5631	6195	lnuC_lincosamide_antibiotic	42	564	564	1.0	Unknown taxonomy (chromosome or plasmid)
barcode11_DS_4.7GB	contig_6412	6059	8537	vanT gene in vanG cluster_glycopeptide_antibiotic	10	2478	2478	1.0	
barcode11_DS_4.7GB	contig_6440	59362	60535	vanT gene in vanG cluster_glycopeptide_antibiotic	8	1173	1173	1.0	
barcode11_DS_4.7GB	contig_6497	156	1020	aadS_aminoglycoside_antibiotic	24	864	864	1.0	Unknown taxonomy (chromosome or plasmid)
barcode11_DS_4.7GB	contig_6743	6828	7953	vanT gene in vanG cluster_glycopeptide_antibiotic	4	1125	1125	1.0	
barcode11_DS_4.7GB	contig_6745	6338	7148	vanW gene in vanG cluster_glycopeptide_antibiotic	9	810	810	1.0	
barcode11_DS_4.7GB	contig_6750	465	1203	ErmB_macrolide_antibiotic;_lincosamide_antibiotic;_streptogramin_antibiotic;_streptogramin_A_antibiotic;_streptogramin_B_antibiotic	27	738	738	1.0	Unknown taxonomy (chromosome or plasmid)
barcode11_DS_4.7GB	contig_6781	27747	28734	vanH gene in vanO cluster_glycopeptide_antibiotic	10	987	987	1.0	
barcode11_DS_4.7GB	contig_6943	30408	31605	vanW gene in vanI cluster_glycopeptide_antibiotic	7	1197	1197	1.0	
barcode11_DS_4.7GB	contig_698	15278	17282	tet(Q)_tetracycline_antibiotic	9	2004	2004	1.0	Collinsella aerofaciens (no genomic info)
barcode11_DS_4.7GB	contig_699	77429	79433	tet(Q)_tetracycline_antibiotic	15	2004	2004	1.0	Collinsella aerofaciens (no genomic info)
barcode11_DS_4.7GB	contig_6990	4839	7314	vanT gene in vanG cluster_glycopeptide_antibiotic	6	2475	2475	1.0	
barcode11_DS_4.7GB	contig_7243	2197	3694	vanT gene in vanG cluster_glycopeptide_antibiotic	5	1497	1497	1.0	
barcode11_DS_4.7GB	contig_7531	5182	5725	lnuC_lincosamide_antibiotic	12	543	543	1.0	Anaerostipes hadrus (chromosome or plasmid)
barcode11_DS_4.7GB	contig_757	15732	16752	tet(O)_tetracycline_antibiotic	76	1020	1020	1.0	Unknown taxonomy (chromosome or plasmid)
barcode11_DS_4.7GB	contig_757	16765	17653	tet(O)_tetracycline_antibiotic	72	888	888	1.0	Unknown taxonomy (chromosome or plasmid)
barcode11_DS_4.7GB	contig_758	781	2701	tet(O)_tetracycline_antibiotic	76	1920	1920	1.0	Unknown taxonomy (chromosome or plasmid)
barcode11_DS_4.7GB	contig_7581	74399	75833	vanW gene in vanI cluster_glycopeptide_antibiotic	14	1434	1434	1.0	
barcode11_DS_4.7GB	contig_761	16013	17933	tet(O)_tetracycline_antibiotic	77	1920	1920	1.0	Unknown taxonomy (chromosome or plasmid)
barcode11_DS_4.7GB	contig_761	27176	28106	Erm(52)_macrolide_antibiotic;_lincosamide_antibiotic;_streptogramin_antibiotic	9	930	930	1.0	
barcode11_DS_4.7GB	contig_761	28286	30206	tet(M)_tetracycline_antibiotic	15	1920	1920	1.0	Unknown taxonomy (chromosome or plasmid)
barcode11_DS_4.7GB	contig_7638	9142	9883	tet(W/N/W)_tetracycline_antibiotic	40	741	741	1.0	Unknown taxonomy (chromosome)
barcode11_DS_4.7GB	contig_7638	9822	10788	tet(W)_tetracycline_antibiotic	38	966	966	1.0	Collinsella aerofaciens (chromosome or plasmid)
barcode11_DS_4.7GB	contig_7639	239	1910	tet(W)_tetracycline_antibiotic	39	1671	1671	1.0	Unknown taxonomy (chromosome or plasmid)
barcode11_DS_4.7GB	contig_7829	101914	103039	vanT gene in vanG cluster_glycopeptide_antibiotic	5	1125	1125	1.0	
barcode11_DS_4.7GB	contig_787	20763	21501	ErmB_macrolide_antibiotic;_lincosamide_antibiotic;_streptogramin_antibiotic;_streptogramin_A_antibiotic;_streptogramin_B_antibiotic	41	738	738	1.0	Unknown taxonomy (chromosome or plasmid)
barcode11_DS_4.7GB	contig_7894	10285	11881	vanW gene in vanI cluster_glycopeptide_antibiotic	5	1596	1596	1.0	
barcode11_DS_4.7GB	contig_7993	3119	4358	tet(40)_tetracycline_antibiotic	14	1239	1239	1.0	Unknown taxonomy (chromosome)
barcode11_DS_4.7GB	contig_8008	1448	2003	AAC(6')-Ib4_aminoglycoside_antibiotic	19	555	555	1.0	Unknown taxonomy (chromosome or plasmid)
barcode11_DS_4.7GB	contig_8008	2091	2406	qacL_disinfecting_agents_and_antiseptics	30	315	315	1.0	Unknown taxonomy (chromosome or plasmid)
barcode11_DS_4.7GB	contig_8008	2589	3123	ANT(2'')-Ia_aminoglycoside_antibiotic	19	534	534	1.0	Unknown taxonomy (chromosome or plasmid)
barcode11_DS_4.7GB	contig_8014	5140	5941	ErmF_macrolide_antibiotic;_lincosamide_antibiotic;_streptogramin_antibiotic;_streptogramin_A_antibiotic;_streptogramin_B_antibiotic	12	801	801	1.0	Phocaeicola vulgatus (chromosome or plasmid)
barcode11_DS_4.7GB	contig_8055	7833	8670	APH(6)-Id_aminoglycoside_antibiotic	40	837	837	1.0	Unknown taxonomy (chromosome or plasmid)
barcode11_DS_4.7GB	contig_8170	16153	17485	vanW gene in vanI cluster_glycopeptide_antibiotic	7	1332	1332	1.0	
barcode11_DS_4.7GB	contig_8199	907	2128	tet(40)_tetracycline_antibiotic	10	1221	1221	1.0	Unknown taxonomy (chromosome)
barcode11_DS_4.7GB	contig_8430	61497	63174	vanW gene in vanI cluster_glycopeptide_antibiotic	23	1677	1677	1.0	Roseburia hominis (no genomic info)
barcode11_DS_4.7GB	contig_8493	6228	7485	vanW gene in vanI cluster_glycopeptide_antibiotic	5	1257	1257	1.0	
barcode11_DS_4.7GB	contig_8545	9884	10487	vanY gene in vanB cluster_glycopeptide_antibiotic	18	603	603	1.0	Faecalibacterium prausnitzii (chromosome)
barcode11_DS_4.7GB	contig_8702	8869	9343	dfrF_diaminopyrimidine_antibiotic	34	474	474	1.0	Unknown taxonomy (chromosome or plasmid)
barcode11_DS_4.7GB	contig_8715	23982	24399	vanY gene in vanB cluster_glycopeptide_antibiotic	2	417	417	1.0	
barcode11_DS_4.7GB	contig_8805	6998	7184	rsmA_fluoroquinolone_antibiotic;_diaminopyrimidine_antibiotic;_phenicol_antibiotic	3	186	186	1.0	Unknown taxonomy (chromosome or plasmid)
barcode11_DS_4.7GB	contig_8805	14924	15455	emrR_fluoroquinolone_antibiotic	6	531	531	1.0	Unknown taxonomy (chromosome or plasmid)
barcode11_DS_4.7GB	contig_8861	4633	5623	vanT gene in vanG cluster_glycopeptide_antibiotic	19	990	990	1.0	Faecalibacterium prausnitzii (chromosome)
barcode11_DS_4.7GB	contig_8873	3291	3918	Campylobacter coli chloramphenicol acetyltransferase_phenicol_antibiotic	10	627	627	1.0	Klebsiella pneumoniae (chromosome)
barcode11_DS_4.7GB	contig_9055	8925	9717	vanY gene in vanB cluster_glycopeptide_antibiotic	8	792	792	1.0	
barcode11_DS_4.7GB	contig_9139	30681	31884	vanT gene in vanG cluster_glycopeptide_antibiotic	24	1203	1203	1.0	Faecalibacterium prausnitzii (chromosome)
barcode11_DS_4.7GB	contig_933	5924	6779	ErmX_macrolide_antibiotic;_lincosamide_antibiotic;_streptogramin_antibiotic;_streptogramin_A_antibiotic;_streptogramin_B_antibiotic	18	855	855	1.0	Unknown taxonomy (chromosome or plasmid)
barcode11_DS_4.7GB	contig_971	44526	47682	adeF_fluoroquinolone_antibiotic;_tetracycline_antibiotic	18	3156	3156	1.0	
barcode11_DS_4.7GB	contig_9788	8582	9215	CRP_macrolide_antibiotic;_fluoroquinolone_antibiotic;_penam	10	633	633	1.0	Klebsiella pneumoniae (chromosome)
barcode13_DS_4.7GB	contig_1	580185	580680	dfrE_diaminopyrimidine_antibiotic	142	495	495	1.0	Enterococcus faecalis (chromosome)
barcode13_DS_4.7GB	contig_1	1080529	1081684	emeA_disinfecting_agents_and_antiseptics	128	1155	1155	1.0	
barcode13_DS_4.7GB	contig_1	1337381	1338497	vanT gene in vanG cluster_glycopeptide_antibiotic	196	1116	1116	1.0	Enterococcus faecalis (chromosome)
barcode13_DS_4.7GB	contig_1	1755859	1757578	efrA_macrolide_antibiotic;_fluoroquinolone_antibiotic;_rifamycin_antibiotic	202	1719	1719	1.0	Enterococcus faecalis (chromosome)
barcode13_DS_4.7GB	contig_1	2005002	2007159	IreK_cephalosporin	239	2157	2157	1.0	
barcode13_DS_4.7GB	contig_1	2477181	2477892	vanY gene in vanB cluster_glycopeptide_antibiotic	219	711	711	1.0	Enterococcus faecalis (chromosome)
barcode13_DS_4.7GB	contig_1	2552611	2554108	lsaA_lincosamide_antibiotic;_streptogramin_antibiotic;_streptogramin_A_antibiotic;_streptogramin_B_antibiotic;_pleuromutilin_antibiotic	206	1497	1497	1.0	Enterococcus faecalis (chromosome)
barcode13_DS_4.7GB	contig_10	20271	21393	vanT gene in vanG cluster_glycopeptide_antibiotic	218	1122	1122	1.0	
barcode13_DS_4.7GB	contig_101	78720	79167	MexG_fluoroquinolone_antibiotic;_tetracycline_antibiotic;_disinfecting_agents_and_antiseptics	113	447	447	1.0	Pseudomonas (chromosome)
barcode13_DS_4.7GB	contig_101	79174	80287	MexH_fluoroquinolone_antibiotic;_tetracycline_antibiotic;_disinfecting_agents_and_antiseptics	120	1113	1113	1.0	Pseudomonas aeruginosa (chromosome)
barcode13_DS_4.7GB	contig_101	80299	83389	MexI_fluoroquinolone_antibiotic;_tetracycline_antibiotic;_disinfecting_agents_and_antiseptics	114	3090	3090	1.0	Pseudomonas aeruginosa (chromosome)
barcode13_DS_4.7GB	contig_101	83385	84849	OpmD_fluoroquinolone_antibiotic;_tetracycline_antibiotic;_disinfecting_agents_and_antiseptics	112	1464	1464	1.0	Pseudomonas aeruginosa (chromosome)
barcode13_DS_4.7GB	contig_101	406355	407813	OprM_macrolide_antibiotic;_fluoroquinolone_antibiotic;_monobactam;_aminoglycoside_antibiotic;_carbapenem;_cephalosporin;_cephamycin;_penam;_tetracycline_antibiotic;_peptide_antibiotic;_aminocoumarin_antibiotic;_diaminopyrimidine_antibiotic;_sulfonamide_antibiotic;_phenicol_antibiotic;_penem;_disinfecting_agents_and_antiseptics	109	1458	1458	1.0	Pseudomonas (chromosome or plasmid)
barcode13_DS_4.7GB	contig_101	407814	410955	MexB_macrolide_antibiotic;_fluoroquinolone_antibiotic;_monobactam;_carbapenem;_cephalosporin;_cephamycin;_penam;_tetracycline_antibiotic;_peptide_antibiotic;_aminocoumarin_antibiotic;_diaminopyrimidine_antibiotic;_sulfonamide_antibiotic;_phenicol_antibiotic;_penem	100	3141	3141	1.0	Pseudomonas aeruginosa (chromosome or plasmid)
barcode13_DS_4.7GB	contig_101	410970	412122	MexA_macrolide_antibiotic;_fluoroquinolone_antibiotic;_monobactam;_carbapenem;_cephalosporin;_cephamycin;_penam;_tetracycline_antibiotic;_peptide_antibiotic;_aminocoumarin_antibiotic;_diaminopyrimidine_antibiotic;_sulfonamide_antibiotic;_phenicol_antibiotic;_penem	103	1152	1152	1.0	Pseudomonas (chromosome or plasmid)
barcode13_DS_4.7GB	contig_101	412396	412840	MexR_macrolide_antibiotic;_fluoroquinolone_antibiotic;_monobactam;_carbapenem;_cephalosporin;_cephamycin;_penam;_tetracycline_antibiotic;_peptide_antibiotic;_aminocoumarin_antibiotic;_diaminopyrimidine_antibiotic;_sulfonamide_antibiotic;_phenicol_antibiotic;_penem	96	444	444	1.0	Pseudomonas (chromosome or plasmid)
barcode13_DS_4.7GB	contig_101	695890	698938	TriC_disinfecting_agents_and_antiseptics	106	3048	3048	1.0	Pseudomonas aeruginosa (chromosome)
barcode13_DS_4.7GB	contig_101	698934	700005	TriB_disinfecting_agents_and_antiseptics	93	1071	1071	1.0	Pseudomonas aeruginosa (chromosome)
barcode13_DS_4.7GB	contig_101	700001	701154	TriA_disinfecting_agents_and_antiseptics	88	1153	1153	1.0	Pseudomonas aeruginosa (chromosome)
barcode13_DS_4.7GB	contig_101	934485	935274	OXA-486_penam	103	789	789	1.0	Pseudomonas aeruginosa (chromosome)
barcode13_DS_4.7GB	contig_101	1545441	1545774	Pseudomonas aeruginosa emrE_aminoglycoside_antibiotic	106	333	333	1.0	Pseudomonas aeruginosa (chromosome)
barcode13_DS_4.7GB	contig_101	1566325	1567774	OpmH_disinfecting_agents_and_antiseptics	104	1449	1449	1.0	Pseudomonas aeruginosa (chromosome)
barcode13_DS_4.7GB	contig_101	1793846	1795280	basS_peptide_antibiotic	115	1434	1434	1.0	Pseudomonas aeruginosa (chromosome or plasmid)
barcode13_DS_4.7GB	contig_101	1795303	1795969	basR_peptide_antibiotic	105	666	666	1.0	Pseudomonas (chromosome or plasmid)
barcode13_DS_4.7GB	contig_101	2015632	2016196	Type B NfxB_macrolide_antibiotic;_fluoroquinolone_antibiotic;_aminoglycoside_antibiotic;_cephalosporin;_penam;_tetracycline_antibiotic;_aminocoumarin_antibiotic;_diaminopyrimidine_antibiotic;_phenicol_antibiotic	128	564	564	1.0	Pseudomonas aeruginosa (chromosome or plasmid)
barcode13_DS_4.7GB	contig_101	2016455	2017520	MexC_macrolide_antibiotic;_fluoroquinolone_antibiotic;_aminoglycoside_antibiotic;_cephalosporin;_penam;_tetracycline_antibiotic;_aminocoumarin_antibiotic;_diaminopyrimidine_antibiotic;_phenicol_antibiotic	118	1065	1065	1.0	Pseudomonas aeruginosa (chromosome or plasmid)
barcode13_DS_4.7GB	contig_101	2017547	2020679	MexD_macrolide_antibiotic;_fluoroquinolone_antibiotic;_aminoglycoside_antibiotic;_cephalosporin;_penam;_tetracycline_antibiotic;_aminocoumarin_antibiotic;_diaminopyrimidine_antibiotic;_phenicol_antibiotic	115	3132	3132	1.0	Pseudomonas aeruginosa (chromosome or plasmid)
barcode13_DS_4.7GB	contig_101	2020684	2022124	OprJ_macrolide_antibiotic;_fluoroquinolone_antibiotic;_aminoglycoside_antibiotic;_cephalosporin;_penam;_tetracycline_antibiotic;_aminocoumarin_antibiotic;_diaminopyrimidine_antibiotic;_phenicol_antibiotic	103	1440	1440	1.0	Pseudomonas aeruginosa (chromosome or plasmid)
barcode13_DS_4.7GB	contig_101	2368720	2371777	MexW_macrolide_antibiotic;_fluoroquinolone_antibiotic;_tetracycline_antibiotic;_phenicol_antibiotic;_disinfecting_agents_and_antiseptics	92	3057	3057	1.0	Pseudomonas aeruginosa (chromosome or plasmid)
barcode13_DS_4.7GB	contig_101	2371827	2372958	MexV_macrolide_antibiotic;_fluoroquinolone_antibiotic;_tetracycline_antibiotic;_phenicol_antibiotic;_disinfecting_agents_and_antiseptics	100	1131	1131	1.0	Pseudomonas aeruginosa (chromosome or plasmid)
barcode13_DS_4.7GB	contig_101	2539996	2540635	Pseudomonas aeruginosa catB7_phenicol_antibiotic	98	639	639	1.0	Pseudomonas aeruginosa (chromosome or plasmid)
barcode13_DS_4.7GB	contig_101	2583788	2584610	vanW gene in vanG cluster_glycopeptide_antibiotic	98	822	822	1.0	Pseudomonas aeruginosa (chromosome or plasmid)
barcode13_DS_4.7GB	contig_101	2757833	2758019	rsmA_fluoroquinolone_antibiotic;_diaminopyrimidine_antibiotic;_phenicol_antibiotic	118	186	186	1.0	Pseudomonas (chromosome or plasmid)
barcode13_DS_4.7GB	contig_101	2778837	2779827	vanH gene in vanB cluster_glycopeptide_antibiotic	90	990	990	1.0	Pseudomonas aeruginosa (no genomic info)
barcode13_DS_4.7GB	contig_101	2988500	2988908	FosA_phosphonic_acid_antibiotic	99	408	408	1.0	Pseudomonas aeruginosa (chromosome or plasmid)
barcode13_DS_4.7GB	contig_101	3250420	3251854	PmpM_fluoroquinolone_antibiotic;_aminoglycoside_antibiotic;_disinfecting_agents_and_antiseptics	87	1434	1434	1.0	Pseudomonas aeruginosa (chromosome)
barcode13_DS_4.7GB	contig_101	3319527	3320685	mexM_phenicol_antibiotic	98	1158	1158	1.0	Pseudomonas aeruginosa (chromosome)
barcode13_DS_4.7GB	contig_101	3320681	3323792	mexN_phenicol_antibiotic	91	3111	3111	1.0	Pseudomonas aeruginosa (chromosome)
barcode13_DS_4.7GB	contig_101	3707290	3708577	ParS_macrolide_antibiotic;_fluoroquinolone_antibiotic;_monobactam;_aminoglycoside_antibiotic;_carbapenem;_cephalosporin;_cephamycin;_penam;_tetracycline_antibiotic;_phenicol_antibiotic;_penem;_disinfecting_agents_and_antiseptics	101	1287	1287	1.0	Pseudomonas aeruginosa (chromosome or plasmid)
barcode13_DS_4.7GB	contig_101	3708577	3709285	ParR_macrolide_antibiotic;_fluoroquinolone_antibiotic;_monobactam;_aminoglycoside_antibiotic;_carbapenem;_cephalosporin;_cephamycin;_penam;_tetracycline_antibiotic;_phenicol_antibiotic;_penem;_disinfecting_agents_and_antiseptics	105	708	708	1.0	Pseudomonas aeruginosa (chromosome or plasmid)
barcode13_DS_4.7GB	contig_101	4016623	4019761	mexY_macrolide_antibiotic;_fluoroquinolone_antibiotic;_aminoglycoside_antibiotic;_carbapenem;_cephalosporin;_cephamycin;_penam;_tetracycline_antibiotic;_phenicol_antibiotic;_disinfecting_agents_and_antiseptics	97	3138	3138	1.0	Pseudomonas aeruginosa (chromosome)
barcode13_DS_4.7GB	contig_101	4021131	4021764	MexZ_macrolide_antibiotic;_fluoroquinolone_antibiotic;_aminoglycoside_antibiotic;_carbapenem;_cephalosporin;_cephamycin;_penam;_tetracycline_antibiotic;_phenicol_antibiotic;_disinfecting_agents_and_antiseptics	85	633	633	1.0	Pseudomonas aeruginosa (chromosome)
barcode13_DS_4.7GB	contig_101	4332597	4333068	Pseudomonas aeruginosa soxR_fluoroquinolone_antibiotic;_cephalosporin;_glycylcycline;_penam;_tetracycline_antibiotic;_rifamycin_antibiotic;_phenicol_antibiotic;_disinfecting_agents_and_antiseptics	88	471	471	1.0	Pseudomonas aeruginosa (chromosome or plasmid)
barcode13_DS_4.7GB	contig_101	4693112	4694132	MexS_fluoroquinolone_antibiotic;_diaminopyrimidine_antibiotic;_phenicol_antibiotic	81	1020	1020	1.0	Pseudomonas aeruginosa (chromosome or plasmid)
barcode13_DS_4.7GB	contig_101	4694352	4695267	MexT_fluoroquinolone_antibiotic;_diaminopyrimidine_antibiotic;_phenicol_antibiotic	87	915	915	1.0	Pseudomonas aeruginosa (chromosome or plasmid)
barcode13_DS_4.7GB	contig_101	4695497	4696742	MexE_fluoroquinolone_antibiotic;_diaminopyrimidine_antibiotic;_phenicol_antibiotic	88	1245	1245	1.0	Pseudomonas aeruginosa (chromosome or plasmid)
barcode13_DS_4.7GB	contig_101	4696763	4699952	MexF_fluoroquinolone_antibiotic;_diaminopyrimidine_antibiotic;_phenicol_antibiotic	93	3189	3189	1.0	Pseudomonas aeruginosa (chromosome or plasmid)
barcode13_DS_4.7GB	contig_101	4699948	4701367	OprN_fluoroquinolone_antibiotic;_diaminopyrimidine_antibiotic;_phenicol_antibiotic	104	1419	1419	1.0	Pseudomonas aeruginosa (chromosome or plasmid)
barcode13_DS_4.7GB	contig_101	4733036	4734536	OpmB_macrolide_antibiotic;_monobactam;_tetracycline_antibiotic;_aminocoumarin_antibiotic	108	1500	1500	1.0	Pseudomonas aeruginosa (chromosome or plasmid)
barcode13_DS_4.7GB	contig_101	4734532	4737643	MuxC_macrolide_antibiotic;_monobactam;_tetracycline_antibiotic;_aminocoumarin_antibiotic	103	3111	3111	1.0	Pseudomonas aeruginosa (chromosome or plasmid)
barcode13_DS_4.7GB	contig_101	4737639	4740771	MuxB_macrolide_antibiotic;_monobactam;_tetracycline_antibiotic;_aminocoumarin_antibiotic	86	3132	3132	1.0	Pseudomonas aeruginosa (chromosome or plasmid)
barcode13_DS_4.7GB	contig_101	4740767	4742048	MuxA_macrolide_antibiotic;_monobactam;_tetracycline_antibiotic;_aminocoumarin_antibiotic	84	1281	1281	1.0	Pseudomonas aeruginosa (chromosome or plasmid)
barcode13_DS_4.7GB	contig_101	5547934	5548606	cprR_peptide_antibiotic	113	672	672	1.0	Pseudomonas aeruginosa (chromosome or plasmid)
barcode13_DS_4.7GB	contig_101	5548602	5549898	cprS_peptide_antibiotic	106	1296	1296	1.0	Pseudomonas aeruginosa (chromosome or plasmid)
barcode13_DS_4.7GB	contig_101	5686758	5687436	Pseudomonas aeruginosa CpxR_macrolide_antibiotic;_fluoroquinolone_antibiotic;_monobactam;_aminoglycoside_antibiotic;_carbapenem;_cephalosporin;_cephamycin;_penam;_tetracycline_antibiotic;_peptide_antibiotic;_aminocoumarin_antibiotic;_diaminopyrimidine_antibiotic;_sulfonamide_antibiotic;_phenicol_antibiotic;_penem	107	678	678	1.0	Pseudomonas aeruginosa (chromosome or plasmid)
barcode13_DS_4.7GB	contig_101	6004097	6005618	opmE_macrolide_antibiotic;_carbapenem;_tetracycline_antibiotic;_diaminopyrimidine_antibiotic;_phenicol_antibiotic;_disinfecting_agents_and_antiseptics	102	1521	1521	1.0	Pseudomonas aeruginosa (chromosome or plasmid)
barcode13_DS_4.7GB	contig_101	6005614	6008776	mexQ_macrolide_antibiotic;_carbapenem;_tetracycline_antibiotic;_diaminopyrimidine_antibiotic;_phenicol_antibiotic;_disinfecting_agents_and_antiseptics	97	3162	3162	1.0	Pseudomonas aeruginosa (chromosome or plasmid)
barcode13_DS_4.7GB	contig_101	6008772	6009930	mexP_macrolide_antibiotic;_carbapenem;_tetracycline_antibiotic;_diaminopyrimidine_antibiotic;_phenicol_antibiotic;_disinfecting_agents_and_antiseptics	89	1158	1158	1.0	Pseudomonas aeruginosa (chromosome or plasmid)
barcode13_DS_4.7GB	contig_101	6048135	6050124	arnA_peptide_antibiotic	106	1989	1989	1.0	Pseudomonas aeruginosa (chromosome or plasmid)
barcode13_DS_4.7GB	contig_101	6051004	6052654	ArnT_peptide_antibiotic	120	1650	1650	1.0	Pseudomonas aeruginosa (chromosome or plasmid)
barcode13_DS_4.7GB	contig_101	6072625	6073264	nalD_macrolide_antibiotic;_fluoroquinolone_antibiotic;_monobactam;_carbapenem;_cephalosporin;_cephamycin;_penam;_tetracycline_antibiotic;_peptide_antibiotic;_aminocoumarin_antibiotic;_diaminopyrimidine_antibiotic;_sulfonamide_antibiotic;_phenicol_antibiotic;_penem	113	639	639	1.0	Pseudomonas aeruginosa (chromosome or plasmid)
barcode13_DS_4.7GB	contig_101	6193304	6196481	adeF_fluoroquinolone_antibiotic;_tetracycline_antibiotic	111	3177	3177	1.0	Unknown taxonomy (chromosome)
barcode13_DS_4.7GB	contig_101	6235183	6238261	MexK_macrolide_antibiotic;_tetracycline_antibiotic;_disinfecting_agents_and_antiseptics	110	3078	3078	1.0	Pseudomonas aeruginosa (chromosome or plasmid)
barcode13_DS_4.7GB	contig_101	6238265	6239369	MexJ_macrolide_antibiotic;_tetracycline_antibiotic;_disinfecting_agents_and_antiseptics	106	1104	1104	1.0	Pseudomonas aeruginosa (chromosome or plasmid)
barcode13_DS_4.7GB	contig_101	6239464	6240103	MexL_macrolide_antibiotic;_tetracycline_antibiotic;_disinfecting_agents_and_antiseptics	100	639	639	1.0	Pseudomonas aeruginosa (chromosome or plasmid)
barcode13_DS_4.7GB	contig_101	6284714	6284876	ArmR_macrolide_antibiotic;_fluoroquinolone_antibiotic;_monobactam;_carbapenem;_cephalosporin;_cephamycin;_penam;_tetracycline_antibiotic;_peptide_antibiotic;_aminocoumarin_antibiotic;_diaminopyrimidine_antibiotic;_sulfonamide_antibiotic;_phenicol_antibiotic;_penem	131	162	162	1.0	Pseudomonas aeruginosa (chromosome)
barcode13_DS_4.7GB	contig_101	6285512	6286154	nalC_macrolide_antibiotic;_fluoroquinolone_antibiotic;_monobactam;_carbapenem;_cephalosporin;_cephamycin;_penam;_tetracycline_antibiotic;_peptide_antibiotic;_aminocoumarin_antibiotic;_diaminopyrimidine_antibiotic;_sulfonamide_antibiotic;_phenicol_antibiotic;_penem	138	642	642	1.0	Pseudomonas aeruginosa (chromosome or plasmid)
barcode13_DS_4.7GB	contig_101	6398002	6398341	YajC_fluoroquinolone_antibiotic;_cephalosporin;_glycylcycline;_penam;_tetracycline_antibiotic;_oxazolidinone_antibiotic;_glycopeptide_antibiotic;_rifamycin_antibiotic;_phenicol_antibiotic;_disinfecting_agents_and_antiseptics	105	339	339	1.0	Pseudomonas aeruginosa (chromosome)
barcode13_DS_4.7GB	contig_101	6719000	6720194	PDC-3_monobactam;_carbapenem;_cephalosporin;_cephamycin;_penam	90	1194	1194	1.0	Pseudomonas aeruginosa (chromosome or plasmid)
barcode13_DS_4.7GB	contig_101	6732549	6733356	APH(3')-IIb_aminoglycoside_antibiotic	94	807	807	1.0	Pseudomonas aeruginosa (chromosome or plasmid)
barcode13_DS_4.7GB	contig_101	6750059	6751268	bcr-1_bicyclomycin-like_antibiotic	116	1209	1209	1.0	Pseudomonas aeruginosa (chromosome or plasmid)
barcode13_DS_4.7GB	contig_181	3084	4317	Escherichia coli mdfA_tetracycline_antibiotic;_disinfecting_agents_and_antiseptics	390	1233	1233	1.0	Unknown taxonomy (chromosome or plasmid)
barcode13_DS_4.7GB	contig_181	14137	15370	Escherichia coli mdfA_tetracycline_antibiotic;_disinfecting_agents_and_antiseptics	542	1233	1233	1.0	Unknown taxonomy (chromosome or plasmid)
barcode13_DS_4.7GB	contig_181	25190	26423	Escherichia coli mdfA_tetracycline_antibiotic;_disinfecting_agents_and_antiseptics	543	1233	1233	1.0	Unknown taxonomy (chromosome or plasmid)
barcode13_DS_4.7GB	contig_181	36243	37476	Escherichia coli mdfA_tetracycline_antibiotic;_disinfecting_agents_and_antiseptics	342	1233	1233	1.0	Unknown taxonomy (chromosome or plasmid)
barcode13_DS_4.7GB	contig_181	200290	200968	kdpE_aminoglycoside_antibiotic	201	678	678	1.0	Unknown taxonomy (chromosome or plasmid)
barcode13_DS_4.7GB	contig_181	413004	413652	Escherichia coli AcrAB-TolC with AcrR mutation conferring resistance to ciprofloxacin, tetracycline, and ceftazidime_fluoroquinolone_antibiotic;_cephalosporin;_glycylcycline;_penam;_tetracycline_antibiotic;_rifamycin_antibiotic;_phenicol_antibiotic;_disinfecting_agents_and_antiseptics	171	648	648	1.0	Escherichia coli (chromosome or plasmid)
barcode13_DS_4.7GB	contig_181	413793	414987	Escherichia coli acrA_fluoroquinolone_antibiotic;_cephalosporin;_glycylcycline;_penam;_tetracycline_antibiotic;_rifamycin_antibiotic;_phenicol_antibiotic;_disinfecting_agents_and_antiseptics	161	1194	1194	1.0	Unknown taxonomy (chromosome or plasmid)
barcode13_DS_4.7GB	contig_181	415009	418159	acrB_fluoroquinolone_antibiotic;_cephalosporin;_glycylcycline;_penam;_tetracycline_antibiotic;_rifamycin_antibiotic;_phenicol_antibiotic;_disinfecting_agents_and_antiseptics	160	3150	3150	1.0	Escherichia coli (chromosome or plasmid)
barcode13_DS_4.7GB	contig_181	499839	500934	vanG_glycopeptide_antibiotic	153	1095	1095	1.0	Unknown taxonomy (chromosome or plasmid)
barcode13_DS_4.7GB	contig_181	779560	781327	Haemophilus influenzae PBP3 conferring resistance to beta-lactam antibiotics_cephalosporin;_cephamycin;_penam	177	1767	1767	1.0	Unknown taxonomy (chromosome or plasmid)
barcode13_DS_4.7GB	contig_181	787427	788372	leuO_nucleoside_antibiotic;_disinfecting_agents_and_antiseptics	188	945	945	1.0	Escherichia coli (chromosome or plasmid)
barcode13_DS_4.7GB	contig_181	934687	935920	mdtM_fluoroquinolone_antibiotic;_lincosamide_antibiotic;_nucleoside_antibiotic;_phenicol_antibiotic;_disinfecting_agents_and_antiseptics	178	1233	1233	1.0	Unknown taxonomy (chromosome or plasmid)
barcode13_DS_4.7GB	contig_181	1135620	1136754	Escherichia coli ampC beta-lactamase_cephalosporin;_penam	156	1134	1134	1.0	Unknown taxonomy (chromosome or plasmid)
barcode13_DS_4.7GB	contig_181	1169383	1171027	eptA_peptide_antibiotic	191	1644	1644	1.0	Unknown taxonomy (chromosome or plasmid)
barcode13_DS_4.7GB	contig_181	1200864	1201896	mdtN_nucleoside_antibiotic;_disinfecting_agents_and_antiseptics	148	1032	1032	1.0	Unknown taxonomy (chromosome or plasmid)
barcode13_DS_4.7GB	contig_181	1201895	1203947	mdtO_nucleoside_antibiotic;_disinfecting_agents_and_antiseptics	167	2052	2052	1.0	Unknown taxonomy (chromosome or plasmid)
barcode13_DS_4.7GB	contig_181	1203943	1205410	mdtP_nucleoside_antibiotic;_disinfecting_agents_and_antiseptics	178	1467	1467	1.0	Unknown taxonomy (chromosome or plasmid)
barcode13_DS_4.7GB	contig_181	1226928	1227393	Escherichia coli soxR with mutation conferring antibiotic resistance_fluoroquinolone_antibiotic;_cephalosporin;_glycylcycline;_penam;_tetracycline_antibiotic;_rifamycin_antibiotic;_phenicol_antibiotic;_disinfecting_agents_and_antiseptics	159	465	465	1.0	Unknown taxonomy (chromosome or plasmid)
barcode13_DS_4.7GB	contig_181	1227478	1227802	Escherichia coli soxS with mutation conferring antibiotic resistance_fluoroquinolone_antibiotic;_monobactam;_carbapenem;_cephalosporin;_glycylcycline;_cephamycin;_penam;_tetracycline_antibiotic;_rifamycin_antibiotic;_phenicol_antibiotic;_penem;_disinfecting_agents_and_antiseptics	157	324	324	1.0	Unknown taxonomy (chromosome or plasmid)
barcode13_DS_4.7GB	contig_181	1327830	1329015	Escherichia coli EF-Tu mutants conferring resistance to Pulvomycin_elfamycin_antibiotic	154	1185	1185	1.0	Unknown taxonomy (chromosome or plasmid)
barcode13_DS_4.7GB	contig_181	1399897	1401271	cpxA_aminoglycoside_antibiotic;_aminocoumarin_antibiotic	158	1374	1374	1.0	Unknown taxonomy (chromosome or plasmid)
barcode13_DS_4.7GB	contig_181	1898530	1899355	gadX_macrolide_antibiotic;_fluoroquinolone_antibiotic;_penam	162	825	825	1.0	Unknown taxonomy (chromosome)
barcode13_DS_4.7GB	contig_181	1899722	1900451	gadW_macrolide_antibiotic;_fluoroquinolone_antibiotic;_penam	167	729	729	1.0	Escherichia coli (chromosome)
barcode13_DS_4.7GB	contig_181	1900813	1903927	mdtF_macrolide_antibiotic;_fluoroquinolone_antibiotic;_penam	170	3114	3114	1.0	Unknown taxonomy (chromosome)
barcode13_DS_4.7GB	contig_181	1903951	1905109	mdtE_macrolide_antibiotic;_fluoroquinolone_antibiotic;_penam	179	1158	1158	1.0	Unknown taxonomy (chromosome)
barcode13_DS_4.7GB	contig_181	2043986	2044619	CRP_macrolide_antibiotic;_fluoroquinolone_antibiotic;_penam	181	633	633	1.0	Unknown taxonomy (chromosome or plasmid)
barcode13_DS_4.7GB	contig_181	2059409	2060594	Escherichia coli EF-Tu mutants conferring resistance to Pulvomycin_elfamycin_antibiotic	162	1185	1185	1.0	Unknown taxonomy (chromosome or plasmid)
barcode13_DS_4.7GB	contig_181	2112602	2115707	AcrF_fluoroquinolone_antibiotic;_cephalosporin;_cephamycin;_penam	176	3105	3105	1.0	Unknown taxonomy (chromosome or plasmid)
barcode13_DS_4.7GB	contig_181	2115718	2116876	AcrE_fluoroquinolone_antibiotic;_cephalosporin;_cephamycin;_penam	183	1158	1158	1.0	Unknown taxonomy (chromosome or plasmid)
barcode13_DS_4.7GB	contig_181	2117274	2117937	AcrS_fluoroquinolone_antibiotic;_cephalosporin;_glycylcycline;_cephamycin;_penam;_tetracycline_antibiotic;_rifamycin_antibiotic;_phenicol_antibiotic;_disinfecting_agents_and_antiseptics	180	663	663	1.0	Unknown taxonomy (chromosome or plasmid)
barcode13_DS_4.7GB	contig_181	2327701	2328523	bacA_peptide_antibiotic	149	822	822	1.0	Unknown taxonomy (chromosome or plasmid)
barcode13_DS_4.7GB	contig_181	2350900	2352389	TolC_macrolide_antibiotic;_fluoroquinolone_antibiotic;_aminoglycoside_antibiotic;_carbapenem;_cephalosporin;_glycylcycline;_cephamycin;_penam;_tetracycline_antibiotic;_peptide_antibiotic;_aminocoumarin_antibiotic;_rifamycin_antibiotic;_phenicol_antibiotic;_penem;_disinfecting_agents_and_antiseptics	166	1489	1489	1.0	Unknown taxonomy (chromosome or plasmid)
barcode13_DS_4.7GB	contig_181	2725625	2725811	rsmA_fluoroquinolone_antibiotic;_diaminopyrimidine_antibiotic;_phenicol_antibiotic	195	186	186	1.0	Unknown taxonomy (chromosome or plasmid)
barcode13_DS_4.7GB	contig_181	2950669	2953783	acrD_aminoglycoside_antibiotic	168	3114	3114	1.0	Escherichia coli (chromosome or plasmid)
barcode13_DS_4.7GB	contig_181	3045271	3048865	evgS_macrolide_antibiotic;_fluoroquinolone_antibiotic;_penam;_tetracycline_antibiotic	172	3594	3594	1.0	Unknown taxonomy (chromosome or plasmid)
barcode13_DS_4.7GB	contig_181	3048869	3049484	evgA_macrolide_antibiotic;_fluoroquinolone_antibiotic;_penam;_tetracycline_antibiotic	180	615	615	1.0	Unknown taxonomy (chromosome or plasmid)
barcode13_DS_4.7GB	contig_181	3050007	3051063	emrK_tetracycline_antibiotic	176	1056	1056	1.0	Unknown taxonomy (chromosome or plasmid)
barcode13_DS_4.7GB	contig_181	3051062	3052601	emrY_tetracycline_antibiotic	182	1539	1539	1.0	Unknown taxonomy (chromosome or plasmid)
barcode13_DS_4.7GB	contig_181	3150475	3152128	ArnT_peptide_antibiotic	172	1653	1653	1.0	Unknown taxonomy (chromosome or plasmid)
barcode13_DS_4.7GB	contig_181	3154996	3155965	PmrF_peptide_antibiotic	159	969	969	1.0	Unknown taxonomy (chromosome or plasmid)
barcode13_DS_4.7GB	contig_181	3214419	3216063	YojI_peptide_antibiotic	194	1644	1644	1.0	Unknown taxonomy (chromosome or plasmid)
barcode13_DS_4.7GB	contig_181	3355704	3356427	baeR_aminoglycoside_antibiotic;_aminocoumarin_antibiotic	169	723	723	1.0	Unknown taxonomy (chromosome or plasmid)
barcode13_DS_4.7GB	contig_181	3359239	3362317	mdtC_aminocoumarin_antibiotic	174	3078	3078	1.0	Unknown taxonomy (chromosome or plasmid)
barcode13_DS_4.7GB	contig_181	3362317	3365440	mdtB_aminocoumarin_antibiotic	185	3123	3123	1.0	Unknown taxonomy (chromosome or plasmid)
barcode13_DS_4.7GB	contig_181	3365439	3366807	mdtA_aminocoumarin_antibiotic	185	1368	1368	1.0	Unknown taxonomy (chromosome or plasmid)
barcode13_DS_4.7GB	contig_181	3418060	3419227	ugd_peptide_antibiotic	147	1167	1167	1.0	Escherichia coli (chromosome or plasmid)
barcode13_DS_4.7GB	contig_181	3869179	3869545	Klebsiella pneumoniae KpnE_macrolide_antibiotic;_aminoglycoside_antibiotic;_cephalosporin;_tetracycline_antibiotic;_peptide_antibiotic;_rifamycin_antibiotic;_disinfecting_agents_and_antiseptics	188	366	366	1.0	Unknown taxonomy (chromosome or plasmid)
barcode13_DS_4.7GB	contig_181	3869531	3869861	Klebsiella pneumoniae KpnF_macrolide_antibiotic;_aminoglycoside_antibiotic;_cephalosporin;_tetracycline_antibiotic;_peptide_antibiotic;_rifamycin_antibiotic;_disinfecting_agents_and_antiseptics	184	330	330	1.0	Unknown taxonomy (chromosome or plasmid)
barcode13_DS_4.7GB	contig_181	3930099	3930483	marA_fluoroquinolone_antibiotic;_monobactam;_carbapenem;_cephalosporin;_glycylcycline;_cephamycin;_penam;_tetracycline_antibiotic;_rifamycin_antibiotic;_phenicol_antibiotic;_penem;_disinfecting_agents_and_antiseptics	180	384	384	1.0	Unknown taxonomy (chromosome or plasmid)
barcode13_DS_4.7GB	contig_181	3930502	3930937	Escherichia coli AcrAB-TolC with MarR mutations conferring resistance to ciprofloxacin and tetracycline_fluoroquinolone_antibiotic;_cephalosporin;_glycylcycline;_penam;_tetracycline_antibiotic;_rifamycin_antibiotic;_phenicol_antibiotic;_disinfecting_agents_and_antiseptics	181	435	435	1.0	Unknown taxonomy (chromosome or plasmid)
barcode13_DS_4.7GB	contig_181	4273305	4273719	H-NS_macrolide_antibiotic;_fluoroquinolone_antibiotic;_cephalosporin;_cephamycin;_penam;_tetracycline_antibiotic	167	414	414	1.0	Unknown taxonomy (chromosome or plasmid)
barcode13_DS_4.7GB	contig_181	4453439	4454648	mdtH_fluoroquinolone_antibiotic	167	1209	1209	1.0	Unknown taxonomy (chromosome or plasmid)
barcode13_DS_4.7GB	contig_181	4463276	4464503	mdtG_phosphonic_acid_antibiotic	161	1227	1227	1.0	Unknown taxonomy (chromosome or plasmid)
barcode13_DS_4.7GB	contig_181	4697168	4698917	msbA_nitroimidazole_antibiotic	199	1749	1749	1.0	Escherichia coli (chromosome)
barcode13_DS_4.7GB	contig_3	415484	416309	vanY gene in vanM cluster_glycopeptide_antibiotic	195	825	825	1.0	Listeria monocytogenes (chromosome or plasmid)
barcode13_DS_4.7GB	contig_3	580153	580555	FosX_phosphonic_acid_antibiotic	180	402	402	1.0	Listeria monocytogenes (chromosome or plasmid)
barcode13_DS_4.7GB	contig_3	584763	587361	Listeria monocytogenes mprF_peptide_antibiotic	176	2598	2598	1.0	Listeria monocytogenes (chromosome or plasmid)
barcode13_DS_4.7GB	contig_3	1369612	1371184	lin_lincosamide_antibiotic	171	1572	1572	1.0	Listeria monocytogenes (chromosome or plasmid)
barcode13_DS_4.7GB	contig_3	1401958	1403065	vanT gene in vanG cluster_glycopeptide_antibiotic	147	1107	1107	1.0	Listeria monocytogenes (chromosome or plasmid)
barcode13_DS_4.7GB	contig_3	2565262	2566663	norB_fluoroquinolone_antibiotic	174	1401	1401	1.0	Listeria monocytogenes (chromosome or plasmid)
barcode13_DS_4.7GB	contig_37	1057111	1057933	vanY gene in vanG cluster_glycopeptide_antibiotic	138	822	822	1.0	Bacillus subtilis (chromosome)
barcode13_DS_4.7GB	contig_37	1138692	1139607	BcI_cephalosporin;_penem	132	915	915	1.0	Bacillus subtilis (chromosome)
barcode13_DS_4.7GB	contig_37	1147444	1148356	vanW gene in vanI cluster_glycopeptide_antibiotic	129	912	912	1.0	Bacillus subtilis (chromosome)
barcode13_DS_4.7GB	contig_37	1316213	1316636	FosBx1_phosphonic_acid_antibiotic	128	423	423	1.0	Bacillus subtilis (chromosome)
barcode13_DS_4.7GB	contig_37	1331527	1332712	vanT gene in vanG cluster_glycopeptide_antibiotic	119	1185	1185	1.0	Bacillus subtilis (chromosome)
barcode13_DS_4.7GB	contig_37	1362718	1363036	qacG_disinfecting_agents_and_antiseptics	144	318	318	1.0	Bacillus subtilis (chromosome)
barcode13_DS_4.7GB	contig_37	1363046	1363403	qacJ_disinfecting_agents_and_antiseptics	142	357	357	1.0	Bacillus subtilis (chromosome)
barcode13_DS_4.7GB	contig_37	1849803	1850121	ykkD_aminoglycoside_antibiotic;_tetracycline_antibiotic;_phenicol_antibiotic	151	318	318	1.0	Bacillus subtilis (chromosome)
barcode13_DS_4.7GB	contig_37	1850120	1850459	ykkC_aminoglycoside_antibiotic;_tetracycline_antibiotic;_phenicol_antibiotic	147	339	339	1.0	Bacillus subtilis (chromosome)
barcode13_DS_4.7GB	contig_37	2306623	2309194	Bacillus subtilis mprF_peptide_antibiotic	176	2571	2571	1.0	Bacillus subtilis (chromosome)
barcode13_DS_4.7GB	contig_37	2604836	2606465	vmlR_lincosamide_antibiotic;_streptogramin_antibiotic;_streptogramin_A_antibiotic;_streptogramin_B_antibiotic;_nucleoside_antibiotic;_pleuromutilin_antibiotic	166	1629	1629	1.0	Bacillus subtilis (chromosome)
barcode13_DS_4.7GB	contig_37	2680040	2681210	vanT gene in vanG cluster_glycopeptide_antibiotic	182	1170	1170	1.0	Bacillus subtilis (chromosome)
barcode13_DS_4.7GB	contig_37	2909028	2910462	lmrB_lincosamide_antibiotic;_nucleoside_antibiotic	200	1434	1434	1.0	Bacillus subtilis (chromosome)
barcode13_DS_4.7GB	contig_37	2922650	2923571	mphK_macrolide_antibiotic	186	921	921	1.0	Bacillus subtilis (chromosome)
barcode13_DS_4.7GB	contig_4	32899	34648	msbA_nitroimidazole_antibiotic	156	1749	1749	1.0	Salmonella enterica (chromosome)
barcode13_DS_4.7GB	contig_4	123018	124251	Escherichia coli mdfA_tetracycline_antibiotic;_disinfecting_agents_and_antiseptics	175	1233	1233	1.0	Salmonella enterica (chromosome)
barcode13_DS_4.7GB	contig_4	280129	280807	kdpE_aminoglycoside_antibiotic	166	678	678	1.0	Salmonella enterica (chromosome)
barcode13_DS_4.7GB	contig_4	507068	507722	Escherichia coli AcrAB-TolC with AcrR mutation conferring resistance to ciprofloxacin, tetracycline, and ceftazidime_fluoroquinolone_antibiotic;_cephalosporin;_glycylcycline;_penam;_tetracycline_antibiotic;_rifamycin_antibiotic;_phenicol_antibiotic;_disinfecting_agents_and_antiseptics	166	654	654	1.0	Unknown taxonomy (chromosome)
barcode13_DS_4.7GB	contig_4	507863	509057	Escherichia coli acrA_fluoroquinolone_antibiotic;_cephalosporin;_glycylcycline;_penam;_tetracycline_antibiotic;_rifamycin_antibiotic;_phenicol_antibiotic;_disinfecting_agents_and_antiseptics	161	1194	1194	1.0	Salmonella enterica (chromosome)
barcode13_DS_4.7GB	contig_4	509079	512229	acrB_fluoroquinolone_antibiotic;_cephalosporin;_glycylcycline;_penam;_tetracycline_antibiotic;_rifamycin_antibiotic;_phenicol_antibiotic;_disinfecting_agents_and_antiseptics	168	3150	3150	1.0	Salmonella enterica (chromosome)
barcode13_DS_4.7GB	contig_4	606563	607676	vanG_glycopeptide_antibiotic	166	1113	1113	1.0	Salmonella enterica (chromosome)
barcode13_DS_4.7GB	contig_4	639844	640309	golS_monobactam;_carbapenem;_cephalosporin;_cephamycin;_penam;_phenicol_antibiotic;_penem	183	465	465	1.0	Salmonella enterica (chromosome)
barcode13_DS_4.7GB	contig_4	642885	644112	mdsA_monobactam;_carbapenem;_cephalosporin;_cephamycin;_penam;_phenicol_antibiotic;_penem	192	1227	1227	1.0	Salmonella enterica (chromosome)
barcode13_DS_4.7GB	contig_4	644861	647276	adeF_fluoroquinolone_antibiotic;_tetracycline_antibiotic	171	2415	2415	1.0	Salmonella enterica (chromosome)
barcode13_DS_4.7GB	contig_4	647292	648750	mdsC_monobactam;_carbapenem;_cephalosporin;_cephamycin;_penam;_phenicol_antibiotic;_penem	162	1458	1458	1.0	Salmonella enterica (chromosome)
barcode13_DS_4.7GB	contig_4	947343	949110	Haemophilus influenzae PBP3 conferring resistance to beta-lactam antibiotics_cephalosporin;_cephamycin;_penam	150	1767	1767	1.0	Salmonella enterica (chromosome)
barcode13_DS_4.7GB	contig_4	1198218	1199460	mdtM_fluoroquinolone_antibiotic;_lincosamide_antibiotic;_nucleoside_antibiotic;_phenicol_antibiotic;_disinfecting_agents_and_antiseptics	188	1242	1242	1.0	
barcode13_DS_4.7GB	contig_4	1439689	1440148	Escherichia coli soxR with mutation conferring antibiotic resistance_fluoroquinolone_antibiotic;_cephalosporin;_glycylcycline;_penam;_tetracycline_antibiotic;_rifamycin_antibiotic;_phenicol_antibiotic;_disinfecting_agents_and_antiseptics	168	459	459	1.0	Salmonella enterica (chromosome)
barcode13_DS_4.7GB	contig_4	1440234	1440558	Escherichia coli soxS with mutation conferring antibiotic resistance_fluoroquinolone_antibiotic;_monobactam;_carbapenem;_cephalosporin;_glycylcycline;_cephamycin;_penam;_tetracycline_antibiotic;_rifamycin_antibiotic;_phenicol_antibiotic;_penem;_disinfecting_agents_and_antiseptics	172	324	324	1.0	Salmonella enterica (chromosome)
barcode13_DS_4.7GB	contig_4	1581997	1583182	Escherichia coli EF-Tu mutants conferring resistance to Pulvomycin_elfamycin_antibiotic	172	1185	1185	1.0	Salmonella enterica (chromosome or plasmid)
barcode13_DS_4.7GB	contig_4	1675180	1676554	cpxA_aminoglycoside_antibiotic;_aminocoumarin_antibiotic	167	1374	1374	1.0	Salmonella enterica (no genomic info)
barcode13_DS_4.7GB	contig_4	1950746	1952138	Escherichia coli UhpT with mutation conferring resistance to fosfomycin_phosphonic_acid_antibiotic	150	1392	1392	1.0	Salmonella enterica (chromosome)
barcode13_DS_4.7GB	contig_4	2313471	2314104	CRP_macrolide_antibiotic;_fluoroquinolone_antibiotic;_penam	184	633	633	1.0	Salmonella enterica (chromosome)
barcode13_DS_4.7GB	contig_4	2330257	2331442	Escherichia coli EF-Tu mutants conferring resistance to Pulvomycin_elfamycin_antibiotic	157	1185	1185	1.0	Salmonella enterica (chromosome or plasmid)
barcode13_DS_4.7GB	contig_4	2550704	2551526	bacA_peptide_antibiotic	163	822	822	1.0	Salmonella enterica (chromosome or plasmid)
barcode13_DS_4.7GB	contig_4	2918687	2918873	rsmA_fluoroquinolone_antibiotic;_diaminopyrimidine_antibiotic;_phenicol_antibiotic	174	186	186	1.0	Unknown taxonomy (chromosome or plasmid)
barcode13_DS_4.7GB	contig_4	2925045	2926584	emrB_fluoroquinolone_antibiotic	168	1539	1539	1.0	Salmonella enterica (chromosome or plasmid)
barcode13_DS_4.7GB	contig_4	2926600	2927773	emrA_fluoroquinolone_antibiotic	160	1173	1173	1.0	Salmonella enterica (chromosome or plasmid)
barcode13_DS_4.7GB	contig_4	2927899	2928430	emrR_fluoroquinolone_antibiotic	154	531	531	1.0	Salmonella enterica (chromosome or plasmid)
barcode13_DS_4.7GB	contig_4	3230650	3233764	acrD_aminoglycoside_antibiotic	143	3114	3114	1.0	Salmonella enterica (chromosome)
barcode13_DS_4.7GB	contig_4	3416522	3418169	ArnT_peptide_antibiotic	173	1647	1647	1.0	Salmonella enterica (chromosome)
barcode13_DS_4.7GB	contig_4	3421039	3422023	PmrF_peptide_antibiotic	155	984	984	1.0	Salmonella enterica (chromosome)
barcode13_DS_4.7GB	contig_4	3437172	3438531	Escherichia coli GlpT with mutation conferring resistance to fosfomycin_phosphonic_acid_antibiotic	151	1359	1359	1.0	Salmonella enterica (chromosome)
barcode13_DS_4.7GB	contig_4	3602128	3602851	baeR_aminoglycoside_antibiotic;_aminocoumarin_antibiotic	151	723	723	1.0	Salmonella enterica (chromosome)
barcode13_DS_4.7GB	contig_4	3605658	3608739	mdtC_aminocoumarin_antibiotic	175	3081	3081	1.0	
barcode13_DS_4.7GB	contig_4	3608739	3611862	mdtB_aminocoumarin_antibiotic	169	3123	3123	1.0	
barcode13_DS_4.7GB	contig_4	3659433	3660600	ugd_peptide_antibiotic	139	1167	1167	1.0	
barcode13_DS_4.7GB	contig_4	3722319	3723744	MdtK_fluoroquinolone_antibiotic	152	1425	1425	1.0	Salmonella enterica (chromosome or plasmid)
barcode13_DS_4.7GB	contig_4	3777014	3777737	sdiA_fluoroquinolone_antibiotic;_cephalosporin;_glycylcycline;_penam;_tetracycline_antibiotic;_rifamycin_antibiotic;_phenicol_antibiotic;_disinfecting_agents_and_antiseptics	166	723	723	1.0	Salmonella enterica (chromosome or plasmid)
barcode13_DS_4.7GB	contig_4	4113173	4113611	AAC(6')-Iaa_aminoglycoside_antibiotic	146	438	438	1.0	Salmonella enterica (chromosome or plasmid)
barcode13_DS_4.7GB	contig_4	4211026	4211461	Escherichia coli AcrAB-TolC with MarR mutations conferring resistance to ciprofloxacin and tetracycline_fluoroquinolone_antibiotic;_cephalosporin;_glycylcycline;_penam;_tetracycline_antibiotic;_rifamycin_antibiotic;_phenicol_antibiotic;_disinfecting_agents_and_antiseptics	146	435	435	1.0	Salmonella enterica (chromosome)
barcode13_DS_4.7GB	contig_4	4211480	4211864	marA_fluoroquinolone_antibiotic;_monobactam;_carbapenem;_cephalosporin;_glycylcycline;_cephamycin;_penam;_tetracycline_antibiotic;_rifamycin_antibiotic;_phenicol_antibiotic;_penem;_disinfecting_agents_and_antiseptics	146	384	384	1.0	Salmonella enterica (chromosome)
barcode13_DS_4.7GB	contig_4	4248016	4248298	Klebsiella pneumoniae KpnF_macrolide_antibiotic;_aminoglycoside_antibiotic;_cephalosporin;_tetracycline_antibiotic;_peptide_antibiotic;_rifamycin_antibiotic;_disinfecting_agents_and_antiseptics	157	282	282	1.0	Salmonella enterica (chromosome)
barcode13_DS_4.7GB	contig_4	4248332	4248695	Klebsiella pneumoniae KpnE_macrolide_antibiotic;_aminoglycoside_antibiotic;_cephalosporin;_tetracycline_antibiotic;_peptide_antibiotic;_rifamycin_antibiotic;_disinfecting_agents_and_antiseptics	154	363	363	1.0	Salmonella enterica (chromosome)
barcode13_DS_4.7GB	contig_84	548422	549268	PC1 beta-lactamase (blaZ)_penam	186	846	846	1.0	Staphylococcus aureus (chromosome or plasmid)
barcode13_DS_4.7GB	contig_84	577652	579173	norC_fluoroquinolone_antibiotic;_disinfecting_agents_and_antiseptics	210	1521	1521	1.0	Staphylococcus aureus (chromosome)
barcode13_DS_4.7GB	contig_84	625241	625901	arlR_fluoroquinolone_antibiotic;_disinfecting_agents_and_antiseptics	198	660	660	1.0	Staphylococcus aureus (chromosome)
barcode13_DS_4.7GB	contig_84	625897	627253	arlS_fluoroquinolone_antibiotic;_disinfecting_agents_and_antiseptics	191	1356	1356	1.0	Staphylococcus aureus (chromosome)
barcode13_DS_4.7GB	contig_84	1302185	1303352	Staphylococcus aureus norA_fluoroquinolone_antibiotic	212	1167	1167	1.0	Staphylococcus aureus (chromosome)
barcode13_DS_4.7GB	contig_84	1311002	1311446	mgrA_fluoroquinolone_antibiotic;_cephalosporin;_penam;_tetracycline_antibiotic;_peptide_antibiotic;_disinfecting_agents_and_antiseptics	215	444	444	1.0	Unknown taxonomy (chromosome)
barcode13_DS_4.7GB	contig_84	1679651	1681007	mepA_glycylcycline;_tetracycline_antibiotic	237	1356	1356	1.0	Staphylococcus aureus (chromosome or plasmid)
barcode13_DS_4.7GB	contig_84	1681113	1681533	mepR_glycylcycline;_tetracycline_antibiotic	228	420	420	1.0	Staphylococcus aureus (chromosome or plasmid)
barcode13_DS_4.7GB	contig_84	1909503	1910862	tet(38)_tetracycline_antibiotic	226	1359	1359	1.0	Staphylococcus aureus (no genomic info)
barcode13_DS_4.7GB	contig_84	1947611	1949000	norC_fluoroquinolone_antibiotic;_disinfecting_agents_and_antiseptics	230	1389	1389	1.0	Staphylococcus aureus (chromosome or plasmid)
barcode13_DS_4.7GB	contig_84	2332452	2333853	norC_fluoroquinolone_antibiotic;_disinfecting_agents_and_antiseptics	198	1401	1401	1.0	
barcode13_DS_4.7GB	contig_84	2453746	2454166	Staphylococcus aureus FosB_phosphonic_acid_antibiotic	222	420	420	1.0	Staphylococcus aureus (chromosome)
barcode13_DS_4.7GB	contig_84	2600098	2601442	sdrM_fluoroquinolone_antibiotic;_disinfecting_agents_and_antiseptics	235	1344	1344	1.0	Staphylococcus aureus (chromosome)
barcode13_DS_4.7GB	contig_84	2601540	2602014	sepA_disinfecting_agents_and_antiseptics	234	474	474	1.0	Staphylococcus aureus (chromosome)
barcode13_DS_4.7GB	contig_84	2602333	2603779	Staphylococcus aureus LmrS_macrolide_antibiotic;_aminoglycoside_antibiotic;_oxazolidinone_antibiotic;_diaminopyrimidine_antibiotic;_phenicol_antibiotic	227	1446	1446	1.0	Staphylococcus aureus (chromosome)
barcode13_DS_4.7GB	contig_84	2699657	2702387	kdpD_aminoglycoside_antibiotic	198	2730	2730	1.0	Staphylococcus aureus (chromosome or plasmid)
barcode13_DS_4.7GB	contig_84	2710059	2711208	vanT gene in vanG cluster_glycopeptide_antibiotic	228	1149	1149	1.0	Staphylococcus aureus (chromosome or plasmid)
