Muestra	Chromosome	Start	End	Feature	Conteo	Numero_bases_cubiertas	Longitud_del_gen	Fraccion_cubierta	Pathogen
barcode06_05Gb	contig_1	78738	79725	vanH gene in vanO cluster_glycopeptide_antibiotic	7	987	987	1.0	
barcode06_05Gb	contig_12	147176	147542	qacG_disinfecting_agents_and_antiseptics	24	366	366	1.0	Acinetobacter johnsonii (chromosome)
barcode06_05Gb	contig_12	571185	571440	rsmA_fluoroquinolone_antibiotic;_diaminopyrimidine_antibiotic;_phenicol_antibiotic	31	255	255	1.0	
barcode06_05Gb	contig_152	22195	24415	Acinetobacter baumannii parC conferring resistance to fluoroquinolones_fluoroquinolone_antibiotic	5	2220	2220	1.0	Acinetobacter baumannii (chromosome or plasmid)
barcode06_05Gb	contig_188	13744	14146	FosA8_phosphonic_acid_antibiotic	11	402	402	1.0	Aeromonas caviae (chromosome or plasmid)
barcode06_05Gb	contig_211	16544	17369	OXA-644_carbapenem;_penam	32	825	825	1.0	Acinetobacter johnsonii (chromosome)
barcode06_05Gb	contig_24	452160	453396	vanW gene in vanI cluster_glycopeptide_antibiotic	25	1236	1236	1.0	
barcode06_05Gb	contig_24	1155411	1155918	nimK_nitroimidazole_antibiotic	28	507	507	1.0	
barcode06_05Gb	contig_24	1409879	1413071	adeF_fluoroquinolone_antibiotic;_tetracycline_antibiotic	23	3192	3192	1.0	
barcode06_05Gb	contig_24	1658918	1660028	vanT gene in vanG cluster_glycopeptide_antibiotic	23	1110	1110	1.0	
barcode06_05Gb	contig_241	26866	29344	vanT gene in vanG cluster_glycopeptide_antibiotic	13	2478	2478	1.0	
barcode06_05Gb	contig_249	24630	25788	vanT gene in vanG cluster_glycopeptide_antibiotic	3	1158	1158	1.0	
barcode06_05Gb	contig_250	25521	26403	KPC-2_monobactam;_carbapenem;_cephalosporin;_penam	22	882	882	1.0	Unknown taxonomy (chromosome or plasmid)
barcode06_05Gb	contig_252	3148	4030	KPC-2_monobactam;_carbapenem;_cephalosporin;_penam	19	882	882	1.0	Unknown taxonomy (chromosome or plasmid)
barcode06_05Gb	contig_27	13239	13872	CRP_macrolide_antibiotic;_fluoroquinolone_antibiotic;_penam	9	633	633	1.0	Escherichia coli (chromosome or plasmid)
barcode06_05Gb	contig_273	0	849	OXA-644_carbapenem;_penam	9	849	849	1.0	Acinetobacter johnsonii (chromosome)
barcode06_05Gb	contig_296	164	1025	TEM-1_monobactam;_cephalosporin;_penam;_penem	9	861	861	1.0	Unknown taxonomy (chromosome or plasmid)
barcode06_05Gb	contig_3	89973	90858	mphE_macrolide_antibiotic	19	885	885	1.0	Unknown taxonomy (chromosome or plasmid)
barcode06_05Gb	contig_3	90913	92389	msrE_macrolide_antibiotic;_streptogramin_antibiotic	19	1476	1476	1.0	Unknown taxonomy (chromosome or plasmid)
barcode06_05Gb	contig_326	1531	3007	msrE_macrolide_antibiotic;_streptogramin_antibiotic	12	1476	1476	1.0	Unknown taxonomy (chromosome or plasmid)
barcode06_05Gb	contig_36	33565	34675	vanT gene in vanG cluster_glycopeptide_antibiotic	7	1110	1110	1.0	
barcode06_05Gb	contig_495	6556	7462	mphA_macrolide_antibiotic	13	906	906	1.0	Unknown taxonomy (chromosome or plasmid)
barcode06_05Gb	contig_495	7458	8697	Mrx_macrolide_antibiotic	12	1239	1239	1.0	Unknown taxonomy (chromosome or plasmid)
barcode06_05Gb	contig_58	60025	60907	vanW gene in vanG cluster_glycopeptide_antibiotic	28	882	882	1.0	Acinetobacter johnsonii (chromosome)
barcode06_05Gb	contig_63	2	692	gadX_macrolide_antibiotic;_fluoroquinolone_antibiotic;_penam	3	690	690	1.0	Unknown taxonomy (chromosome)
barcode06_05Gb	contig_706	3479	5453	tet(Q)_tetracycline_antibiotic	7	1974	1974	1.0	Unknown taxonomy (chromosome)
barcode06_05Gb	contig_709	2263	3079	sul2_sulfonamide_antibiotic	5	816	816	1.0	Unknown taxonomy (chromosome or plasmid)
barcode06_05Gb	contig_71	25184	26387	Escherichia coli EF-Tu mutants conferring resistance to Pulvomycin_elfamycin_antibiotic	23	1203	1203	1.0	Unknown taxonomy (chromosome or plasmid)
barcode06_05Gb	contig_719	3477	5226	msbA_nitroimidazole_antibiotic	5	1749	1749	1.0	Unknown taxonomy (chromosome)
barcode06_05Gb	contig_721	14753	14942	rsmA_fluoroquinolone_antibiotic;_diaminopyrimidine_antibiotic;_phenicol_antibiotic	7	189	189	1.0	
barcode06_05Gb	contig_800	30208	31393	Escherichia coli EF-Tu mutants conferring resistance to Pulvomycin_elfamycin_antibiotic	19	1185	1185	1.0	Aeromonas (chromosome or plasmid)
barcode10_1Gb	contig_1020	2742	3057	vanY gene in vanA cluster_glycopeptide_antibiotic	2	315	315	1.0	
barcode10_1Gb	contig_1030	40056	43248	adeF_fluoroquinolone_antibiotic;_tetracycline_antibiotic	14	3192	3192	1.0	
barcode10_1Gb	contig_1033	5696	7616	tet(W)_tetracycline_antibiotic	15	1920	1920	1.0	Trueperella pyogenes (chromosome or plasmid)
barcode10_1Gb	contig_1073	997	1825	OXA-253_carbapenem;_penam	14	828	828	1.0	Acinetobacter baumannii (chromosome)
barcode10_1Gb	contig_1083	1222	2050	OXA-2_carbapenem;_cephalosporin;_penam	8	828	828	1.0	Unknown taxonomy (chromosome or plasmid)
barcode10_1Gb	contig_1083	2131	2782	AAC(6')-Ib9_aminoglycoside_antibiotic	10	651	651	1.0	Unknown taxonomy (chromosome or plasmid)
barcode10_1Gb	contig_1083	2823	3687	GES-1_carbapenem;_cephalosporin;_penam	14	864	864	1.0	Unknown taxonomy (chromosome or plasmid)
barcode10_1Gb	contig_1094	7037	7373	qacG_disinfecting_agents_and_antiseptics	6	336	336	1.0	
barcode10_1Gb	contig_1115	27963	28398	Escherichia coli AcrAB-TolC with MarR mutations conferring resistance to ciprofloxacin and tetracycline_fluoroquinolone_antibiotic;_cephalosporin;_glycylcycline;_penam;_tetracycline_antibiotic;_rifamycin_antibiotic;_phenicol_antibiotic;_disinfecting_agents_and_antiseptics	7	435	435	1.0	Enterobacter cloacae (chromosome)
barcode10_1Gb	contig_118	967	1852	mphE_macrolide_antibiotic	37	885	885	1.0	Unknown taxonomy (chromosome or plasmid)
barcode10_1Gb	contig_118	1907	3383	msrE_macrolide_antibiotic;_streptogramin_antibiotic	39	1476	1476	1.0	Unknown taxonomy (chromosome or plasmid)
barcode10_1Gb	contig_119	62238	63123	mphE_macrolide_antibiotic	38	885	885	1.0	Unknown taxonomy (chromosome or plasmid)
barcode10_1Gb	contig_119	63178	64654	msrE_macrolide_antibiotic;_streptogramin_antibiotic	39	1476	1476	1.0	Unknown taxonomy (chromosome or plasmid)
barcode10_1Gb	contig_120	2303	3188	mphE_macrolide_antibiotic	23	885	885	1.0	Unknown taxonomy (chromosome or plasmid)
barcode10_1Gb	contig_120	3243	4719	msrE_macrolide_antibiotic;_streptogramin_antibiotic	31	1476	1476	1.0	Unknown taxonomy (chromosome or plasmid)
barcode10_1Gb	contig_120	7514	8351	APH(6)-Id_aminoglycoside_antibiotic	27	837	837	1.0	Unknown taxonomy (chromosome or plasmid)
barcode10_1Gb	contig_120	8350	9154	APH(3'')-Ib_aminoglycoside_antibiotic	27	804	804	1.0	Unknown taxonomy (chromosome or plasmid)
barcode10_1Gb	contig_1205	2366	3194	OXA-253_carbapenem;_penam	23	828	828	1.0	Acinetobacter baumannii (chromosome)
barcode10_1Gb	contig_1287	595	1432	APH(6)-Id_aminoglycoside_antibiotic	25	837	837	1.0	Unknown taxonomy (chromosome or plasmid)
barcode10_1Gb	contig_1287	1431	2235	APH(3'')-Ib_aminoglycoside_antibiotic	24	804	804	1.0	Unknown taxonomy (chromosome or plasmid)
barcode10_1Gb	contig_1330	1173	1599	FosA2_phosphonic_acid_antibiotic	4	426	426	1.0	Enterobacter kobei (chromosome)
barcode10_1Gb	contig_1366	12337	12664	qacG_disinfecting_agents_and_antiseptics	5	327	327	1.0	
barcode10_1Gb	contig_1382	3342	4182	sul1_sulfonamide_antibiotic	31	840	840	1.0	Unknown taxonomy (chromosome or plasmid)
barcode10_1Gb	contig_1382	4175	4523	qacEdelta1_disinfecting_agents_and_antiseptics	27	348	348	1.0	Unknown taxonomy (chromosome or plasmid)
barcode10_1Gb	contig_1394	16333	17518	Escherichia coli EF-Tu mutants conferring resistance to Pulvomycin_elfamycin_antibiotic	13	1185	1185	1.0	Unknown taxonomy (chromosome or plasmid)
barcode10_1Gb	contig_1435	19168	19498	Klebsiella pneumoniae KpnF_macrolide_antibiotic;_aminoglycoside_antibiotic;_cephalosporin;_tetracycline_antibiotic;_peptide_antibiotic;_rifamycin_antibiotic;_disinfecting_agents_and_antiseptics	7	330	330	1.0	Enterobacter kobei (chromosome)
barcode10_1Gb	contig_1435	19484	19847	Klebsiella pneumoniae KpnE_macrolide_antibiotic;_aminoglycoside_antibiotic;_cephalosporin;_tetracycline_antibiotic;_peptide_antibiotic;_rifamycin_antibiotic;_disinfecting_agents_and_antiseptics	8	363	363	1.0	Enterobacter kobei (chromosome)
barcode10_1Gb	contig_1475	8021	9536	aadT_macrolide_antibiotic;_tetracycline_antibiotic;_disinfecting_agents_and_antiseptics	8	1515	1515	1.0	
barcode10_1Gb	contig_1482	65043	66201	vanT gene in vanG cluster_glycopeptide_antibiotic	9	1158	1158	1.0	
barcode10_1Gb	contig_155	97597	97942	qacG_disinfecting_agents_and_antiseptics	47	345	345	1.0	Acinetobacter johnsonii (chromosome)
barcode10_1Gb	contig_160	279670	280885	floR_phenicol_antibiotic	4	1215	1215	1.0	Unknown taxonomy (chromosome or plasmid)
barcode10_1Gb	contig_1604	9733	9922	rsmA_fluoroquinolone_antibiotic;_diaminopyrimidine_antibiotic;_phenicol_antibiotic	18	189	189	1.0	
barcode10_1Gb	contig_1646	13384	14569	Escherichia coli EF-Tu mutants conferring resistance to Pulvomycin_elfamycin_antibiotic	12	1185	1185	1.0	Unknown taxonomy (chromosome)
barcode10_1Gb	contig_165	68303	68975	ANT(3'')-IIa_aminoglycoside_antibiotic	5	672	672	1.0	Acinetobacter baumannii (chromosome or plasmid)
barcode10_1Gb	contig_174	43385	44198	NDM-1_carbapenem;_cephalosporin;_cephamycin;_penam	8	813	813	1.0	Unknown taxonomy (chromosome or plasmid)
barcode10_1Gb	contig_181	149333	150518	Escherichia coli EF-Tu mutants conferring resistance to Pulvomycin_elfamycin_antibiotic	28	1185	1185	1.0	Aeromonas caviae (chromosome or plasmid)
barcode10_1Gb	contig_1810	14730	15510	APH(3')-VIa_aminoglycoside_antibiotic	19	780	780	1.0	Unknown taxonomy (chromosome or plasmid)
barcode10_1Gb	contig_1813	4724	6014	vanT gene in vanG cluster_glycopeptide_antibiotic	3	1290	1290	1.0	
barcode10_1Gb	contig_188	58167	58569	FosA8_phosphonic_acid_antibiotic	14	402	402	1.0	Aeromonas caviae (chromosome or plasmid)
barcode10_1Gb	contig_1954	7646	8849	vanT gene in vanG cluster_glycopeptide_antibiotic	6	1203	1203	1.0	
barcode10_1Gb	contig_196	872583	873819	vanW gene in vanI cluster_glycopeptide_antibiotic	34	1236	1236	1.0	
barcode10_1Gb	contig_2026	101823	102618	OXA-504_penam	17	795	795	1.0	Aeromonas caviae (chromosome)
barcode10_1Gb	contig_2038	2029	2869	sul1_sulfonamide_antibiotic	31	840	840	1.0	Unknown taxonomy (chromosome or plasmid)
barcode10_1Gb	contig_2038	2862	3210	qacEdelta1_disinfecting_agents_and_antiseptics	32	348	348	1.0	Unknown taxonomy (chromosome or plasmid)
barcode10_1Gb	contig_2038	3432	3885	arr-3_rifamycin_antibiotic	18	453	453	1.0	Unknown taxonomy (chromosome or plasmid)
barcode10_1Gb	contig_2038	3969	4602	catB3_phenicol_antibiotic	19	633	633	1.0	Unknown taxonomy (chromosome or plasmid)
barcode10_1Gb	contig_2038	4739	5570	OXA-1_cephalosporin;_penam	15	831	831	1.0	Unknown taxonomy (chromosome or plasmid)
barcode10_1Gb	contig_2038	5700	6300	AAC(6')-Ib-cr6_fluoroquinolone_antibiotic;_aminoglycoside_antibiotic	21	600	600	1.0	Unknown taxonomy (chromosome or plasmid)
barcode10_1Gb	contig_2079	19429	20602	vanT gene in vanG cluster_glycopeptide_antibiotic	6	1173	1173	1.0	
barcode10_1Gb	contig_2084	4486	5347	TEM-1_monobactam;_cephalosporin;_penam;_penem	18	861	861	1.0	Unknown taxonomy (chromosome or plasmid)
barcode10_1Gb	contig_2084	5488	6349	AAC(3)-IIe_aminoglycoside_antibiotic	7	861	861	1.0	Unknown taxonomy (chromosome or plasmid)
barcode10_1Gb	contig_2160	2515	3397	KPC-2_monobactam;_carbapenem;_cephalosporin;_penam	24	882	882	1.0	Unknown taxonomy (chromosome or plasmid)
barcode10_1Gb	contig_217	75201	76311	vanT gene in vanG cluster_glycopeptide_antibiotic	40	1110	1110	1.0	
barcode10_1Gb	contig_217	322267	325459	adeF_fluoroquinolone_antibiotic;_tetracycline_antibiotic	34	3192	3192	1.0	
barcode10_1Gb	contig_217	581142	581649	nimK_nitroimidazole_antibiotic	31	507	507	1.0	
barcode10_1Gb	contig_223	24649	25531	KPC-2_monobactam;_carbapenem;_cephalosporin;_penam	84	882	882	1.0	Unknown taxonomy (chromosome or plasmid)
barcode10_1Gb	contig_233	89	905	APH(3')-Ia_aminoglycoside_antibiotic	8	816	816	1.0	Unknown taxonomy (chromosome or plasmid)
barcode10_1Gb	contig_233	12230	12998	SHV-53_carbapenem;_cephalosporin;_penam	5	768	768	1.0	Unknown taxonomy (chromosome or plasmid)
barcode10_1Gb	contig_234	244327	245401	vanT gene in vanG cluster_glycopeptide_antibiotic	16	1074	1074	1.0	
barcode10_1Gb	contig_264	965	1850	mphE_macrolide_antibiotic	32	885	885	1.0	Unknown taxonomy (chromosome or plasmid)
barcode10_1Gb	contig_264	1972	3382	msrE_macrolide_antibiotic;_streptogramin_antibiotic	35	1410	1410	1.0	Unknown taxonomy (chromosome or plasmid)
barcode10_1Gb	contig_293	39319	40159	sul1_sulfonamide_antibiotic	30	840	840	1.0	Unknown taxonomy (chromosome or plasmid)
barcode10_1Gb	contig_293	40152	40500	qacEdelta1_disinfecting_agents_and_antiseptics	25	348	348	1.0	Unknown taxonomy (chromosome or plasmid)
barcode10_1Gb	contig_293	40668	41256	AAC(6')-Ib9_aminoglycoside_antibiotic	15	588	588	1.0	Enterobacter hormaechei (chromosome or plasmid)
barcode10_1Gb	contig_293	41361	41814	arr-3_rifamycin_antibiotic	11	453	453	1.0	Unknown taxonomy (chromosome or plasmid)
barcode10_1Gb	contig_293	50674	51880	tet(B)_tetracycline_antibiotic	11	1206	1206	1.0	Unknown taxonomy (chromosome or plasmid)
barcode10_1Gb	contig_293	51961	52585	tetR_tetracycline_antibiotic	8	624	624	1.0	Unknown taxonomy (chromosome or plasmid)
barcode10_1Gb	contig_293	60845	61772	PER-2_monobactam;_carbapenem;_cephalosporin;_penam;_penem	10	927	927	1.0	Unknown taxonomy (plasmid)
barcode10_1Gb	contig_293	88133	89018	mphE_macrolide_antibiotic	16	885	885	1.0	Unknown taxonomy (chromosome or plasmid)
barcode10_1Gb	contig_294	2022	3261	Mrx_macrolide_antibiotic	22	1239	1239	1.0	Unknown taxonomy (chromosome or plasmid)
barcode10_1Gb	contig_294	3257	4163	mphA_macrolide_antibiotic	22	906	906	1.0	Unknown taxonomy (chromosome or plasmid)
barcode10_1Gb	contig_294	6775	7660	mphE_macrolide_antibiotic	27	885	885	1.0	Unknown taxonomy (chromosome or plasmid)
barcode10_1Gb	contig_294	7715	9191	msrE_macrolide_antibiotic;_streptogramin_antibiotic	27	1476	1476	1.0	Unknown taxonomy (chromosome or plasmid)
barcode10_1Gb	contig_294	10583	11117	ANT(2'')-Ia_aminoglycoside_antibiotic	12	534	534	1.0	Unknown taxonomy (chromosome or plasmid)
barcode10_1Gb	contig_294	11261	12161	VEB-9_monobactam;_cephalosporin	9	900	900	1.0	Unknown taxonomy (chromosome or plasmid)
barcode10_1Gb	contig_294	12279	13539	cmlA5_phenicol_antibiotic	9	1260	1260	1.0	Unknown taxonomy (chromosome or plasmid)
barcode10_1Gb	contig_294	13753	14392	AAC(6')-Ib9_aminoglycoside_antibiotic	15	639	639	1.0	Unknown taxonomy (chromosome or plasmid)
barcode10_1Gb	contig_294	14474	15131	QnrVC4_fluoroquinolone_antibiotic	14	657	657	1.0	Unknown taxonomy (chromosome or plasmid)
barcode10_1Gb	contig_294	25917	27108	tet(C)_tetracycline_antibiotic	19	1191	1191	1.0	Unknown taxonomy (chromosome or plasmid)
barcode10_1Gb	contig_294	30234	30894	catA1_phenicol_antibiotic	5	660	660	1.0	Unknown taxonomy (chromosome or plasmid)
barcode10_1Gb	contig_33	58039	58294	rsmA_fluoroquinolone_antibiotic;_diaminopyrimidine_antibiotic;_phenicol_antibiotic	60	255	255	1.0	
barcode10_1Gb	contig_409	3382	3877	lnuC_lincosamide_antibiotic	4	495	495	1.0	Unknown taxonomy (chromosome or plasmid)
barcode10_1Gb	contig_462	252058	254590	vanT gene in vanG cluster_glycopeptide_antibiotic	15	2532	2532	1.0	
barcode10_1Gb	contig_481	3733	4537	APH(3'')-Ib_aminoglycoside_antibiotic	25	804	804	1.0	Unknown taxonomy (chromosome or plasmid)
barcode10_1Gb	contig_481	4536	5373	APH(6)-Id_aminoglycoside_antibiotic	25	837	837	1.0	Unknown taxonomy (chromosome or plasmid)
barcode10_1Gb	contig_570	19123	20038	vanW gene in vanG cluster_glycopeptide_antibiotic	80	915	915	1.0	Acinetobacter johnsonii (chromosome)
barcode10_1Gb	contig_60	93092	93437	qacG_disinfecting_agents_and_antiseptics	9	345	345	1.0	Unknown taxonomy (chromosome or plasmid)
barcode10_1Gb	contig_66	135131	135956	OXA-644_carbapenem;_penam	127	825	825	1.0	Acinetobacter johnsonii (chromosome)
barcode10_1Gb	contig_665	14969	15428	AAC(6')-Il_aminoglycoside_antibiotic	16	459	459	1.0	Unknown taxonomy (chromosome or plasmid)
barcode10_1Gb	contig_665	15501	16365	GES-1_carbapenem;_cephalosporin;_penam	14	864	864	1.0	Unknown taxonomy (chromosome or plasmid)
barcode10_1Gb	contig_665	16695	17352	QnrVC1_fluoroquinolone_antibiotic	18	657	657	1.0	Unknown taxonomy (chromosome or plasmid)
barcode10_1Gb	contig_688	5226	6486	EreB_macrolide_antibiotic	10	1260	1260	1.0	
barcode10_1Gb	contig_734	4876	5662	OXA-72_carbapenem;_penam	8	786	786	1.0	Unknown taxonomy (chromosome or plasmid)
barcode10_1Gb	contig_734	13541	14369	OXA-72_carbapenem;_penam	7	828	828	1.0	Unknown taxonomy (chromosome or plasmid)
barcode10_1Gb	contig_735	20886	24051	adeF_fluoroquinolone_antibiotic;_tetracycline_antibiotic	15	3165	3165	1.0	Acinetobacter (chromosome or plasmid)
barcode10_1Gb	contig_771	19617	20112	lnuC_lincosamide_antibiotic	14	495	495	1.0	Unknown taxonomy (chromosome or plasmid)
barcode10_1Gb	contig_790	7618	8533	vanW gene in vanG cluster_glycopeptide_antibiotic	34	915	915	1.0	Acinetobacter johnsonii (chromosome)
barcode10_1Gb	contig_814	451	1927	msrE_macrolide_antibiotic;_streptogramin_antibiotic	39	1476	1476	1.0	Unknown taxonomy (chromosome or plasmid)
barcode10_1Gb	contig_814	1982	2867	mphE_macrolide_antibiotic	38	885	885	1.0	Unknown taxonomy (chromosome or plasmid)
barcode10_1Gb	contig_954	4794	5622	OXA-253_carbapenem;_penam	24	828	828	1.0	Acinetobacter baumannii (chromosome)
barcode01_03Gb	contig_111	27098	27464	qacG_disinfecting_agents_and_antiseptics	6	366	366	1.0	Acinetobacter johnsonii (chromosome)
barcode01_03Gb	contig_113	2987	3296	qacG_disinfecting_agents_and_antiseptics	1	309	309	1.0	Acinetobacter johnsonii (chromosome)
barcode01_03Gb	contig_120	22345	23185	sul1_sulfonamide_antibiotic	20	840	840	1.0	Unknown taxonomy (chromosome or plasmid)
barcode01_03Gb	contig_120	23178	23526	qacEdelta1_disinfecting_agents_and_antiseptics	20	348	348	1.0	Unknown taxonomy (chromosome or plasmid)
barcode01_03Gb	contig_120	23694	24282	AAC(6')-Ib9_aminoglycoside_antibiotic	20	588	588	1.0	Unknown taxonomy (chromosome or plasmid)
barcode01_03Gb	contig_120	33439	34645	tet(B)_tetracycline_antibiotic	7	1206	1206	1.0	Unknown taxonomy (chromosome or plasmid)
barcode01_03Gb	contig_120	34726	35350	tetR_tetracycline_antibiotic	8	624	624	1.0	Unknown taxonomy (chromosome or plasmid)
barcode01_03Gb	contig_127	45003	45828	OXA-441_carbapenem;_penam	3	825	825	1.0	Acinetobacter baumannii (chromosome or plasmid)
barcode01_03Gb	contig_150	3892	4729	APH(6)-Id_aminoglycoside_antibiotic	9	837	837	1.0	Unknown taxonomy (chromosome or plasmid)
barcode01_03Gb	contig_150	4728	5532	APH(3'')-Ib_aminoglycoside_antibiotic	10	804	804	1.0	Unknown taxonomy (chromosome or plasmid)
barcode01_03Gb	contig_168	14751	15633	KPC-2_monobactam;_carbapenem;_cephalosporin;_penam	8	882	882	1.0	Unknown taxonomy (chromosome or plasmid)
barcode01_03Gb	contig_176	50153	50978	OXA-644_carbapenem;_penam	26	825	825	1.0	Acinetobacter johnsonii (chromosome)
barcode01_03Gb	contig_182	104273	104780	nimK_nitroimidazole_antibiotic	11	507	507	1.0	
barcode01_03Gb	contig_213	3334	4123	ANT(3'')-IIa_aminoglycoside_antibiotic	5	789	789	1.0	Acinetobacter baumannii (chromosome or plasmid)
barcode01_03Gb	contig_213	63485	65705	Acinetobacter baumannii parC conferring resistance to fluoroquinolones_fluoroquinolone_antibiotic	8	2220	2220	1.0	Acinetobacter baumannii (chromosome or plasmid)
barcode01_03Gb	contig_228	34817	36053	vanW gene in vanI cluster_glycopeptide_antibiotic	10	1236	1236	1.0	
barcode01_03Gb	contig_270	16500	17295	OXA-504_penam	8	795	795	1.0	Aeromonas caviae (chromosome or plasmid)
barcode01_03Gb	contig_28	90641	91556	vanW gene in vanG cluster_glycopeptide_antibiotic	26	915	915	1.0	Acinetobacter johnsonii (chromosome)
barcode01_03Gb	contig_302	15688	17035	abeM_fluoroquinolone_antibiotic;_disinfecting_agents_and_antiseptics	3	1347	1347	1.0	Acinetobacter baumannii (chromosome or plasmid)
barcode01_03Gb	contig_314	18590	18779	rsmA_fluoroquinolone_antibiotic;_diaminopyrimidine_antibiotic;_phenicol_antibiotic	7	189	189	1.0	
barcode01_03Gb	contig_417	195940	197050	vanT gene in vanG cluster_glycopeptide_antibiotic	10	1110	1110	1.0	
barcode01_03Gb	contig_53	133183	133438	rsmA_fluoroquinolone_antibiotic;_diaminopyrimidine_antibiotic;_phenicol_antibiotic	19	255	255	1.0	
barcode01_03Gb	contig_545	123	903	APH(3')-VIa_aminoglycoside_antibiotic	5	780	780	1.0	Unknown taxonomy (chromosome or plasmid)
barcode01_03Gb	contig_545	3318	4200	KPC-2_monobactam;_carbapenem;_cephalosporin;_penam	5	882	882	1.0	Unknown taxonomy (chromosome or plasmid)
barcode01_03Gb	contig_585	11769	12549	APH(3')-VIa_aminoglycoside_antibiotic	6	780	780	1.0	Unknown taxonomy (chromosome or plasmid)
barcode01_03Gb	contig_71	58236	59712	msrE_macrolide_antibiotic;_streptogramin_antibiotic	16	1476	1476	1.0	Unknown taxonomy (chromosome or plasmid)
barcode01_03Gb	contig_71	59767	60652	mphE_macrolide_antibiotic	19	885	885	1.0	Unknown taxonomy (chromosome or plasmid)
barcode01_03Gb	contig_77	887	1793	mphA_macrolide_antibiotic	13	906	906	1.0	Unknown taxonomy (chromosome or plasmid)
barcode01_03Gb	contig_77	1789	3028	Mrx_macrolide_antibiotic	12	1239	1239	1.0	Unknown taxonomy (chromosome or plasmid)
barcode01_05Gb	contig_1020	37882	38983	LpsB_peptide_antibiotic	5	1101	1101	1.0	Acinetobacter baumannii (chromosome or plasmid)
barcode01_05Gb	contig_1020	85457	86804	abeM_fluoroquinolone_antibiotic;_disinfecting_agents_and_antiseptics	7	1347	1347	1.0	Acinetobacter baumannii (chromosome or plasmid)
barcode01_05Gb	contig_1037	39134	40292	vanT gene in vanG cluster_glycopeptide_antibiotic	7	1158	1158	1.0	
barcode01_05Gb	contig_1049	12847	13339	ANT(3'')-IIb_aminoglycoside_antibiotic	9	492	492	1.0	Acinetobacter baumannii (chromosome or plasmid)
barcode01_05Gb	contig_119	25339	26254	vanW gene in vanG cluster_glycopeptide_antibiotic	30	915	915	1.0	Acinetobacter johnsonii (chromosome)
barcode01_05Gb	contig_18	13018	13900	KPC-2_monobactam;_carbapenem;_cephalosporin;_penam	32	882	882	1.0	Unknown taxonomy (chromosome or plasmid)
barcode01_05Gb	contig_2	283185	283551	qacG_disinfecting_agents_and_antiseptics	29	366	366	1.0	Acinetobacter johnsonii (chromosome)
barcode01_05Gb	contig_2	707234	707489	rsmA_fluoroquinolone_antibiotic;_diaminopyrimidine_antibiotic;_phenicol_antibiotic	38	255	255	1.0	
barcode01_05Gb	contig_200	20500	20902	FosA8_phosphonic_acid_antibiotic	5	402	402	1.0	Aeromonas caviae (chromosome or plasmid)
barcode01_05Gb	contig_243	1888	2668	APH(3')-VIa_aminoglycoside_antibiotic	9	780	780	1.0	Unknown taxonomy (chromosome or plasmid)
barcode01_05Gb	contig_243	5083	5965	KPC-2_monobactam;_carbapenem;_cephalosporin;_penam	15	882	882	1.0	Unknown taxonomy (chromosome or plasmid)
barcode01_05Gb	contig_245	1773	2553	APH(3')-VIa_aminoglycoside_antibiotic	13	780	780	1.0	Unknown taxonomy (chromosome or plasmid)
barcode01_05Gb	contig_248	4957	7489	vanT gene in vanG cluster_glycopeptide_antibiotic	9	2532	2532	1.0	
barcode01_05Gb	contig_29	33815	34640	OXA-644_carbapenem;_penam	55	825	825	1.0	Acinetobacter johnsonii (chromosome)
barcode01_05Gb	contig_318	8457	8646	rsmA_fluoroquinolone_antibiotic;_diaminopyrimidine_antibiotic;_phenicol_antibiotic	13	189	189	1.0	
barcode01_05Gb	contig_394	18115	19027	vanT gene in vanG cluster_glycopeptide_antibiotic	5	912	912	1.0	
barcode01_05Gb	contig_443	1253	2444	tet(C)_tetracycline_antibiotic	6	1191	1191	1.0	Unknown taxonomy (chromosome or plasmid)
barcode01_05Gb	contig_472	8	800	aadA_aminoglycoside_antibiotic	12	792	792	1.0	Unknown taxonomy (chromosome or plasmid)
barcode01_05Gb	contig_472	963	1311	qacEdelta1_disinfecting_agents_and_antiseptics	34	348	348	1.0	Unknown taxonomy (chromosome or plasmid)
barcode01_05Gb	contig_472	1304	2144	sul1_sulfonamide_antibiotic	31	840	840	1.0	Unknown taxonomy (chromosome or plasmid)
barcode01_05Gb	contig_49	61078	62263	Escherichia coli EF-Tu mutants conferring resistance to Pulvomycin_elfamycin_antibiotic	15	1185	1185	1.0	Aeromonas caviae (chromosome or plasmid)
barcode01_05Gb	contig_54	904192	905428	vanW gene in vanI cluster_glycopeptide_antibiotic	14	1236	1236	1.0	
barcode01_05Gb	contig_600	1871	3104	Escherichia coli mdfA_tetracycline_antibiotic;_disinfecting_agents_and_antiseptics	3	1233	1233	1.0	Unknown taxonomy (chromosome or plasmid)
barcode01_05Gb	contig_633	87073	87898	gadX_macrolide_antibiotic;_fluoroquinolone_antibiotic;_penam	5	825	825	1.0	Unknown taxonomy (chromosome)
barcode01_05Gb	contig_633	92528	93686	mdtE_macrolide_antibiotic;_fluoroquinolone_antibiotic;_penam	5	1158	1158	1.0	Unknown taxonomy (chromosome)
barcode01_05Gb	contig_64	650352	650859	nimK_nitroimidazole_antibiotic	13	507	507	1.0	
barcode01_05Gb	contig_64	906415	909607	adeF_fluoroquinolone_antibiotic;_tetracycline_antibiotic	19	3192	3192	1.0	
barcode01_05Gb	contig_64	1155671	1156781	vanT gene in vanG cluster_glycopeptide_antibiotic	16	1110	1110	1.0	
barcode01_05Gb	contig_707	13346	14141	OXA-504_penam	6	795	795	1.0	Aeromonas caviae (chromosome)
barcode01_05Gb	contig_775	6730	8185	adeK_macrolide_antibiotic;_fluoroquinolone_antibiotic;_lincosamide_antibiotic;_carbapenem;_cephalosporin;_tetracycline_antibiotic;_rifamycin_antibiotic;_diaminopyrimidine_antibiotic;_phenicol_antibiotic;_penem	5	1455	1455	1.0	Acinetobacter baumannii (chromosome or plasmid)
barcode01_05Gb	contig_779	30494	30968	dfrA6_diaminopyrimidine_antibiotic	5	474	474	1.0	Unknown taxonomy (chromosome or plasmid)
barcode01_05Gb	contig_779	32056	32911	aadA_aminoglycoside_antibiotic	9	855	855	1.0	Unknown taxonomy (chromosome or plasmid)
barcode01_05Gb	contig_780	7819	8647	OXA-253_carbapenem;_penam	7	828	828	1.0	Acinetobacter baumannii (chromosome)
barcode01_05Gb	contig_791	35759	36791	mdtN_nucleoside_antibiotic;_disinfecting_agents_and_antiseptics	5	1032	1032	1.0	Escherichia coli (chromosome or plasmid)
barcode01_05Gb	contig_832	22159	23392	mdtM_fluoroquinolone_antibiotic;_lincosamide_antibiotic;_nucleoside_antibiotic;_phenicol_antibiotic;_disinfecting_agents_and_antiseptics	7	1233	1233	1.0	Unknown taxonomy (chromosome or plasmid)
barcode01_05Gb	contig_852	77641	77896	rsmA_fluoroquinolone_antibiotic;_diaminopyrimidine_antibiotic;_phenicol_antibiotic	3	255	255	1.0	
barcode01_05Gb	contig_855	12974	13799	OXA-441_carbapenem;_penam	4	825	825	1.0	Acinetobacter baumannii (chromosome or plasmid)
barcode01_1Gb	contig_10	25477	26578	LpsB_peptide_antibiotic	5	1101	1101	1.0	Acinetobacter baumannii (chromosome or plasmid)
barcode01_1Gb	contig_10	65871	67218	abeM_fluoroquinolone_antibiotic;_disinfecting_agents_and_antiseptics	6	1347	1347	1.0	Acinetobacter baumannii (chromosome or plasmid)
barcode01_1Gb	contig_101	238799	241331	vanT gene in vanG cluster_glycopeptide_antibiotic	11	2532	2532	1.0	
barcode01_1Gb	contig_1109	65653	65908	rsmA_fluoroquinolone_antibiotic;_diaminopyrimidine_antibiotic;_phenicol_antibiotic	6	255	255	1.0	
barcode01_1Gb	contig_1118	9874	12190	adeF_fluoroquinolone_antibiotic;_tetracycline_antibiotic	12	2316	2316	1.0	Unknown taxonomy (chromosome)
barcode01_1Gb	contig_1122	3311	4190	mdeA_fluoroquinolone_antibiotic;_aminoglycoside_antibiotic;_penam;_tetracycline_antibiotic;_disinfecting_agents_and_antiseptics	4	879	879	1.0	
barcode01_1Gb	contig_1128	50155	50947	ADC-58_cephalosporin	5	792	792	1.0	Acinetobacter baumannii (chromosome or plasmid)
barcode01_1Gb	contig_1243	1811	2600	ANT(3'')-IIa_aminoglycoside_antibiotic	5	789	789	1.0	Acinetobacter baumannii (chromosome or plasmid)
barcode01_1Gb	contig_1283	1640	2798	vanT gene in vanG cluster_glycopeptide_antibiotic	8	1158	1158	1.0	
barcode01_1Gb	contig_1343	137833	138163	abeS_macrolide_antibiotic;_aminocoumarin_antibiotic	6	330	330	1.0	Acinetobacter baumannii (chromosome or plasmid)
barcode01_1Gb	contig_1343	141472	142486	adeL_fluoroquinolone_antibiotic;_tetracycline_antibiotic	5	1014	1014	1.0	Acinetobacter baumannii (chromosome or plasmid)
barcode01_1Gb	contig_1343	142701	143922	adeG_fluoroquinolone_antibiotic;_tetracycline_antibiotic	6	1221	1221	1.0	Acinetobacter baumannii (chromosome or plasmid)
barcode01_1Gb	contig_1343	143928	147108	adeF_fluoroquinolone_antibiotic;_tetracycline_antibiotic	10	3180	3180	1.0	Acinetobacter baumannii (chromosome or plasmid)
barcode01_1Gb	contig_1343	147120	148569	adeH_fluoroquinolone_antibiotic;_tetracycline_antibiotic	10	1449	1449	1.0	Acinetobacter baumannii (chromosome or plasmid)
barcode01_1Gb	contig_139	243929	245039	vanT gene in vanG cluster_glycopeptide_antibiotic	34	1110	1110	1.0	
barcode01_1Gb	contig_139	490917	494109	adeF_fluoroquinolone_antibiotic;_tetracycline_antibiotic	30	3192	3192	1.0	
barcode01_1Gb	contig_139	749615	750122	nimK_nitroimidazole_antibiotic	21	507	507	1.0	
barcode01_1Gb	contig_139	1452134	1453370	vanW gene in vanI cluster_glycopeptide_antibiotic	24	1236	1236	1.0	
barcode01_1Gb	contig_1469	92426	93251	gadX_macrolide_antibiotic;_fluoroquinolone_antibiotic;_penam	6	825	825	1.0	Unknown taxonomy (chromosome)
barcode01_1Gb	contig_1469	94709	97823	mdtF_macrolide_antibiotic;_fluoroquinolone_antibiotic;_penam	5	3114	3114	1.0	Unknown taxonomy (chromosome)
barcode01_1Gb	contig_1469	97847	99005	mdtE_macrolide_antibiotic;_fluoroquinolone_antibiotic;_penam	6	1158	1158	1.0	Unknown taxonomy (chromosome)
barcode01_1Gb	contig_1487	11935	12739	APH(3'')-Ib_aminoglycoside_antibiotic	29	804	804	1.0	Unknown taxonomy (chromosome or plasmid)
barcode01_1Gb	contig_1487	12738	13575	APH(6)-Id_aminoglycoside_antibiotic	23	837	837	1.0	Unknown taxonomy (chromosome or plasmid)
barcode01_1Gb	contig_1494	2975	3470	lnuC_lincosamide_antibiotic	9	495	495	1.0	Unknown taxonomy (chromosome or plasmid)
barcode01_1Gb	contig_1515	86540	87527	vanH gene in vanO cluster_glycopeptide_antibiotic	7	987	987	1.0	
barcode01_1Gb	contig_1554	75126	75906	APH(3')-VIa_aminoglycoside_antibiotic	15	780	780	1.0	Unknown taxonomy (chromosome or plasmid)
barcode01_1Gb	contig_1555	496	1378	KPC-2_monobactam;_carbapenem;_cephalosporin;_penam	16	882	882	1.0	Unknown taxonomy (chromosome or plasmid)
barcode01_1Gb	contig_1635	35273	36158	mphE_macrolide_antibiotic	33	885	885	1.0	Unknown taxonomy (chromosome or plasmid)
barcode01_1Gb	contig_1635	39798	40986	tet(39)_tetracycline_antibiotic	18	1188	1188	1.0	Unknown taxonomy (plasmid)
barcode01_1Gb	contig_1665	30850	32035	Escherichia coli EF-Tu mutants conferring resistance to Pulvomycin_elfamycin_antibiotic	14	1185	1185	1.0	Enterobacter (chromosome or plasmid)
barcode01_1Gb	contig_1781	2384	2858	dfrA6_diaminopyrimidine_antibiotic	6	474	474	1.0	Unknown taxonomy (chromosome or plasmid)
barcode01_1Gb	contig_1781	3016	3673	QnrVC1_fluoroquinolone_antibiotic	8	657	657	1.0	Unknown taxonomy (chromosome or plasmid)
barcode01_1Gb	contig_1850	6018	6681	AcrS_fluoroquinolone_antibiotic;_cephalosporin;_glycylcycline;_cephamycin;_penam;_tetracycline_antibiotic;_rifamycin_antibiotic;_phenicol_antibiotic;_disinfecting_agents_and_antiseptics	10	663	663	1.0	Unknown taxonomy (chromosome or plasmid)
barcode01_1Gb	contig_1877	2863	4048	Escherichia coli EF-Tu mutants conferring resistance to Pulvomycin_elfamycin_antibiotic	15	1185	1185	1.0	Unknown taxonomy (chromosome or plasmid)
barcode01_1Gb	contig_192	123480	125592	MOX-13_cephalosporin;_cephamycin;_penam	12	2112	2112	1.0	Aeromonas caviae (chromosome or plasmid)
barcode01_1Gb	contig_1921	23840	24497	QnrS1_fluoroquinolone_antibiotic	6	657	657	1.0	Unknown taxonomy (chromosome or plasmid)
barcode01_1Gb	contig_2003	3620	4490	tet(Q)_tetracycline_antibiotic	9	870	870	1.0	Unknown taxonomy (chromosome)
barcode01_1Gb	contig_2003	4647	5124	tet(Q)_tetracycline_antibiotic	9	477	477	1.0	Unknown taxonomy (chromosome)
barcode01_1Gb	contig_2073	40399	40585	rsmA_fluoroquinolone_antibiotic;_diaminopyrimidine_antibiotic;_phenicol_antibiotic	14	186	186	1.0	Unknown taxonomy (chromosome or plasmid)
barcode01_1Gb	contig_2079	2572	3226	adeN_macrolide_antibiotic;_fluoroquinolone_antibiotic;_lincosamide_antibiotic;_carbapenem;_cephalosporin;_tetracycline_antibiotic;_rifamycin_antibiotic;_diaminopyrimidine_antibiotic;_phenicol_antibiotic;_penem	5	654	654	1.0	Acinetobacter baumannii (chromosome or plasmid)
barcode01_1Gb	contig_2090	25447	26785	vanW gene in vanI cluster_glycopeptide_antibiotic	4	1338	1338	1.0	
barcode01_1Gb	contig_2118	2760	3597	APH(6)-Id_aminoglycoside_antibiotic	24	837	837	1.0	Unknown taxonomy (chromosome or plasmid)
barcode01_1Gb	contig_2118	3596	4400	APH(3'')-Ib_aminoglycoside_antibiotic	31	804	804	1.0	Unknown taxonomy (chromosome or plasmid)
barcode01_1Gb	contig_2137	2655	3894	Mrx_macrolide_antibiotic	18	1239	1239	1.0	Unknown taxonomy (chromosome or plasmid)
barcode01_1Gb	contig_2137	3890	4796	mphA_macrolide_antibiotic	19	906	906	1.0	Unknown taxonomy (chromosome or plasmid)
barcode01_1Gb	contig_2137	5948	6296	qacEdelta1_disinfecting_agents_and_antiseptics	10	348	348	1.0	Unknown taxonomy (chromosome or plasmid)
barcode01_1Gb	contig_2144	589	1702	vanT gene in vanG cluster_glycopeptide_antibiotic	9	1113	1113	1.0	
barcode01_1Gb	contig_2146	1955	2795	sul1_sulfonamide_antibiotic	27	840	840	1.0	Unknown taxonomy (chromosome or plasmid)
barcode01_1Gb	contig_2146	2788	3136	qacEdelta1_disinfecting_agents_and_antiseptics	29	348	348	1.0	Unknown taxonomy (chromosome or plasmid)
barcode01_1Gb	contig_2146	3358	3811	arr-3_rifamycin_antibiotic	15	453	453	1.0	Unknown taxonomy (chromosome or plasmid)
barcode01_1Gb	contig_2146	3895	4528	catB3_phenicol_antibiotic	14	633	633	1.0	Unknown taxonomy (chromosome or plasmid)
barcode01_1Gb	contig_2146	4665	5496	OXA-1_cephalosporin;_penam	14	831	831	1.0	Unknown taxonomy (chromosome or plasmid)
barcode01_1Gb	contig_2146	5626	6226	AAC(6')-Ib-cr6_fluoroquinolone_antibiotic;_aminoglycoside_antibiotic	19	600	600	1.0	Unknown taxonomy (chromosome or plasmid)
barcode01_1Gb	contig_2234	6305	7133	OXA-253_carbapenem;_penam	12	828	828	1.0	Acinetobacter baumannii (chromosome)
barcode01_1Gb	contig_243	48780	49035	rsmA_fluoroquinolone_antibiotic;_diaminopyrimidine_antibiotic;_phenicol_antibiotic	69	255	255	1.0	
barcode01_1Gb	contig_254	1208	2024	sul2_sulfonamide_antibiotic	23	816	816	1.0	Unknown taxonomy (chromosome or plasmid)
barcode01_1Gb	contig_285	26494	27283	ANT(3'')-IIa_aminoglycoside_antibiotic	5	789	789	1.0	Acinetobacter (chromosome or plasmid)
barcode01_1Gb	contig_3	51921	53031	vanT gene in vanG cluster_glycopeptide_antibiotic	10	1110	1110	1.0	
barcode01_1Gb	contig_372	29023	29938	vanW gene in vanG cluster_glycopeptide_antibiotic	69	915	915	1.0	Acinetobacter johnsonii (chromosome)
barcode01_1Gb	contig_373	11040	11865	OXA-644_carbapenem;_penam	90	825	825	1.0	Acinetobacter johnsonii (chromosome)
barcode01_1Gb	contig_421	216375	216564	rsmA_fluoroquinolone_antibiotic;_diaminopyrimidine_antibiotic;_phenicol_antibiotic	19	189	189	1.0	
barcode01_1Gb	contig_449	23857	24682	OXA-441_carbapenem;_penam	9	825	825	1.0	Acinetobacter baumannii (chromosome or plasmid)
barcode01_1Gb	contig_46	122347	123481	Escherichia coli ampC beta-lactamase_cephalosporin;_penam	9	1134	1134	1.0	Unknown taxonomy (chromosome or plasmid)
barcode01_1Gb	contig_46	191626	193678	mdtO_nucleoside_antibiotic;_disinfecting_agents_and_antiseptics	8	2052	2052	1.0	Unknown taxonomy (chromosome or plasmid)
barcode01_1Gb	contig_46	193674	195228	mdtP_nucleoside_antibiotic;_disinfecting_agents_and_antiseptics	8	1554	1554	1.0	Escherichia coli (chromosome or plasmid)
barcode01_1Gb	contig_46	216119	216716	Escherichia coli soxR with mutation conferring antibiotic resistance_fluoroquinolone_antibiotic;_cephalosporin;_glycylcycline;_penam;_tetracycline_antibiotic;_rifamycin_antibiotic;_phenicol_antibiotic;_disinfecting_agents_and_antiseptics	15	597	597	1.0	Unknown taxonomy (chromosome or plasmid)
barcode01_1Gb	contig_46	234372	237513	adeF_fluoroquinolone_antibiotic;_tetracycline_antibiotic	4	3141	3141	1.0	
barcode01_1Gb	contig_466	30399	31878	Acinetobacter baumannii AmvA_macrolide_antibiotic;_disinfecting_agents_and_antiseptics	8	1479	1479	1.0	Acinetobacter baumannii (chromosome or plasmid)
barcode01_1Gb	contig_469	256	1162	mphA_macrolide_antibiotic	11	906	906	1.0	Unknown taxonomy (chromosome or plasmid)
barcode01_1Gb	contig_469	2229	3090	TEM-1_monobactam;_cephalosporin;_penam;_penem	20	861	861	1.0	Unknown taxonomy (chromosome or plasmid)
barcode01_1Gb	contig_471	887	1793	mphA_macrolide_antibiotic	18	906	906	1.0	Unknown taxonomy (chromosome or plasmid)
barcode01_1Gb	contig_471	1789	3028	Mrx_macrolide_antibiotic	17	1239	1239	1.0	Unknown taxonomy (chromosome or plasmid)
barcode01_1Gb	contig_496	2	1220	vanT gene in vanG cluster_glycopeptide_antibiotic	3	1218	1218	1.0	
barcode01_1Gb	contig_52	11281	12076	OXA-504_penam	19	795	795	1.0	Aeromonas caviae (chromosome)
barcode01_1Gb	contig_532	3605	4445	sul1_sulfonamide_antibiotic	28	840	840	1.0	Unknown taxonomy (chromosome or plasmid)
barcode01_1Gb	contig_532	4438	4786	qacEdelta1_disinfecting_agents_and_antiseptics	26	348	348	1.0	Unknown taxonomy (chromosome or plasmid)
barcode01_1Gb	contig_532	5927	6548	AAC(6')-Ib9_aminoglycoside_antibiotic	12	621	621	1.0	Klebsiella pneumoniae (chromosome or plasmid)
barcode01_1Gb	contig_532	6620	7316	arr-3_rifamycin_antibiotic	7	696	696	1.0	Unknown taxonomy (chromosome or plasmid)
barcode01_1Gb	contig_54	46753	47155	FosA8_phosphonic_acid_antibiotic	16	402	402	1.0	Aeromonas caviae (chromosome or plasmid)
barcode01_1Gb	contig_55	188752	189937	Escherichia coli EF-Tu mutants conferring resistance to Pulvomycin_elfamycin_antibiotic	32	1185	1185	1.0	Aeromonas caviae (chromosome or plasmid)
barcode01_1Gb	contig_55	208165	209350	Escherichia coli EF-Tu mutants conferring resistance to Pulvomycin_elfamycin_antibiotic	25	1185	1185	1.0	Aeromonas caviae (chromosome or plasmid)
barcode01_1Gb	contig_585	75588	76368	APH(3')-VIa_aminoglycoside_antibiotic	12	780	780	1.0	Unknown taxonomy (chromosome or plasmid)
barcode01_1Gb	contig_63	74987	75353	qacG_disinfecting_agents_and_antiseptics	52	366	366	1.0	Acinetobacter johnsonii (chromosome)
barcode01_1Gb	contig_662	2737	3637	VEB-1_monobactam;_cephalosporin	5	900	900	1.0	Unknown taxonomy (chromosome or plasmid)
barcode01_1Gb	contig_670	4208	4706	dfrA12_diaminopyrimidine_antibiotic	8	498	498	1.0	Unknown taxonomy (chromosome or plasmid)
barcode01_1Gb	contig_670	5127	5907	aadA2_aminoglycoside_antibiotic	17	780	780	1.0	Unknown taxonomy (chromosome or plasmid)
barcode01_1Gb	contig_670	6070	6418	qacEdelta1_disinfecting_agents_and_antiseptics	21	348	348	1.0	Unknown taxonomy (chromosome or plasmid)
barcode01_1Gb	contig_670	6411	7251	sul1_sulfonamide_antibiotic	21	840	840	1.0	Unknown taxonomy (chromosome or plasmid)
barcode01_1Gb	contig_69	9907	10789	KPC-2_monobactam;_carbapenem;_cephalosporin;_penam	58	882	882	1.0	Unknown taxonomy (chromosome or plasmid)
barcode01_1Gb	contig_71	5254	6493	Mrx_macrolide_antibiotic	37	1239	1239	1.0	Unknown taxonomy (chromosome or plasmid)
barcode01_1Gb	contig_71	6489	7395	mphA_macrolide_antibiotic	32	906	906	1.0	Unknown taxonomy (chromosome or plasmid)
barcode01_1Gb	contig_730	38120	40340	Acinetobacter baumannii parC conferring resistance to fluoroquinolones_fluoroquinolone_antibiotic	8	2220	2220	1.0	Acinetobacter baumannii (chromosome or plasmid)
barcode01_1Gb	contig_773	26227	29383	adeF_fluoroquinolone_antibiotic;_tetracycline_antibiotic	14	3156	3156	1.0	
barcode01_1Gb	contig_803	2811	3270	AAC(6')-Il_aminoglycoside_antibiotic	13	459	459	1.0	Unknown taxonomy (chromosome or plasmid)
barcode01_1Gb	contig_858	179761	180541	APH(3')-VIa_aminoglycoside_antibiotic	14	780	780	1.0	Unknown taxonomy (chromosome or plasmid)
barcode01_1Gb	contig_858	189712	190268	AAC(6')-Ib4_aminoglycoside_antibiotic	14	556	556	1.0	Unknown taxonomy (chromosome or plasmid)
barcode01_1Gb	contig_859	122727	123978	adeI_macrolide_antibiotic;_fluoroquinolone_antibiotic;_lincosamide_antibiotic;_carbapenem;_cephalosporin;_tetracycline_antibiotic;_rifamycin_antibiotic;_diaminopyrimidine_antibiotic;_phenicol_antibiotic;_penem	9	1251	1251	1.0	Acinetobacter baumannii (chromosome or plasmid)
barcode01_1Gb	contig_859	123990	127167	adeJ_macrolide_antibiotic;_fluoroquinolone_antibiotic;_lincosamide_antibiotic;_carbapenem;_cephalosporin;_tetracycline_antibiotic;_rifamycin_antibiotic;_diaminopyrimidine_antibiotic;_phenicol_antibiotic;_penem	10	3177	3177	1.0	Acinetobacter baumannii (chromosome or plasmid)
barcode01_1Gb	contig_859	127166	128621	adeK_macrolide_antibiotic;_fluoroquinolone_antibiotic;_lincosamide_antibiotic;_carbapenem;_cephalosporin;_tetracycline_antibiotic;_rifamycin_antibiotic;_diaminopyrimidine_antibiotic;_phenicol_antibiotic;_penem	10	1455	1455	1.0	Acinetobacter baumannii (chromosome or plasmid)
barcode01_1Gb	contig_877	448	1924	msrE_macrolide_antibiotic;_streptogramin_antibiotic	26	1476	1476	1.0	Unknown taxonomy (chromosome or plasmid)
barcode01_1Gb	contig_877	1979	2864	mphE_macrolide_antibiotic	28	885	885	1.0	Unknown taxonomy (chromosome or plasmid)
barcode01_1Gb	contig_877	3890	5078	tet(39)_tetracycline_antibiotic	22	1188	1188	1.0	Unknown taxonomy (plasmid)
barcode01_1Gb	contig_944	13008	13641	CRP_macrolide_antibiotic;_fluoroquinolone_antibiotic;_penam	22	633	633	1.0	Unknown taxonomy (chromosome or plasmid)
barcode01_1Gb	contig_944	28504	29689	Escherichia coli EF-Tu mutants conferring resistance to Pulvomycin_elfamycin_antibiotic	21	1185	1185	1.0	Unknown taxonomy (chromosome or plasmid)
barcode01_1Gb	contig_961	5879	6719	sul1_sulfonamide_antibiotic	16	840	840	1.0	Unknown taxonomy (chromosome or plasmid)
barcode01_1Gb	contig_980	11067	11562	lnuC_lincosamide_antibiotic	11	495	495	1.0	Unknown taxonomy (chromosome or plasmid)
barcode01_3Gb	contig_1009	230863	231667	APH(3'')-Ib_aminoglycoside_antibiotic	36	804	804	1.0	Unknown taxonomy (chromosome or plasmid)
barcode01_3Gb	contig_1009	231666	232503	APH(6)-Id_aminoglycoside_antibiotic	33	837	837	1.0	Unknown taxonomy (chromosome or plasmid)
barcode01_3Gb	contig_1009	236349	237825	msrE_macrolide_antibiotic;_streptogramin_antibiotic	74	1476	1476	1.0	Unknown taxonomy (chromosome or plasmid)
barcode01_3Gb	contig_1009	237880	238765	mphE_macrolide_antibiotic	76	885	885	1.0	Unknown taxonomy (chromosome or plasmid)
barcode01_3Gb	contig_1009	239791	240979	tet(39)_tetracycline_antibiotic	49	1188	1188	1.0	Unknown taxonomy (plasmid)
barcode01_3Gb	contig_1051	11990	13229	Mrx_macrolide_antibiotic	88	1239	1239	1.0	Unknown taxonomy (chromosome or plasmid)
barcode01_3Gb	contig_1051	13225	14131	mphA_macrolide_antibiotic	90	906	906	1.0	Unknown taxonomy (chromosome or plasmid)
barcode01_3Gb	contig_1051	18480	19053	AAC(6')-Ian_aminoglycoside_antibiotic	22	573	573	1.0	Unknown taxonomy (chromosome or plasmid)
barcode01_3Gb	contig_1051	21708	22635	PER-12_monobactam;_carbapenem;_cephalosporin;_penam;_penem	9	927	927	1.0	Unknown taxonomy (chromosome or plasmid)
barcode01_3Gb	contig_1051	28196	28706	dfrA8_diaminopyrimidine_antibiotic	12	510	510	1.0	Unknown taxonomy (chromosome or plasmid)
barcode01_3Gb	contig_1051	32078	32915	APH(6)-Id_aminoglycoside_antibiotic	23	837	837	1.0	Unknown taxonomy (chromosome or plasmid)
barcode01_3Gb	contig_1084	1209	2055	aadA11_aminoglycoside_antibiotic	7	846	846	1.0	Unknown taxonomy (chromosome or plasmid)
barcode01_3Gb	contig_1335	59053	62125	adeF_fluoroquinolone_antibiotic;_tetracycline_antibiotic	21	3072	3072	1.0	
barcode01_3Gb	contig_1365	3764	6941	adeF_fluoroquinolone_antibiotic;_tetracycline_antibiotic	14	3177	3177	1.0	Unknown taxonomy (chromosome)
barcode01_3Gb	contig_1435	6132	6960	OXA-253_carbapenem;_penam	27	828	828	1.0	Acinetobacter baumannii (chromosome)
barcode01_3Gb	contig_149	740164	741274	vanT gene in vanG cluster_glycopeptide_antibiotic	102	1110	1110	1.0	
barcode01_3Gb	contig_149	984688	987880	adeF_fluoroquinolone_antibiotic;_tetracycline_antibiotic	93	3192	3192	1.0	
barcode01_3Gb	contig_149	1243473	1243980	nimK_nitroimidazole_antibiotic	88	507	507	1.0	
barcode01_3Gb	contig_149	1945988	1947224	vanW gene in vanI cluster_glycopeptide_antibiotic	74	1236	1236	1.0	
barcode01_3Gb	contig_1499	1784	2624	sul1_sulfonamide_antibiotic	63	840	840	1.0	Unknown taxonomy (chromosome or plasmid)
barcode01_3Gb	contig_1499	2617	2965	qacEdelta1_disinfecting_agents_and_antiseptics	59	348	348	1.0	Unknown taxonomy (chromosome or plasmid)
barcode01_3Gb	contig_1519	75488	75812	Escherichia coli soxS with mutation conferring antibiotic resistance_fluoroquinolone_antibiotic;_monobactam;_carbapenem;_cephalosporin;_glycylcycline;_cephamycin;_penam;_tetracycline_antibiotic;_rifamycin_antibiotic;_phenicol_antibiotic;_penem;_disinfecting_agents_and_antiseptics	20	324	324	1.0	Unknown taxonomy (chromosome or plasmid)
barcode01_3Gb	contig_1519	75897	76362	Escherichia coli soxR with mutation conferring antibiotic resistance_fluoroquinolone_antibiotic;_cephalosporin;_glycylcycline;_penam;_tetracycline_antibiotic;_rifamycin_antibiotic;_phenicol_antibiotic;_disinfecting_agents_and_antiseptics	22	465	465	1.0	Unknown taxonomy (chromosome or plasmid)
barcode01_3Gb	contig_1519	97350	98904	mdtP_nucleoside_antibiotic;_disinfecting_agents_and_antiseptics	19	1554	1554	1.0	Escherichia coli (chromosome or plasmid)
barcode01_3Gb	contig_1519	100952	101984	mdtN_nucleoside_antibiotic;_disinfecting_agents_and_antiseptics	19	1032	1032	1.0	Escherichia coli (chromosome or plasmid)
barcode01_3Gb	contig_1519	127649	129293	eptA_peptide_antibiotic	21	1644	1644	1.0	Escherichia coli (chromosome or plasmid)
barcode01_3Gb	contig_1519	193306	194440	EC-13_cephalosporin	18	1134	1134	1.0	Unknown taxonomy (chromosome or plasmid)
barcode01_3Gb	contig_1519	355263	356496	mdtM_fluoroquinolone_antibiotic;_lincosamide_antibiotic;_nucleoside_antibiotic;_phenicol_antibiotic;_disinfecting_agents_and_antiseptics	20	1233	1233	1.0	Unknown taxonomy (chromosome or plasmid)
barcode01_3Gb	contig_1519	511636	512581	leuO_nucleoside_antibiotic;_disinfecting_agents_and_antiseptics	27	945	945	1.0	Unknown taxonomy (chromosome or plasmid)
barcode01_3Gb	contig_1519	518681	520448	Haemophilus influenzae PBP3 conferring resistance to beta-lactam antibiotics_cephalosporin;_cephamycin;_penam	25	1767	1767	1.0	Escherichia coli (chromosome or plasmid)
barcode01_3Gb	contig_1521	838	1723	mphE_macrolide_antibiotic	26	885	885	1.0	Unknown taxonomy (chromosome or plasmid)
barcode01_3Gb	contig_1521	1778	3254	msrE_macrolide_antibiotic;_streptogramin_antibiotic	25	1476	1476	1.0	Unknown taxonomy (chromosome or plasmid)
barcode01_3Gb	contig_1523	1279	2185	mphA_macrolide_antibiotic	40	906	906	1.0	Unknown taxonomy (chromosome or plasmid)
barcode01_3Gb	contig_1523	3094	3979	mphE_macrolide_antibiotic	32	885	885	1.0	Unknown taxonomy (chromosome or plasmid)
barcode01_3Gb	contig_1523	4034	5510	msrE_macrolide_antibiotic;_streptogramin_antibiotic	29	1476	1476	1.0	Unknown taxonomy (chromosome or plasmid)
barcode01_3Gb	contig_1531	1024	2152	tet(C)_tetracycline_antibiotic	31	1128	1128	1.0	Unknown taxonomy (chromosome or plasmid)
barcode01_3Gb	contig_1562	28323	28797	dfrA1_diaminopyrimidine_antibiotic	19	474	474	1.0	Unknown taxonomy (chromosome or plasmid)
barcode01_3Gb	contig_1562	28901	29681	aadA_aminoglycoside_antibiotic	25	780	780	1.0	Unknown taxonomy (chromosome or plasmid)
barcode01_3Gb	contig_1562	29844	30192	qacEdelta1_disinfecting_agents_and_antiseptics	16	348	348	1.0	Unknown taxonomy (chromosome or plasmid)
barcode01_3Gb	contig_1562	31436	32252	sul2_sulfonamide_antibiotic	16	816	816	1.0	Unknown taxonomy (chromosome or plasmid)
barcode01_3Gb	contig_1562	38365	39019	QnrS1_fluoroquinolone_antibiotic	12	654	654	1.0	Unknown taxonomy (chromosome or plasmid)
barcode01_3Gb	contig_1562	43659	44535	CTX-M-15_cephalosporin;_penam	22	876	876	1.0	Unknown taxonomy (chromosome or plasmid)
barcode01_3Gb	contig_1577	36248	37787	emrY_tetracycline_antibiotic	10	1539	1539	1.0	Unknown taxonomy (chromosome or plasmid)
barcode01_3Gb	contig_1577	37786	38950	emrK_tetracycline_antibiotic	10	1164	1164	1.0	Unknown taxonomy (chromosome or plasmid)
barcode01_3Gb	contig_1577	39365	39980	evgA_macrolide_antibiotic;_fluoroquinolone_antibiotic;_penam;_tetracycline_antibiotic	11	615	615	1.0	Unknown taxonomy (chromosome or plasmid)
barcode01_3Gb	contig_1577	39984	43578	evgS_macrolide_antibiotic;_fluoroquinolone_antibiotic;_penam;_tetracycline_antibiotic	16	3594	3594	1.0	Unknown taxonomy (chromosome or plasmid)
barcode01_3Gb	contig_1577	341229	341760	emrR_fluoroquinolone_antibiotic	15	531	531	1.0	Unknown taxonomy (chromosome or plasmid)
barcode01_3Gb	contig_1577	343079	344618	emrB_fluoroquinolone_antibiotic	17	1539	1539	1.0	Unknown taxonomy (chromosome or plasmid)
barcode01_3Gb	contig_1577	349429	349615	rsmA_fluoroquinolone_antibiotic;_diaminopyrimidine_antibiotic;_phenicol_antibiotic	21	186	186	1.0	Unknown taxonomy (chromosome or plasmid)
barcode01_3Gb	contig_1651	767610	768597	vanH gene in vanO cluster_glycopeptide_antibiotic	9	987	987	1.0	
barcode01_3Gb	contig_1651	1350148	1351306	vanT gene in vanG cluster_glycopeptide_antibiotic	27	1158	1158	1.0	
barcode01_3Gb	contig_1704	956	1772	sul2_sulfonamide_antibiotic	14	816	816	1.0	Unknown taxonomy (chromosome or plasmid)
barcode01_3Gb	contig_1704	1832	2636	APH(3'')-Ib_aminoglycoside_antibiotic	12	804	804	1.0	Unknown taxonomy (chromosome or plasmid)
barcode01_3Gb	contig_1704	2635	3472	APH(6)-Id_aminoglycoside_antibiotic	11	837	837	1.0	Unknown taxonomy (chromosome or plasmid)
barcode01_3Gb	contig_1721	4527	5403	CTX-M-15_cephalosporin;_penam	16	876	876	1.0	Unknown taxonomy (chromosome or plasmid)
barcode01_3Gb	contig_1721	10043	10700	QnrS1_fluoroquinolone_antibiotic	14	657	657	1.0	Unknown taxonomy (chromosome or plasmid)
barcode01_3Gb	contig_1723	4657	5257	dfrA17_diaminopyrimidine_antibiotic	18	600	600	1.0	Unknown taxonomy (chromosome or plasmid)
barcode01_3Gb	contig_1723	5387	6176	aadA5_aminoglycoside_antibiotic	18	789	789	1.0	Unknown taxonomy (chromosome or plasmid)
barcode01_3Gb	contig_1723	6381	6729	qacEdelta1_disinfecting_agents_and_antiseptics	39	348	348	1.0	Unknown taxonomy (chromosome or plasmid)
barcode01_3Gb	contig_1723	6722	7562	sul1_sulfonamide_antibiotic	42	840	840	1.0	Unknown taxonomy (chromosome or plasmid)
barcode01_3Gb	contig_1723	8784	9690	mphA_macrolide_antibiotic	78	906	906	1.0	Unknown taxonomy (chromosome or plasmid)
barcode01_3Gb	contig_1723	9686	10925	Mrx_macrolide_antibiotic	67	1239	1239	1.0	Unknown taxonomy (chromosome or plasmid)
barcode01_3Gb	contig_1725	888	1794	mphA_macrolide_antibiotic	69	906	906	1.0	Unknown taxonomy (chromosome or plasmid)
barcode01_3Gb	contig_1725	1790	3029	Mrx_macrolide_antibiotic	58	1239	1239	1.0	Unknown taxonomy (chromosome or plasmid)
barcode01_3Gb	contig_1725	65531	66392	TEM-1_monobactam;_cephalosporin;_penam;_penem	21	861	861	1.0	Unknown taxonomy (chromosome or plasmid)
barcode01_3Gb	contig_1727	2847	3639	aadA_aminoglycoside_antibiotic	14	792	792	1.0	Unknown taxonomy (chromosome or plasmid)
barcode01_3Gb	contig_1727	3808	4141	qacL_disinfecting_agents_and_antiseptics	14	333	333	1.0	Unknown taxonomy (chromosome or plasmid)
barcode01_3Gb	contig_1727	14319	15180	TEM-1_monobactam;_cephalosporin;_penam;_penem	26	861	861	1.0	Unknown taxonomy (chromosome or plasmid)
barcode01_3Gb	contig_177	534769	535333	lnuC_lincosamide_antibiotic	29	564	564	1.0	Unknown taxonomy (chromosome or plasmid)
barcode01_3Gb	contig_177	1352873	1353437	lnuC_lincosamide_antibiotic	21	564	564	1.0	Unknown taxonomy (chromosome or plasmid)
barcode01_3Gb	contig_177	1421628	1424781	adeF_fluoroquinolone_antibiotic;_tetracycline_antibiotic	7	3153	3153	1.0	
barcode01_3Gb	contig_1786	25127	27122	lmrD_lincosamide_antibiotic	8	1995	1995	1.0	
barcode01_3Gb	contig_1816	27643	28459	sul2_sulfonamide_antibiotic	21	816	816	1.0	Unknown taxonomy (chromosome or plasmid)
barcode01_3Gb	contig_1816	30961	32176	floR_phenicol_antibiotic	15	1215	1215	1.0	Unknown taxonomy (chromosome or plasmid)
barcode01_3Gb	contig_1854	239780	240110	abeS_macrolide_antibiotic;_aminocoumarin_antibiotic	16	330	330	1.0	Acinetobacter baumannii (chromosome or plasmid)
barcode01_3Gb	contig_1854	243418	244432	adeL_fluoroquinolone_antibiotic;_tetracycline_antibiotic	18	1014	1014	1.0	Acinetobacter baumannii (chromosome or plasmid)
barcode01_3Gb	contig_1854	244647	245868	adeG_fluoroquinolone_antibiotic;_tetracycline_antibiotic	26	1221	1221	1.0	Acinetobacter baumannii (chromosome or plasmid)
barcode01_3Gb	contig_1854	245874	249054	adeF_fluoroquinolone_antibiotic;_tetracycline_antibiotic	27	3180	3180	1.0	Acinetobacter baumannii (chromosome or plasmid)
barcode01_3Gb	contig_1854	249066	250515	adeH_fluoroquinolone_antibiotic;_tetracycline_antibiotic	27	1449	1449	1.0	Acinetobacter baumannii (chromosome or plasmid)
barcode01_3Gb	contig_1854	353770	354922	ADC-154_cephalosporin	15	1152	1152	1.0	Acinetobacter baumannii (chromosome or plasmid)
barcode01_3Gb	contig_1854	699928	701179	adeI_macrolide_antibiotic;_fluoroquinolone_antibiotic;_lincosamide_antibiotic;_carbapenem;_cephalosporin;_tetracycline_antibiotic;_rifamycin_antibiotic;_diaminopyrimidine_antibiotic;_phenicol_antibiotic;_penem	26	1251	1251	1.0	Acinetobacter baumannii (chromosome or plasmid)
barcode01_3Gb	contig_1854	701191	704368	adeJ_macrolide_antibiotic;_fluoroquinolone_antibiotic;_lincosamide_antibiotic;_carbapenem;_cephalosporin;_tetracycline_antibiotic;_rifamycin_antibiotic;_diaminopyrimidine_antibiotic;_phenicol_antibiotic;_penem	27	3177	3177	1.0	Acinetobacter baumannii (chromosome or plasmid)
barcode01_3Gb	contig_1854	704367	705822	adeK_macrolide_antibiotic;_fluoroquinolone_antibiotic;_lincosamide_antibiotic;_carbapenem;_cephalosporin;_tetracycline_antibiotic;_rifamycin_antibiotic;_diaminopyrimidine_antibiotic;_phenicol_antibiotic;_penem	36	1455	1455	1.0	Acinetobacter baumannii (chromosome or plasmid)
barcode01_3Gb	contig_189	14263	15058	OXA-504_penam	57	795	795	1.0	Aeromonas caviae (chromosome)
barcode01_3Gb	contig_1923	4555	5155	AAC(6')-Ib-cr6_fluoroquinolone_antibiotic;_aminoglycoside_antibiotic	36	600	600	1.0	Unknown taxonomy (chromosome or plasmid)
barcode01_3Gb	contig_1923	5285	6116	OXA-1_cephalosporin;_penam	25	831	831	1.0	Unknown taxonomy (chromosome or plasmid)
barcode01_3Gb	contig_1923	6253	6886	catB3_phenicol_antibiotic	26	633	633	1.0	Unknown taxonomy (chromosome or plasmid)
barcode01_3Gb	contig_1923	6970	7423	arr-3_rifamycin_antibiotic	25	453	453	1.0	Unknown taxonomy (chromosome or plasmid)
barcode01_3Gb	contig_1923	7645	7993	qacEdelta1_disinfecting_agents_and_antiseptics	39	348	348	1.0	Unknown taxonomy (chromosome or plasmid)
barcode01_3Gb	contig_1923	7986	8826	sul1_sulfonamide_antibiotic	37	840	840	1.0	Unknown taxonomy (chromosome or plasmid)
barcode01_3Gb	contig_1923	11094	12021	PER-3_monobactam;_carbapenem;_cephalosporin;_penam;_penem	6	927	927	1.0	Unknown taxonomy (chromosome or plasmid)
barcode01_3Gb	contig_1924	60	660	AAC(6')-Ib-cr6_fluoroquinolone_antibiotic;_aminoglycoside_antibiotic	20	600	600	1.0	Unknown taxonomy (chromosome or plasmid)
barcode01_3Gb	contig_1925	1710	2538	OXA-2_carbapenem;_cephalosporin;_penam	15	828	828	1.0	Unknown taxonomy (chromosome or plasmid)
barcode01_3Gb	contig_2062	2337	3117	APH(3')-VIa_aminoglycoside_antibiotic	15	780	780	1.0	Unknown taxonomy (chromosome or plasmid)
barcode01_3Gb	contig_2160	377768	378968	tet(A)_tetracycline_antibiotic	26	1200	1200	1.0	Unknown taxonomy (chromosome or plasmid)
barcode01_3Gb	contig_2160	380045	380882	APH(6)-Id_aminoglycoside_antibiotic	26	837	837	1.0	Unknown taxonomy (chromosome or plasmid)
barcode01_3Gb	contig_2160	381745	382561	sul2_sulfonamide_antibiotic	23	816	816	1.0	Unknown taxonomy (chromosome or plasmid)
barcode01_3Gb	contig_2173	139116	142272	adeF_fluoroquinolone_antibiotic;_tetracycline_antibiotic	8	3156	3156	1.0	
barcode01_3Gb	contig_2224	58563	59427	GES-5_carbapenem;_cephalosporin;_penam	19	864	864	1.0	Unknown taxonomy (chromosome or plasmid)
barcode01_3Gb	contig_2224	61164	61953	aadA5_aminoglycoside_antibiotic	7	789	789	1.0	Unknown taxonomy (chromosome or plasmid)
barcode01_3Gb	contig_2224	65288	65747	AAC(6')-Il_aminoglycoside_antibiotic	10	459	459	1.0	Unknown taxonomy (chromosome or plasmid)
barcode01_3Gb	contig_2224	66906	67254	qacEdelta1_disinfecting_agents_and_antiseptics	25	348	348	1.0	Unknown taxonomy (chromosome or plasmid)
barcode01_3Gb	contig_2224	67247	68087	sul1_sulfonamide_antibiotic	24	840	840	1.0	Unknown taxonomy (chromosome or plasmid)
barcode01_3Gb	contig_227	103899	105009	vanT gene in vanG cluster_glycopeptide_antibiotic	34	1110	1110	1.0	
barcode01_3Gb	contig_228	782624	785816	adeF_fluoroquinolone_antibiotic;_tetracycline_antibiotic	28	3192	3192	1.0	
barcode01_3Gb	contig_2304	73649	74834	Escherichia coli EF-Tu mutants conferring resistance to Pulvomycin_elfamycin_antibiotic	76	1185	1185	1.0	Aeromonas caviae (chromosome or plasmid)
barcode01_3Gb	contig_2304	92854	94039	Escherichia coli EF-Tu mutants conferring resistance to Pulvomycin_elfamycin_antibiotic	71	1185	1185	1.0	Aeromonas caviae (chromosome or plasmid)
barcode01_3Gb	contig_2354	4185	5370	Escherichia coli EF-Tu mutants conferring resistance to Pulvomycin_elfamycin_antibiotic	25	1185	1185	1.0	Unknown taxonomy (chromosome or plasmid)
barcode01_3Gb	contig_2439	28128	29376	mdtA_aminocoumarin_antibiotic	7	1248	1248	1.0	Unknown taxonomy (chromosome or plasmid)
barcode01_3Gb	contig_2439	32499	35577	mdtC_aminocoumarin_antibiotic	14	3078	3078	1.0	Unknown taxonomy (chromosome or plasmid)
barcode01_3Gb	contig_2439	38390	39113	baeR_aminoglycoside_antibiotic;_aminocoumarin_antibiotic	16	723	723	1.0	Escherichia coli (chromosome or plasmid)
barcode01_3Gb	contig_2514	556	1438	KPC-2_monobactam;_carbapenem;_cephalosporin;_penam	63	882	882	1.0	Unknown taxonomy (chromosome or plasmid)
barcode01_3Gb	contig_2523	116325	117510	Escherichia coli EF-Tu mutants conferring resistance to Pulvomycin_elfamycin_antibiotic	27	1185	1185	1.0	Enterobacter (chromosome or plasmid)
barcode01_3Gb	contig_253	200332	200587	rsmA_fluoroquinolone_antibiotic;_diaminopyrimidine_antibiotic;_phenicol_antibiotic	161	255	255	1.0	
barcode01_3Gb	contig_256	218908	219655	vanY gene in vanG cluster_glycopeptide_antibiotic	9	747	747	1.0	
barcode01_3Gb	contig_2597	8136	9321	Escherichia coli EF-Tu mutants conferring resistance to Pulvomycin_elfamycin_antibiotic	19	1185	1185	1.0	Unknown taxonomy (chromosome or plasmid)
barcode01_3Gb	contig_2608	1521	2706	Escherichia coli EF-Tu mutants conferring resistance to Pulvomycin_elfamycin_antibiotic	21	1185	1185	1.0	Citrobacter (chromosome or plasmid)
barcode01_3Gb	contig_265	18639	18972	qacE_disinfecting_agents_and_antiseptics	10	333	333	1.0	Unknown taxonomy (chromosome or plasmid)
barcode01_3Gb	contig_2691	90309	90957	Escherichia coli AcrAB-TolC with AcrR mutation conferring resistance to ciprofloxacin, tetracycline, and ceftazidime_fluoroquinolone_antibiotic;_cephalosporin;_glycylcycline;_penam;_tetracycline_antibiotic;_rifamycin_antibiotic;_phenicol_antibiotic;_disinfecting_agents_and_antiseptics	14	648	648	1.0	Unknown taxonomy (chromosome or plasmid)
barcode01_3Gb	contig_2691	91098	92292	Escherichia coli acrA_fluoroquinolone_antibiotic;_cephalosporin;_glycylcycline;_penam;_tetracycline_antibiotic;_rifamycin_antibiotic;_phenicol_antibiotic;_disinfecting_agents_and_antiseptics	13	1194	1194	1.0	Unknown taxonomy (chromosome or plasmid)
barcode01_3Gb	contig_2691	92314	95464	acrB_fluoroquinolone_antibiotic;_cephalosporin;_glycylcycline;_penam;_tetracycline_antibiotic;_rifamycin_antibiotic;_phenicol_antibiotic;_disinfecting_agents_and_antiseptics	12	3150	3150	1.0	Unknown taxonomy (chromosome or plasmid)
barcode01_3Gb	contig_270	3106	4306	tet(A)_tetracycline_antibiotic	10	1200	1200	1.0	Unknown taxonomy (chromosome or plasmid)
barcode01_3Gb	contig_272	5063	5903	sul1_sulfonamide_antibiotic	70	840	840	1.0	Unknown taxonomy (chromosome or plasmid)
barcode01_3Gb	contig_272	5896	6244	qacEdelta1_disinfecting_agents_and_antiseptics	61	348	348	1.0	Unknown taxonomy (chromosome or plasmid)
barcode01_3Gb	contig_272	6733	7384	AAC(6')-Ib9_aminoglycoside_antibiotic	38	651	651	1.0	Unknown taxonomy (chromosome or plasmid)
barcode01_3Gb	contig_272	7425	8289	GES-1_carbapenem;_cephalosporin;_penam	36	864	864	1.0	Unknown taxonomy (chromosome or plasmid)
barcode01_3Gb	contig_2722	7101	7881	APH(3')-VIa_aminoglycoside_antibiotic	28	780	780	1.0	Unknown taxonomy (chromosome or plasmid)
barcode01_3Gb	contig_274	56	836	aadA2_aminoglycoside_antibiotic	11	780	780	1.0	Unknown taxonomy (chromosome or plasmid)
barcode01_3Gb	contig_274	1255	1753	dfrA12_diaminopyrimidine_antibiotic	12	498	498	1.0	Unknown taxonomy (chromosome or plasmid)
barcode01_3Gb	contig_274	8958	9738	APH(3')-VIa_aminoglycoside_antibiotic	25	780	780	1.0	Unknown taxonomy (chromosome or plasmid)
barcode01_3Gb	contig_274	17842	18706	GES-1_carbapenem;_cephalosporin;_penam	17	864	864	1.0	Unknown taxonomy (chromosome or plasmid)
barcode01_3Gb	contig_274	18747	19398	AAC(6')-Ib9_aminoglycoside_antibiotic	13	651	651	1.0	Unknown taxonomy (chromosome or plasmid)
barcode01_3Gb	contig_2769	23151	24456	Acinetobacter baumannii AbaQ_fluoroquinolone_antibiotic	11	1305	1305	1.0	
barcode01_3Gb	contig_2866	28703	29945	mdtM_fluoroquinolone_antibiotic;_lincosamide_antibiotic;_nucleoside_antibiotic;_phenicol_antibiotic;_disinfecting_agents_and_antiseptics	4	1242	1242	1.0	
barcode01_3Gb	contig_2947	117314	118967	ArnT_peptide_antibiotic	12	1653	1653	1.0	Unknown taxonomy (chromosome or plasmid)
barcode01_3Gb	contig_2947	121836	122805	PmrF_peptide_antibiotic	19	969	969	1.0	Unknown taxonomy (chromosome or plasmid)
barcode01_3Gb	contig_2947	177164	178808	YojI_peptide_antibiotic	19	1644	1644	1.0	Unknown taxonomy (chromosome or plasmid)
barcode01_3Gb	contig_2971	17262	17895	CRP_macrolide_antibiotic;_fluoroquinolone_antibiotic;_penam	7	633	633	1.0	Citrobacter freundii (chromosome)
barcode01_3Gb	contig_3103	14755	17761	adeF_fluoroquinolone_antibiotic;_tetracycline_antibiotic	11	3006	3006	1.0	
barcode01_3Gb	contig_3127	54025	55330	Acinetobacter baumannii AbaQ_fluoroquinolone_antibiotic	20	1305	1305	1.0	Acinetobacter baumannii (chromosome or plasmid)
barcode01_3Gb	contig_3127	291002	291656	adeN_macrolide_antibiotic;_fluoroquinolone_antibiotic;_lincosamide_antibiotic;_carbapenem;_cephalosporin;_tetracycline_antibiotic;_rifamycin_antibiotic;_diaminopyrimidine_antibiotic;_phenicol_antibiotic;_penem	12	654	654	1.0	Acinetobacter baumannii (chromosome or plasmid)
barcode01_3Gb	contig_3127	398166	399675	Acinetobacter baumannii AmvA_macrolide_antibiotic;_disinfecting_agents_and_antiseptics	15	1509	1509	1.0	Acinetobacter baumannii (chromosome or plasmid)
barcode01_3Gb	contig_3134	366899	367724	OXA-441_carbapenem;_penam	24	825	825	1.0	Acinetobacter baumannii (chromosome or plasmid)
barcode01_3Gb	contig_3134	830930	831185	rsmA_fluoroquinolone_antibiotic;_diaminopyrimidine_antibiotic;_phenicol_antibiotic	15	255	255	1.0	
barcode01_3Gb	contig_3273	3659	4025	qacG_disinfecting_agents_and_antiseptics	2	366	366	1.0	
barcode01_3Gb	contig_3308	10051	10729	kdpE_aminoglycoside_antibiotic	12	678	678	1.0	Unknown taxonomy (chromosome or plasmid)
barcode01_3Gb	contig_3369	36987	40137	adeF_fluoroquinolone_antibiotic;_tetracycline_antibiotic	46	3150	3150	1.0	Aeromonas caviae (chromosome or plasmid)
barcode01_3Gb	contig_3443	150666	152160	vanW gene in vanI cluster_glycopeptide_antibiotic	7	1494	1494	1.0	
barcode01_3Gb	contig_3443	221460	222663	vanT gene in vanG cluster_glycopeptide_antibiotic	18	1203	1203	1.0	
barcode01_3Gb	contig_3525	2406	3267	TEM-1_monobactam;_cephalosporin;_penam;_penem	17	861	861	1.0	Unknown taxonomy (chromosome or plasmid)
barcode01_3Gb	contig_3525	3408	4269	AAC(3)-IIe_aminoglycoside_antibiotic	12	861	861	1.0	Unknown taxonomy (chromosome or plasmid)
barcode01_3Gb	contig_3535	458	1319	AAC(3)-IId_aminoglycoside_antibiotic	11	861	861	1.0	Unknown taxonomy (chromosome or plasmid)
barcode01_3Gb	contig_3549	10586	11738	MOX-13_cephalosporin;_cephamycin;_penam	36	1152	1152	1.0	Aeromonas caviae (chromosome or plasmid)
barcode01_3Gb	contig_3615	24734	25571	APH(6)-Id_aminoglycoside_antibiotic	47	837	837	1.0	Unknown taxonomy (chromosome or plasmid)
barcode01_3Gb	contig_3637	21916	22597	vanW gene in vanI cluster_glycopeptide_antibiotic	4	681	681	1.0	
barcode01_3Gb	contig_3673	56853	59331	vanT gene in vanG cluster_glycopeptide_antibiotic	39	2478	2478	1.0	
barcode01_3Gb	contig_3688	5548	6172	vanY gene in vanB cluster_glycopeptide_antibiotic	6	624	624	1.0	
barcode01_3Gb	contig_3723	26867	27197	qacG_disinfecting_agents_and_antiseptics	10	330	330	1.0	
barcode01_3Gb	contig_3769	11161	12325	baeR_aminoglycoside_antibiotic;_aminocoumarin_antibiotic	6	1164	1164	1.0	Citrobacter freundii (chromosome)
barcode01_3Gb	contig_3905	347	1208	AAC(3)-IIe_aminoglycoside_antibiotic	7	861	861	1.0	Unknown taxonomy (chromosome or plasmid)
barcode01_3Gb	contig_3905	1695	2340	QnrB19_fluoroquinolone_antibiotic	24	645	645	1.0	Unknown taxonomy (chromosome or plasmid)
barcode01_3Gb	contig_3907	2644	3505	SHV-2_carbapenem;_cephalosporin;_penam	9	861	861	1.0	Unknown taxonomy (chromosome or plasmid)
barcode01_3Gb	contig_3920	3776	4229	arr-3_rifamycin_antibiotic	29	453	453	1.0	Unknown taxonomy (chromosome or plasmid)
barcode01_3Gb	contig_3920	4334	4922	AAC(6')-Ib9_aminoglycoside_antibiotic	39	588	588	1.0	Unknown taxonomy (chromosome or plasmid)
barcode01_3Gb	contig_3920	5090	5438	qacEdelta1_disinfecting_agents_and_antiseptics	56	348	348	1.0	Unknown taxonomy (chromosome or plasmid)
barcode01_3Gb	contig_3920	5431	6271	sul1_sulfonamide_antibiotic	66	840	840	1.0	Unknown taxonomy (chromosome or plasmid)
barcode01_3Gb	contig_3921	1113	1893	APH(3')-VIa_aminoglycoside_antibiotic	28	780	780	1.0	Unknown taxonomy (chromosome or plasmid)
barcode01_3Gb	contig_3975	8018	9002	PmrF_peptide_antibiotic	11	984	984	1.0	
barcode01_3Gb	contig_3975	11876	13532	ArnT_peptide_antibiotic	6	1656	1656	1.0	Enterobacter kobei (chromosome)
barcode01_3Gb	contig_3993	32603	32858	rsmA_fluoroquinolone_antibiotic;_diaminopyrimidine_antibiotic;_phenicol_antibiotic	5	255	255	1.0	
barcode01_3Gb	contig_4080	8695	9328	CRP_macrolide_antibiotic;_fluoroquinolone_antibiotic;_penam	10	633	633	1.0	Enterobacter (chromosome or plasmid)
barcode01_3Gb	contig_4126	7440	8268	OXA-253_carbapenem;_penam	31	828	828	1.0	Acinetobacter baumannii (chromosome)
barcode01_3Gb	contig_4186	17773	17959	rsmA_fluoroquinolone_antibiotic;_diaminopyrimidine_antibiotic;_phenicol_antibiotic	14	186	186	1.0	Enterobacter (chromosome or plasmid)
barcode01_3Gb	contig_4186	28056	28512	emrR_fluoroquinolone_antibiotic	16	456	456	1.0	Enterobacter (chromosome)
barcode01_3Gb	contig_4268	10507	11701	Enterobacter cloacae acrA_fluoroquinolone_antibiotic;_cephalosporin;_glycylcycline;_penam;_tetracycline_antibiotic;_rifamycin_antibiotic;_phenicol_antibiotic;_disinfecting_agents_and_antiseptics	15	1194	1194	1.0	Enterobacter (chromosome)
barcode01_3Gb	contig_4324	27682	28258	tet(W)_tetracycline_antibiotic	4	576	576	1.0	Unknown taxonomy (chromosome)
barcode01_3Gb	contig_4331	9203	9860	QnrVC1_fluoroquinolone_antibiotic	19	657	657	1.0	Unknown taxonomy (chromosome or plasmid)
barcode01_3Gb	contig_4362	6228	7413	Escherichia coli EF-Tu mutants conferring resistance to Pulvomycin_elfamycin_antibiotic	25	1185	1185	1.0	Unknown taxonomy (chromosome or plasmid)
barcode01_3Gb	contig_4363	7168	8353	Escherichia coli EF-Tu mutants conferring resistance to Pulvomycin_elfamycin_antibiotic	22	1185	1185	1.0	Unknown taxonomy (chromosome or plasmid)
barcode01_3Gb	contig_4365	1585	2770	Escherichia coli EF-Tu mutants conferring resistance to Pulvomycin_elfamycin_antibiotic	23	1185	1185	1.0	Unknown taxonomy (chromosome or plasmid)
barcode01_3Gb	contig_4378	7141	8347	tet(B)_tetracycline_antibiotic	15	1206	1206	1.0	Unknown taxonomy (chromosome or plasmid)
barcode01_3Gb	contig_4378	8428	9052	tetR_tetracycline_antibiotic	15	624	624	1.0	Unknown taxonomy (chromosome or plasmid)
barcode01_3Gb	contig_4393	226	1054	OXA-253_carbapenem;_penam	19	828	828	1.0	Acinetobacter baumannii (chromosome)
barcode01_3Gb	contig_4404	2172	2988	sul2_sulfonamide_antibiotic	17	816	816	1.0	Unknown taxonomy (chromosome or plasmid)
barcode01_3Gb	contig_4405	10089	11295	tet(B)_tetracycline_antibiotic	16	1206	1206	1.0	Unknown taxonomy (chromosome or plasmid)
barcode01_3Gb	contig_4405	11376	12000	tetR_tetracycline_antibiotic	17	624	624	1.0	Unknown taxonomy (chromosome or plasmid)
barcode01_3Gb	contig_4405	20253	21180	PER-2_monobactam;_carbapenem;_cephalosporin;_penam;_penem	9	927	927	1.0	Unknown taxonomy (plasmid)
barcode01_3Gb	contig_450	12622	13447	OXA-644_carbapenem;_penam	277	825	825	1.0	Acinetobacter johnsonii (chromosome)
barcode01_3Gb	contig_4529	4016	4442	FosA2_phosphonic_acid_antibiotic	10	426	426	1.0	Enterobacter kobei (chromosome)
barcode01_3Gb	contig_4555	23632	24106	dfrA6_diaminopyrimidine_antibiotic	30	474	474	1.0	Unknown taxonomy (chromosome or plasmid)
barcode01_3Gb	contig_4555	24264	24921	QnrVC1_fluoroquinolone_antibiotic	32	657	657	1.0	Unknown taxonomy (chromosome or plasmid)
barcode01_3Gb	contig_456	72519	73401	vanW gene in vanG cluster_glycopeptide_antibiotic	217	882	882	1.0	Acinetobacter johnsonii (chromosome)
barcode01_3Gb	contig_4562	49399	52540	adeF_fluoroquinolone_antibiotic;_tetracycline_antibiotic	6	3141	3141	1.0	
barcode01_3Gb	contig_4595	148126	150121	lmrD_lincosamide_antibiotic	9	1995	1995	1.0	
barcode01_3Gb	contig_4638	70807	71140	qacG_disinfecting_agents_and_antiseptics	7	333	333	1.0	
barcode01_3Gb	contig_468	15861	16206	qacG_disinfecting_agents_and_antiseptics	30	345	345	1.0	Unknown taxonomy (chromosome or plasmid)
barcode01_3Gb	contig_4707	18202	18391	rsmA_fluoroquinolone_antibiotic;_diaminopyrimidine_antibiotic;_phenicol_antibiotic	42	189	189	1.0	
barcode01_3Gb	contig_4741	55349	56558	mdtH_fluoroquinolone_antibiotic	13	1209	1209	1.0	Unknown taxonomy (chromosome or plasmid)
barcode01_3Gb	contig_4741	65188	66415	mdtG_phosphonic_acid_antibiotic	10	1227	1227	1.0	Unknown taxonomy (chromosome or plasmid)
barcode01_3Gb	contig_4741	203007	204756	msbA_nitroimidazole_antibiotic	23	1749	1749	1.0	Unknown taxonomy (chromosome)
barcode01_3Gb	contig_4761	2883	3726	OXA-58_carbapenem;_penam	20	843	843	1.0	Unknown taxonomy (chromosome or plasmid)
barcode01_3Gb	contig_4887	94964	95789	gadX_macrolide_antibiotic;_fluoroquinolone_antibiotic;_penam	21	825	825	1.0	Escherichia coli (chromosome)
barcode01_3Gb	contig_4887	100386	101544	mdtE_macrolide_antibiotic;_fluoroquinolone_antibiotic;_penam	20	1158	1158	1.0	Unknown taxonomy (chromosome)
barcode01_3Gb	contig_494	263	1148	mphE_macrolide_antibiotic	9	885	885	1.0	Unknown taxonomy (chromosome or plasmid)
barcode01_3Gb	contig_494	1203	2679	msrE_macrolide_antibiotic;_streptogramin_antibiotic	17	1476	1476	1.0	Unknown taxonomy (chromosome or plasmid)
barcode01_3Gb	contig_500	5808	6693	mphE_macrolide_antibiotic	43	885	885	1.0	Unknown taxonomy (chromosome or plasmid)
barcode01_3Gb	contig_500	6748	8224	msrE_macrolide_antibiotic;_streptogramin_antibiotic	50	1476	1476	1.0	Unknown taxonomy (chromosome or plasmid)
barcode01_3Gb	contig_5026	910	2098	tet(39)_tetracycline_antibiotic	27	1188	1188	1.0	Unknown taxonomy (plasmid)
barcode01_3Gb	contig_503	967	1852	mphE_macrolide_antibiotic	46	885	885	1.0	Unknown taxonomy (chromosome or plasmid)
barcode01_3Gb	contig_503	1907	3383	msrE_macrolide_antibiotic;_streptogramin_antibiotic	39	1476	1476	1.0	Unknown taxonomy (chromosome or plasmid)
barcode01_3Gb	contig_504	5625	6510	mphE_macrolide_antibiotic	61	885	885	1.0	Unknown taxonomy (chromosome or plasmid)
barcode01_3Gb	contig_504	6565	8041	msrE_macrolide_antibiotic;_streptogramin_antibiotic	58	1476	1476	1.0	Unknown taxonomy (chromosome or plasmid)
barcode01_3Gb	contig_504	11760	12597	APH(6)-Id_aminoglycoside_antibiotic	55	837	837	1.0	Unknown taxonomy (chromosome or plasmid)
barcode01_3Gb	contig_504	12596	13400	APH(3'')-Ib_aminoglycoside_antibiotic	61	804	804	1.0	Unknown taxonomy (chromosome or plasmid)
barcode01_3Gb	contig_504	137393	137738	qacG_disinfecting_agents_and_antiseptics	12	345	345	1.0	Unknown taxonomy (chromosome or plasmid)
barcode01_3Gb	contig_505	820	1705	mphE_macrolide_antibiotic	40	885	885	1.0	Unknown taxonomy (chromosome or plasmid)
barcode01_3Gb	contig_505	1760	3236	msrE_macrolide_antibiotic;_streptogramin_antibiotic	36	1476	1476	1.0	Unknown taxonomy (chromosome or plasmid)
barcode01_3Gb	contig_505	10410	11226	sul2_sulfonamide_antibiotic	24	816	816	1.0	Unknown taxonomy (chromosome or plasmid)
barcode01_3Gb	contig_505	13177	14392	floR_phenicol_antibiotic	10	1215	1215	1.0	Unknown taxonomy (chromosome or plasmid)
barcode01_3Gb	contig_5104	6467	6848	marA_fluoroquinolone_antibiotic;_monobactam;_carbapenem;_cephalosporin;_glycylcycline;_cephamycin;_penam;_tetracycline_antibiotic;_rifamycin_antibiotic;_phenicol_antibiotic;_penem;_disinfecting_agents_and_antiseptics	11	381	381	1.0	Enterobacter cloacae (chromosome or plasmid)
barcode01_3Gb	contig_5115	4663	5758	vanG_glycopeptide_antibiotic	12	1095	1095	1.0	Escherichia coli (chromosome or plasmid)
barcode01_3Gb	contig_516	7724	8609	mphE_macrolide_antibiotic	57	885	885	1.0	Unknown taxonomy (chromosome or plasmid)
barcode01_3Gb	contig_516	8664	10140	msrE_macrolide_antibiotic;_streptogramin_antibiotic	61	1476	1476	1.0	Unknown taxonomy (chromosome or plasmid)
barcode01_3Gb	contig_5191	1647	1902	rsmA_fluoroquinolone_antibiotic;_diaminopyrimidine_antibiotic;_phenicol_antibiotic	4	255	255	1.0	
barcode01_3Gb	contig_5253	10226	11174	leuO_nucleoside_antibiotic;_disinfecting_agents_and_antiseptics	15	948	948	1.0	
barcode01_3Gb	contig_5282	1523	2339	sul2_sulfonamide_antibiotic	18	816	816	1.0	Unknown taxonomy (chromosome or plasmid)
barcode01_3Gb	contig_5297	4294	4654	qacJ_disinfecting_agents_and_antiseptics	4	360	360	1.0	
barcode01_3Gb	contig_54	166349	167138	ANT(3'')-IIa_aminoglycoside_antibiotic	31	789	789	1.0	Acinetobacter baumannii (chromosome or plasmid)
barcode01_3Gb	contig_54	226351	228571	Acinetobacter baumannii parC conferring resistance to fluoroquinolones_fluoroquinolone_antibiotic	28	2220	2220	1.0	Acinetobacter baumannii (chromosome or plasmid)
barcode01_3Gb	contig_54	421216	422563	abeM_fluoroquinolone_antibiotic;_disinfecting_agents_and_antiseptics	29	1347	1347	1.0	Acinetobacter baumannii (chromosome or plasmid)
barcode01_3Gb	contig_54	470153	471254	LpsB_peptide_antibiotic	26	1101	1101	1.0	Acinetobacter baumannii (chromosome or plasmid)
barcode01_3Gb	contig_5526	54462	55575	vanT gene in vanG cluster_glycopeptide_antibiotic	11	1113	1113	1.0	
barcode01_3Gb	contig_5553	1219	1564	qacG_disinfecting_agents_and_antiseptics	27	345	345	1.0	Acinetobacter (chromosome)
barcode01_3Gb	contig_5591	13350	15222	vanT gene in vanG cluster_glycopeptide_antibiotic	7	1872	1872	1.0	
barcode01_3Gb	contig_56	255	1071	sul2_sulfonamide_antibiotic	19	816	816	1.0	Unknown taxonomy (chromosome or plasmid)
barcode01_3Gb	contig_56	64079	64868	ANT(3'')-IIa_aminoglycoside_antibiotic	8	789	789	1.0	Acinetobacter (chromosome or plasmid)
barcode01_3Gb	contig_5649	2527	2854	qacG_disinfecting_agents_and_antiseptics	3	327	327	1.0	
barcode01_3Gb	contig_5651	2419	3076	QnrS2_fluoroquinolone_antibiotic	13	657	657	1.0	Unknown taxonomy (chromosome or plasmid)
barcode01_3Gb	contig_5674	30504	30702	rsmA_fluoroquinolone_antibiotic;_diaminopyrimidine_antibiotic;_phenicol_antibiotic	6	198	198	1.0	
barcode01_3Gb	contig_5701	5112	5376	rsmA_fluoroquinolone_antibiotic;_diaminopyrimidine_antibiotic;_phenicol_antibiotic	2	264	264	1.0	
barcode01_3Gb	contig_5765	8849	9923	vanT gene in vanG cluster_glycopeptide_antibiotic	35	1074	1074	1.0	
barcode01_3Gb	contig_5796	19667	20012	qacG_disinfecting_agents_and_antiseptics	9	345	345	1.0	
barcode01_3Gb	contig_5799	5360	6644	ArnT_peptide_antibiotic	11	1284	1284	1.0	Enterobacter (chromosome)
barcode01_3Gb	contig_5803	6865	7054	rsmA_fluoroquinolone_antibiotic;_diaminopyrimidine_antibiotic;_phenicol_antibiotic	18	189	189	1.0	
barcode01_3Gb	contig_5848	8487	9660	vanT gene in vanG cluster_glycopeptide_antibiotic	10	1173	1173	1.0	
barcode01_3Gb	contig_5848	16568	18539	tet(O)_tetracycline_antibiotic	7	1971	1971	1.0	
barcode01_3Gb	contig_5848	48991	49324	Escherichia coli emrE_macrolide_antibiotic	10	333	333	1.0	Unknown taxonomy (chromosome or plasmid)
barcode01_3Gb	contig_5927	2312	4079	Haemophilus influenzae PBP3 conferring resistance to beta-lactam antibiotics_cephalosporin;_cephamycin;_penam	10	1767	1767	1.0	Klebsiella michiganensis (chromosome)
barcode01_3Gb	contig_5962	15655	16414	vanY gene in vanB cluster_glycopeptide_antibiotic	4	759	759	1.0	
barcode01_3Gb	contig_6028	1222	2023	ErmF_macrolide_antibiotic;_lincosamide_antibiotic;_streptogramin_antibiotic;_streptogramin_A_antibiotic;_streptogramin_B_antibiotic	14	801	801	1.0	Unknown taxonomy (chromosome or plasmid)
barcode01_3Gb	contig_605	78643	79009	qacG_disinfecting_agents_and_antiseptics	147	366	366	1.0	Acinetobacter johnsonii (chromosome)
barcode01_3Gb	contig_6105	7887	9807	tet(W)_tetracycline_antibiotic	20	1920	1920	1.0	Unknown taxonomy (chromosome or plasmid)
barcode01_3Gb	contig_6146	17877	18213	qacG_disinfecting_agents_and_antiseptics	4	336	336	1.0	
barcode01_3Gb	contig_6180	28812	29712	VEB-9_monobactam;_cephalosporin	11	900	900	1.0	Unknown taxonomy (chromosome or plasmid)
barcode01_3Gb	contig_6180	29905	30391	ANT(2'')-Ia_aminoglycoside_antibiotic	9	486	486	1.0	Unknown taxonomy (chromosome or plasmid)
barcode01_3Gb	contig_6180	30475	30928	arr-2_rifamycin_antibiotic	4	453	453	1.0	Unknown taxonomy (chromosome or plasmid)
barcode01_3Gb	contig_624	65939	69104	adeF_fluoroquinolone_antibiotic;_tetracycline_antibiotic	23	3165	3165	1.0	Acinetobacter (chromosome or plasmid)
barcode01_3Gb	contig_6241	2320	2845	SAT-2_nucleoside_antibiotic	2	525	525	1.0	Unknown taxonomy (chromosome or plasmid)
barcode01_3Gb	contig_6287	2768	4274	vanT gene in vanG cluster_glycopeptide_antibiotic	5	1506	1506	1.0	
barcode01_3Gb	contig_6295	9697	10621	vanT gene in vanG cluster_glycopeptide_antibiotic	5	924	924	1.0	
barcode01_3Gb	contig_6349	3386	3782	FosA8_phosphonic_acid_antibiotic	8	396	396	1.0	Klebsiella (chromosome)
barcode01_3Gb	contig_6395	6288	7176	vanW gene in vanG cluster_glycopeptide_antibiotic	4	888	888	1.0	
barcode01_3Gb	contig_6412	4732	5062	qacG_disinfecting_agents_and_antiseptics	4	330	330	1.0	
barcode01_3Gb	contig_6438	10881	12096	Shigella flexneri acrA_fluoroquinolone_antibiotic;_cephalosporin;_glycylcycline;_penam;_tetracycline_antibiotic;_rifamycin_antibiotic;_phenicol_antibiotic;_disinfecting_agents_and_antiseptics	7	1215	1215	1.0	Unknown taxonomy (chromosome)
barcode01_3Gb	contig_6560	2833	3649	APH(3')-Ia_aminoglycoside_antibiotic	23	816	816	1.0	Unknown taxonomy (chromosome or plasmid)
barcode01_3Gb	contig_6564	22726	23128	FosA8_phosphonic_acid_antibiotic	50	402	402	1.0	Aeromonas caviae (chromosome or plasmid)
barcode01_3Gb	contig_6576	830	1715	mphE_macrolide_antibiotic	35	885	885	1.0	Unknown taxonomy (chromosome or plasmid)
barcode01_3Gb	contig_6576	1770	3246	msrE_macrolide_antibiotic;_streptogramin_antibiotic	29	1476	1476	1.0	Unknown taxonomy (chromosome or plasmid)
barcode01_3Gb	contig_6612	3784	4666	KPC-2_monobactam;_carbapenem;_cephalosporin;_penam	20	882	882	1.0	Unknown taxonomy (chromosome or plasmid)
barcode01_3Gb	contig_6673	63987	65361	cpxA_aminoglycoside_antibiotic;_aminocoumarin_antibiotic	28	1374	1374	1.0	Unknown taxonomy (chromosome or plasmid)
barcode01_3Gb	contig_6675	709	1489	APH(3')-VIa_aminoglycoside_antibiotic	15	780	780	1.0	Unknown taxonomy (chromosome or plasmid)
barcode01_3Gb	contig_6675	2766	3579	NDM-1_carbapenem;_cephalosporin;_cephamycin;_penam	15	813	813	1.0	Unknown taxonomy (chromosome or plasmid)
barcode01_3Gb	contig_6675	3582	3948	BRP(MBL)_glycopeptide_antibiotic	15	366	366	1.0	Unknown taxonomy (chromosome or plasmid)
barcode01_3Gb	contig_6695	72256	73489	Escherichia coli mdfA_tetracycline_antibiotic;_disinfecting_agents_and_antiseptics	20	1233	1233	1.0	Escherichia coli (chromosome or plasmid)
barcode01_3Gb	contig_6737	10091	11606	aadT_macrolide_antibiotic;_tetracycline_antibiotic;_disinfecting_agents_and_antiseptics	5	1515	1515	1.0	
barcode01_3Gb	contig_6743	2096	2978	KPC-2_monobactam;_carbapenem;_cephalosporin;_penam	39	882	882	1.0	Unknown taxonomy (chromosome or plasmid)
barcode01_3Gb	contig_6743	12849	13629	APH(3')-VIa_aminoglycoside_antibiotic	28	780	780	1.0	Unknown taxonomy (chromosome or plasmid)
barcode01_3Gb	contig_6756	80432	81785	vanW gene in vanI cluster_glycopeptide_antibiotic	5	1353	1353	1.0	
barcode01_3Gb	contig_681	23328	24123	OXA-504_penam	59	795	795	1.0	Aeromonas caviae (chromosome)
barcode01_3Gb	contig_6864	10004	10784	aadA2_aminoglycoside_antibiotic	22	780	780	1.0	Unknown taxonomy (chromosome or plasmid)
barcode01_3Gb	contig_6864	10947	11295	qacEdelta1_disinfecting_agents_and_antiseptics	46	348	348	1.0	Unknown taxonomy (chromosome or plasmid)
barcode01_3Gb	contig_6864	11288	12128	sul1_sulfonamide_antibiotic	47	840	840	1.0	Unknown taxonomy (chromosome or plasmid)
barcode01_3Gb	contig_6869	12870	13503	CRP_macrolide_antibiotic;_fluoroquinolone_antibiotic;_penam	16	633	633	1.0	Escherichia coli (chromosome or plasmid)
barcode01_3Gb	contig_6869	28294	29479	Escherichia coli EF-Tu mutants conferring resistance to Pulvomycin_elfamycin_antibiotic	23	1185	1185	1.0	Unknown taxonomy (chromosome or plasmid)
barcode01_3Gb	contig_6902	54206	55379	vanT gene in vanG cluster_glycopeptide_antibiotic	12	1173	1173	1.0	
barcode01_3Gb	contig_6903	19461	20556	vanG_glycopeptide_antibiotic	10	1095	1095	1.0	Unknown taxonomy (chromosome or plasmid)
barcode01_3Gb	contig_698	35337	38442	AcrF_fluoroquinolone_antibiotic;_cephalosporin;_cephamycin;_penam	22	3105	3105	1.0	Unknown taxonomy (chromosome or plasmid)
barcode01_3Gb	contig_698	38453	39611	AcrE_fluoroquinolone_antibiotic;_cephalosporin;_cephamycin;_penam	14	1158	1158	1.0	Unknown taxonomy (chromosome or plasmid)
barcode01_3Gb	contig_698	40009	40672	AcrS_fluoroquinolone_antibiotic;_cephalosporin;_glycylcycline;_cephamycin;_penam;_tetracycline_antibiotic;_rifamycin_antibiotic;_phenicol_antibiotic;_disinfecting_agents_and_antiseptics	21	663	663	1.0	Unknown taxonomy (chromosome or plasmid)
barcode01_3Gb	contig_698	249948	250770	bacA_peptide_antibiotic	14	822	822	1.0	Unknown taxonomy (chromosome or plasmid)
barcode01_3Gb	contig_698	273157	274646	TolC_macrolide_antibiotic;_fluoroquinolone_antibiotic;_aminoglycoside_antibiotic;_carbapenem;_cephalosporin;_glycylcycline;_cephamycin;_penam;_tetracycline_antibiotic;_peptide_antibiotic;_aminocoumarin_antibiotic;_rifamycin_antibiotic;_phenicol_antibiotic;_penem;_disinfecting_agents_and_antiseptics	15	1489	1489	1.0	Unknown taxonomy (chromosome or plasmid)
barcode01_3Gb	contig_712	6679	7561	KPC-2_monobactam;_carbapenem;_cephalosporin;_penam	86	882	882	1.0	Unknown taxonomy (chromosome or plasmid)
barcode01_3Gb	contig_725	2058	2898	sul1_sulfonamide_antibiotic	68	840	840	1.0	Unknown taxonomy (chromosome or plasmid)
barcode01_3Gb	contig_725	2891	3239	qacEdelta1_disinfecting_agents_and_antiseptics	58	348	348	1.0	Unknown taxonomy (chromosome or plasmid)
barcode01_3Gb	contig_725	3354	3888	ANT(2'')-Ia_aminoglycoside_antibiotic	31	534	534	1.0	Unknown taxonomy (chromosome or plasmid)
barcode01_3Gb	contig_725	4010	4874	GES-1_carbapenem;_cephalosporin;_penam	43	864	864	1.0	Unknown taxonomy (chromosome or plasmid)
barcode01_3Gb	contig_726	6175	6709	ANT(2'')-Ia_aminoglycoside_antibiotic	16	534	534	1.0	Unknown taxonomy (chromosome or plasmid)
barcode01_3Gb	contig_726	6831	7695	GES-1_carbapenem;_cephalosporin;_penam	28	864	864	1.0	Unknown taxonomy (chromosome or plasmid)
barcode01_3Gb	contig_726	7768	8227	AAC(6')-Il_aminoglycoside_antibiotic	27	459	459	1.0	Unknown taxonomy (chromosome or plasmid)
barcode01_3Gb	contig_730	95167	95533	Klebsiella pneumoniae KpnE_macrolide_antibiotic;_aminoglycoside_antibiotic;_cephalosporin;_tetracycline_antibiotic;_peptide_antibiotic;_rifamycin_antibiotic;_disinfecting_agents_and_antiseptics	14	366	366	1.0	Unknown taxonomy (chromosome or plasmid)
barcode01_3Gb	contig_730	95519	95849	Klebsiella pneumoniae KpnF_macrolide_antibiotic;_aminoglycoside_antibiotic;_cephalosporin;_tetracycline_antibiotic;_peptide_antibiotic;_rifamycin_antibiotic;_disinfecting_agents_and_antiseptics	13	330	330	1.0	Unknown taxonomy (chromosome or plasmid)
barcode01_3Gb	contig_730	135887	136271	marA_fluoroquinolone_antibiotic;_monobactam;_carbapenem;_cephalosporin;_glycylcycline;_cephamycin;_penam;_tetracycline_antibiotic;_rifamycin_antibiotic;_phenicol_antibiotic;_penem;_disinfecting_agents_and_antiseptics	4	384	384	1.0	Unknown taxonomy (chromosome or plasmid)
barcode01_3Gb	contig_730	136290	136725	Escherichia coli AcrAB-TolC with MarR mutations conferring resistance to ciprofloxacin and tetracycline_fluoroquinolone_antibiotic;_cephalosporin;_glycylcycline;_penam;_tetracycline_antibiotic;_rifamycin_antibiotic;_phenicol_antibiotic;_disinfecting_agents_and_antiseptics	4	435	435	1.0	Unknown taxonomy (chromosome or plasmid)
barcode01_3Gb	contig_733	167	1028	TEM-1_monobactam;_cephalosporin;_penam;_penem	11	861	861	1.0	Unknown taxonomy (chromosome or plasmid)
barcode01_3Gb	contig_737	869	1751	KPC-2_monobactam;_carbapenem;_cephalosporin;_penam	122	882	882	1.0	Unknown taxonomy (chromosome or plasmid)
barcode01_3Gb	contig_748	2512	3349	APH(6)-Id_aminoglycoside_antibiotic	33	837	837	1.0	Unknown taxonomy (chromosome or plasmid)
barcode01_3Gb	contig_748	8328	9528	tet(A)_tetracycline_antibiotic	20	1200	1200	1.0	Unknown taxonomy (chromosome or plasmid)
barcode01_3Gb	contig_748	15752	16433	aadA24_aminoglycoside_antibiotic	15	681	681	1.0	Pseudomonas aeruginosa (chromosome or plasmid)
barcode01_3Gb	contig_748	16513	16963	AAC(6')-IIa_aminoglycoside_antibiotic	6	450	450	1.0	Unknown taxonomy (chromosome or plasmid)
barcode01_3Gb	contig_748	17138	17939	OXA-101_cephalosporin;_penam	6	801	801	1.0	Unknown taxonomy (chromosome or plasmid)
barcode01_3Gb	contig_749	1535	2192	QnrS2_fluoroquinolone_antibiotic	11	657	657	1.0	Unknown taxonomy (chromosome or plasmid)
barcode01_3Gb	contig_756	837	1617	aadA_aminoglycoside_antibiotic	18	780	780	1.0	Unknown taxonomy (chromosome or plasmid)
barcode01_3Gb	contig_756	1777	2434	QnrVC1_fluoroquinolone_antibiotic	18	657	657	1.0	Unknown taxonomy (chromosome or plasmid)
barcode01_3Gb	contig_757	53950	54790	sul1_sulfonamide_antibiotic	53	840	840	1.0	Unknown taxonomy (chromosome or plasmid)
barcode01_3Gb	contig_757	54783	55131	qacEdelta1_disinfecting_agents_and_antiseptics	40	348	348	1.0	Unknown taxonomy (chromosome or plasmid)
barcode01_3Gb	contig_757	55294	56110	aadA_aminoglycoside_antibiotic	38	816	816	1.0	Unknown taxonomy (chromosome or plasmid)
barcode01_3Gb	contig_757	56102	56903	OXA-10_cephalosporin;_penam	28	801	801	1.0	Unknown taxonomy (chromosome or plasmid)
barcode01_3Gb	contig_757	57167	58427	cmlA5_phenicol_antibiotic	33	1260	1260	1.0	Unknown taxonomy (chromosome or plasmid)
barcode01_3Gb	contig_757	59362	60019	QnrVC4_fluoroquinolone_antibiotic	20	657	657	1.0	Unknown taxonomy (chromosome or plasmid)
barcode01_3Gb	contig_763	39460	41434	tet(Q)_tetracycline_antibiotic	25	1974	1974	1.0	Unknown taxonomy (chromosome)
barcode01_3Gb	contig_805	44625	44880	rsmA_fluoroquinolone_antibiotic;_diaminopyrimidine_antibiotic;_phenicol_antibiotic	12	255	255	1.0	
barcode01_3Gb	contig_827	300633	301380	vanY gene in vanG cluster_glycopeptide_antibiotic	6	747	747	1.0	
barcode01_3Gb	contig_857	5184	6399	EreB_macrolide_antibiotic	7	1215	1215	1.0	
barcode01_6Gb	contig_10001	4105	4945	sul1_sulfonamide_antibiotic	26	840	840	1.0	Unknown taxonomy (chromosome or plasmid)
barcode01_6Gb	contig_10001	4938	5751	aadA_aminoglycoside_antibiotic	30	813	813	1.0	Acinetobacter baumannii (chromosome or plasmid)
barcode01_6Gb	contig_10001	5832	6432	AAC(6')-Ib-cr6_fluoroquinolone_antibiotic;_aminoglycoside_antibiotic	32	600	600	1.0	Unknown taxonomy (chromosome or plasmid)
barcode01_6Gb	contig_1001	91	928	APH(6)-Id_aminoglycoside_antibiotic	48	837	837	1.0	Unknown taxonomy (chromosome or plasmid)
barcode01_6Gb	contig_1001	927	1731	APH(3'')-Ib_aminoglycoside_antibiotic	61	804	804	1.0	Unknown taxonomy (chromosome or plasmid)
barcode01_6Gb	contig_10030	253475	253811	qacG_disinfecting_agents_and_antiseptics	11	336	336	1.0	
barcode01_6Gb	contig_10129	1122	2343	tet(40)_tetracycline_antibiotic	8	1221	1221	1.0	Unknown taxonomy (chromosome)
barcode01_6Gb	contig_10161	5398	6868	adeC_glycylcycline;_tetracycline_antibiotic	7	1470	1470	1.0	Acinetobacter baumannii (chromosome or plasmid)
barcode01_6Gb	contig_10167	19441	20950	Acinetobacter baumannii AmvA_macrolide_antibiotic;_disinfecting_agents_and_antiseptics	37	1509	1509	1.0	Acinetobacter baumannii (chromosome or plasmid)
barcode01_6Gb	contig_1018	3681	4986	Acinetobacter baumannii AbaQ_fluoroquinolone_antibiotic	13	1305	1305	1.0	
barcode01_6Gb	contig_10240	24274	25000	vanY gene in vanB cluster_glycopeptide_antibiotic	3	726	726	1.0	Roseburia hominis (no genomic info)
barcode01_6Gb	contig_10276	32159	32345	rsmA_fluoroquinolone_antibiotic;_diaminopyrimidine_antibiotic;_phenicol_antibiotic	8	186	186	1.0	Citrobacter (chromosome or plasmid)
barcode01_6Gb	contig_10276	38704	40243	emrB_fluoroquinolone_antibiotic	9	1539	1539	1.0	Citrobacter freundii (chromosome or plasmid)
barcode01_6Gb	contig_10276	41564	42095	emrR_fluoroquinolone_antibiotic	5	531	531	1.0	Citrobacter (chromosome)
barcode01_6Gb	contig_1033	7391	8579	tet(39)_tetracycline_antibiotic	80	1188	1188	1.0	Unknown taxonomy (plasmid)
barcode01_6Gb	contig_1033	9605	10490	mphE_macrolide_antibiotic	140	885	885	1.0	Unknown taxonomy (chromosome or plasmid)
barcode01_6Gb	contig_1033	10545	12021	msrE_macrolide_antibiotic;_streptogramin_antibiotic	154	1476	1476	1.0	Unknown taxonomy (chromosome or plasmid)
barcode01_6Gb	contig_10375	5421	8598	adeF_fluoroquinolone_antibiotic;_tetracycline_antibiotic	26	3177	3177	1.0	Unknown taxonomy (chromosome)
barcode01_6Gb	contig_10377	1657	4834	adeF_fluoroquinolone_antibiotic;_tetracycline_antibiotic	13	3177	3177	1.0	Unknown taxonomy (chromosome)
barcode01_6Gb	contig_1038	30609	32085	msrE_macrolide_antibiotic;_streptogramin_antibiotic	114	1476	1476	1.0	Unknown taxonomy (chromosome or plasmid)
barcode01_6Gb	contig_1038	32140	33025	mphE_macrolide_antibiotic	118	885	885	1.0	Unknown taxonomy (chromosome or plasmid)
barcode01_6Gb	contig_10421	6799	7630	OXA-4_cephalosporin;_penam	6	831	831	1.0	Unknown taxonomy (chromosome or plasmid)
barcode01_6Gb	contig_10421	7841	8132	qacJ_disinfecting_agents_and_antiseptics	2	291	291	1.0	Unknown taxonomy (chromosome or plasmid)
barcode01_6Gb	contig_10587	36712	38086	cpxA_aminoglycoside_antibiotic;_aminocoumarin_antibiotic	11	1374	1374	1.0	
barcode01_6Gb	contig_10696	11494	12304	vanY gene in vanB cluster_glycopeptide_antibiotic	10	810	810	1.0	
barcode01_6Gb	contig_1073	1424	2180	TEM-216_monobactam;_cephalosporin;_penam;_penem	13	756	756	1.0	Unknown taxonomy (chromosome or plasmid)
barcode01_6Gb	contig_10780	24138	24552	H-NS_macrolide_antibiotic;_fluoroquinolone_antibiotic;_cephalosporin;_cephamycin;_penam;_tetracycline_antibiotic	20	414	414	1.0	Unknown taxonomy (chromosome or plasmid)
barcode01_6Gb	contig_1080	16419	16896	emrR_fluoroquinolone_antibiotic	17	477	477	1.0	Unknown taxonomy (chromosome or plasmid)
barcode01_6Gb	contig_1080	18533	19763	Klebsiella pneumoniae KpnH_macrolide_antibiotic;_fluoroquinolone_antibiotic;_aminoglycoside_antibiotic;_carbapenem;_cephalosporin;_penam;_peptide_antibiotic;_penem	23	1230	1230	1.0	Enterobacter (chromosome or plasmid)
barcode01_6Gb	contig_1080	26729	26915	rsmA_fluoroquinolone_antibiotic;_diaminopyrimidine_antibiotic;_phenicol_antibiotic	11	186	186	1.0	Enterobacter (chromosome or plasmid)
barcode01_6Gb	contig_10811	7706	8588	KPC-2_monobactam;_carbapenem;_cephalosporin;_penam	43	882	882	1.0	Unknown taxonomy (chromosome or plasmid)
barcode01_6Gb	contig_1088	13549	14206	QnrVC1_fluoroquinolone_antibiotic	20	657	657	1.0	Unknown taxonomy (chromosome or plasmid)
barcode01_6Gb	contig_1088	14364	14838	dfrA6_diaminopyrimidine_antibiotic	24	474	474	1.0	Unknown taxonomy (chromosome or plasmid)
barcode01_6Gb	contig_10922	25582	26050	nimJ_nitroimidazole_antibiotic	3	468	468	1.0	Bacteroides (no genomic info)
barcode01_6Gb	contig_1105	36747	36975	rsmA_fluoroquinolone_antibiotic;_diaminopyrimidine_antibiotic;_phenicol_antibiotic	18	228	228	1.0	
barcode01_6Gb	contig_11228	26511	27876	ArnT_peptide_antibiotic	13	1365	1365	1.0	Klebsiella (chromosome)
barcode01_6Gb	contig_11228	31054	32038	PmrF_peptide_antibiotic	12	984	984	1.0	
barcode01_6Gb	contig_11238	571	1399	OXA-253_carbapenem;_penam	46	828	828	1.0	Acinetobacter baumannii (chromosome)
barcode01_6Gb	contig_11343	39948	42441	vanT gene in vanG cluster_glycopeptide_antibiotic	15	2493	2493	1.0	
barcode01_6Gb	contig_1138	5328	6144	sul2_sulfonamide_antibiotic	57	816	816	1.0	Unknown taxonomy (chromosome or plasmid)
barcode01_6Gb	contig_1138	23899	24352	arr-3_rifamycin_antibiotic	44	453	453	1.0	Unknown taxonomy (chromosome or plasmid)
barcode01_6Gb	contig_1138	24457	25045	AAC(6')-Ib9_aminoglycoside_antibiotic	57	588	588	1.0	Unknown taxonomy (chromosome or plasmid)
barcode01_6Gb	contig_1138	25213	25561	qacEdelta1_disinfecting_agents_and_antiseptics	73	348	348	1.0	Unknown taxonomy (chromosome or plasmid)
barcode01_6Gb	contig_1138	25554	26394	sul1_sulfonamide_antibiotic	76	840	840	1.0	Unknown taxonomy (chromosome or plasmid)
barcode01_6Gb	contig_11479	5910	6255	qacG_disinfecting_agents_and_antiseptics	4	345	345	1.0	
barcode01_6Gb	contig_11497	4371	5049	vanY gene in vanB cluster_glycopeptide_antibiotic	2	678	678	1.0	
barcode01_6Gb	contig_11644	18019	18310	Klebsiella pneumoniae KpnF_macrolide_antibiotic;_aminoglycoside_antibiotic;_cephalosporin;_tetracycline_antibiotic;_peptide_antibiotic;_rifamycin_antibiotic;_disinfecting_agents_and_antiseptics	6	291	291	1.0	Citrobacter freundii (chromosome)
barcode01_6Gb	contig_11695	2459	3302	OXA-58_carbapenem;_penam	19	843	843	1.0	Unknown taxonomy (chromosome or plasmid)
barcode01_6Gb	contig_11696	5371	6214	OXA-58_carbapenem;_penam	19	843	843	1.0	Unknown taxonomy (chromosome or plasmid)
barcode01_6Gb	contig_11697	8636	10853	vanT gene in vanG cluster_glycopeptide_antibiotic	14	2217	2217	1.0	
barcode01_6Gb	contig_11722	1290	2025	tet(O)_tetracycline_antibiotic	21	735	735	1.0	Unknown taxonomy (chromosome or plasmid)
barcode01_6Gb	contig_11722	2267	3218	tet(O)_tetracycline_antibiotic	38	951	951	1.0	Unknown taxonomy (chromosome or plasmid)
barcode01_6Gb	contig_11849	38913	39246	qacJ_disinfecting_agents_and_antiseptics	8	333	333	1.0	
barcode01_6Gb	contig_11919	12915	13824	aad(6)_aminoglycoside_antibiotic	10	909	909	1.0	Unknown taxonomy (chromosome or plasmid)
barcode01_6Gb	contig_11919	13820	14363	SAT-4_nucleoside_antibiotic	9	543	543	1.0	Unknown taxonomy (chromosome or plasmid)
barcode01_6Gb	contig_11919	14455	15250	APH(3')-IIIa_aminoglycoside_antibiotic	14	795	795	1.0	Unknown taxonomy (chromosome or plasmid)
barcode01_6Gb	contig_12024	2101	3268	ugd_peptide_antibiotic	9	1167	1167	1.0	Unknown taxonomy (chromosome or plasmid)
barcode01_6Gb	contig_12126	12889	14281	Escherichia coli UhpT with mutation conferring resistance to fosfomycin_phosphonic_acid_antibiotic	7	1392	1392	1.0	Klebsiella michiganensis (chromosome)
barcode01_6Gb	contig_12186	20888	22073	Escherichia coli EF-Tu mutants conferring resistance to Pulvomycin_elfamycin_antibiotic	15	1185	1185	1.0	Unknown taxonomy (chromosome or plasmid)
barcode01_6Gb	contig_12233	3913	5569	ArnT_peptide_antibiotic	4	1656	1656	1.0	Raoultella planticola (chromosome)
barcode01_6Gb	contig_12278	16713	17073	qacJ_disinfecting_agents_and_antiseptics	4	360	360	1.0	
barcode01_6Gb	contig_12290	59792	60137	qacG_disinfecting_agents_and_antiseptics	6	345	345	1.0	
barcode01_6Gb	contig_1232	19392	20025	CRP_macrolide_antibiotic;_fluoroquinolone_antibiotic;_penam	13	633	633	1.0	Citrobacter freundii (chromosome)
barcode01_6Gb	contig_1232	38380	39565	Escherichia coli EF-Tu mutants conferring resistance to Pulvomycin_elfamycin_antibiotic	19	1185	1185	1.0	Citrobacter (chromosome or plasmid)
barcode01_6Gb	contig_12359	4497	4932	Escherichia coli AcrAB-TolC with MarR mutations conferring resistance to ciprofloxacin and tetracycline_fluoroquinolone_antibiotic;_cephalosporin;_glycylcycline;_penam;_tetracycline_antibiotic;_rifamycin_antibiotic;_phenicol_antibiotic;_disinfecting_agents_and_antiseptics	8	435	435	1.0	Klebsiella (chromosome)
barcode01_6Gb	contig_12425	3033	4029	vanH gene in vanO cluster_glycopeptide_antibiotic	8	996	996	1.0	Faecalibacterium prausnitzii (no genomic info)
barcode01_6Gb	contig_12522	15705	16698	vanH gene in vanA cluster_glycopeptide_antibiotic	4	993	993	1.0	
barcode01_6Gb	contig_12746	2	752	OXA-205_penam	7	750	750	1.0	Pseudomonas aeruginosa (no genomic info)
barcode01_6Gb	contig_12761	7057	8449	Escherichia coli UhpT with mutation conferring resistance to fosfomycin_phosphonic_acid_antibiotic	3	1392	1392	1.0	Unknown taxonomy (chromosome)
barcode01_6Gb	contig_12781	4996	5341	qacG_disinfecting_agents_and_antiseptics	6	345	345	1.0	
barcode01_6Gb	contig_12951	7892	8993	ArnT_peptide_antibiotic	7	1101	1101	1.0	Klebsiella michiganensis (chromosome)
barcode01_6Gb	contig_12951	12285	13269	PmrF_peptide_antibiotic	13	984	984	1.0	Citrobacter amalonaticus (no genomic info)
barcode01_6Gb	contig_13033	15217	18367	adeF_fluoroquinolone_antibiotic;_tetracycline_antibiotic	9	3150	3150	1.0	
barcode01_6Gb	contig_13090	4687	5548	SHV-5_carbapenem;_cephalosporin;_penam	22	861	861	1.0	Unknown taxonomy (chromosome or plasmid)
barcode01_6Gb	contig_13091	459	1956	msrE_macrolide_antibiotic;_streptogramin_antibiotic	2	1273	1497	0.8503674	Unknown taxonomy (chromosome or plasmid)
barcode01_6Gb	contig_13124	91	928	APH(6)-Id_aminoglycoside_antibiotic	50	837	837	1.0	Unknown taxonomy (chromosome or plasmid)
barcode01_6Gb	contig_13124	927	1731	APH(3'')-Ib_aminoglycoside_antibiotic	58	804	804	1.0	Unknown taxonomy (chromosome or plasmid)
barcode01_6Gb	contig_13144	3723	4941	tet(E)_tetracycline_antibiotic	9	1218	1218	1.0	Aeromonas veronii (chromosome)
barcode01_6Gb	contig_13166	9783	10623	sul1_sulfonamide_antibiotic	10	840	840	1.0	Unknown taxonomy (chromosome or plasmid)
barcode01_6Gb	contig_13166	10616	10964	qacEdelta1_disinfecting_agents_and_antiseptics	11	348	348	1.0	Unknown taxonomy (chromosome or plasmid)
barcode01_6Gb	contig_13166	11584	12448	GES-1_carbapenem;_cephalosporin;_penam	25	864	864	1.0	Unknown taxonomy (chromosome or plasmid)
barcode01_6Gb	contig_13166	12521	12980	AAC(6')-Il_aminoglycoside_antibiotic	30	459	459	1.0	Unknown taxonomy (chromosome or plasmid)
barcode01_6Gb	contig_13166	12997	13531	ANT(2'')-Ia_aminoglycoside_antibiotic	14	534	534	1.0	Unknown taxonomy (chromosome or plasmid)
barcode01_6Gb	contig_13166	14493	15348	ErmX_macrolide_antibiotic;_lincosamide_antibiotic;_streptogramin_antibiotic;_streptogramin_A_antibiotic;_streptogramin_B_antibiotic	16	855	855	1.0	Unknown taxonomy (chromosome or plasmid)
barcode01_6Gb	contig_13177	11446	12148	vanY gene in vanB cluster_glycopeptide_antibiotic	14	702	702	1.0	
barcode01_6Gb	contig_13198	74731	75166	Escherichia coli AcrAB-TolC with MarR mutations conferring resistance to ciprofloxacin and tetracycline_fluoroquinolone_antibiotic;_cephalosporin;_glycylcycline;_penam;_tetracycline_antibiotic;_rifamycin_antibiotic;_phenicol_antibiotic;_disinfecting_agents_and_antiseptics	18	435	435	1.0	Enterobacter (chromosome)
barcode01_6Gb	contig_13198	75185	75566	marA_fluoroquinolone_antibiotic;_monobactam;_carbapenem;_cephalosporin;_glycylcycline;_cephamycin;_penam;_tetracycline_antibiotic;_rifamycin_antibiotic;_phenicol_antibiotic;_penem;_disinfecting_agents_and_antiseptics	19	381	381	1.0	Enterobacter (chromosome or plasmid)
barcode01_6Gb	contig_13298	9904	10729	gadX_macrolide_antibiotic;_fluoroquinolone_antibiotic;_penam	38	825	825	1.0	Unknown taxonomy (chromosome)
barcode01_6Gb	contig_13298	12187	15301	mdtF_macrolide_antibiotic;_fluoroquinolone_antibiotic;_penam	34	3114	3114	1.0	Unknown taxonomy (chromosome)
barcode01_6Gb	contig_13298	15325	16483	mdtE_macrolide_antibiotic;_fluoroquinolone_antibiotic;_penam	34	1158	1158	1.0	Unknown taxonomy (chromosome)
barcode01_6Gb	contig_13299	5711	6869	mdtE_macrolide_antibiotic;_fluoroquinolone_antibiotic;_penam	33	1158	1158	1.0	Unknown taxonomy (chromosome)
barcode01_6Gb	contig_13309	43938	44592	adeN_macrolide_antibiotic;_fluoroquinolone_antibiotic;_lincosamide_antibiotic;_carbapenem;_cephalosporin;_tetracycline_antibiotic;_rifamycin_antibiotic;_diaminopyrimidine_antibiotic;_phenicol_antibiotic;_penem	27	654	654	1.0	Acinetobacter baumannii (chromosome or plasmid)
barcode01_6Gb	contig_13338	348	1176	OXA-2_carbapenem;_cephalosporin;_penam	8	828	828	1.0	Unknown taxonomy (chromosome or plasmid)
barcode01_6Gb	contig_13338	2224	3088	GES-1_carbapenem;_cephalosporin;_penam	25	864	864	1.0	Unknown taxonomy (chromosome or plasmid)
barcode01_6Gb	contig_13372	644	2159	aadT_macrolide_antibiotic;_tetracycline_antibiotic;_disinfecting_agents_and_antiseptics	4	1515	1515	1.0	
barcode01_6Gb	contig_13408	18	858	sul1_sulfonamide_antibiotic	24	840	840	1.0	Unknown taxonomy (chromosome or plasmid)
barcode01_6Gb	contig_13408	988	1201	qacJ_disinfecting_agents_and_antiseptics	30	213	213	1.0	Unknown taxonomy (chromosome or plasmid)
barcode01_6Gb	contig_13408	1423	1876	arr-3_rifamycin_antibiotic	33	453	453	1.0	Unknown taxonomy (chromosome or plasmid)
barcode01_6Gb	contig_13408	2733	3564	OXA-1_cephalosporin;_penam	40	831	831	1.0	Unknown taxonomy (chromosome or plasmid)
barcode01_6Gb	contig_13408	3694	4294	AAC(6')-Ib-cr6_fluoroquinolone_antibiotic;_aminoglycoside_antibiotic	48	600	600	1.0	Unknown taxonomy (chromosome or plasmid)
barcode01_6Gb	contig_13408	6548	7409	AAC(3)-IId_aminoglycoside_antibiotic	25	861	861	1.0	Unknown taxonomy (chromosome or plasmid)
barcode01_6Gb	contig_13408	12380	13241	TEM-1_monobactam;_cephalosporin;_penam;_penem	20	861	861	1.0	Unknown taxonomy (chromosome or plasmid)
barcode01_6Gb	contig_13430	8057	9188	vanT gene in vanG cluster_glycopeptide_antibiotic	9	1131	1131	1.0	
barcode01_6Gb	contig_13438	4510	7624	adeF_fluoroquinolone_antibiotic;_tetracycline_antibiotic	9	3114	3114	1.0	Enterobacter (chromosome)
barcode01_6Gb	contig_13439	3759	4104	qacG_disinfecting_agents_and_antiseptics	19	345	345	1.0	Unknown taxonomy (chromosome or plasmid)
barcode01_6Gb	contig_13460	141	921	APH(3')-VIa_aminoglycoside_antibiotic	46	780	780	1.0	Unknown taxonomy (chromosome or plasmid)
barcode01_6Gb	contig_13460	3336	4218	KPC-2_monobactam;_carbapenem;_cephalosporin;_penam	47	882	882	1.0	Unknown taxonomy (chromosome or plasmid)
barcode01_6Gb	contig_13543	2062	3094	mdtN_nucleoside_antibiotic;_disinfecting_agents_and_antiseptics	22	1032	1032	1.0	Escherichia coli (chromosome or plasmid)
barcode01_6Gb	contig_13543	3093	5145	mdtO_nucleoside_antibiotic;_disinfecting_agents_and_antiseptics	30	2052	2052	1.0	Unknown taxonomy (chromosome or plasmid)
barcode01_6Gb	contig_13543	5141	6608	mdtP_nucleoside_antibiotic;_disinfecting_agents_and_antiseptics	42	1467	1467	1.0	Unknown taxonomy (chromosome or plasmid)
barcode01_6Gb	contig_13543	27675	28140	Escherichia coli soxR with mutation conferring antibiotic resistance_fluoroquinolone_antibiotic;_cephalosporin;_glycylcycline;_penam;_tetracycline_antibiotic;_rifamycin_antibiotic;_phenicol_antibiotic;_disinfecting_agents_and_antiseptics	35	465	465	1.0	Unknown taxonomy (chromosome or plasmid)
barcode01_6Gb	contig_13543	28225	28549	Escherichia coli soxS with mutation conferring antibiotic resistance_fluoroquinolone_antibiotic;_monobactam;_carbapenem;_cephalosporin;_glycylcycline;_cephamycin;_penam;_tetracycline_antibiotic;_rifamycin_antibiotic;_phenicol_antibiotic;_penem;_disinfecting_agents_and_antiseptics	39	324	324	1.0	Unknown taxonomy (chromosome or plasmid)
barcode01_6Gb	contig_13598	4244	5108	aadS_aminoglycoside_antibiotic	15	864	864	1.0	Unknown taxonomy (chromosome or plasmid)
barcode01_6Gb	contig_1363	326228	327053	OXA-441_carbapenem;_penam	47	825	825	1.0	Acinetobacter baumannii (chromosome or plasmid)
barcode01_6Gb	contig_13673	7798	8782	PmrF_peptide_antibiotic	15	984	984	1.0	
barcode01_6Gb	contig_13673	11656	13312	ArnT_peptide_antibiotic	15	1656	1656	1.0	Enterobacter kobei (chromosome)
barcode01_6Gb	contig_13677	3337	4165	OXA-253_carbapenem;_penam	30	828	828	1.0	Acinetobacter baumannii (chromosome)
barcode01_6Gb	contig_13684	9341	12491	acrB_fluoroquinolone_antibiotic;_cephalosporin;_glycylcycline;_penam;_tetracycline_antibiotic;_rifamycin_antibiotic;_phenicol_antibiotic;_disinfecting_agents_and_antiseptics	9	3150	3150	1.0	Citrobacter (chromosome or plasmid)
barcode01_6Gb	contig_13684	12513	13707	Escherichia coli acrA_fluoroquinolone_antibiotic;_cephalosporin;_glycylcycline;_penam;_tetracycline_antibiotic;_rifamycin_antibiotic;_phenicol_antibiotic;_disinfecting_agents_and_antiseptics	7	1194	1194	1.0	Citrobacter portucalensis (chromosome or plasmid)
barcode01_6Gb	contig_13704	20371	20845	dfrA15b_diaminopyrimidine_antibiotic	4	474	474	1.0	Unknown taxonomy (chromosome or plasmid)
barcode01_6Gb	contig_13710	17790	18225	Escherichia coli AcrAB-TolC with MarR mutations conferring resistance to ciprofloxacin and tetracycline_fluoroquinolone_antibiotic;_cephalosporin;_glycylcycline;_penam;_tetracycline_antibiotic;_rifamycin_antibiotic;_phenicol_antibiotic;_disinfecting_agents_and_antiseptics	12	435	435	1.0	Unknown taxonomy (chromosome or plasmid)
barcode01_6Gb	contig_13710	18244	18628	marA_fluoroquinolone_antibiotic;_monobactam;_carbapenem;_cephalosporin;_glycylcycline;_cephamycin;_penam;_tetracycline_antibiotic;_rifamycin_antibiotic;_phenicol_antibiotic;_penem;_disinfecting_agents_and_antiseptics	13	384	384	1.0	Unknown taxonomy (chromosome or plasmid)
barcode01_6Gb	contig_13799	1999	2344	qacG_disinfecting_agents_and_antiseptics	17	345	345	1.0	Unknown taxonomy (chromosome or plasmid)
barcode01_6Gb	contig_1395	29622	30723	vanG_glycopeptide_antibiotic	16	1101	1101	1.0	Enterobacter kobei (chromosome)
barcode01_6Gb	contig_1395	126246	129393	acrB_fluoroquinolone_antibiotic;_cephalosporin;_glycylcycline;_penam;_tetracycline_antibiotic;_rifamycin_antibiotic;_phenicol_antibiotic;_disinfecting_agents_and_antiseptics	17	3147	3147	1.0	Unknown taxonomy (chromosome)
barcode01_6Gb	contig_1395	129415	130609	Enterobacter cloacae acrA_fluoroquinolone_antibiotic;_cephalosporin;_glycylcycline;_penam;_tetracycline_antibiotic;_rifamycin_antibiotic;_phenicol_antibiotic;_disinfecting_agents_and_antiseptics	12	1194	1194	1.0	Enterobacter (chromosome)
barcode01_6Gb	contig_1395	256382	256757	ramA_fluoroquinolone_antibiotic;_monobactam;_carbapenem;_cephalosporin;_glycylcycline;_cephamycin;_penam;_tetracycline_antibiotic;_rifamycin_antibiotic;_phenicol_antibiotic;_penem;_disinfecting_agents_and_antiseptics	10	375	375	1.0	Enterobacter kobei (no genomic info)
barcode01_6Gb	contig_1416	9099	10095	CfxA6_cephamycin	28	996	996	1.0	
barcode01_6Gb	contig_1533	3740	5216	msrE_macrolide_antibiotic;_streptogramin_antibiotic	152	1476	1476	1.0	Unknown taxonomy (chromosome or plasmid)
barcode01_6Gb	contig_1533	5271	6156	mphE_macrolide_antibiotic	136	885	885	1.0	Unknown taxonomy (chromosome or plasmid)
barcode01_6Gb	contig_1534	8712	9516	APH(3'')-Ib_aminoglycoside_antibiotic	104	804	804	1.0	Unknown taxonomy (chromosome or plasmid)
barcode01_6Gb	contig_1534	9515	10352	APH(6)-Id_aminoglycoside_antibiotic	111	837	837	1.0	Unknown taxonomy (chromosome or plasmid)
barcode01_6Gb	contig_1534	14099	15575	msrE_macrolide_antibiotic;_streptogramin_antibiotic	152	1476	1476	1.0	Unknown taxonomy (chromosome or plasmid)
barcode01_6Gb	contig_1534	15630	16515	mphE_macrolide_antibiotic	135	885	885	1.0	Unknown taxonomy (chromosome or plasmid)
barcode01_6Gb	contig_1534	42730	43657	PER-2_monobactam;_carbapenem;_cephalosporin;_penam;_penem	21	927	927	1.0	Unknown taxonomy (plasmid)
barcode01_6Gb	contig_1534	51910	52534	tetR_tetracycline_antibiotic	33	624	624	1.0	Unknown taxonomy (chromosome or plasmid)
barcode01_6Gb	contig_1534	52615	53821	tet(B)_tetracycline_antibiotic	29	1206	1206	1.0	Unknown taxonomy (chromosome or plasmid)
barcode01_6Gb	contig_1534	62681	63134	arr-3_rifamycin_antibiotic	24	453	453	1.0	Unknown taxonomy (chromosome or plasmid)
barcode01_6Gb	contig_1534	63239	63827	AAC(6')-Ib9_aminoglycoside_antibiotic	33	588	588	1.0	Unknown taxonomy (chromosome or plasmid)
barcode01_6Gb	contig_1534	63995	64343	qacEdelta1_disinfecting_agents_and_antiseptics	40	348	348	1.0	Unknown taxonomy (chromosome or plasmid)
barcode01_6Gb	contig_1534	64336	65176	sul1_sulfonamide_antibiotic	40	840	840	1.0	Unknown taxonomy (chromosome or plasmid)
barcode01_6Gb	contig_1540	28651	29839	tet(39)_tetracycline_antibiotic	55	1188	1188	1.0	Unknown taxonomy (plasmid)
barcode01_6Gb	contig_1540	31545	32421	OXA-72_carbapenem;_penam	11	876	876	1.0	Unknown taxonomy (chromosome or plasmid)
barcode01_6Gb	contig_1544	5962	6847	mphE_macrolide_antibiotic	137	885	885	1.0	Unknown taxonomy (chromosome or plasmid)
barcode01_6Gb	contig_1544	6902	8378	msrE_macrolide_antibiotic;_streptogramin_antibiotic	139	1476	1476	1.0	Unknown taxonomy (chromosome or plasmid)
barcode01_6Gb	contig_1548	8109	8994	mphE_macrolide_antibiotic	76	885	885	1.0	Unknown taxonomy (chromosome or plasmid)
barcode01_6Gb	contig_1548	9049	10525	msrE_macrolide_antibiotic;_streptogramin_antibiotic	83	1476	1476	1.0	Unknown taxonomy (chromosome or plasmid)
barcode01_6Gb	contig_1553	658924	660160	vanW gene in vanI cluster_glycopeptide_antibiotic	181	1236	1236	1.0	
barcode01_6Gb	contig_16	399910	402442	vanT gene in vanG cluster_glycopeptide_antibiotic	68	2532	2532	1.0	
barcode01_6Gb	contig_169	72692	73574	vanW gene in vanG cluster_glycopeptide_antibiotic	454	882	882	1.0	Acinetobacter johnsonii (chromosome)
barcode01_6Gb	contig_1731	4988	5318	qacG_disinfecting_agents_and_antiseptics	9	330	330	1.0	
barcode01_6Gb	contig_1791	27172	27370	rsmA_fluoroquinolone_antibiotic;_diaminopyrimidine_antibiotic;_phenicol_antibiotic	17	198	198	1.0	
barcode01_6Gb	contig_1803	466901	467156	rsmA_fluoroquinolone_antibiotic;_diaminopyrimidine_antibiotic;_phenicol_antibiotic	22	255	255	1.0	
barcode01_6Gb	contig_1845	43712	43898	rsmA_fluoroquinolone_antibiotic;_diaminopyrimidine_antibiotic;_phenicol_antibiotic	13	186	186	1.0	Enterobacter (chromosome or plasmid)
barcode01_6Gb	contig_1845	50940	52488	emrB_fluoroquinolone_antibiotic	20	1548	1548	1.0	Enterobacter kobei (chromosome or plasmid)
barcode01_6Gb	contig_1845	52504	53677	emrA_fluoroquinolone_antibiotic	17	1173	1173	1.0	
barcode01_6Gb	contig_1845	53803	54334	emrR_fluoroquinolone_antibiotic	14	531	531	1.0	Enterobacter kobei (chromosome or plasmid)
barcode01_6Gb	contig_1893	467854	468601	vanY gene in vanG cluster_glycopeptide_antibiotic	15	747	747	1.0	
barcode01_6Gb	contig_1893	628180	628510	qacG_disinfecting_agents_and_antiseptics	11	330	330	1.0	
barcode01_6Gb	contig_1895	539026	541021	lmrD_lincosamide_antibiotic	13	1995	1995	1.0	
barcode01_6Gb	contig_1900	330069	332064	lmrD_lincosamide_antibiotic	20	1995	1995	1.0	
barcode01_6Gb	contig_1969	265730	268922	adeF_fluoroquinolone_antibiotic;_tetracycline_antibiotic	42	3192	3192	1.0	
barcode01_6Gb	contig_1975	116697	117111	fosA5_fluoroquinolone_antibiotic;_aminoglycoside_antibiotic;_phosphonic_acid_antibiotic	5	414	414	1.0	
barcode01_6Gb	contig_1984	126840	127332	ANT(3'')-IIb_aminoglycoside_antibiotic	71	492	492	1.0	Acinetobacter baumannii (chromosome or plasmid)
barcode01_6Gb	contig_1984	186840	189060	Acinetobacter baumannii parC conferring resistance to fluoroquinolones_fluoroquinolone_antibiotic	49	2220	2220	1.0	Acinetobacter baumannii (chromosome or plasmid)
barcode01_6Gb	contig_1984	396318	397665	abeM_fluoroquinolone_antibiotic;_disinfecting_agents_and_antiseptics	52	1347	1347	1.0	Acinetobacter baumannii (chromosome or plasmid)
barcode01_6Gb	contig_1984	445253	446354	LpsB_peptide_antibiotic	43	1101	1101	1.0	Acinetobacter baumannii (chromosome or plasmid)
barcode01_6Gb	contig_2014	368044	368932	vanW gene in vanG cluster_glycopeptide_antibiotic	10	888	888	1.0	
barcode01_6Gb	contig_2075	41009	42498	TolC_macrolide_antibiotic;_fluoroquinolone_antibiotic;_aminoglycoside_antibiotic;_carbapenem;_cephalosporin;_glycylcycline;_cephamycin;_penam;_tetracycline_antibiotic;_peptide_antibiotic;_aminocoumarin_antibiotic;_rifamycin_antibiotic;_phenicol_antibiotic;_penem;_disinfecting_agents_and_antiseptics	34	1489	1489	1.0	Escherichia coli (chromosome or plasmid)
barcode01_6Gb	contig_2128	218084	221234	adeF_fluoroquinolone_antibiotic;_tetracycline_antibiotic	87	3150	3150	1.0	Aeromonas caviae (chromosome or plasmid)
barcode01_6Gb	contig_2313	73548	75315	Haemophilus influenzae PBP3 conferring resistance to beta-lactam antibiotics_cephalosporin;_cephamycin;_penam	16	1767	1767	1.0	Enterobacter kobei (chromosome or plasmid)
barcode01_6Gb	contig_2313	81477	82500	leuO_nucleoside_antibiotic;_disinfecting_agents_and_antiseptics	13	1023	1023	1.0	Enterobacter kobei (chromosome)
barcode01_6Gb	contig_2313	271829	272087	FosA8_phosphonic_acid_antibiotic	17	258	258	1.0	Enterobacter (chromosome)
barcode01_6Gb	contig_2313	420841	421987	ACT-87_carbapenem;_cephalosporin;_cephamycin;_penam	13	1146	1146	1.0	Enterobacter kobei (chromosome)
barcode01_6Gb	contig_2320	162260	162623	Klebsiella pneumoniae KpnE_macrolide_antibiotic;_aminoglycoside_antibiotic;_cephalosporin;_tetracycline_antibiotic;_peptide_antibiotic;_rifamycin_antibiotic;_disinfecting_agents_and_antiseptics	26	363	363	1.0	Enterobacter kobei (chromosome)
barcode01_6Gb	contig_2320	162609	162939	Klebsiella pneumoniae KpnF_macrolide_antibiotic;_aminoglycoside_antibiotic;_cephalosporin;_tetracycline_antibiotic;_peptide_antibiotic;_rifamycin_antibiotic;_disinfecting_agents_and_antiseptics	25	330	330	1.0	Enterobacter (chromosome)
barcode01_6Gb	contig_2321	290359	291163	APH(3'')-Ib_aminoglycoside_antibiotic	84	804	804	1.0	Unknown taxonomy (chromosome or plasmid)
barcode01_6Gb	contig_2321	291162	291999	APH(6)-Id_aminoglycoside_antibiotic	89	837	837	1.0	Unknown taxonomy (chromosome or plasmid)
barcode01_6Gb	contig_2358	10820	11600	APH(3')-VIa_aminoglycoside_antibiotic	61	780	780	1.0	Unknown taxonomy (chromosome or plasmid)
barcode01_6Gb	contig_2359	28241	28775	ANT(2'')-Ia_aminoglycoside_antibiotic	32	534	534	1.0	Unknown taxonomy (chromosome or plasmid)
barcode01_6Gb	contig_2359	28897	29761	GES-1_carbapenem;_cephalosporin;_penam	48	864	864	1.0	Unknown taxonomy (chromosome or plasmid)
barcode01_6Gb	contig_2359	29834	30293	AAC(6')-Il_aminoglycoside_antibiotic	56	459	459	1.0	Unknown taxonomy (chromosome or plasmid)
barcode01_6Gb	contig_2359	35939	36596	QnrVC1_fluoroquinolone_antibiotic	23	657	657	1.0	Unknown taxonomy (chromosome or plasmid)
barcode01_6Gb	contig_2359	37065	37929	GES-1_carbapenem;_cephalosporin;_penam	37	864	864	1.0	Unknown taxonomy (chromosome or plasmid)
barcode01_6Gb	contig_2359	38002	38461	AAC(6')-Il_aminoglycoside_antibiotic	45	459	459	1.0	Unknown taxonomy (chromosome or plasmid)
barcode01_6Gb	contig_2367	34605	34938	qacE_disinfecting_agents_and_antiseptics	30	333	333	1.0	Unknown taxonomy (chromosome or plasmid)
barcode01_6Gb	contig_2369	18588	19425	APH(6)-Id_aminoglycoside_antibiotic	73	837	837	1.0	Unknown taxonomy (chromosome or plasmid)
barcode01_6Gb	contig_2369	22410	23601	tet(C)_tetracycline_antibiotic	34	1191	1191	1.0	Unknown taxonomy (chromosome or plasmid)
barcode01_6Gb	contig_2423	76716	77901	Escherichia coli EF-Tu mutants conferring resistance to Pulvomycin_elfamycin_antibiotic	71	1185	1185	1.0	Unknown taxonomy (chromosome or plasmid)
barcode01_6Gb	contig_2436	4289	5474	Escherichia coli EF-Tu mutants conferring resistance to Pulvomycin_elfamycin_antibiotic	19	1185	1185	1.0	Klebsiella michiganensis (chromosome or plasmid)
barcode01_6Gb	contig_2446	28852	30037	Escherichia coli EF-Tu mutants conferring resistance to Pulvomycin_elfamycin_antibiotic	18	1185	1185	1.0	Klebsiella (chromosome or plasmid)
barcode01_6Gb	contig_2449	100750	101896	CMY-25_cephamycin	21	1146	1146	1.0	Citrobacter portucalensis (chromosome or plasmid)
barcode01_6Gb	contig_2458	166456	167641	Escherichia coli EF-Tu mutants conferring resistance to Pulvomycin_elfamycin_antibiotic	49	1185	1185	1.0	Enterobacter (chromosome or plasmid)
barcode01_6Gb	contig_2458	315962	317354	Escherichia coli UhpT with mutation conferring resistance to fosfomycin_phosphonic_acid_antibiotic	18	1392	1392	1.0	Enterobacter kobei (chromosome or plasmid)
barcode01_6Gb	contig_2467	113717	114380	AcrS_fluoroquinolone_antibiotic;_cephalosporin;_glycylcycline;_cephamycin;_penam;_tetracycline_antibiotic;_rifamycin_antibiotic;_phenicol_antibiotic;_disinfecting_agents_and_antiseptics	32	663	663	1.0	Unknown taxonomy (chromosome or plasmid)
barcode01_6Gb	contig_2467	114778	115936	AcrE_fluoroquinolone_antibiotic;_cephalosporin;_cephamycin;_penam	30	1158	1158	1.0	Unknown taxonomy (chromosome or plasmid)
barcode01_6Gb	contig_2467	115947	119052	AcrF_fluoroquinolone_antibiotic;_cephalosporin;_cephamycin;_penam	30	3105	3105	1.0	Escherichia coli (chromosome or plasmid)
barcode01_6Gb	contig_2499	1273	2047	TEM-68_monobactam;_cephalosporin;_penam;_penem	34	774	774	1.0	Providencia stuartii (chromosome or plasmid)
barcode01_6Gb	contig_2500	1275	2136	TEM-1_monobactam;_cephalosporin;_penam;_penem	44	861	861	1.0	Unknown taxonomy (chromosome or plasmid)
barcode01_6Gb	contig_2501	842	1481	AAC(6')-Ib8_aminoglycoside_antibiotic	14	639	639	1.0	Unknown taxonomy (chromosome or plasmid)
barcode01_6Gb	contig_2501	1563	2220	QnrVC4_fluoroquinolone_antibiotic	11	657	657	1.0	Unknown taxonomy (chromosome or plasmid)
barcode01_6Gb	contig_2501	2495	3128	AAC(6')-Ib9_aminoglycoside_antibiotic	20	633	633	1.0	Unknown taxonomy (chromosome or plasmid)
barcode01_6Gb	contig_2517	1536942	1538274	vanW gene in vanI cluster_glycopeptide_antibiotic	11	1332	1332	1.0	
barcode01_6Gb	contig_2517	1637315	1640456	adeF_fluoroquinolone_antibiotic;_tetracycline_antibiotic	12	3141	3141	1.0	
barcode01_6Gb	contig_2517	1834751	1835864	vanT gene in vanG cluster_glycopeptide_antibiotic	13	1113	1113	1.0	
barcode01_6Gb	contig_2517	2776151	2777528	vanW gene in vanI cluster_glycopeptide_antibiotic	9	1377	1377	1.0	
barcode01_6Gb	contig_2616	160866	161853	vanH gene in vanO cluster_glycopeptide_antibiotic	31	987	987	1.0	
barcode01_6Gb	contig_2616	743273	744431	vanT gene in vanG cluster_glycopeptide_antibiotic	40	1158	1158	1.0	
barcode01_6Gb	contig_2641	61117	61906	ANT(3'')-IIa_aminoglycoside_antibiotic	23	789	789	1.0	Acinetobacter (chromosome or plasmid)
barcode01_6Gb	contig_2641	67011	67827	sul2_sulfonamide_antibiotic	58	816	816	1.0	Unknown taxonomy (chromosome or plasmid)
barcode01_6Gb	contig_2641	70329	71544	floR_phenicol_antibiotic	24	1215	1215	1.0	Unknown taxonomy (chromosome or plasmid)
barcode01_6Gb	contig_2653	95575	96466	CblA-1_cephalosporin	4	891	891	1.0	Phocaeicola dorei (no genomic info)
barcode01_6Gb	contig_2676	818781	820275	vanW gene in vanI cluster_glycopeptide_antibiotic	21	1494	1494	1.0	
barcode01_6Gb	contig_2676	889565	890768	vanT gene in vanG cluster_glycopeptide_antibiotic	22	1203	1203	1.0	
barcode01_6Gb	contig_2676	1595746	1596310	lnuC_lincosamide_antibiotic	53	564	564	1.0	Unknown taxonomy (chromosome or plasmid)
barcode01_6Gb	contig_2676	1662131	1665284	adeF_fluoroquinolone_antibiotic;_tetracycline_antibiotic	30	3153	3153	1.0	
barcode01_6Gb	contig_2676	2500158	2500722	lnuC_lincosamide_antibiotic	55	564	564	1.0	Unknown taxonomy (chromosome or plasmid)
barcode01_6Gb	contig_2680	4242	4470	qacG_disinfecting_agents_and_antiseptics	6	228	228	1.0	
barcode01_6Gb	contig_2717	13730	14156	FosA2_phosphonic_acid_antibiotic	12	426	426	1.0	Enterobacter roggenkampii (chromosome)
barcode01_6Gb	contig_2794	72133	72535	FosA8_phosphonic_acid_antibiotic	93	402	402	1.0	Aeromonas caviae (chromosome or plasmid)
barcode01_6Gb	contig_2818	129	1314	Escherichia coli EF-Tu mutants conferring resistance to Pulvomycin_elfamycin_antibiotic	111	1185	1185	1.0	Aeromonas caviae (chromosome or plasmid)
barcode01_6Gb	contig_2818	19334	20519	Escherichia coli EF-Tu mutants conferring resistance to Pulvomycin_elfamycin_antibiotic	115	1185	1185	1.0	Aeromonas (chromosome or plasmid)
barcode01_6Gb	contig_2883	14866	16183	Acinetobacter baumannii AbaQ_fluoroquinolone_antibiotic	16	1317	1317	1.0	
barcode01_6Gb	contig_3	379321	380158	APH(6)-Id_aminoglycoside_antibiotic	39	837	837	1.0	Unknown taxonomy (chromosome or plasmid)
barcode01_6Gb	contig_3	381021	381837	sul2_sulfonamide_antibiotic	41	816	816	1.0	Unknown taxonomy (chromosome or plasmid)
barcode01_6Gb	contig_3072	15775	17524	msbA_nitroimidazole_antibiotic	17	1749	1749	1.0	Enterobacter (chromosome)
barcode01_6Gb	contig_3303	45865	46120	rsmA_fluoroquinolone_antibiotic;_diaminopyrimidine_antibiotic;_phenicol_antibiotic	332	255	255	1.0	
barcode01_6Gb	contig_335	2956	3781	OXA-644_carbapenem;_penam	507	825	825	1.0	Acinetobacter johnsonii (chromosome)
barcode01_6Gb	contig_3412	7734	8412	kdpE_aminoglycoside_antibiotic	23	678	678	1.0	Escherichia fergusonii (chromosome or plasmid)
barcode01_6Gb	contig_3418	46373	46559	rsmA_fluoroquinolone_antibiotic;_diaminopyrimidine_antibiotic;_phenicol_antibiotic	3	186	186	1.0	Unknown taxonomy (chromosome or plasmid)
barcode01_6Gb	contig_3418	56186	57725	emrB_fluoroquinolone_antibiotic	12	1539	1539	1.0	Unknown taxonomy (chromosome or plasmid)
barcode01_6Gb	contig_3418	59028	59559	emrR_fluoroquinolone_antibiotic	10	531	531	1.0	
barcode01_6Gb	contig_354	10248	11034	mphE_macrolide_antibiotic	21	786	786	1.0	Unknown taxonomy (chromosome or plasmid)
barcode01_6Gb	contig_3576	19145	20306	vanT gene in vanG cluster_glycopeptide_antibiotic	9	1161	1161	1.0	
barcode01_6Gb	contig_3583	8663	9287	catS_phenicol_antibiotic	7	624	624	1.0	Parvimonas micra (chromosome)
barcode01_6Gb	contig_3742	3665	4505	sul1_sulfonamide_antibiotic	92	840	840	1.0	Unknown taxonomy (chromosome or plasmid)
barcode01_6Gb	contig_3742	4498	4846	qacEdelta1_disinfecting_agents_and_antiseptics	85	348	348	1.0	Unknown taxonomy (chromosome or plasmid)
barcode01_6Gb	contig_3742	5033	5732	aadA6/aadA10_aminoglycoside_antibiotic	41	699	699	1.0	Unknown taxonomy (chromosome or plasmid)
barcode01_6Gb	contig_3742	10421	10931	dfrA8_diaminopyrimidine_antibiotic	6	510	510	1.0	Unknown taxonomy (chromosome or plasmid)
barcode01_6Gb	contig_3742	16229	16889	catA1_phenicol_antibiotic	9	660	660	1.0	Unknown taxonomy (chromosome or plasmid)
barcode01_6Gb	contig_3746	11770	12634	aadS_aminoglycoside_antibiotic	15	864	864	1.0	Unknown taxonomy (chromosome or plasmid)
barcode01_6Gb	contig_3746	13876	14677	ErmF_macrolide_antibiotic;_lincosamide_antibiotic;_streptogramin_antibiotic;_streptogramin_A_antibiotic;_streptogramin_B_antibiotic	17	801	801	1.0	Unknown taxonomy (chromosome or plasmid)
barcode01_6Gb	contig_3750	5916	6381	AAC(3)-Ia_aminoglycoside_antibiotic	30	465	465	1.0	Unknown taxonomy (chromosome or plasmid)
barcode01_6Gb	contig_3759	4966	5164	rsmA_fluoroquinolone_antibiotic;_diaminopyrimidine_antibiotic;_phenicol_antibiotic	6	198	198	1.0	Shewanella putrefaciens (chromosome)
barcode01_6Gb	contig_377	74816	76001	Escherichia coli EF-Tu mutants conferring resistance to Pulvomycin_elfamycin_antibiotic	27	1185	1185	1.0	Unknown taxonomy (chromosome or plasmid)
barcode01_6Gb	contig_3783	27895	28717	bacA_peptide_antibiotic	20	822	822	1.0	
barcode01_6Gb	contig_3794	66292	67525	Escherichia coli mdfA_tetracycline_antibiotic;_disinfecting_agents_and_antiseptics	37	1233	1233	1.0	Unknown taxonomy (chromosome or plasmid)
barcode01_6Gb	contig_3795	23001	24750	msbA_nitroimidazole_antibiotic	39	1749	1749	1.0	Unknown taxonomy (chromosome)
barcode01_6Gb	contig_3804	1370	2744	cpxA_aminoglycoside_antibiotic;_aminocoumarin_antibiotic	51	1374	1374	1.0	Unknown taxonomy (chromosome or plasmid)
barcode01_6Gb	contig_3812	37981	39187	tet(B)_tetracycline_antibiotic	20	1206	1206	1.0	Unknown taxonomy (chromosome or plasmid)
barcode01_6Gb	contig_3812	39268	39892	tetR_tetracycline_antibiotic	20	624	624	1.0	Unknown taxonomy (chromosome or plasmid)
barcode01_6Gb	contig_3821	100852	101824	leuO_nucleoside_antibiotic;_disinfecting_agents_and_antiseptics	17	972	972	1.0	
barcode01_6Gb	contig_3821	107981	109577	Haemophilus influenzae PBP3 conferring resistance to beta-lactam antibiotics_cephalosporin;_cephamycin;_penam	9	1596	1596	1.0	Unknown taxonomy (chromosome or plasmid)
barcode01_6Gb	contig_3823	4875	6075	tet(A)_tetracycline_antibiotic	42	1200	1200	1.0	Unknown taxonomy (chromosome or plasmid)
barcode01_6Gb	contig_3824	2012	2918	aadA_aminoglycoside_antibiotic	8	906	906	1.0	Pseudomonas aeruginosa (chromosome or plasmid)
barcode01_6Gb	contig_3824	3189	3846	QnrVC1_fluoroquinolone_antibiotic	9	657	657	1.0	Unknown taxonomy (chromosome or plasmid)
barcode01_6Gb	contig_3824	4004	4478	dfrA6_diaminopyrimidine_antibiotic	11	474	474	1.0	Unknown taxonomy (chromosome or plasmid)
barcode01_6Gb	contig_3889	132437	133742	Acinetobacter baumannii AbaQ_fluoroquinolone_antibiotic	45	1305	1305	1.0	Acinetobacter baumannii (chromosome or plasmid)
barcode01_6Gb	contig_4033	1774	2029	rsmA_fluoroquinolone_antibiotic;_diaminopyrimidine_antibiotic;_phenicol_antibiotic	18	255	255	1.0	
barcode01_6Gb	contig_4077	27395	27725	qacG_disinfecting_agents_and_antiseptics	10	330	330	1.0	
barcode01_6Gb	contig_4077	177421	178804	mdeA_fluoroquinolone_antibiotic;_aminoglycoside_antibiotic;_penam;_tetracycline_antibiotic;_disinfecting_agents_and_antiseptics	11	1383	1383	1.0	
barcode01_6Gb	contig_4102	276	1389	vanT gene in vanG cluster_glycopeptide_antibiotic	16	1113	1113	1.0	
barcode01_6Gb	contig_4131	70739	73850	adeB_glycylcycline;_tetracycline_antibiotic	21	3111	3111	1.0	Acinetobacter baumannii (no genomic info)
barcode01_6Gb	contig_4188	2	467	dfrA14_diaminopyrimidine_antibiotic	6	465	465	1.0	Unknown taxonomy (chromosome or plasmid)
barcode01_6Gb	contig_4189	2033	2873	sul1_sulfonamide_antibiotic	61	840	840	1.0	Unknown taxonomy (chromosome or plasmid)
barcode01_6Gb	contig_4189	2866	3214	qacEdelta1_disinfecting_agents_and_antiseptics	66	348	348	1.0	Unknown taxonomy (chromosome or plasmid)
barcode01_6Gb	contig_4189	3963	4743	aadA_aminoglycoside_antibiotic	44	780	780	1.0	Unknown taxonomy (chromosome or plasmid)
barcode01_6Gb	contig_4189	4903	5560	QnrVC1_fluoroquinolone_antibiotic	27	657	657	1.0	Unknown taxonomy (chromosome or plasmid)
barcode01_6Gb	contig_4191	3408	4248	sul1_sulfonamide_antibiotic	63	840	840	1.0	Unknown taxonomy (chromosome or plasmid)
barcode01_6Gb	contig_4191	4241	4589	qacEdelta1_disinfecting_agents_and_antiseptics	50	348	348	1.0	Unknown taxonomy (chromosome or plasmid)
barcode01_6Gb	contig_4191	4751	5531	aadA2_aminoglycoside_antibiotic	32	780	780	1.0	Unknown taxonomy (chromosome or plasmid)
barcode01_6Gb	contig_4209	82590	83736	MIR-17_monobactam;_cephalosporin	19	1146	1146	1.0	Enterobacter roggenkampii (chromosome)
barcode01_6Gb	contig_4339	9527	10331	baeR_aminoglycoside_antibiotic;_aminocoumarin_antibiotic	25	804	804	1.0	Enterobacter (chromosome)
barcode01_6Gb	contig_436	14275	16195	tet(O)_tetracycline_antibiotic	37	1920	1920	1.0	Unknown taxonomy (chromosome or plasmid)
barcode01_6Gb	contig_4370	30015	31989	tet(Q)_tetracycline_antibiotic	33	1974	1974	1.0	Unknown taxonomy (chromosome)
barcode01_6Gb	contig_4427	5047	5887	sul1_sulfonamide_antibiotic	86	840	840	1.0	Unknown taxonomy (chromosome or plasmid)
barcode01_6Gb	contig_4427	5880	6228	qacEdelta1_disinfecting_agents_and_antiseptics	76	348	348	1.0	Unknown taxonomy (chromosome or plasmid)
barcode01_6Gb	contig_4427	6683	7511	OXA-2_carbapenem;_cephalosporin;_penam	50	828	828	1.0	Unknown taxonomy (chromosome or plasmid)
barcode01_6Gb	contig_4427	8468	9296	OXA-2_carbapenem;_cephalosporin;_penam	46	828	828	1.0	Unknown taxonomy (chromosome or plasmid)
barcode01_6Gb	contig_4427	9377	10028	AAC(6')-Ib9_aminoglycoside_antibiotic	51	651	651	1.0	Unknown taxonomy (chromosome or plasmid)
barcode01_6Gb	contig_4427	10069	10933	GES-1_carbapenem;_cephalosporin;_penam	53	864	864	1.0	Unknown taxonomy (chromosome or plasmid)
barcode01_6Gb	contig_4429	429	777	qacEdelta1_disinfecting_agents_and_antiseptics	13	348	348	1.0	Unknown taxonomy (chromosome or plasmid)
barcode01_6Gb	contig_4429	770	1610	sul1_sulfonamide_antibiotic	21	840	840	1.0	Unknown taxonomy (chromosome or plasmid)
barcode01_6Gb	contig_4430	6431	7211	APH(3')-VIa_aminoglycoside_antibiotic	50	780	780	1.0	Unknown taxonomy (chromosome or plasmid)
barcode01_6Gb	contig_4430	14416	14914	dfrA12_diaminopyrimidine_antibiotic	48	498	498	1.0	Unknown taxonomy (chromosome or plasmid)
barcode01_6Gb	contig_4430	15333	16113	aadA2_aminoglycoside_antibiotic	62	780	780	1.0	Unknown taxonomy (chromosome or plasmid)
barcode01_6Gb	contig_4430	16276	16624	qacEdelta1_disinfecting_agents_and_antiseptics	82	348	348	1.0	Unknown taxonomy (chromosome or plasmid)
barcode01_6Gb	contig_4430	16617	17457	sul1_sulfonamide_antibiotic	85	840	840	1.0	Unknown taxonomy (chromosome or plasmid)
barcode01_6Gb	contig_4431	1591	2851	cmlA5_phenicol_antibiotic	21	1260	1260	1.0	Unknown taxonomy (chromosome or plasmid)
barcode01_6Gb	contig_4431	3115	3916	OXA-10_cephalosporin;_penam	26	801	801	1.0	Unknown taxonomy (chromosome or plasmid)
barcode01_6Gb	contig_4432	141	921	APH(3')-VIa_aminoglycoside_antibiotic	66	780	780	1.0	Unknown taxonomy (chromosome or plasmid)
barcode01_6Gb	contig_4432	3356	4238	KPC-2_monobactam;_carbapenem;_cephalosporin;_penam	72	882	882	1.0	Unknown taxonomy (chromosome or plasmid)
barcode01_6Gb	contig_453	132025	132514	nimJ_nitroimidazole_antibiotic	4	489	489	1.0	
barcode01_6Gb	contig_4638	1010	1337	qacG_disinfecting_agents_and_antiseptics	10	327	327	1.0	
barcode01_6Gb	contig_474	28966	30097	vanT gene in vanG cluster_glycopeptide_antibiotic	14	1131	1131	1.0	
barcode01_6Gb	contig_4745	15183	15438	rsmA_fluoroquinolone_antibiotic;_diaminopyrimidine_antibiotic;_phenicol_antibiotic	30	255	255	1.0	
barcode01_6Gb	contig_4749	1163	1418	rsmA_fluoroquinolone_antibiotic;_diaminopyrimidine_antibiotic;_phenicol_antibiotic	2	255	255	1.0	
barcode01_6Gb	contig_480	277965	278295	abeS_macrolide_antibiotic;_aminocoumarin_antibiotic	40	330	330	1.0	Acinetobacter baumannii (chromosome or plasmid)
barcode01_6Gb	contig_480	281603	282617	adeL_fluoroquinolone_antibiotic;_tetracycline_antibiotic	38	1014	1014	1.0	Acinetobacter baumannii (chromosome or plasmid)
barcode01_6Gb	contig_480	282832	284053	adeG_fluoroquinolone_antibiotic;_tetracycline_antibiotic	47	1221	1221	1.0	Acinetobacter baumannii (chromosome or plasmid)
barcode01_6Gb	contig_480	284059	287239	adeF_fluoroquinolone_antibiotic;_tetracycline_antibiotic	47	3180	3180	1.0	Acinetobacter baumannii (chromosome or plasmid)
barcode01_6Gb	contig_480	287251	288700	adeH_fluoroquinolone_antibiotic;_tetracycline_antibiotic	52	1449	1449	1.0	Acinetobacter baumannii (chromosome or plasmid)
barcode01_6Gb	contig_480	392290	393442	ADC-154_cephalosporin	32	1152	1152	1.0	Acinetobacter baumannii (chromosome or plasmid)
barcode01_6Gb	contig_480	742213	743464	adeI_macrolide_antibiotic;_fluoroquinolone_antibiotic;_lincosamide_antibiotic;_carbapenem;_cephalosporin;_tetracycline_antibiotic;_rifamycin_antibiotic;_diaminopyrimidine_antibiotic;_phenicol_antibiotic;_penem	48	1251	1251	1.0	Acinetobacter baumannii (chromosome or plasmid)
barcode01_6Gb	contig_480	743476	746653	adeJ_macrolide_antibiotic;_fluoroquinolone_antibiotic;_lincosamide_antibiotic;_carbapenem;_cephalosporin;_tetracycline_antibiotic;_rifamycin_antibiotic;_diaminopyrimidine_antibiotic;_phenicol_antibiotic;_penem	45	3177	3177	1.0	Acinetobacter baumannii (chromosome or plasmid)
barcode01_6Gb	contig_480	746652	748107	adeK_macrolide_antibiotic;_fluoroquinolone_antibiotic;_lincosamide_antibiotic;_carbapenem;_cephalosporin;_tetracycline_antibiotic;_rifamycin_antibiotic;_diaminopyrimidine_antibiotic;_phenicol_antibiotic;_penem	43	1455	1455	1.0	Acinetobacter baumannii (chromosome or plasmid)
barcode01_6Gb	contig_4999	16317	18243	tet(Q)_tetracycline_antibiotic	22	1926	1926	1.0	Unknown taxonomy (chromosome)
barcode01_6Gb	contig_5013	30596	31829	mdtM_fluoroquinolone_antibiotic;_lincosamide_antibiotic;_nucleoside_antibiotic;_phenicol_antibiotic;_disinfecting_agents_and_antiseptics	34	1233	1233	1.0	Unknown taxonomy (chromosome or plasmid)
barcode01_6Gb	contig_5027	9560	11498	vanT gene in vanG cluster_glycopeptide_antibiotic	10	1938	1938	1.0	
barcode01_6Gb	contig_5136	6124	6469	qacG_disinfecting_agents_and_antiseptics	16	345	345	1.0	Unknown taxonomy (chromosome or plasmid)
barcode01_6Gb	contig_5143	862	1729	SCO-1_cephalosporin;_penam;_penem	9	867	867	1.0	Unknown taxonomy (chromosome or plasmid)
barcode01_6Gb	contig_5143	1963	2824	AAC(3)-IIe_aminoglycoside_antibiotic	10	861	861	1.0	Unknown taxonomy (chromosome or plasmid)
barcode01_6Gb	contig_5151	1028	1601	AAC(6')-Ian_aminoglycoside_antibiotic	13	573	573	1.0	Unknown taxonomy (chromosome or plasmid)
barcode01_6Gb	contig_5186	11142	11742	AAC(6')-Ib-cr6_fluoroquinolone_antibiotic;_aminoglycoside_antibiotic	51	600	600	1.0	Unknown taxonomy (chromosome or plasmid)
barcode01_6Gb	contig_5186	11872	12703	OXA-1_cephalosporin;_penam	46	831	831	1.0	Unknown taxonomy (chromosome or plasmid)
barcode01_6Gb	contig_5186	12840	13473	catB3_phenicol_antibiotic	46	633	633	1.0	Unknown taxonomy (chromosome or plasmid)
barcode01_6Gb	contig_5186	13557	14010	arr-3_rifamycin_antibiotic	45	453	453	1.0	Unknown taxonomy (chromosome or plasmid)
barcode01_6Gb	contig_5186	14232	14580	qacEdelta1_disinfecting_agents_and_antiseptics	48	348	348	1.0	Unknown taxonomy (chromosome or plasmid)
barcode01_6Gb	contig_5186	14573	15413	sul1_sulfonamide_antibiotic	45	840	840	1.0	Unknown taxonomy (chromosome or plasmid)
barcode01_6Gb	contig_5190	2791	3631	sul1_sulfonamide_antibiotic	46	840	840	1.0	Unknown taxonomy (chromosome or plasmid)
barcode01_6Gb	contig_5190	3624	3972	qacEdelta1_disinfecting_agents_and_antiseptics	50	348	348	1.0	Unknown taxonomy (chromosome or plasmid)
barcode01_6Gb	contig_5190	4194	4647	arr-3_rifamycin_antibiotic	40	453	453	1.0	Unknown taxonomy (chromosome or plasmid)
barcode01_6Gb	contig_5190	4731	5364	catB3_phenicol_antibiotic	42	633	633	1.0	Unknown taxonomy (chromosome or plasmid)
barcode01_6Gb	contig_5190	5501	6332	OXA-1_cephalosporin;_penam	41	831	831	1.0	Unknown taxonomy (chromosome or plasmid)
barcode01_6Gb	contig_5190	6462	7062	AAC(6')-Ib-cr6_fluoroquinolone_antibiotic;_aminoglycoside_antibiotic	46	600	600	1.0	Unknown taxonomy (chromosome or plasmid)
barcode01_6Gb	contig_5193	16960	18616	ArnT_peptide_antibiotic	20	1656	1656	1.0	Enterobacter (chromosome)
barcode01_6Gb	contig_5199	6474	6744	FosA8_phosphonic_acid_antibiotic	2	270	270	1.0	Unknown taxonomy (chromosome or plasmid)
barcode01_6Gb	contig_5199	9417	10293	CTX-M-55_cephalosporin	10	876	876	1.0	Unknown taxonomy (chromosome or plasmid)
barcode01_6Gb	contig_5216	17445	18261	sul2_sulfonamide_antibiotic	24	816	816	1.0	Unknown taxonomy (chromosome or plasmid)
barcode01_6Gb	contig_5216	19505	19853	qacEdelta1_disinfecting_agents_and_antiseptics	20	348	348	1.0	Unknown taxonomy (chromosome or plasmid)
barcode01_6Gb	contig_5216	20016	20796	aadA_aminoglycoside_antibiotic	42	780	780	1.0	Unknown taxonomy (chromosome or plasmid)
barcode01_6Gb	contig_5216	20900	21374	dfrA1_diaminopyrimidine_antibiotic	28	474	474	1.0	Unknown taxonomy (chromosome or plasmid)
barcode01_6Gb	contig_5217	4919	5393	dfrA1_diaminopyrimidine_antibiotic	24	474	474	1.0	Unknown taxonomy (chromosome or plasmid)
barcode01_6Gb	contig_5217	5497	6277	aadA_aminoglycoside_antibiotic	38	780	780	1.0	Unknown taxonomy (chromosome or plasmid)
barcode01_6Gb	contig_5217	6440	6788	qacEdelta1_disinfecting_agents_and_antiseptics	20	348	348	1.0	Unknown taxonomy (chromosome or plasmid)
barcode01_6Gb	contig_5217	8032	8848	sul2_sulfonamide_antibiotic	21	816	816	1.0	Unknown taxonomy (chromosome or plasmid)
barcode01_6Gb	contig_54	241777	241966	rsmA_fluoroquinolone_antibiotic;_diaminopyrimidine_antibiotic;_phenicol_antibiotic	112	189	189	1.0	
barcode01_6Gb	contig_5446	10962	11799	APH(6)-Id_aminoglycoside_antibiotic	67	837	837	1.0	Unknown taxonomy (chromosome or plasmid)
barcode01_6Gb	contig_5446	11798	12602	APH(3'')-Ib_aminoglycoside_antibiotic	54	804	804	1.0	Unknown taxonomy (chromosome or plasmid)
barcode01_6Gb	contig_545	167655	168849	vanT gene in vanG cluster_glycopeptide_antibiotic	14	1194	1194	1.0	
barcode01_6Gb	contig_545	319535	320708	vanT gene in vanG cluster_glycopeptide_antibiotic	22	1173	1173	1.0	
barcode01_6Gb	contig_545	327627	329589	tet(O)_tetracycline_antibiotic	9	1962	1962	1.0	
barcode01_6Gb	contig_5453	45328	46312	vanT gene in vanG cluster_glycopeptide_antibiotic	16	984	984	1.0	
barcode01_6Gb	contig_5460	107	764	QnrVC1_fluoroquinolone_antibiotic	14	657	657	1.0	Unknown taxonomy (chromosome or plasmid)
barcode01_6Gb	contig_5462	33582	34350	sul4_sulfonamide_antibiotic	7	768	768	1.0	Unknown taxonomy (chromosome or plasmid)
barcode01_6Gb	contig_5462	35007	35808	OXA-101_cephalosporin;_penam	7	801	801	1.0	Unknown taxonomy (chromosome or plasmid)
barcode01_6Gb	contig_5462	35883	36675	aadA_aminoglycoside_antibiotic	29	792	792	1.0	Unknown taxonomy (chromosome or plasmid)
barcode01_6Gb	contig_5484	12937	13675	ErmB_macrolide_antibiotic;_lincosamide_antibiotic;_streptogramin_antibiotic;_streptogramin_A_antibiotic;_streptogramin_B_antibiotic	21	738	738	1.0	Unknown taxonomy (chromosome or plasmid)
barcode01_6Gb	contig_55	151324	152071	vanY gene in vanG cluster_glycopeptide_antibiotic	16	747	747	1.0	
barcode01_6Gb	contig_550	257842	261013	adeF_fluoroquinolone_antibiotic;_tetracycline_antibiotic	10	3171	3171	1.0	
barcode01_6Gb	contig_551	116951	118061	vanT gene in vanG cluster_glycopeptide_antibiotic	64	1110	1110	1.0	
barcode01_6Gb	contig_5552	108736	109558	bacA_peptide_antibiotic	21	822	822	1.0	
barcode01_6Gb	contig_5560	6133	7318	Escherichia coli EF-Tu mutants conferring resistance to Pulvomycin_elfamycin_antibiotic	44	1185	1185	1.0	Unknown taxonomy (chromosome or plasmid)
barcode01_6Gb	contig_5561	6042	7227	Escherichia coli EF-Tu mutants conferring resistance to Pulvomycin_elfamycin_antibiotic	25	1185	1185	1.0	Enterobacter roggenkampii (chromosome or plasmid)
barcode01_6Gb	contig_5562	21284	22469	Escherichia coli EF-Tu mutants conferring resistance to Pulvomycin_elfamycin_antibiotic	37	1185	1185	1.0	Unknown taxonomy (chromosome or plasmid)
barcode01_6Gb	contig_5563	18184	19369	Escherichia coli EF-Tu mutants conferring resistance to Pulvomycin_elfamycin_antibiotic	18	1185	1185	1.0	Unknown taxonomy (chromosome or plasmid)
barcode01_6Gb	contig_5564	52	1237	Escherichia coli EF-Tu mutants conferring resistance to Pulvomycin_elfamycin_antibiotic	26	1185	1185	1.0	Unknown taxonomy (chromosome or plasmid)
barcode01_6Gb	contig_5564	16028	16661	CRP_macrolide_antibiotic;_fluoroquinolone_antibiotic;_penam	44	633	633	1.0	Unknown taxonomy (chromosome or plasmid)
barcode01_6Gb	contig_5568	12652	13480	OXA-253_carbapenem;_penam	33	828	828	1.0	Acinetobacter baumannii (chromosome)
barcode01_6Gb	contig_5712	1143	1509	BRP(MBL)_glycopeptide_antibiotic	21	366	366	1.0	Unknown taxonomy (chromosome or plasmid)
barcode01_6Gb	contig_5712	1512	2325	NDM-1_carbapenem;_cephalosporin;_cephamycin;_penam	21	813	813	1.0	Unknown taxonomy (chromosome or plasmid)
barcode01_6Gb	contig_5714	1818	2634	sul2_sulfonamide_antibiotic	36	816	816	1.0	Unknown taxonomy (chromosome or plasmid)
barcode01_6Gb	contig_5714	4585	5800	floR_phenicol_antibiotic	17	1215	1215	1.0	Unknown taxonomy (chromosome or plasmid)
barcode01_6Gb	contig_5740	10498	13570	adeF_fluoroquinolone_antibiotic;_tetracycline_antibiotic	36	3072	3072	1.0	
barcode01_6Gb	contig_593	819223	820333	vanT gene in vanG cluster_glycopeptide_antibiotic	192	1110	1110	1.0	
barcode01_6Gb	contig_593	1063728	1066920	adeF_fluoroquinolone_antibiotic;_tetracycline_antibiotic	189	3192	3192	1.0	
barcode01_6Gb	contig_593	1322605	1323112	nimK_nitroimidazole_antibiotic	183	507	507	1.0	
barcode01_6Gb	contig_595	47569	48514	leuO_nucleoside_antibiotic;_disinfecting_agents_and_antiseptics	28	945	945	1.0	Unknown taxonomy (chromosome or plasmid)
barcode01_6Gb	contig_595	54614	56381	Haemophilus influenzae PBP3 conferring resistance to beta-lactam antibiotics_cephalosporin;_cephamycin;_penam	41	1767	1767	1.0	Escherichia coli (chromosome or plasmid)
barcode01_6Gb	contig_6	369698	372854	adeF_fluoroquinolone_antibiotic;_tetracycline_antibiotic	32	3156	3156	1.0	
barcode01_6Gb	contig_6102	20632	21412	APH(3')-VIa_aminoglycoside_antibiotic	23	780	780	1.0	Unknown taxonomy (chromosome or plasmid)
barcode01_6Gb	contig_6102	22689	23502	NDM-1_carbapenem;_cephalosporin;_cephamycin;_penam	18	813	813	1.0	Unknown taxonomy (chromosome or plasmid)
barcode01_6Gb	contig_617	64970	66890	tet(W)_tetracycline_antibiotic	30	1920	1920	1.0	Unknown taxonomy (chromosome or plasmid)
barcode01_6Gb	contig_6173	1309	1684	ramA_fluoroquinolone_antibiotic;_monobactam;_carbapenem;_cephalosporin;_glycylcycline;_cephamycin;_penam;_tetracycline_antibiotic;_rifamycin_antibiotic;_phenicol_antibiotic;_penem;_disinfecting_agents_and_antiseptics	3	375	375	1.0	Enterobacter (chromosome)
barcode01_6Gb	contig_6177	34299	35100	OXA-10_cephalosporin;_penam	8	801	801	1.0	Unknown taxonomy (chromosome or plasmid)
barcode01_6Gb	contig_622	665	2582	tet(W)_tetracycline_antibiotic	19	1917	1917	1.0	Collinsella aerofaciens (chromosome or plasmid)
barcode01_6Gb	contig_625	723	1533	tet(32)_tetracycline_antibiotic	6	810	810	1.0	Unknown taxonomy (chromosome or plasmid)
barcode01_6Gb	contig_6252	6176	7376	tet(A)_tetracycline_antibiotic	25	1200	1200	1.0	Unknown taxonomy (chromosome or plasmid)
barcode01_6Gb	contig_6287	16420	18145	tet(Q)_tetracycline_antibiotic	11	1725	1725	1.0	Unknown taxonomy (chromosome)
barcode01_6Gb	contig_6287	18942	20019	tet(X4)_glycylcycline;_tetracycline_antibiotic	12	1077	1077	1.0	Unknown taxonomy (chromosome or plasmid)
barcode01_6Gb	contig_6287	20231	21032	ErmF_macrolide_antibiotic;_lincosamide_antibiotic;_streptogramin_antibiotic;_streptogramin_A_antibiotic;_streptogramin_B_antibiotic	21	801	801	1.0	Unknown taxonomy (chromosome or plasmid)
barcode01_6Gb	contig_6417	129559	131203	YojI_peptide_antibiotic	32	1644	1644	1.0	Escherichia coli (chromosome or plasmid)
barcode01_6Gb	contig_6417	173576	174935	Escherichia coli GlpT with mutation conferring resistance to fosfomycin_phosphonic_acid_antibiotic	20	1359	1359	1.0	Unknown taxonomy (chromosome or plasmid)
barcode01_6Gb	contig_6417	185771	186740	PmrF_peptide_antibiotic	26	969	969	1.0	Unknown taxonomy (chromosome or plasmid)
barcode01_6Gb	contig_6417	189608	191261	ArnT_peptide_antibiotic	21	1653	1653	1.0	Unknown taxonomy (chromosome or plasmid)
barcode01_6Gb	contig_6529	9205	10720	aadT_macrolide_antibiotic;_tetracycline_antibiotic;_disinfecting_agents_and_antiseptics	17	1515	1515	1.0	
barcode01_6Gb	contig_6532	13531	16696	adeF_fluoroquinolone_antibiotic;_tetracycline_antibiotic	40	3165	3165	1.0	Acinetobacter (chromosome or plasmid)
barcode01_6Gb	contig_6534	2296	5461	adeF_fluoroquinolone_antibiotic;_tetracycline_antibiotic	24	3165	3165	1.0	Acinetobacter (chromosome or plasmid)
barcode01_6Gb	contig_654	145089	146163	vanT gene in vanG cluster_glycopeptide_antibiotic	88	1074	1074	1.0	
barcode01_6Gb	contig_6550	8380	8674	vanY gene in vanB cluster_glycopeptide_antibiotic	18	294	294	1.0	Faecalibacterium prausnitzii (no genomic info)
barcode01_6Gb	contig_6593	6620	7715	vanG_glycopeptide_antibiotic	30	1095	1095	1.0	Unknown taxonomy (chromosome or plasmid)
barcode01_6Gb	contig_6593	90270	93420	acrB_fluoroquinolone_antibiotic;_cephalosporin;_glycylcycline;_penam;_tetracycline_antibiotic;_rifamycin_antibiotic;_phenicol_antibiotic;_disinfecting_agents_and_antiseptics	37	3150	3150	1.0	Unknown taxonomy (chromosome or plasmid)
barcode01_6Gb	contig_6593	93442	94636	Escherichia coli acrA_fluoroquinolone_antibiotic;_cephalosporin;_glycylcycline;_penam;_tetracycline_antibiotic;_rifamycin_antibiotic;_phenicol_antibiotic;_disinfecting_agents_and_antiseptics	34	1194	1194	1.0	Unknown taxonomy (chromosome or plasmid)
barcode01_6Gb	contig_6593	94777	95425	Escherichia coli AcrAB-TolC with AcrR mutation conferring resistance to ciprofloxacin, tetracycline, and ceftazidime_fluoroquinolone_antibiotic;_cephalosporin;_glycylcycline;_penam;_tetracycline_antibiotic;_rifamycin_antibiotic;_phenicol_antibiotic;_disinfecting_agents_and_antiseptics	32	648	648	1.0	Unknown taxonomy (chromosome or plasmid)
barcode01_6Gb	contig_6608	32004	33156	MOX-13_cephalosporin;_cephamycin;_penam	73	1152	1152	1.0	Aeromonas caviae (chromosome or plasmid)
barcode01_6Gb	contig_6615	15147	15825	kdpE_aminoglycoside_antibiotic	11	678	678	1.0	Citrobacter freundii (chromosome)
barcode01_6Gb	contig_68	67213	67558	qacG_disinfecting_agents_and_antiseptics	295	345	345	1.0	Acinetobacter johnsonii (chromosome)
barcode01_6Gb	contig_6814	80167	81415	mdtA_aminocoumarin_antibiotic	19	1248	1248	1.0	Unknown taxonomy (chromosome or plasmid)
barcode01_6Gb	contig_6814	84538	87616	mdtC_aminocoumarin_antibiotic	18	3078	3078	1.0	Escherichia coli (chromosome or plasmid)
barcode01_6Gb	contig_6814	90429	91152	baeR_aminoglycoside_antibiotic;_aminocoumarin_antibiotic	28	723	723	1.0	Unknown taxonomy (chromosome or plasmid)
barcode01_6Gb	contig_6873	1113	1893	APH(3')-VIa_aminoglycoside_antibiotic	41	780	780	1.0	Unknown taxonomy (chromosome or plasmid)
barcode01_6Gb	contig_6918	9338	9971	CRP_macrolide_antibiotic;_fluoroquinolone_antibiotic;_penam	17	633	633	1.0	Enterobacter (chromosome or plasmid)
barcode01_6Gb	contig_6941	70945	71200	rsmA_fluoroquinolone_antibiotic;_diaminopyrimidine_antibiotic;_phenicol_antibiotic	13	255	255	1.0	
barcode01_6Gb	contig_6949	2532	3999	mdtP_nucleoside_antibiotic;_disinfecting_agents_and_antiseptics	29	1467	1467	1.0	Unknown taxonomy (chromosome or plasmid)
barcode01_6Gb	contig_6949	3995	6047	mdtO_nucleoside_antibiotic;_disinfecting_agents_and_antiseptics	30	2052	2052	1.0	Unknown taxonomy (chromosome or plasmid)
barcode01_6Gb	contig_6949	6046	7078	mdtN_nucleoside_antibiotic;_disinfecting_agents_and_antiseptics	32	1032	1032	1.0	Unknown taxonomy (chromosome or plasmid)
barcode01_6Gb	contig_6949	43755	44085	Klebsiella pneumoniae KpnF_macrolide_antibiotic;_aminoglycoside_antibiotic;_cephalosporin;_tetracycline_antibiotic;_peptide_antibiotic;_rifamycin_antibiotic;_disinfecting_agents_and_antiseptics	20	330	330	1.0	Unknown taxonomy (chromosome or plasmid)
barcode01_6Gb	contig_6949	44071	44437	Klebsiella pneumoniae KpnE_macrolide_antibiotic;_aminoglycoside_antibiotic;_cephalosporin;_tetracycline_antibiotic;_peptide_antibiotic;_rifamycin_antibiotic;_disinfecting_agents_and_antiseptics	19	366	366	1.0	Unknown taxonomy (chromosome or plasmid)
barcode01_6Gb	contig_6950	114413	115547	EC-14_cephalosporin	44	1134	1134	1.0	Escherichia coli (chromosome or plasmid)
barcode01_6Gb	contig_6950	178272	179916	eptA_peptide_antibiotic	42	1644	1644	1.0	Unknown taxonomy (chromosome or plasmid)
barcode01_6Gb	contig_6950	202638	203670	mdtN_nucleoside_antibiotic;_disinfecting_agents_and_antiseptics	28	1032	1032	1.0	Unknown taxonomy (chromosome or plasmid)
barcode01_6Gb	contig_7011	242518	244072	vanW gene in vanI cluster_glycopeptide_antibiotic	12	1554	1554	1.0	
barcode01_6Gb	contig_7011	339281	340766	lsaE_lincosamide_antibiotic;_streptogramin_antibiotic;_pleuromutilin_antibiotic	12	1485	1485	1.0	Streptococcus (chromosome or plasmid)
barcode01_6Gb	contig_7011	340819	341623	lnuB_lincosamide_antibiotic	12	804	804	1.0	Unknown taxonomy (chromosome or plasmid)
barcode01_6Gb	contig_7050	80680	81661	PmrF_peptide_antibiotic	18	981	981	1.0	
barcode01_6Gb	contig_7050	84541	85825	ArnT_peptide_antibiotic	5	1284	1284	1.0	Escherichia coli (no genomic info)
barcode01_6Gb	contig_7050	193164	193797	CRP_macrolide_antibiotic;_fluoroquinolone_antibiotic;_penam	18	633	633	1.0	Unknown taxonomy (chromosome)
barcode01_6Gb	contig_7053	3928	4855	PER-3_monobactam;_carbapenem;_cephalosporin;_penam;_penem	19	927	927	1.0	Unknown taxonomy (chromosome or plasmid)
barcode01_6Gb	contig_7161	336	1449	vanT gene in vanG cluster_glycopeptide_antibiotic	20	1113	1113	1.0	
barcode01_6Gb	contig_7169	32485	33433	leuO_nucleoside_antibiotic;_disinfecting_agents_and_antiseptics	8	948	948	1.0	Citrobacter (chromosome)
barcode01_6Gb	contig_7228	90805	91804	vanH gene in vanB cluster_glycopeptide_antibiotic	9	999	999	1.0	
barcode01_6Gb	contig_7253	32819	33614	OXA-504_penam	128	795	795	1.0	Aeromonas caviae (chromosome)
barcode01_6Gb	contig_7268	105381	106140	vanY gene in vanB cluster_glycopeptide_antibiotic	8	759	759	1.0	
barcode01_6Gb	contig_7292	1466	1886	FosA6_phosphonic_acid_antibiotic	9	420	420	1.0	Klebsiella (chromosome or plasmid)
barcode01_6Gb	contig_737	3960	5199	Mrx_macrolide_antibiotic	163	1239	1239	1.0	Unknown taxonomy (chromosome or plasmid)
barcode01_6Gb	contig_737	5195	6101	mphA_macrolide_antibiotic	159	906	906	1.0	Unknown taxonomy (chromosome or plasmid)
barcode01_6Gb	contig_7384	686	1160	dfrA6_diaminopyrimidine_antibiotic	10	474	474	1.0	Unknown taxonomy (chromosome or plasmid)
barcode01_6Gb	contig_7385	1386	2043	QnrVC1_fluoroquinolone_antibiotic	13	657	657	1.0	Unknown taxonomy (chromosome or plasmid)
barcode01_6Gb	contig_7385	2201	2675	dfrA6_diaminopyrimidine_antibiotic	19	474	474	1.0	Unknown taxonomy (chromosome or plasmid)
barcode01_6Gb	contig_7405	202	547	qacG_disinfecting_agents_and_antiseptics	12	345	345	1.0	Unknown taxonomy (chromosome or plasmid)
barcode01_6Gb	contig_743	23137	24613	msrE_macrolide_antibiotic;_streptogramin_antibiotic	20	1476	1476	1.0	Unknown taxonomy (chromosome or plasmid)
barcode01_6Gb	contig_743	24668	25553	mphE_macrolide_antibiotic	27	885	885	1.0	Unknown taxonomy (chromosome or plasmid)
barcode01_6Gb	contig_7451	5924	6890	CfxA4_cephamycin	15	966	966	1.0	Unknown taxonomy (chromosome or plasmid)
barcode01_6Gb	contig_7452	8269	9235	CfxA3_cephamycin	30	966	966	1.0	Unknown taxonomy (chromosome or plasmid)
barcode01_6Gb	contig_749	2246	3173	PER-3_monobactam;_carbapenem;_cephalosporin;_penam;_penem	8	927	927	1.0	Unknown taxonomy (chromosome or plasmid)
barcode01_6Gb	contig_751	30159	31020	TEM-1_monobactam;_cephalosporin;_penam;_penem	35	861	861	1.0	Unknown taxonomy (chromosome or plasmid)
barcode01_6Gb	contig_751	32087	32993	mphA_macrolide_antibiotic	119	906	906	1.0	Unknown taxonomy (chromosome or plasmid)
barcode01_6Gb	contig_751	32989	34228	Mrx_macrolide_antibiotic	100	1239	1239	1.0	Unknown taxonomy (chromosome or plasmid)
barcode01_6Gb	contig_752	3167	3767	dfrA17_diaminopyrimidine_antibiotic	40	600	600	1.0	Unknown taxonomy (chromosome or plasmid)
barcode01_6Gb	contig_752	3897	4686	aadA5_aminoglycoside_antibiotic	47	789	789	1.0	Unknown taxonomy (chromosome or plasmid)
barcode01_6Gb	contig_752	4891	5239	qacEdelta1_disinfecting_agents_and_antiseptics	58	348	348	1.0	Unknown taxonomy (chromosome or plasmid)
barcode01_6Gb	contig_752	5232	6072	sul1_sulfonamide_antibiotic	59	840	840	1.0	Unknown taxonomy (chromosome or plasmid)
barcode01_6Gb	contig_752	7294	8200	mphA_macrolide_antibiotic	152	906	906	1.0	Unknown taxonomy (chromosome or plasmid)
barcode01_6Gb	contig_752	8196	9435	Mrx_macrolide_antibiotic	134	1239	1239	1.0	Unknown taxonomy (chromosome or plasmid)
barcode01_6Gb	contig_7539	27754	28960	Mef(En2)_macrolide_antibiotic;_lincosamide_antibiotic	28	1206	1206	1.0	Unknown taxonomy (chromosome)
barcode01_6Gb	contig_754	3313	4141	OXA-2_carbapenem;_cephalosporin;_penam	40	828	828	1.0	Unknown taxonomy (chromosome or plasmid)
barcode01_6Gb	contig_754	4189	4969	aadA_aminoglycoside_antibiotic	68	780	780	1.0	Unknown taxonomy (chromosome or plasmid)
barcode01_6Gb	contig_754	5132	5480	qacEdelta1_disinfecting_agents_and_antiseptics	78	348	348	1.0	Unknown taxonomy (chromosome or plasmid)
barcode01_6Gb	contig_754	5473	6313	sul1_sulfonamide_antibiotic	86	840	840	1.0	Unknown taxonomy (chromosome or plasmid)
barcode01_6Gb	contig_757	1850	3041	tet(C)_tetracycline_antibiotic	23	1191	1191	1.0	Unknown taxonomy (chromosome or plasmid)
barcode01_6Gb	contig_7586	56240	56426	rsmA_fluoroquinolone_antibiotic;_diaminopyrimidine_antibiotic;_phenicol_antibiotic	28	186	186	1.0	Unknown taxonomy (chromosome or plasmid)
barcode01_6Gb	contig_7586	61366	62905	emrB_fluoroquinolone_antibiotic	34	1539	1539	1.0	Unknown taxonomy (chromosome or plasmid)
barcode01_6Gb	contig_7586	62921	64094	emrA_fluoroquinolone_antibiotic	28	1173	1173	1.0	Unknown taxonomy (chromosome or plasmid)
barcode01_6Gb	contig_7586	64220	64751	emrR_fluoroquinolone_antibiotic	28	531	531	1.0	Unknown taxonomy (chromosome or plasmid)
barcode01_6Gb	contig_761	943	1759	APH(3')-Ia_aminoglycoside_antibiotic	47	816	816	1.0	Unknown taxonomy (chromosome or plasmid)
barcode01_6Gb	contig_762	3821	4394	AAC(6')-Ian_aminoglycoside_antibiotic	24	573	573	1.0	Unknown taxonomy (chromosome or plasmid)
barcode01_6Gb	contig_762	7049	7976	PER-12_monobactam;_carbapenem;_cephalosporin;_penam;_penem	17	927	927	1.0	Unknown taxonomy (chromosome or plasmid)
barcode01_6Gb	contig_762	13537	14047	dfrA8_diaminopyrimidine_antibiotic	20	510	510	1.0	Unknown taxonomy (chromosome or plasmid)
barcode01_6Gb	contig_762	15488	16283	APH(3'')-Ib_aminoglycoside_antibiotic	23	795	795	1.0	Unknown taxonomy (chromosome or plasmid)
barcode01_6Gb	contig_762	16478	17420	APH(3'')-Ib_aminoglycoside_antibiotic	54	942	942	1.0	Pseudomonas aeruginosa (chromosome or plasmid)
barcode01_6Gb	contig_762	17419	18256	APH(6)-Id_aminoglycoside_antibiotic	64	837	837	1.0	Unknown taxonomy (chromosome or plasmid)
barcode01_6Gb	contig_7633	3250	4234	ArnT_peptide_antibiotic	3	984	984	1.0	
barcode01_6Gb	contig_764	2151	3036	mphE_macrolide_antibiotic	27	885	885	1.0	Unknown taxonomy (chromosome or plasmid)
barcode01_6Gb	contig_764	3091	4567	msrE_macrolide_antibiotic;_streptogramin_antibiotic	22	1476	1476	1.0	Unknown taxonomy (chromosome or plasmid)
barcode01_6Gb	contig_764	5923	6457	ANT(2'')-Ia_aminoglycoside_antibiotic	18	534	534	1.0	Unknown taxonomy (chromosome or plasmid)
barcode01_6Gb	contig_764	6601	7501	VEB-1_monobactam;_cephalosporin	17	900	900	1.0	Unknown taxonomy (chromosome or plasmid)
barcode01_6Gb	contig_764	7619	8879	cmlA5_phenicol_antibiotic	31	1260	1260	1.0	Unknown taxonomy (chromosome or plasmid)
barcode01_6Gb	contig_764	9093	9732	AAC(6')-Ib9_aminoglycoside_antibiotic	25	639	639	1.0	Unknown taxonomy (chromosome or plasmid)
barcode01_6Gb	contig_764	9814	10471	QnrVC4_fluoroquinolone_antibiotic	28	657	657	1.0	Unknown taxonomy (chromosome or plasmid)
barcode01_6Gb	contig_766	51819	52701	KPC-2_monobactam;_carbapenem;_cephalosporin;_penam	324	882	882	1.0	Unknown taxonomy (chromosome or plasmid)
barcode01_6Gb	contig_768	4282	4939	QnrVC1_fluoroquinolone_antibiotic	11	657	657	1.0	Unknown taxonomy (chromosome or plasmid)
barcode01_6Gb	contig_768	6657	7131	dfrA6_diaminopyrimidine_antibiotic	16	474	474	1.0	Unknown taxonomy (chromosome or plasmid)
barcode01_6Gb	contig_768	7263	8127	GES-1_carbapenem;_cephalosporin;_penam	31	864	864	1.0	Unknown taxonomy (chromosome or plasmid)
barcode01_6Gb	contig_768	8200	8659	AAC(6')-Il_aminoglycoside_antibiotic	41	459	459	1.0	Unknown taxonomy (chromosome or plasmid)
barcode01_6Gb	contig_7683	27837	28170	qacG_disinfecting_agents_and_antiseptics	8	333	333	1.0	
barcode01_6Gb	contig_7699	1994	3182	tet(39)_tetracycline_antibiotic	45	1188	1188	1.0	Unknown taxonomy (plasmid)
barcode01_6Gb	contig_7707	12532	12865	Escherichia coli emrE_macrolide_antibiotic	17	333	333	1.0	Unknown taxonomy (chromosome or plasmid)
barcode01_6Gb	contig_771	23178	23637	AAC(6')-Il_aminoglycoside_antibiotic	57	459	459	1.0	Unknown taxonomy (chromosome or plasmid)
barcode01_6Gb	contig_771	23710	24574	GES-1_carbapenem;_cephalosporin;_penam	48	864	864	1.0	Unknown taxonomy (chromosome or plasmid)
barcode01_6Gb	contig_771	24696	25230	ANT(2'')-Ia_aminoglycoside_antibiotic	32	534	534	1.0	Unknown taxonomy (chromosome or plasmid)
barcode01_6Gb	contig_771	25345	25693	qacEdelta1_disinfecting_agents_and_antiseptics	70	348	348	1.0	Unknown taxonomy (chromosome or plasmid)
barcode01_6Gb	contig_771	25686	26526	sul1_sulfonamide_antibiotic	84	840	840	1.0	Unknown taxonomy (chromosome or plasmid)
barcode01_6Gb	contig_7832	7822	9082	EreB_macrolide_antibiotic	26	1260	1260	1.0	
barcode01_6Gb	contig_8056	983	2174	tet(C)_tetracycline_antibiotic	26	1191	1191	1.0	Unknown taxonomy (chromosome or plasmid)
barcode01_6Gb	contig_8089	6516	7254	ErmB_macrolide_antibiotic;_lincosamide_antibiotic;_streptogramin_antibiotic;_streptogramin_A_antibiotic;_streptogramin_B_antibiotic	16	738	738	1.0	Unknown taxonomy (chromosome or plasmid)
barcode01_6Gb	contig_8135	22829	23690	AAC(3)-IIe_aminoglycoside_antibiotic	23	861	861	1.0	Unknown taxonomy (chromosome or plasmid)
barcode01_6Gb	contig_8135	23831	24692	TEM-1_monobactam;_cephalosporin;_penam;_penem	31	861	861	1.0	Unknown taxonomy (chromosome or plasmid)
barcode01_6Gb	contig_8135	27510	28410	VEB-9_monobactam;_cephalosporin	11	900	900	1.0	Unknown taxonomy (chromosome or plasmid)
barcode01_6Gb	contig_8155	24183	24678	dfrF_diaminopyrimidine_antibiotic	12	495	495	1.0	Unknown taxonomy (chromosome or plasmid)
barcode01_6Gb	contig_8210	8079	11193	acrD_aminoglycoside_antibiotic	23	3114	3114	1.0	Unknown taxonomy (chromosome or plasmid)
barcode01_6Gb	contig_8210	105124	108718	evgS_macrolide_antibiotic;_fluoroquinolone_antibiotic;_penam;_tetracycline_antibiotic	23	3594	3594	1.0	Unknown taxonomy (chromosome or plasmid)
barcode01_6Gb	contig_8210	108722	109337	evgA_macrolide_antibiotic;_fluoroquinolone_antibiotic;_penam;_tetracycline_antibiotic	23	615	615	1.0	Unknown taxonomy (chromosome or plasmid)
barcode01_6Gb	contig_8210	109752	110916	emrK_tetracycline_antibiotic	25	1164	1164	1.0	Unknown taxonomy (chromosome or plasmid)
barcode01_6Gb	contig_8210	110915	112454	emrY_tetracycline_antibiotic	18	1539	1539	1.0	Unknown taxonomy (chromosome or plasmid)
barcode01_6Gb	contig_8224	12639	13824	Escherichia coli EF-Tu mutants conferring resistance to Pulvomycin_elfamycin_antibiotic	14	1185	1185	1.0	Citrobacter freundii (chromosome or plasmid)
barcode01_6Gb	contig_8360	4522	5641	vanT gene in vanG cluster_glycopeptide_antibiotic	3	1119	1119	1.0	
barcode01_6Gb	contig_8495	19302	19638	qacG_disinfecting_agents_and_antiseptics	7	336	336	1.0	
barcode01_6Gb	contig_8520	3695	4571	CTX-M-15_cephalosporin;_penam	40	876	876	1.0	Unknown taxonomy (chromosome or plasmid)
barcode01_6Gb	contig_8520	9211	9868	QnrS1_fluoroquinolone_antibiotic	42	657	657	1.0	Unknown taxonomy (chromosome or plasmid)
barcode01_6Gb	contig_8521	2133	2994	TEM-1_monobactam;_cephalosporin;_penam;_penem	36	861	861	1.0	Unknown taxonomy (chromosome or plasmid)
barcode01_6Gb	contig_8522	1792	2266	dfrA14_diaminopyrimidine_antibiotic	8	474	474	1.0	Unknown taxonomy (chromosome or plasmid)
barcode01_6Gb	contig_8522	9922	10714	sul3_sulfonamide_antibiotic	5	792	792	1.0	Unknown taxonomy (chromosome or plasmid)
barcode01_6Gb	contig_8522	11894	12227	qacL_disinfecting_agents_and_antiseptics	20	333	333	1.0	Unknown taxonomy (chromosome or plasmid)
barcode01_6Gb	contig_8522	12396	13176	aadA_aminoglycoside_antibiotic	21	780	780	1.0	Unknown taxonomy (chromosome or plasmid)
barcode01_6Gb	contig_8536	17332	18550	tet(E)_tetracycline_antibiotic	8	1218	1218	1.0	Aeromonas veronii (chromosome)
barcode01_6Gb	contig_8549	1462	1936	dfrA6_diaminopyrimidine_antibiotic	9	474	474	1.0	Unknown taxonomy (chromosome or plasmid)
barcode01_6Gb	contig_8549	2767	3424	QnrVC1_fluoroquinolone_antibiotic	11	657	657	1.0	Unknown taxonomy (chromosome or plasmid)
barcode01_6Gb	contig_8750	33393	34866	Haemophilus influenzae PBP3 conferring resistance to beta-lactam antibiotics_cephalosporin;_cephamycin;_penam	24	1473	1473	1.0	Enterobacter (chromosome or plasmid)
barcode01_6Gb	contig_8779	12339	13182	OXA-58_carbapenem;_penam	12	843	843	1.0	Unknown taxonomy (chromosome or plasmid)
barcode01_6Gb	contig_8898	228453	229686	Escherichia coli mdfA_tetracycline_antibiotic;_disinfecting_agents_and_antiseptics	15	1233	1233	1.0	
barcode01_6Gb	contig_9113	7494	7680	rsmA_fluoroquinolone_antibiotic;_diaminopyrimidine_antibiotic;_phenicol_antibiotic	18	186	186	1.0	
barcode01_6Gb	contig_9216	39189	39444	rsmA_fluoroquinolone_antibiotic;_diaminopyrimidine_antibiotic;_phenicol_antibiotic	10	255	255	1.0	
barcode01_6Gb	contig_9505	2445	3285	sul1_sulfonamide_antibiotic	16	840	840	1.0	Unknown taxonomy (chromosome or plasmid)
barcode01_6Gb	contig_9505	3278	3626	qacEdelta1_disinfecting_agents_and_antiseptics	13	348	348	1.0	Unknown taxonomy (chromosome or plasmid)
barcode01_6Gb	contig_9505	3641	4487	aadA16_aminoglycoside_antibiotic	17	846	846	1.0	Unknown taxonomy (chromosome or plasmid)
barcode01_6Gb	contig_9505	4645	5278	catB3_phenicol_antibiotic	7	633	633	1.0	Unknown taxonomy (chromosome or plasmid)
barcode01_6Gb	contig_9505	5339	6167	OXA-21_cephalosporin;_penam	8	828	828	1.0	Unknown taxonomy (chromosome or plasmid)
barcode01_6Gb	contig_9505	6236	6791	AAC(6')-IIa_aminoglycoside_antibiotic	6	555	555	1.0	Unknown taxonomy (chromosome or plasmid)
barcode01_6Gb	contig_9569	24963	25449	tet(W/N/W)_tetracycline_antibiotic	5	486	486	1.0	Collinsella aerofaciens (chromosome)
barcode01_6Gb	contig_9569	25877	26885	tet(W/N/W)_tetracycline_antibiotic	8	1008	1008	1.0	Eggerthella lenta (chromosome or plasmid)
barcode01_6Gb	contig_9571	1962	3177	floR_phenicol_antibiotic	30	1215	1215	1.0	Unknown taxonomy (chromosome or plasmid)
barcode01_6Gb	contig_9571	5679	6495	sul2_sulfonamide_antibiotic	57	816	816	1.0	Unknown taxonomy (chromosome or plasmid)
barcode01_6Gb	contig_9775	21313	21658	qacG_disinfecting_agents_and_antiseptics	3	345	345	1.0	
barcode01_6Gb	contig_9879	7869	8283	H-NS_macrolide_antibiotic;_fluoroquinolone_antibiotic;_cephalosporin;_cephamycin;_penam;_tetracycline_antibiotic	15	414	414	1.0	Citrobacter (chromosome)
barcode01_6Gb	contig_9944	29552	30779	mdtG_phosphonic_acid_antibiotic	22	1227	1227	1.0	Unknown taxonomy (chromosome or plasmid)
barcode01_6Gb	contig_9944	39409	40618	mdtH_fluoroquinolone_antibiotic	25	1209	1209	1.0	Unknown taxonomy (chromosome or plasmid)
barcode01_9Gb	contig_1	311983	313978	lmrD_lincosamide_antibiotic	20	1995	1995	1.0	
barcode01_9Gb	contig_1	988015	988762	vanY gene in vanG cluster_glycopeptide_antibiotic	20	747	747	1.0	
barcode01_9Gb	contig_10036	216137	217340	vanT gene in vanG cluster_glycopeptide_antibiotic	36	1203	1203	1.0	
barcode01_9Gb	contig_10062	10360	11161	ErmF_macrolide_antibiotic;_lincosamide_antibiotic;_streptogramin_antibiotic;_streptogramin_A_antibiotic;_streptogramin_B_antibiotic	22	801	801	1.0	Unknown taxonomy (chromosome or plasmid)
barcode01_9Gb	contig_10062	12403	13267	aadS_aminoglycoside_antibiotic	20	864	864	1.0	Unknown taxonomy (chromosome or plasmid)
barcode01_9Gb	contig_10068	17681	18161	emrR_fluoroquinolone_antibiotic	8	480	480	1.0	Klebsiella (chromosome or plasmid)
barcode01_9Gb	contig_10068	28997	29183	rsmA_fluoroquinolone_antibiotic;_diaminopyrimidine_antibiotic;_phenicol_antibiotic	8	186	186	1.0	Unknown taxonomy (chromosome or plasmid)
barcode01_9Gb	contig_10114	10177	11308	vanT gene in vanG cluster_glycopeptide_antibiotic	5	1131	1131	1.0	Roseburia hominis (no genomic info)
barcode01_9Gb	contig_10119	51864	53418	vanW gene in vanI cluster_glycopeptide_antibiotic	18	1554	1554	1.0	
barcode01_9Gb	contig_10119	672939	676110	adeF_fluoroquinolone_antibiotic;_tetracycline_antibiotic	18	3171	3171	1.0	
barcode01_9Gb	contig_1012	21042	21879	APH(6)-Id_aminoglycoside_antibiotic	33	837	837	1.0	Unknown taxonomy (chromosome or plasmid)
barcode01_9Gb	contig_1024	7447	7777	qacG_disinfecting_agents_and_antiseptics	7	330	330	1.0	
barcode01_9Gb	contig_10256	12063	12936	OXY-4-1_monobactam;_cephalosporin;_penam	7	873	873	1.0	Klebsiella michiganensis (chromosome)
barcode01_9Gb	contig_1026	22387	23224	APH(6)-Id_aminoglycoside_antibiotic	30	837	837	1.0	Unknown taxonomy (chromosome or plasmid)
barcode01_9Gb	contig_10265	26697	27843	vanT gene in vanG cluster_glycopeptide_antibiotic	18	1146	1146	1.0	
barcode01_9Gb	contig_10271	10308	11307	vanT gene in vanG cluster_glycopeptide_antibiotic	12	999	999	1.0	Phocaeicola (chromosome)
barcode01_9Gb	contig_10389	291998	292997	vanH gene in vanB cluster_glycopeptide_antibiotic	10	999	999	1.0	
barcode01_9Gb	contig_10590	9442	10252	vanY gene in vanB cluster_glycopeptide_antibiotic	10	810	810	1.0	
barcode01_9Gb	contig_1076	1	379	arr-3_rifamycin_antibiotic	31	378	378	1.0	Unknown taxonomy (chromosome or plasmid)
barcode01_9Gb	contig_1076	451	1072	AAC(6')-Ib9_aminoglycoside_antibiotic	54	621	621	1.0	Unknown taxonomy (chromosome or plasmid)
barcode01_9Gb	contig_1076	1240	1588	qacEdelta1_disinfecting_agents_and_antiseptics	72	348	348	1.0	Unknown taxonomy (chromosome or plasmid)
barcode01_9Gb	contig_1076	1581	2421	sul1_sulfonamide_antibiotic	62	840	840	1.0	Unknown taxonomy (chromosome or plasmid)
barcode01_9Gb	contig_1076	5683	6871	tet(39)_tetracycline_antibiotic	48	1188	1188	1.0	Unknown taxonomy (plasmid)
barcode01_9Gb	contig_10761	34347	35580	Escherichia coli mdfA_tetracycline_antibiotic;_disinfecting_agents_and_antiseptics	11	1233	1233	1.0	
barcode01_9Gb	contig_10811	112877	113408	emrR_fluoroquinolone_antibiotic	8	531	531	1.0	Citrobacter (chromosome or plasmid)
barcode01_9Gb	contig_10811	114729	116268	emrB_fluoroquinolone_antibiotic	7	1539	1539	1.0	Citrobacter portucalensis (chromosome)
barcode01_9Gb	contig_10811	122619	122805	rsmA_fluoroquinolone_antibiotic;_diaminopyrimidine_antibiotic;_phenicol_antibiotic	9	186	186	1.0	Citrobacter (chromosome or plasmid)
barcode01_9Gb	contig_10898	5915	7340	vanT gene in vanG cluster_glycopeptide_antibiotic	15	1425	1425	1.0	
barcode01_9Gb	contig_10915	6617	7712	vanG_glycopeptide_antibiotic	54	1095	1095	1.0	Unknown taxonomy (chromosome or plasmid)
barcode01_9Gb	contig_10915	88003	91153	acrB_fluoroquinolone_antibiotic;_cephalosporin;_glycylcycline;_penam;_tetracycline_antibiotic;_rifamycin_antibiotic;_phenicol_antibiotic;_disinfecting_agents_and_antiseptics	51	3150	3150	1.0	Unknown taxonomy (chromosome or plasmid)
barcode01_9Gb	contig_10915	91175	92369	Escherichia coli acrA_fluoroquinolone_antibiotic;_cephalosporin;_glycylcycline;_penam;_tetracycline_antibiotic;_rifamycin_antibiotic;_phenicol_antibiotic;_disinfecting_agents_and_antiseptics	44	1194	1194	1.0	Unknown taxonomy (chromosome or plasmid)
barcode01_9Gb	contig_10915	92510	93158	Escherichia coli AcrAB-TolC with AcrR mutation conferring resistance to ciprofloxacin, tetracycline, and ceftazidime_fluoroquinolone_antibiotic;_cephalosporin;_glycylcycline;_penam;_tetracycline_antibiotic;_rifamycin_antibiotic;_phenicol_antibiotic;_disinfecting_agents_and_antiseptics	41	648	648	1.0	Unknown taxonomy (chromosome or plasmid)
barcode01_9Gb	contig_1092	27123	28311	tet(39)_tetracycline_antibiotic	36	1188	1188	1.0	Unknown taxonomy (plasmid)
barcode01_9Gb	contig_1093	2939	4454	aadT_macrolide_antibiotic;_tetracycline_antibiotic;_disinfecting_agents_and_antiseptics	9	1515	1515	1.0	
barcode01_9Gb	contig_11080	14106	14472	qacG_disinfecting_agents_and_antiseptics	130	366	366	1.0	Acinetobacter johnsonii (chromosome)
barcode01_9Gb	contig_11083	15824	16208	qacG_disinfecting_agents_and_antiseptics	91	384	384	1.0	Acinetobacter johnsonii (chromosome)
barcode01_9Gb	contig_1113	1952	2792	sul1_sulfonamide_antibiotic	140	840	840	1.0	Unknown taxonomy (chromosome or plasmid)
barcode01_9Gb	contig_1113	2785	3133	qacEdelta1_disinfecting_agents_and_antiseptics	132	348	348	1.0	Unknown taxonomy (chromosome or plasmid)
barcode01_9Gb	contig_1113	3296	4076	aadA2_aminoglycoside_antibiotic	85	780	780	1.0	Unknown taxonomy (chromosome or plasmid)
barcode01_9Gb	contig_1113	4495	4993	dfrA12_diaminopyrimidine_antibiotic	59	498	498	1.0	Unknown taxonomy (chromosome or plasmid)
barcode01_9Gb	contig_1121	23941	24823	KPC-2_monobactam;_carbapenem;_cephalosporin;_penam	477	882	882	1.0	Unknown taxonomy (chromosome or plasmid)
barcode01_9Gb	contig_11263	7703	8426	baeR_aminoglycoside_antibiotic;_aminocoumarin_antibiotic	6	723	723	1.0	Enterobacter asburiae (chromosome)
barcode01_9Gb	contig_11305	70766	72158	Escherichia coli UhpT with mutation conferring resistance to fosfomycin_phosphonic_acid_antibiotic	24	1392	1392	1.0	Enterobacter kobei (chromosome or plasmid)
barcode01_9Gb	contig_11311	13158	14343	Escherichia coli EF-Tu mutants conferring resistance to Pulvomycin_elfamycin_antibiotic	45	1185	1185	1.0	Enterobacter kobei (chromosome or plasmid)
barcode01_9Gb	contig_11388	4975	6163	tet(39)_tetracycline_antibiotic	33	1188	1188	1.0	Unknown taxonomy (plasmid)
barcode01_9Gb	contig_1148	5887	6691	APH(3'')-Ib_aminoglycoside_antibiotic	64	804	804	1.0	Unknown taxonomy (chromosome or plasmid)
barcode01_9Gb	contig_1148	6690	7527	APH(6)-Id_aminoglycoside_antibiotic	60	837	837	1.0	Unknown taxonomy (chromosome or plasmid)
barcode01_9Gb	contig_11536	29446	30268	bacA_peptide_antibiotic	19	822	822	1.0	
barcode01_9Gb	contig_11638	3229	4414	vanT gene in vanG cluster_glycopeptide_antibiotic	7	1185	1185	1.0	
barcode01_9Gb	contig_11690	11735	12080	qacG_disinfecting_agents_and_antiseptics	399	345	345	1.0	Acinetobacter johnsonii (chromosome)
barcode01_9Gb	contig_11798	12550	13876	baeS_aminoglycoside_antibiotic;_aminocoumarin_antibiotic	12	1326	1326	1.0	
barcode01_9Gb	contig_11800	40239	43317	mdtC_aminocoumarin_antibiotic	12	3078	3078	1.0	Citrobacter amalonaticus (chromosome)
barcode01_9Gb	contig_11800	46183	46906	baeR_aminoglycoside_antibiotic;_aminocoumarin_antibiotic	3	723	723	1.0	
barcode01_9Gb	contig_11847	97	484	nimG_nitroimidazole_antibiotic	3	387	387	1.0	Bacteroides (no genomic info)
barcode01_9Gb	contig_1191	22218	22692	dfrA14_diaminopyrimidine_antibiotic	9	474	474	1.0	Unknown taxonomy (chromosome or plasmid)
barcode01_9Gb	contig_11921	1738	2521	LCR-1_cephalosporin;_penam	4	783	783	1.0	Pseudomonas aeruginosa (chromosome or plasmid)
barcode01_9Gb	contig_11922	1788	2643	ErmX_macrolide_antibiotic;_lincosamide_antibiotic;_streptogramin_antibiotic;_streptogramin_A_antibiotic;_streptogramin_B_antibiotic	21	855	855	1.0	Unknown taxonomy (chromosome or plasmid)
barcode01_9Gb	contig_11922	3605	4139	ANT(2'')-Ia_aminoglycoside_antibiotic	19	534	534	1.0	Unknown taxonomy (chromosome or plasmid)
barcode01_9Gb	contig_11922	4245	5550	GES-1_carbapenem;_cephalosporin;_penam	24	1305	1305	1.0	Pseudomonas aeruginosa (chromosome or plasmid)
barcode01_9Gb	contig_11923	469	817	qacEdelta1_disinfecting_agents_and_antiseptics	40	348	348	1.0	Unknown taxonomy (chromosome or plasmid)
barcode01_9Gb	contig_11923	810	1650	sul1_sulfonamide_antibiotic	32	840	840	1.0	Unknown taxonomy (chromosome or plasmid)
barcode01_9Gb	contig_11928	4963	5161	rsmA_fluoroquinolone_antibiotic;_diaminopyrimidine_antibiotic;_phenicol_antibiotic	10	198	198	1.0	Shewanella putrefaciens (chromosome)
barcode01_9Gb	contig_1193	9729	10386	QnrVC4_fluoroquinolone_antibiotic	39	657	657	1.0	Unknown taxonomy (chromosome or plasmid)
barcode01_9Gb	contig_1193	10468	11107	AAC(6')-Ib9_aminoglycoside_antibiotic	41	639	639	1.0	Unknown taxonomy (chromosome or plasmid)
barcode01_9Gb	contig_1193	11321	12581	cmlA5_phenicol_antibiotic	41	1260	1260	1.0	Unknown taxonomy (chromosome or plasmid)
barcode01_9Gb	contig_1193	12699	13599	VEB-1_monobactam;_cephalosporin	20	900	900	1.0	Unknown taxonomy (chromosome or plasmid)
barcode01_9Gb	contig_1193	13743	14277	ANT(2'')-Ia_aminoglycoside_antibiotic	24	534	534	1.0	Unknown taxonomy (chromosome or plasmid)
barcode01_9Gb	contig_1193	15668	17144	msrE_macrolide_antibiotic;_streptogramin_antibiotic	42	1476	1476	1.0	Unknown taxonomy (chromosome or plasmid)
barcode01_9Gb	contig_1193	17199	18084	mphE_macrolide_antibiotic	44	885	885	1.0	Unknown taxonomy (chromosome or plasmid)
barcode01_9Gb	contig_1193	20695	21601	mphA_macrolide_antibiotic	185	906	906	1.0	Unknown taxonomy (chromosome or plasmid)
barcode01_9Gb	contig_1193	21597	22836	Mrx_macrolide_antibiotic	194	1239	1239	1.0	Unknown taxonomy (chromosome or plasmid)
barcode01_9Gb	contig_1203	94034	95135	vanG_glycopeptide_antibiotic	22	1101	1101	1.0	Enterobacter kobei (chromosome)
barcode01_9Gb	contig_12204	6543	7728	Escherichia coli EF-Tu mutants conferring resistance to Pulvomycin_elfamycin_antibiotic	11	1185	1185	1.0	Unknown taxonomy (chromosome or plasmid)
barcode01_9Gb	contig_1221	673	1873	tet(A)_tetracycline_antibiotic	49	1200	1200	1.0	Unknown taxonomy (chromosome or plasmid)
barcode01_9Gb	contig_12271	72446	72782	qacG_disinfecting_agents_and_antiseptics	7	336	336	1.0	
barcode01_9Gb	contig_12271	156793	159949	adeF_fluoroquinolone_antibiotic;_tetracycline_antibiotic	14	3156	3156	1.0	
barcode01_9Gb	contig_12305	17333	18551	tet(E)_tetracycline_antibiotic	13	1218	1218	1.0	Aeromonas veronii (chromosome)
barcode01_9Gb	contig_1232	19763	20600	APH(6)-Id_aminoglycoside_antibiotic	71	837	837	1.0	Unknown taxonomy (chromosome or plasmid)
barcode01_9Gb	contig_12320	89395	90118	baeR_aminoglycoside_antibiotic;_aminocoumarin_antibiotic	16	723	723	1.0	Citrobacter freundii (chromosome)
barcode01_9Gb	contig_12362	13298	14000	vanY gene in vanB cluster_glycopeptide_antibiotic	22	702	702	1.0	
barcode01_9Gb	contig_1237	8577	9477	VEB-3_monobactam;_cephalosporin	13	900	900	1.0	Unknown taxonomy (chromosome or plasmid)
barcode01_9Gb	contig_1237	12190	13030	sul1_sulfonamide_antibiotic	44	840	840	1.0	Unknown taxonomy (chromosome or plasmid)
barcode01_9Gb	contig_1237	13023	13371	qacEdelta1_disinfecting_agents_and_antiseptics	40	348	348	1.0	Unknown taxonomy (chromosome or plasmid)
barcode01_9Gb	contig_1237	14226	14859	catB3_phenicol_antibiotic	26	633	633	1.0	Unknown taxonomy (chromosome or plasmid)
barcode01_9Gb	contig_1237	15818	16373	AAC(6')-IIa_aminoglycoside_antibiotic	12	555	555	1.0	Unknown taxonomy (chromosome or plasmid)
barcode01_9Gb	contig_12371	1056	1713	QnrVC1_fluoroquinolone_antibiotic	21	657	657	1.0	Unknown taxonomy (chromosome or plasmid)
barcode01_9Gb	contig_12371	2543	3017	dfrA6_diaminopyrimidine_antibiotic	10	474	474	1.0	Unknown taxonomy (chromosome or plasmid)
barcode01_9Gb	contig_12498	4663	4927	rsmA_fluoroquinolone_antibiotic;_diaminopyrimidine_antibiotic;_phenicol_antibiotic	6	264	264	1.0	
barcode01_9Gb	contig_12516	17267	17924	QnrS1_fluoroquinolone_antibiotic	9	657	657	1.0	Unknown taxonomy (chromosome or plasmid)
barcode01_9Gb	contig_12516	25946	27146	tet(A)_tetracycline_antibiotic	55	1200	1200	1.0	Unknown taxonomy (chromosome or plasmid)
barcode01_9Gb	contig_12590	29655	30213	vanW gene in vanI cluster_glycopeptide_antibiotic	3	558	558	1.0	
barcode01_9Gb	contig_12639	52	1237	Escherichia coli EF-Tu mutants conferring resistance to Pulvomycin_elfamycin_antibiotic	33	1185	1185	1.0	Unknown taxonomy (chromosome or plasmid)
barcode01_9Gb	contig_12639	16028	16661	CRP_macrolide_antibiotic;_fluoroquinolone_antibiotic;_penam	66	633	633	1.0	Unknown taxonomy (chromosome or plasmid)
barcode01_9Gb	contig_1264	530	878	qacEdelta1_disinfecting_agents_and_antiseptics	156	348	348	1.0	Unknown taxonomy (chromosome or plasmid)
barcode01_9Gb	contig_1264	871	1711	sul1_sulfonamide_antibiotic	168	840	840	1.0	Unknown taxonomy (chromosome or plasmid)
barcode01_9Gb	contig_1264	5786	7025	Mrx_macrolide_antibiotic	250	1239	1239	1.0	Unknown taxonomy (chromosome or plasmid)
barcode01_9Gb	contig_1264	7021	7927	mphA_macrolide_antibiotic	243	906	906	1.0	Unknown taxonomy (chromosome or plasmid)
barcode01_9Gb	contig_1264	8903	9719	APH(3')-Ia_aminoglycoside_antibiotic	105	816	816	1.0	Unknown taxonomy (chromosome or plasmid)
barcode01_9Gb	contig_1264	55666	55852	rsmA_fluoroquinolone_antibiotic;_diaminopyrimidine_antibiotic;_phenicol_antibiotic	12	186	186	1.0	Unknown taxonomy (chromosome or plasmid)
barcode01_9Gb	contig_1264	65394	66933	emrB_fluoroquinolone_antibiotic	19	1539	1539	1.0	
barcode01_9Gb	contig_1264	68236	68767	emrR_fluoroquinolone_antibiotic	13	531	531	1.0	
barcode01_9Gb	contig_12664	22492	22912	FosA6_phosphonic_acid_antibiotic	9	420	420	1.0	Klebsiella quasipneumoniae (chromosome or plasmid)
barcode01_9Gb	contig_12696	29627	30812	Mef(En2)_macrolide_antibiotic;_lincosamide_antibiotic	38	1185	1185	1.0	Unknown taxonomy (chromosome)
barcode01_9Gb	contig_12708	17334	18280	TLA-1_monobactam;_cephalosporin	8	946	946	1.0	
barcode01_9Gb	contig_1273	3265	3925	catA1_phenicol_antibiotic	10	660	660	1.0	Unknown taxonomy (chromosome or plasmid)
barcode01_9Gb	contig_1273	7285	8476	tet(C)_tetracycline_antibiotic	26	1191	1191	1.0	Unknown taxonomy (chromosome or plasmid)
barcode01_9Gb	contig_12766	4326	5568	mdtM_fluoroquinolone_antibiotic;_lincosamide_antibiotic;_nucleoside_antibiotic;_phenicol_antibiotic;_disinfecting_agents_and_antiseptics	7	1242	1242	1.0	
barcode01_9Gb	contig_1277	3359	4187	OXA-2_carbapenem;_cephalosporin;_penam	41	828	828	1.0	Unknown taxonomy (chromosome or plasmid)
barcode01_9Gb	contig_1277	4268	4919	AAC(6')-Ib9_aminoglycoside_antibiotic	57	651	651	1.0	Unknown taxonomy (chromosome or plasmid)
barcode01_9Gb	contig_1277	4960	5824	GES-1_carbapenem;_cephalosporin;_penam	56	864	864	1.0	Unknown taxonomy (chromosome or plasmid)
barcode01_9Gb	contig_1277	13927	14707	APH(3')-VIa_aminoglycoside_antibiotic	58	780	780	1.0	Unknown taxonomy (chromosome or plasmid)
barcode01_9Gb	contig_1278	9495	9828	qacE_disinfecting_agents_and_antiseptics	41	333	333	1.0	Unknown taxonomy (chromosome or plasmid)
barcode01_9Gb	contig_1285	16733	17390	QnrVC1_fluoroquinolone_antibiotic	45	657	657	1.0	Unknown taxonomy (chromosome or plasmid)
barcode01_9Gb	contig_1285	17550	18330	aadA_aminoglycoside_antibiotic	39	780	780	1.0	Unknown taxonomy (chromosome or plasmid)
barcode01_9Gb	contig_12901	66668	67028	qacJ_disinfecting_agents_and_antiseptics	8	360	360	1.0	
barcode01_9Gb	contig_12944	2991	3816	OXA-253_carbapenem;_penam	27	825	825	1.0	Acinetobacter baumannii (chromosome)
barcode01_9Gb	contig_12948	145422	145677	rsmA_fluoroquinolone_antibiotic;_diaminopyrimidine_antibiotic;_phenicol_antibiotic	18	255	255	1.0	
barcode01_9Gb	contig_1296	120739	121621	KPC-2_monobactam;_carbapenem;_cephalosporin;_penam	291	882	882	1.0	Unknown taxonomy (chromosome or plasmid)
barcode01_9Gb	contig_1302	12054	13239	Escherichia coli EF-Tu mutants conferring resistance to Pulvomycin_elfamycin_antibiotic	33	1185	1185	1.0	Unknown taxonomy (chromosome or plasmid)
barcode01_9Gb	contig_13144	115206	116340	EC-15_cephalosporin	63	1134	1134	1.0	Unknown taxonomy (chromosome or plasmid)
barcode01_9Gb	contig_13144	180343	181987	eptA_peptide_antibiotic	62	1644	1644	1.0	Unknown taxonomy (chromosome or plasmid)
barcode01_9Gb	contig_13144	204709	205741	mdtN_nucleoside_antibiotic;_disinfecting_agents_and_antiseptics	34	1032	1032	1.0	Unknown taxonomy (chromosome or plasmid)
barcode01_9Gb	contig_13144	205740	207792	mdtO_nucleoside_antibiotic;_disinfecting_agents_and_antiseptics	31	2052	2052	1.0	Escherichia coli (chromosome or plasmid)
barcode01_9Gb	contig_13216	2604	3675	OmpA_peptide_antibiotic	8	1071	1071	1.0	Klebsiella michiganensis (chromosome or plasmid)
barcode01_9Gb	contig_13232	15853	18979	adeF_fluoroquinolone_antibiotic;_tetracycline_antibiotic	24	3126	3126	1.0	
barcode01_9Gb	contig_13439	62801	63962	vanL_glycopeptide_antibiotic	6	1161	1161	1.0	
barcode01_9Gb	contig_1345	1900	2737	APH(6)-Id_aminoglycoside_antibiotic	59	837	837	1.0	Unknown taxonomy (chromosome or plasmid)
barcode01_9Gb	contig_1345	2736	3540	APH(3'')-Ib_aminoglycoside_antibiotic	71	804	804	1.0	Unknown taxonomy (chromosome or plasmid)
barcode01_9Gb	contig_13462	6039	7299	EreB_macrolide_antibiotic	26	1260	1260	1.0	
barcode01_9Gb	contig_1347	41070	41850	APH(3')-VIa_aminoglycoside_antibiotic	99	780	780	1.0	Unknown taxonomy (chromosome or plasmid)
barcode01_9Gb	contig_1347	44265	45147	KPC-2_monobactam;_carbapenem;_cephalosporin;_penam	116	882	882	1.0	Unknown taxonomy (chromosome or plasmid)
barcode01_9Gb	contig_1347	65783	66563	APH(3')-VIa_aminoglycoside_antibiotic	101	780	780	1.0	Unknown taxonomy (chromosome or plasmid)
barcode01_9Gb	contig_1351	5660	6566	mphA_macrolide_antibiotic	176	906	906	1.0	Unknown taxonomy (chromosome or plasmid)
barcode01_9Gb	contig_1351	8485	9346	AAC(3)-IIe_aminoglycoside_antibiotic	9	861	861	1.0	Unknown taxonomy (chromosome or plasmid)
barcode01_9Gb	contig_1351	9580	10447	SCO-1_cephalosporin;_penam;_penem	12	867	867	1.0	Unknown taxonomy (chromosome or plasmid)
barcode01_9Gb	contig_1357	25563	26802	Mrx_macrolide_antibiotic	138	1239	1239	1.0	Unknown taxonomy (chromosome or plasmid)
barcode01_9Gb	contig_1357	26798	27704	mphA_macrolide_antibiotic	151	906	906	1.0	Unknown taxonomy (chromosome or plasmid)
barcode01_9Gb	contig_1357	28771	29632	TEM-1_monobactam;_cephalosporin;_penam;_penem	57	861	861	1.0	Unknown taxonomy (chromosome or plasmid)
barcode01_9Gb	contig_13639	25898	26153	rsmA_fluoroquinolone_antibiotic;_diaminopyrimidine_antibiotic;_phenicol_antibiotic	9	255	255	1.0	
barcode01_9Gb	contig_1364	996201	998694	vanT gene in vanG cluster_glycopeptide_antibiotic	19	2493	2493	1.0	
barcode01_9Gb	contig_13681	16956	18348	Escherichia coli UhpT with mutation conferring resistance to fosfomycin_phosphonic_acid_antibiotic	9	1392	1392	1.0	Klebsiella quasipneumoniae (chromosome or plasmid)
barcode01_9Gb	contig_13714	8652	10308	ArnT_peptide_antibiotic	15	1656	1656	1.0	Klebsiella michiganensis (chromosome)
barcode01_9Gb	contig_13714	13189	14173	PmrF_peptide_antibiotic	20	984	984	1.0	Citrobacter amalonaticus (no genomic info)
barcode01_9Gb	contig_1377	12048	13692	MCR-5.1_peptide_antibiotic	6	1644	1644	1.0	Unknown taxonomy (chromosome or plasmid)
barcode01_9Gb	contig_13825	696	1809	vanG_glycopeptide_antibiotic	6	1113	1113	1.0	Citrobacter freundii (chromosome or plasmid)
barcode01_9Gb	contig_13825	95956	99106	acrB_fluoroquinolone_antibiotic;_cephalosporin;_glycylcycline;_penam;_tetracycline_antibiotic;_rifamycin_antibiotic;_phenicol_antibiotic;_disinfecting_agents_and_antiseptics	13	3150	3150	1.0	Citrobacter (chromosome or plasmid)
barcode01_9Gb	contig_13852	15165	15468	vanW gene in vanI cluster_glycopeptide_antibiotic	2	303	303	1.0	
barcode01_9Gb	contig_13858	17515	18508	vanH gene in vanA cluster_glycopeptide_antibiotic	5	993	993	1.0	
barcode01_9Gb	contig_13901	5108	5708	dfrA17_diaminopyrimidine_antibiotic	45	600	600	1.0	Unknown taxonomy (chromosome or plasmid)
barcode01_9Gb	contig_13901	5838	6627	aadA5_aminoglycoside_antibiotic	55	789	789	1.0	Unknown taxonomy (chromosome or plasmid)
barcode01_9Gb	contig_13901	6832	7180	qacEdelta1_disinfecting_agents_and_antiseptics	62	348	348	1.0	Unknown taxonomy (chromosome or plasmid)
barcode01_9Gb	contig_13901	7173	8013	sul1_sulfonamide_antibiotic	55	840	840	1.0	Unknown taxonomy (chromosome or plasmid)
barcode01_9Gb	contig_1398	22610	24086	msrE_macrolide_antibiotic;_streptogramin_antibiotic	124	1476	1476	1.0	Unknown taxonomy (chromosome or plasmid)
barcode01_9Gb	contig_1398	24141	25026	mphE_macrolide_antibiotic	135	885	885	1.0	Unknown taxonomy (chromosome or plasmid)
barcode01_9Gb	contig_1400	11040	11910	SHV-2A_carbapenem;_cephalosporin;_penam	5	870	870	1.0	Unknown taxonomy (chromosome or plasmid)
barcode01_9Gb	contig_14010	4734	5079	qacG_disinfecting_agents_and_antiseptics	4	345	345	1.0	Acinetobacter (no genomic info)
barcode01_9Gb	contig_14063	3028	4024	vanH gene in vanO cluster_glycopeptide_antibiotic	8	996	996	1.0	Faecalibacterium prausnitzii (no genomic info)
barcode01_9Gb	contig_14082	17906	18251	qacG_disinfecting_agents_and_antiseptics	14	345	345	1.0	
barcode01_9Gb	contig_14123	22028	22706	kdpE_aminoglycoside_antibiotic	9	678	678	1.0	Citrobacter portucalensis (chromosome)
barcode01_9Gb	contig_14124	8447	9125	kdpE_aminoglycoside_antibiotic	12	678	678	1.0	Citrobacter freundii (chromosome)
barcode01_9Gb	contig_1421	6504	6957	arr-2_rifamycin_antibiotic	25	453	453	1.0	Unknown taxonomy (chromosome or plasmid)
barcode01_9Gb	contig_1421	7277	8537	cmlA5_phenicol_antibiotic	42	1260	1260	1.0	Unknown taxonomy (chromosome or plasmid)
barcode01_9Gb	contig_1421	8801	9602	OXA-10_cephalosporin;_penam	51	801	801	1.0	Unknown taxonomy (chromosome or plasmid)
barcode01_9Gb	contig_1421	9594	10410	aadA_aminoglycoside_antibiotic	65	816	816	1.0	Unknown taxonomy (chromosome or plasmid)
barcode01_9Gb	contig_1421	10573	10921	qacEdelta1_disinfecting_agents_and_antiseptics	52	348	348	1.0	Unknown taxonomy (chromosome or plasmid)
barcode01_9Gb	contig_1421	10914	11754	sul1_sulfonamide_antibiotic	48	840	840	1.0	Unknown taxonomy (chromosome or plasmid)
barcode01_9Gb	contig_1421	13399	14590	tet(C)_tetracycline_antibiotic	37	1191	1191	1.0	Unknown taxonomy (chromosome or plasmid)
barcode01_9Gb	contig_1421	16771	17575	APH(3'')-Ib_aminoglycoside_antibiotic	48	804	804	1.0	Unknown taxonomy (chromosome or plasmid)
barcode01_9Gb	contig_1421	17574	18411	APH(6)-Id_aminoglycoside_antibiotic	51	837	837	1.0	Unknown taxonomy (chromosome or plasmid)
barcode01_9Gb	contig_1421	20440	21280	sul1_sulfonamide_antibiotic	88	840	840	1.0	Unknown taxonomy (chromosome or plasmid)
barcode01_9Gb	contig_1421	21273	21621	qacEdelta1_disinfecting_agents_and_antiseptics	67	348	348	1.0	Unknown taxonomy (chromosome or plasmid)
barcode01_9Gb	contig_1423	5334	6171	APH(6)-Id_aminoglycoside_antibiotic	37	837	837	1.0	Unknown taxonomy (chromosome or plasmid)
barcode01_9Gb	contig_1423	6170	7112	APH(3'')-Ib_aminoglycoside_antibiotic	39	942	942	1.0	Pseudomonas aeruginosa (chromosome or plasmid)
barcode01_9Gb	contig_1423	7307	8102	APH(3'')-Ib_aminoglycoside_antibiotic	30	795	795	1.0	Unknown taxonomy (chromosome or plasmid)
barcode01_9Gb	contig_1423	9543	10053	dfrA8_diaminopyrimidine_antibiotic	34	510	510	1.0	Unknown taxonomy (chromosome or plasmid)
barcode01_9Gb	contig_1423	15614	16541	PER-12_monobactam;_carbapenem;_cephalosporin;_penam;_penem	25	927	927	1.0	Unknown taxonomy (chromosome or plasmid)
barcode01_9Gb	contig_1423	19196	19769	AAC(6')-Ian_aminoglycoside_antibiotic	40	573	573	1.0	Unknown taxonomy (chromosome or plasmid)
barcode01_9Gb	contig_1426	390	1203	NDM-1_carbapenem;_cephalosporin;_cephamycin;_penam	19	813	813	1.0	Unknown taxonomy (chromosome or plasmid)
barcode01_9Gb	contig_1426	2480	3260	APH(3')-VIa_aminoglycoside_antibiotic	18	780	780	1.0	Unknown taxonomy (chromosome or plasmid)
barcode01_9Gb	contig_14266	4067	4493	FosA2_phosphonic_acid_antibiotic	12	426	426	1.0	Enterobacter (chromosome)
barcode01_9Gb	contig_14270	15342	15597	rsmA_fluoroquinolone_antibiotic;_diaminopyrimidine_antibiotic;_phenicol_antibiotic	14	255	255	1.0	
barcode01_9Gb	contig_1441	949	2155	tet(B)_tetracycline_antibiotic	43	1206	1206	1.0	Unknown taxonomy (chromosome or plasmid)
barcode01_9Gb	contig_1441	2236	2860	tetR_tetracycline_antibiotic	53	624	624	1.0	Unknown taxonomy (chromosome or plasmid)
barcode01_9Gb	contig_1441	11113	12040	PER-2_monobactam;_carbapenem;_cephalosporin;_penam;_penem	34	927	927	1.0	Unknown taxonomy (plasmid)
barcode01_9Gb	contig_1441	38255	39140	mphE_macrolide_antibiotic	128	885	885	1.0	Unknown taxonomy (chromosome or plasmid)
barcode01_9Gb	contig_1441	39195	40671	msrE_macrolide_antibiotic;_streptogramin_antibiotic	160	1476	1476	1.0	Unknown taxonomy (chromosome or plasmid)
barcode01_9Gb	contig_1441	44419	45256	APH(6)-Id_aminoglycoside_antibiotic	108	837	837	1.0	Unknown taxonomy (chromosome or plasmid)
barcode01_9Gb	contig_1441	45255	46059	APH(3'')-Ib_aminoglycoside_antibiotic	117	804	804	1.0	Unknown taxonomy (chromosome or plasmid)
barcode01_9Gb	contig_1454	1501	1975	dfrA6_diaminopyrimidine_antibiotic	20	474	474	1.0	Unknown taxonomy (chromosome or plasmid)
barcode01_9Gb	contig_1454	2202	3066	GES-1_carbapenem;_cephalosporin;_penam	41	864	864	1.0	Unknown taxonomy (chromosome or plasmid)
barcode01_9Gb	contig_1454	3139	3598	AAC(6')-Il_aminoglycoside_antibiotic	53	459	459	1.0	Unknown taxonomy (chromosome or plasmid)
barcode01_9Gb	contig_1454	9807	10671	GES-1_carbapenem;_cephalosporin;_penam	71	864	864	1.0	Unknown taxonomy (chromosome or plasmid)
barcode01_9Gb	contig_1454	10744	11203	AAC(6')-Il_aminoglycoside_antibiotic	86	459	459	1.0	Unknown taxonomy (chromosome or plasmid)
barcode01_9Gb	contig_1454	16757	17243	ANT(2'')-Ia_aminoglycoside_antibiotic	28	486	486	1.0	Unknown taxonomy (chromosome or plasmid)
barcode01_9Gb	contig_1454	17462	18326	GES-1_carbapenem;_cephalosporin;_penam	33	864	864	1.0	Unknown taxonomy (chromosome or plasmid)
barcode01_9Gb	contig_1454	18399	18858	AAC(6')-Il_aminoglycoside_antibiotic	38	459	459	1.0	Unknown taxonomy (chromosome or plasmid)
barcode01_9Gb	contig_1454	18916	19450	ANT(2'')-Ia_aminoglycoside_antibiotic	26	534	534	1.0	Unknown taxonomy (chromosome or plasmid)
barcode01_9Gb	contig_1454	20412	21267	ErmX_macrolide_antibiotic;_lincosamide_antibiotic;_streptogramin_antibiotic;_streptogramin_A_antibiotic;_streptogramin_B_antibiotic	24	855	855	1.0	Unknown taxonomy (chromosome or plasmid)
barcode01_9Gb	contig_14554	5620	5947	qacG_disinfecting_agents_and_antiseptics	10	327	327	1.0	
barcode01_9Gb	contig_1460	56979	57768	ANT(3'')-IIa_aminoglycoside_antibiotic	31	789	789	1.0	Acinetobacter (chromosome or plasmid)
barcode01_9Gb	contig_1460	62876	63692	sul2_sulfonamide_antibiotic	31	816	816	1.0	Unknown taxonomy (chromosome or plasmid)
barcode01_9Gb	contig_1460	63752	64556	APH(3'')-Ib_aminoglycoside_antibiotic	18	804	804	1.0	Unknown taxonomy (chromosome or plasmid)
barcode01_9Gb	contig_1460	64555	65392	APH(6)-Id_aminoglycoside_antibiotic	12	837	837	1.0	Unknown taxonomy (chromosome or plasmid)
barcode01_9Gb	contig_1462	6080	6860	APH(3')-VIa_aminoglycoside_antibiotic	69	780	780	1.0	Unknown taxonomy (chromosome or plasmid)
barcode01_9Gb	contig_14643	16571	17102	emrR_fluoroquinolone_antibiotic	6	531	531	1.0	Leclercia adecarboxylata (chromosome)
barcode01_9Gb	contig_14651	2192	3584	Escherichia coli UhpT with mutation conferring resistance to fosfomycin_phosphonic_acid_antibiotic	15	1392	1392	1.0	Enterobacter (chromosome or plasmid)
barcode01_9Gb	contig_14689	4784	5660	CTX-M-95_cephalosporin	12	876	876	1.0	
barcode01_9Gb	contig_14689	63402	66516	acrD_aminoglycoside_antibiotic	12	3114	3114	1.0	
barcode01_9Gb	contig_14724	41625	43374	msbA_nitroimidazole_antibiotic	16	1749	1749	1.0	Enterobacter roggenkampii (chromosome)
barcode01_9Gb	contig_1473	4899	5688	aadA5_aminoglycoside_antibiotic	32	789	789	1.0	Unknown taxonomy (chromosome or plasmid)
barcode01_9Gb	contig_1473	5818	6418	dfrA17_diaminopyrimidine_antibiotic	24	600	600	1.0	Unknown taxonomy (chromosome or plasmid)
barcode01_9Gb	contig_1474	5300	6161	SHV-5_carbapenem;_cephalosporin;_penam	31	861	861	1.0	Unknown taxonomy (chromosome or plasmid)
barcode01_9Gb	contig_14891	225	870	QnrB19_fluoroquinolone_antibiotic	67	645	645	1.0	Unknown taxonomy (chromosome or plasmid)
barcode01_9Gb	contig_1492	11396	12002	AAC(6')-Ib9_aminoglycoside_antibiotic	31	606	606	1.0	Unknown taxonomy (chromosome or plasmid)
barcode01_9Gb	contig_1492	12083	12860	aadA_aminoglycoside_antibiotic	30	777	777	1.0	Unknown taxonomy (chromosome or plasmid)
barcode01_9Gb	contig_1492	12919	13744	OXA-9_penam	24	825	825	1.0	Unknown taxonomy (chromosome or plasmid)
barcode01_9Gb	contig_1492	14443	15304	TEM-1_monobactam;_cephalosporin;_penam;_penem	45	861	861	1.0	Unknown taxonomy (chromosome or plasmid)
barcode01_9Gb	contig_1492	16264	17149	mphE_macrolide_antibiotic	66	885	885	1.0	Unknown taxonomy (chromosome or plasmid)
barcode01_9Gb	contig_1492	17204	18680	msrE_macrolide_antibiotic;_streptogramin_antibiotic	82	1476	1476	1.0	Unknown taxonomy (chromosome or plasmid)
barcode01_9Gb	contig_1504	8214	8667	arr-3_rifamycin_antibiotic	42	453	453	1.0	Unknown taxonomy (chromosome or plasmid)
barcode01_9Gb	contig_1504	8772	9360	AAC(6')-Ib9_aminoglycoside_antibiotic	45	588	588	1.0	Unknown taxonomy (chromosome or plasmid)
barcode01_9Gb	contig_1505	65105	65579	dfrA1_diaminopyrimidine_antibiotic	35	474	474	1.0	Unknown taxonomy (chromosome or plasmid)
barcode01_9Gb	contig_1505	65683	66463	aadA_aminoglycoside_antibiotic	44	780	780	1.0	Unknown taxonomy (chromosome or plasmid)
barcode01_9Gb	contig_1505	66626	66974	qacEdelta1_disinfecting_agents_and_antiseptics	26	348	348	1.0	Unknown taxonomy (chromosome or plasmid)
barcode01_9Gb	contig_1505	68218	69034	sul2_sulfonamide_antibiotic	36	816	816	1.0	Unknown taxonomy (chromosome or plasmid)
barcode01_9Gb	contig_1505	75139	75796	QnrS1_fluoroquinolone_antibiotic	57	657	657	1.0	Unknown taxonomy (chromosome or plasmid)
barcode01_9Gb	contig_1505	80436	81312	CTX-M-15_cephalosporin;_penam	55	876	876	1.0	Unknown taxonomy (chromosome or plasmid)
barcode01_9Gb	contig_1512	7627	8233	AAC(6')-Ib-cr6_fluoroquinolone_antibiotic;_aminoglycoside_antibiotic	12	606	606	1.0	Unknown taxonomy (chromosome or plasmid)
barcode01_9Gb	contig_1512	8314	9091	aadA_aminoglycoside_antibiotic	18	777	777	1.0	Unknown taxonomy (chromosome or plasmid)
barcode01_9Gb	contig_1512	9150	9924	OXA-9_penam	12	774	774	1.0	Unknown taxonomy (chromosome or plasmid)
barcode01_9Gb	contig_1512	12364	13225	TEM-1_monobactam;_cephalosporin;_penam;_penem	41	861	861	1.0	Unknown taxonomy (chromosome or plasmid)
barcode01_9Gb	contig_1513	674	1022	qacEdelta1_disinfecting_agents_and_antiseptics	120	348	348	1.0	Unknown taxonomy (chromosome or plasmid)
barcode01_9Gb	contig_1513	1015	1855	sul1_sulfonamide_antibiotic	135	840	840	1.0	Unknown taxonomy (chromosome or plasmid)
barcode01_9Gb	contig_1517	4676	5603	PER-3_monobactam;_carbapenem;_cephalosporin;_penam;_penem	28	927	927	1.0	Unknown taxonomy (chromosome or plasmid)
barcode01_9Gb	contig_15226	3250	4234	ArnT_peptide_antibiotic	3	984	984	1.0	
barcode01_9Gb	contig_15240	51737	52556	bacA_peptide_antibiotic	9	819	819	1.0	
barcode01_9Gb	contig_1525	1091	1748	QnrS2_fluoroquinolone_antibiotic	22	657	657	1.0	Unknown taxonomy (chromosome or plasmid)
barcode01_9Gb	contig_1531	4295	5234	aadA_aminoglycoside_antibiotic	17	939	939	1.0	Pseudomonas aeruginosa (chromosome or plasmid)
barcode01_9Gb	contig_1531	5505	6162	QnrVC1_fluoroquinolone_antibiotic	32	657	657	1.0	Unknown taxonomy (chromosome or plasmid)
barcode01_9Gb	contig_1531	6320	6794	dfrA6_diaminopyrimidine_antibiotic	23	474	474	1.0	Unknown taxonomy (chromosome or plasmid)
barcode01_9Gb	contig_1537	25806	26190	marA_fluoroquinolone_antibiotic;_monobactam;_carbapenem;_cephalosporin;_glycylcycline;_cephamycin;_penam;_tetracycline_antibiotic;_rifamycin_antibiotic;_phenicol_antibiotic;_penem;_disinfecting_agents_and_antiseptics	23	384	384	1.0	Unknown taxonomy (chromosome or plasmid)
barcode01_9Gb	contig_1537	26209	26644	Escherichia coli AcrAB-TolC with MarR mutations conferring resistance to ciprofloxacin and tetracycline_fluoroquinolone_antibiotic;_cephalosporin;_glycylcycline;_penam;_tetracycline_antibiotic;_rifamycin_antibiotic;_phenicol_antibiotic;_disinfecting_agents_and_antiseptics	22	435	435	1.0	Unknown taxonomy (chromosome or plasmid)
barcode01_9Gb	contig_15430	32081	32411	Klebsiella pneumoniae KpnF_macrolide_antibiotic;_aminoglycoside_antibiotic;_cephalosporin;_tetracycline_antibiotic;_peptide_antibiotic;_rifamycin_antibiotic;_disinfecting_agents_and_antiseptics	5	330	330	1.0	
barcode01_9Gb	contig_15430	32403	32772	Klebsiella pneumoniae KpnE_macrolide_antibiotic;_aminoglycoside_antibiotic;_cephalosporin;_tetracycline_antibiotic;_peptide_antibiotic;_rifamycin_antibiotic;_disinfecting_agents_and_antiseptics	6	369	369	1.0	
barcode01_9Gb	contig_15439	36051	39150	adeF_fluoroquinolone_antibiotic;_tetracycline_antibiotic	13	3099	3099	1.0	Alistipes putredinis (no genomic info)
barcode01_9Gb	contig_15557	2446	3454	ArnT_peptide_antibiotic	7	1008	1008	1.0	Citrobacter freundii (chromosome or plasmid)
barcode01_9Gb	contig_15614	18889	20083	Shigella flexneri acrA_fluoroquinolone_antibiotic;_cephalosporin;_glycylcycline;_penam;_tetracycline_antibiotic;_rifamycin_antibiotic;_phenicol_antibiotic;_disinfecting_agents_and_antiseptics	3	1194	1194	1.0	Unknown taxonomy (chromosome)
barcode01_9Gb	contig_1568	28894	29710	sul2_sulfonamide_antibiotic	30	816	816	1.0	Unknown taxonomy (chromosome or plasmid)
barcode01_9Gb	contig_1570	5442	6408	CfxA3_cephamycin	42	966	966	1.0	Unknown taxonomy (chromosome or plasmid)
barcode01_9Gb	contig_1572	7668	8448	APH(3')-VIa_aminoglycoside_antibiotic	37	780	780	1.0	Unknown taxonomy (chromosome or plasmid)
barcode01_9Gb	contig_15745	84202	85186	PmrF_peptide_antibiotic	13	984	984	1.0	
barcode01_9Gb	contig_15745	88433	89723	ArnT_peptide_antibiotic	11	1290	1290	1.0	Klebsiella (chromosome)
barcode01_9Gb	contig_1577	365285	365774	nimJ_nitroimidazole_antibiotic	10	489	489	1.0	
barcode01_9Gb	contig_15821	8219	10463	adeF_fluoroquinolone_antibiotic;_tetracycline_antibiotic	4	2244	2244	1.0	
barcode01_9Gb	contig_15823	8862	9849	vanH gene in vanO cluster_glycopeptide_antibiotic	47	987	987	1.0	
barcode01_9Gb	contig_1596	251	884	catB3_phenicol_antibiotic	40	633	633	1.0	Unknown taxonomy (chromosome or plasmid)
barcode01_9Gb	contig_1596	1021	1852	OXA-1_cephalosporin;_penam	52	831	831	1.0	Unknown taxonomy (chromosome or plasmid)
barcode01_9Gb	contig_1596	1982	2582	AAC(6')-Ib-cr6_fluoroquinolone_antibiotic;_aminoglycoside_antibiotic	68	600	600	1.0	Unknown taxonomy (chromosome or plasmid)
barcode01_9Gb	contig_1596	4836	5697	AAC(3)-IId_aminoglycoside_antibiotic	34	861	861	1.0	Unknown taxonomy (chromosome or plasmid)
barcode01_9Gb	contig_1596	10668	11529	TEM-1_monobactam;_cephalosporin;_penam;_penem	40	861	861	1.0	Unknown taxonomy (chromosome or plasmid)
barcode01_9Gb	contig_1611	1160	1817	QnrVC1_fluoroquinolone_antibiotic	20	657	657	1.0	Unknown taxonomy (chromosome or plasmid)
barcode01_9Gb	contig_1611	1975	2449	dfrA31_diaminopyrimidine_antibiotic	8	474	474	1.0	Vibrio (chromosome or plasmid)
barcode01_9Gb	contig_1614	4198	5041	OXA-58_carbapenem;_penam	20	843	843	1.0	Unknown taxonomy (chromosome or plasmid)
barcode01_9Gb	contig_1616	2258	3083	OXA-644_carbapenem;_penam	699	825	825	1.0	Acinetobacter johnsonii (chromosome)
barcode01_9Gb	contig_16198	94217	94976	vanY gene in vanB cluster_glycopeptide_antibiotic	9	759	759	1.0	
barcode01_9Gb	contig_1626	1638	2673	aadA11_aminoglycoside_antibiotic	14	1035	1035	1.0	Unknown taxonomy (chromosome or plasmid)
barcode01_9Gb	contig_1626	4815	5274	AAC(6')-Il_aminoglycoside_antibiotic	16	459	459	1.0	Unknown taxonomy (chromosome or plasmid)
barcode01_9Gb	contig_1626	9494	9941	AAC(6')-Il_aminoglycoside_antibiotic	6	447	447	1.0	Unknown taxonomy (chromosome or plasmid)
barcode01_9Gb	contig_1627	2439	2772	qacL_disinfecting_agents_and_antiseptics	20	333	333	1.0	Unknown taxonomy (chromosome or plasmid)
barcode01_9Gb	contig_1627	3738	4602	GES-5_carbapenem;_cephalosporin;_penam	21	864	864	1.0	Unknown taxonomy (chromosome or plasmid)
barcode01_9Gb	contig_16316	1161	1941	APH(3')-VIa_aminoglycoside_antibiotic	28	780	780	1.0	Unknown taxonomy (chromosome or plasmid)
barcode01_9Gb	contig_16340	6952	8146	vanT gene in vanG cluster_glycopeptide_antibiotic	3	1194	1194	1.0	
barcode01_9Gb	contig_1643	1970	2630	catA1_phenicol_antibiotic	5	660	660	1.0	Unknown taxonomy (chromosome or plasmid)
barcode01_9Gb	contig_16538	10444	11587	ACT-8_carbapenem;_cephalosporin;_cephamycin;_penam	5	1143	1143	1.0	Enterobacter asburiae (no genomic info)
barcode01_9Gb	contig_1658	4833	5166	qacJ_disinfecting_agents_and_antiseptics	15	333	333	1.0	Unknown taxonomy (chromosome or plasmid)
barcode01_9Gb	contig_1658	15351	16143	aadA_aminoglycoside_antibiotic	22	792	792	1.0	Unknown taxonomy (chromosome or plasmid)
barcode01_9Gb	contig_1658	16312	16645	qacL_disinfecting_agents_and_antiseptics	11	333	333	1.0	Unknown taxonomy (chromosome or plasmid)
barcode01_9Gb	contig_1658	17824	18616	sul3_sulfonamide_antibiotic	7	792	792	1.0	Unknown taxonomy (chromosome or plasmid)
barcode01_9Gb	contig_1658	26264	26739	dfrA14_diaminopyrimidine_antibiotic	12	475	475	1.0	Unknown taxonomy (chromosome or plasmid)
barcode01_9Gb	contig_16601	2697	5820	adeF_fluoroquinolone_antibiotic;_tetracycline_antibiotic	13	3123	3123	1.0	Pseudomonas (chromosome)
barcode01_9Gb	contig_16718	43917	46383	vanT gene in vanG cluster_glycopeptide_antibiotic	6	2466	2466	1.0	
barcode01_9Gb	contig_1673	26605	27997	Escherichia coli UhpT with mutation conferring resistance to fosfomycin_phosphonic_acid_antibiotic	12	1392	1392	1.0	Klebsiella pneumoniae (chromosome or plasmid)
barcode01_9Gb	contig_16767	3371	3557	rsmA_fluoroquinolone_antibiotic;_diaminopyrimidine_antibiotic;_phenicol_antibiotic	1	186	186	1.0	Citrobacter (chromosome or plasmid)
barcode01_9Gb	contig_16767	9887	11096	Klebsiella pneumoniae KpnH_macrolide_antibiotic;_fluoroquinolone_antibiotic;_aminoglycoside_antibiotic;_carbapenem;_cephalosporin;_penam;_peptide_antibiotic;_penem	5	1209	1209	1.0	Citrobacter freundii (chromosome)
barcode01_9Gb	contig_16884	13604	14054	emrR_fluoroquinolone_antibiotic	4	450	450	1.0	Citrobacter freundii (chromosome)
barcode01_9Gb	contig_16884	21801	21987	rsmA_fluoroquinolone_antibiotic;_diaminopyrimidine_antibiotic;_phenicol_antibiotic	10	186	186	1.0	Citrobacter (chromosome or plasmid)
barcode01_9Gb	contig_1690	182459	182657	rsmA_fluoroquinolone_antibiotic;_diaminopyrimidine_antibiotic;_phenicol_antibiotic	23	198	198	1.0	
barcode01_9Gb	contig_16950	59221	59566	qacG_disinfecting_agents_and_antiseptics	8	345	345	1.0	
barcode01_9Gb	contig_17033	4471	4906	Escherichia coli AcrAB-TolC with MarR mutations conferring resistance to ciprofloxacin and tetracycline_fluoroquinolone_antibiotic;_cephalosporin;_glycylcycline;_penam;_tetracycline_antibiotic;_rifamycin_antibiotic;_phenicol_antibiotic;_disinfecting_agents_and_antiseptics	7	435	435	1.0	Klebsiella (chromosome)
barcode01_9Gb	contig_17244	2305	3121	sul2_sulfonamide_antibiotic	78	816	816	1.0	Unknown taxonomy (chromosome or plasmid)
barcode01_9Gb	contig_17305	65034	66267	Escherichia coli mdfA_tetracycline_antibiotic;_disinfecting_agents_and_antiseptics	57	1233	1233	1.0	Unknown taxonomy (chromosome or plasmid)
barcode01_9Gb	contig_17343	536	869	qacL_disinfecting_agents_and_antiseptics	18	333	333	1.0	Unknown taxonomy (chromosome or plasmid)
barcode01_9Gb	contig_17343	1113	1695	AAC(6')-IIc_aminoglycoside_antibiotic	8	582	582	1.0	Unknown taxonomy (chromosome or plasmid)
barcode01_9Gb	contig_17343	1843	2302	AAC(6')-Il_aminoglycoside_antibiotic	13	459	459	1.0	Unknown taxonomy (chromosome or plasmid)
barcode01_9Gb	contig_17343	3815	4679	GES-1_carbapenem;_cephalosporin;_penam	10	864	864	1.0	Unknown taxonomy (chromosome or plasmid)
barcode01_9Gb	contig_17568	1439	2177	ErmB_macrolide_antibiotic;_lincosamide_antibiotic;_streptogramin_antibiotic;_streptogramin_A_antibiotic;_streptogramin_B_antibiotic	18	738	738	1.0	Unknown taxonomy (chromosome or plasmid)
barcode01_9Gb	contig_17722	1463	2687	mef(C)_macrolide_antibiotic;_tetracycline_antibiotic	16	1224	1224	1.0	
barcode01_9Gb	contig_17722	2691	3576	mphG_macrolide_antibiotic	14	885	885	1.0	
barcode01_9Gb	contig_17854	7458	7644	rsmA_fluoroquinolone_antibiotic;_diaminopyrimidine_antibiotic;_phenicol_antibiotic	23	186	186	1.0	
barcode01_9Gb	contig_17975	168	996	OXA-253_carbapenem;_penam	45	828	828	1.0	Acinetobacter baumannii (chromosome)
barcode01_9Gb	contig_18072	25083	26871	vanT gene in vanG cluster_glycopeptide_antibiotic	4	1788	1788	1.0	
barcode01_9Gb	contig_1815	45456	45858	FosA8_phosphonic_acid_antibiotic	129	402	402	1.0	Aeromonas caviae (chromosome or plasmid)
barcode01_9Gb	contig_18193	13020	14412	Escherichia coli UhpT with mutation conferring resistance to fosfomycin_phosphonic_acid_antibiotic	5	1392	1392	1.0	Unknown taxonomy (chromosome)
barcode01_9Gb	contig_18221	9784	10978	Shigella flexneri acrA_fluoroquinolone_antibiotic;_cephalosporin;_glycylcycline;_penam;_tetracycline_antibiotic;_rifamycin_antibiotic;_phenicol_antibiotic;_disinfecting_agents_and_antiseptics	5	1194	1194	1.0	Unknown taxonomy (chromosome)
barcode01_9Gb	contig_18260	12143	12959	APH(3')-Ia_aminoglycoside_antibiotic	10	816	816	1.0	Unknown taxonomy (chromosome or plasmid)
barcode01_9Gb	contig_18266	3670	3805	vanY gene in vanM cluster_glycopeptide_antibiotic	13	135	135	1.0	
barcode01_9Gb	contig_18420	10850	12527	vanW gene in vanI cluster_glycopeptide_antibiotic	8	1677	1677	1.0	Roseburia hominis (no genomic info)
barcode01_9Gb	contig_18540	3794	6917	adeF_fluoroquinolone_antibiotic;_tetracycline_antibiotic	5	3123	3123	1.0	
barcode01_9Gb	contig_18555	740	1118	Escherichia coli AcrAB-TolC with MarR mutations conferring resistance to ciprofloxacin and tetracycline_fluoroquinolone_antibiotic;_cephalosporin;_glycylcycline;_penam;_tetracycline_antibiotic;_rifamycin_antibiotic;_phenicol_antibiotic;_disinfecting_agents_and_antiseptics	12	378	378	1.0	Enterobacter (chromosome)
barcode01_9Gb	contig_18555	1139	1520	marA_fluoroquinolone_antibiotic;_monobactam;_carbapenem;_cephalosporin;_glycylcycline;_cephamycin;_penam;_tetracycline_antibiotic;_rifamycin_antibiotic;_phenicol_antibiotic;_penem;_disinfecting_agents_and_antiseptics	12	381	381	1.0	Enterobacter (chromosome)
barcode01_9Gb	contig_1878	2	1073	TRU-1_cephalosporin;_penam	2	1071	1071	1.0	Enterobacter asburiae (chromosome or plasmid)
barcode01_9Gb	contig_18850	22554	23700	MIR-17_monobactam;_cephalosporin	20	1146	1146	1.0	Enterobacter roggenkampii (chromosome)
barcode01_9Gb	contig_18919	13803	14436	AAC(6')-Ib9_aminoglycoside_antibiotic	27	633	633	1.0	Unknown taxonomy (chromosome or plasmid)
barcode01_9Gb	contig_18919	14711	15368	QnrVC4_fluoroquinolone_antibiotic	13	657	657	1.0	Unknown taxonomy (chromosome or plasmid)
barcode01_9Gb	contig_18919	15450	16089	AAC(6')-Ib8_aminoglycoside_antibiotic	16	639	639	1.0	Unknown taxonomy (chromosome or plasmid)
barcode01_9Gb	contig_18922	344	1205	AAC(3)-IIe_aminoglycoside_antibiotic	8	861	861	1.0	Unknown taxonomy (chromosome or plasmid)
barcode01_9Gb	contig_18922	1692	2337	QnrB19_fluoroquinolone_antibiotic	41	645	645	1.0	Unknown taxonomy (chromosome or plasmid)
barcode01_9Gb	contig_18922	6269	6779	dfrA8_diaminopyrimidine_antibiotic	11	510	510	1.0	Unknown taxonomy (chromosome or plasmid)
barcode01_9Gb	contig_18926	14543	15200	QnrVC1_fluoroquinolone_antibiotic	35	657	657	1.0	Unknown taxonomy (chromosome or plasmid)
barcode01_9Gb	contig_18926	19246	20107	TEM-1_monobactam;_cephalosporin;_penam;_penem	80	861	861	1.0	Unknown taxonomy (chromosome or plasmid)
barcode01_9Gb	contig_18944	53	833	aadA2_aminoglycoside_antibiotic	17	780	780	1.0	Unknown taxonomy (chromosome or plasmid)
barcode01_9Gb	contig_18944	1253	1751	dfrA12_diaminopyrimidine_antibiotic	3	498	498	1.0	Unknown taxonomy (chromosome or plasmid)
barcode01_9Gb	contig_18949	27111	27585	dfrA1_diaminopyrimidine_antibiotic	32	474	474	1.0	Unknown taxonomy (chromosome or plasmid)
barcode01_9Gb	contig_18949	27689	28469	aadA_aminoglycoside_antibiotic	42	780	780	1.0	Unknown taxonomy (chromosome or plasmid)
barcode01_9Gb	contig_18949	28632	28980	qacEdelta1_disinfecting_agents_and_antiseptics	25	348	348	1.0	Unknown taxonomy (chromosome or plasmid)
barcode01_9Gb	contig_18949	30224	31040	sul2_sulfonamide_antibiotic	30	816	816	1.0	Unknown taxonomy (chromosome or plasmid)
barcode01_9Gb	contig_19015	15393	18513	adeF_fluoroquinolone_antibiotic;_tetracycline_antibiotic	3	3120	3120	1.0	
barcode01_9Gb	contig_19062	9069	10599	aadT_macrolide_antibiotic;_tetracycline_antibiotic;_disinfecting_agents_and_antiseptics	5	1530	1530	1.0	
barcode01_9Gb	contig_19063	7225	8740	aadT_macrolide_antibiotic;_tetracycline_antibiotic;_disinfecting_agents_and_antiseptics	6	1515	1515	1.0	
barcode01_9Gb	contig_19065	2374	3589	floR_phenicol_antibiotic	18	1215	1215	1.0	Unknown taxonomy (chromosome or plasmid)
barcode01_9Gb	contig_19115	20101	21466	vanW gene in vanI cluster_glycopeptide_antibiotic	5	1365	1365	1.0	
barcode01_9Gb	contig_19125	29356	30589	mdtM_fluoroquinolone_antibiotic;_lincosamide_antibiotic;_nucleoside_antibiotic;_phenicol_antibiotic;_disinfecting_agents_and_antiseptics	41	1233	1233	1.0	Unknown taxonomy (chromosome or plasmid)
barcode01_9Gb	contig_19130	5100	7074	tet(Q)_tetracycline_antibiotic	47	1974	1974	1.0	Unknown taxonomy (chromosome)
barcode01_9Gb	contig_19170	135	501	qacG_disinfecting_agents_and_antiseptics	10	366	366	1.0	
barcode01_9Gb	contig_19224	58	886	OXA-253_carbapenem;_penam	62	828	828	1.0	Acinetobacter baumannii (chromosome)
barcode01_9Gb	contig_19269	8793	9288	dfrF_diaminopyrimidine_antibiotic	28	495	495	1.0	Unknown taxonomy (chromosome or plasmid)
barcode01_9Gb	contig_19327	13092	14460	Haemophilus influenzae PBP3 conferring resistance to beta-lactam antibiotics_cephalosporin;_cephamycin;_penam	11	1368	1368	1.0	Klebsiella michiganensis (chromosome)
barcode01_9Gb	contig_19332	9734	10943	vanT gene in vanG cluster_glycopeptide_antibiotic	6	1209	1209	1.0	
barcode01_9Gb	contig_19335	10572	11703	vanT gene in vanG cluster_glycopeptide_antibiotic	15	1131	1131	1.0	
barcode01_9Gb	contig_19338	1022	2150	tet(C)_tetracycline_antibiotic	12	1128	1128	1.0	Unknown taxonomy (chromosome or plasmid)
barcode01_9Gb	contig_19354	2438	2963	SAT-2_nucleoside_antibiotic	8	525	525	1.0	Unknown taxonomy (chromosome or plasmid)
barcode01_9Gb	contig_19503	48826	50035	mdtH_fluoroquinolone_antibiotic	39	1209	1209	1.0	Unknown taxonomy (chromosome or plasmid)
barcode01_9Gb	contig_19503	58665	59892	mdtG_phosphonic_acid_antibiotic	35	1227	1227	1.0	Unknown taxonomy (chromosome or plasmid)
barcode01_9Gb	contig_19567	12102	13290	tet(39)_tetracycline_antibiotic	38	1188	1188	1.0	Unknown taxonomy (plasmid)
barcode01_9Gb	contig_19583	58398	60324	tet(Q)_tetracycline_antibiotic	14	1926	1926	1.0	Unknown taxonomy (chromosome)
barcode01_9Gb	contig_19583	61061	62198	tet(X)_glycylcycline;_tetracycline_antibiotic	15	1137	1137	1.0	Unknown taxonomy (chromosome or plasmid)
barcode01_9Gb	contig_19583	62410	63211	ErmF_macrolide_antibiotic;_lincosamide_antibiotic;_streptogramin_antibiotic;_streptogramin_A_antibiotic;_streptogramin_B_antibiotic	27	801	801	1.0	Unknown taxonomy (chromosome or plasmid)
barcode01_9Gb	contig_19592	139612	142750	adeF_fluoroquinolone_antibiotic;_tetracycline_antibiotic	17	3138	3138	1.0	
barcode01_9Gb	contig_19626	12667	13348	QnrB76_fluoroquinolone_antibiotic	7	681	681	1.0	Unknown taxonomy (chromosome or plasmid)
barcode01_9Gb	contig_19637	28415	29456	vanY gene in vanG cluster_glycopeptide_antibiotic	3	1041	1041	1.0	
barcode01_9Gb	contig_19643	32653	32839	rsmA_fluoroquinolone_antibiotic;_diaminopyrimidine_antibiotic;_phenicol_antibiotic	11	186	186	1.0	Enterobacter (chromosome or plasmid)
barcode01_9Gb	contig_19712	942	1308	qacG_disinfecting_agents_and_antiseptics	19	366	366	1.0	Unknown taxonomy (chromosome or plasmid)
barcode01_9Gb	contig_19713	15224	15569	qacG_disinfecting_agents_and_antiseptics	30	345	345	1.0	Unknown taxonomy (chromosome or plasmid)
barcode01_9Gb	contig_19774	24583	25546	emrR_fluoroquinolone_antibiotic	5	963	963	1.0	Klebsiella michiganensis (chromosome)
barcode01_9Gb	contig_19914	16029	17427	Escherichia coli UhpT with mutation conferring resistance to fosfomycin_phosphonic_acid_antibiotic	16	1398	1398	1.0	Enterobacter (chromosome or plasmid)
barcode01_9Gb	contig_19951	11925	12999	vanH gene in vanB cluster_glycopeptide_antibiotic	18	1074	1074	1.0	
barcode01_9Gb	contig_19964	2893	3757	aadS_aminoglycoside_antibiotic	13	864	864	1.0	Unknown taxonomy (chromosome or plasmid)
barcode01_9Gb	contig_20000	17654	18068	H-NS_macrolide_antibiotic;_fluoroquinolone_antibiotic;_cephalosporin;_cephamycin;_penam;_tetracycline_antibiotic	9	414	414	1.0	Citrobacter (chromosome)
barcode01_9Gb	contig_20008	63721	65155	vanW gene in vanI cluster_glycopeptide_antibiotic	5	1434	1434	1.0	
barcode01_9Gb	contig_20032	5936	6800	aadS_aminoglycoside_antibiotic	18	864	864	1.0	Unknown taxonomy (chromosome or plasmid)
barcode01_9Gb	contig_20045	13462	14614	MOX-9_cephalosporin;_cephamycin;_penam	6	1152	1152	1.0	Unknown taxonomy (plasmid)
barcode01_9Gb	contig_20098	7049	8705	ArnT_peptide_antibiotic	5	1656	1656	1.0	Raoultella planticola (chromosome)
barcode01_9Gb	contig_20107	14678	15845	vanT gene in vanG cluster_glycopeptide_antibiotic	4	1167	1167	1.0	
barcode01_9Gb	contig_20169	11992	12811	bacA_peptide_antibiotic	10	819	819	1.0	Escherichia coli (chromosome)
barcode01_9Gb	contig_2041	1287	2091	APH(3'')-Ib_aminoglycoside_antibiotic	18	804	804	1.0	Unknown taxonomy (chromosome or plasmid)
barcode01_9Gb	contig_2044	1379	2006	tetR_tetracycline_antibiotic	1	627	627	1.0	Unknown taxonomy (chromosome or plasmid)
barcode01_9Gb	contig_2044	3486	4302	sul2_sulfonamide_antibiotic	93	816	816	1.0	Unknown taxonomy (chromosome or plasmid)
barcode01_9Gb	contig_2044	6804	8019	floR_phenicol_antibiotic	38	1215	1215	1.0	Unknown taxonomy (chromosome or plasmid)
barcode01_9Gb	contig_2055	12394	15508	acrD_aminoglycoside_antibiotic	18	3114	3114	1.0	Enterobacter (chromosome)
barcode01_9Gb	contig_2118	4307	5192	mphE_macrolide_antibiotic	112	885	885	1.0	Unknown taxonomy (chromosome or plasmid)
barcode01_9Gb	contig_2118	5247	6723	msrE_macrolide_antibiotic;_streptogramin_antibiotic	98	1476	1476	1.0	Unknown taxonomy (chromosome or plasmid)
barcode01_9Gb	contig_2140	7561	8389	OXA-72_carbapenem;_penam	16	828	828	1.0	Unknown taxonomy (chromosome or plasmid)
barcode01_9Gb	contig_2144	73	1261	tet(39)_tetracycline_antibiotic	22	1188	1188	1.0	Unknown taxonomy (plasmid)
barcode01_9Gb	contig_2146	4409	5294	mphE_macrolide_antibiotic	140	885	885	1.0	Unknown taxonomy (chromosome or plasmid)
barcode01_9Gb	contig_2146	5349	6825	msrE_macrolide_antibiotic;_streptogramin_antibiotic	104	1476	1476	1.0	Unknown taxonomy (chromosome or plasmid)
barcode01_9Gb	contig_2146	8155	8998	OXA-58_carbapenem;_penam	26	843	843	1.0	Unknown taxonomy (chromosome or plasmid)
barcode01_9Gb	contig_2146	33702	34587	mphE_macrolide_antibiotic	133	885	885	1.0	Unknown taxonomy (chromosome or plasmid)
barcode01_9Gb	contig_2146	34642	36118	msrE_macrolide_antibiotic;_streptogramin_antibiotic	136	1476	1476	1.0	Unknown taxonomy (chromosome or plasmid)
barcode01_9Gb	contig_2148	830	1715	mphE_macrolide_antibiotic	27	885	885	1.0	Unknown taxonomy (chromosome or plasmid)
barcode01_9Gb	contig_2148	1770	3246	msrE_macrolide_antibiotic;_streptogramin_antibiotic	49	1476	1476	1.0	Unknown taxonomy (chromosome or plasmid)
barcode01_9Gb	contig_2151	4476	5361	mphE_macrolide_antibiotic	192	885	885	1.0	Unknown taxonomy (chromosome or plasmid)
barcode01_9Gb	contig_2151	5416	6892	msrE_macrolide_antibiotic;_streptogramin_antibiotic	200	1476	1476	1.0	Unknown taxonomy (chromosome or plasmid)
barcode01_9Gb	contig_2181	364296	364803	nimK_nitroimidazole_antibiotic	271	507	507	1.0	
barcode01_9Gb	contig_2181	620308	623500	adeF_fluoroquinolone_antibiotic;_tetracycline_antibiotic	287	3192	3192	1.0	
barcode01_9Gb	contig_2181	866876	867986	vanT gene in vanG cluster_glycopeptide_antibiotic	296	1110	1110	1.0	
barcode01_9Gb	contig_22	1033808	1034138	qacG_disinfecting_agents_and_antiseptics	19	330	330	1.0	
barcode01_9Gb	contig_22	1193710	1194457	vanY gene in vanG cluster_glycopeptide_antibiotic	19	747	747	1.0	
barcode01_9Gb	contig_2257	4690	5530	sul1_sulfonamide_antibiotic	53	840	840	1.0	Unknown taxonomy (chromosome or plasmid)
barcode01_9Gb	contig_2257	5523	5871	qacEdelta1_disinfecting_agents_and_antiseptics	49	348	348	1.0	Unknown taxonomy (chromosome or plasmid)
barcode01_9Gb	contig_2313	13693	13906	FosA8_phosphonic_acid_antibiotic	9	213	213	1.0	Enterobacter roggenkampii (chromosome)
barcode01_9Gb	contig_2315	604755	606138	mdeA_fluoroquinolone_antibiotic;_aminoglycoside_antibiotic;_penam;_tetracycline_antibiotic;_disinfecting_agents_and_antiseptics	13	1383	1383	1.0	
barcode01_9Gb	contig_2315	755736	756066	qacG_disinfecting_agents_and_antiseptics	12	330	330	1.0	
barcode01_9Gb	contig_2365	18000	19152	MOX-13_cephalosporin;_cephamycin;_penam	115	1152	1152	1.0	Aeromonas caviae (chromosome or plasmid)
barcode01_9Gb	contig_2382	5977	6862	mphE_macrolide_antibiotic	153	885	885	1.0	Unknown taxonomy (chromosome or plasmid)
barcode01_9Gb	contig_2382	6917	8393	msrE_macrolide_antibiotic;_streptogramin_antibiotic	158	1476	1476	1.0	Unknown taxonomy (chromosome or plasmid)
barcode01_9Gb	contig_2482	609187	610372	Escherichia coli EF-Tu mutants conferring resistance to Pulvomycin_elfamycin_antibiotic	28	1185	1185	1.0	Unknown taxonomy (chromosome or plasmid)
barcode01_9Gb	contig_2557	742456	743692	vanW gene in vanI cluster_glycopeptide_antibiotic	266	1236	1236	1.0	
barcode01_9Gb	contig_2595	12693	13998	Acinetobacter baumannii AbaQ_fluoroquinolone_antibiotic	55	1305	1305	1.0	Acinetobacter baumannii (chromosome or plasmid)
barcode01_9Gb	contig_2595	249670	250324	adeN_macrolide_antibiotic;_fluoroquinolone_antibiotic;_lincosamide_antibiotic;_carbapenem;_cephalosporin;_tetracycline_antibiotic;_rifamycin_antibiotic;_diaminopyrimidine_antibiotic;_phenicol_antibiotic;_penem	46	654	654	1.0	Acinetobacter baumannii (chromosome or plasmid)
barcode01_9Gb	contig_266	26839	27925	Acinetobacter baumannii AbaQ_fluoroquinolone_antibiotic	6	1086	1086	1.0	Acinetobacter lwoffii (chromosome)
barcode01_9Gb	contig_2739	588528	589686	vanT gene in vanG cluster_glycopeptide_antibiotic	65	1158	1158	1.0	
barcode01_9Gb	contig_2782	182	908	vanY gene in vanB cluster_glycopeptide_antibiotic	13	726	726	1.0	Roseburia hominis (no genomic info)
barcode01_9Gb	contig_2791	132832	133261	fosA5_fluoroquinolone_antibiotic;_aminoglycoside_antibiotic;_phosphonic_acid_antibiotic	10	429	429	1.0	
barcode01_9Gb	contig_2822	72184	73837	ArnT_peptide_antibiotic	36	1653	1653	1.0	Unknown taxonomy (chromosome or plasmid)
barcode01_9Gb	contig_2822	76705	77674	PmrF_peptide_antibiotic	44	969	969	1.0	Unknown taxonomy (chromosome or plasmid)
barcode01_9Gb	contig_2822	88318	89677	Escherichia coli GlpT with mutation conferring resistance to fosfomycin_phosphonic_acid_antibiotic	42	1359	1359	1.0	Escherichia coli (chromosome or plasmid)
barcode01_9Gb	contig_2822	132090	133734	YojI_peptide_antibiotic	42	1644	1644	1.0	Escherichia coli (chromosome or plasmid)
barcode01_9Gb	contig_2877	93438	93852	H-NS_macrolide_antibiotic;_fluoroquinolone_antibiotic;_cephalosporin;_cephamycin;_penam;_tetracycline_antibiotic	26	414	414	1.0	Unknown taxonomy (chromosome or plasmid)
barcode01_9Gb	contig_2904	72239	73718	Acinetobacter baumannii AmvA_macrolide_antibiotic;_disinfecting_agents_and_antiseptics	54	1479	1479	1.0	Acinetobacter baumannii (chromosome or plasmid)
barcode01_9Gb	contig_2904	332154	332484	abeS_macrolide_antibiotic;_aminocoumarin_antibiotic	53	330	330	1.0	Acinetobacter baumannii (chromosome or plasmid)
barcode01_9Gb	contig_2904	335792	336806	adeL_fluoroquinolone_antibiotic;_tetracycline_antibiotic	58	1014	1014	1.0	Acinetobacter baumannii (chromosome or plasmid)
barcode01_9Gb	contig_2904	337021	338242	adeG_fluoroquinolone_antibiotic;_tetracycline_antibiotic	68	1221	1221	1.0	Acinetobacter baumannii (chromosome or plasmid)
barcode01_9Gb	contig_2904	338248	341428	adeF_fluoroquinolone_antibiotic;_tetracycline_antibiotic	67	3180	3180	1.0	Acinetobacter baumannii (chromosome or plasmid)
barcode01_9Gb	contig_2904	341440	342889	adeH_fluoroquinolone_antibiotic;_tetracycline_antibiotic	68	1449	1449	1.0	Acinetobacter baumannii (chromosome or plasmid)
barcode01_9Gb	contig_2904	446471	447623	ADC-154_cephalosporin	48	1152	1152	1.0	Acinetobacter baumannii (chromosome or plasmid)
barcode01_9Gb	contig_3061	25254	26241	vanT gene in vanG cluster_glycopeptide_antibiotic	6	987	987	1.0	
barcode01_9Gb	contig_3093	4754	5807	tet(C)_tetracycline_antibiotic	9	1053	1053	1.0	Unknown taxonomy (chromosome or plasmid)
barcode01_9Gb	contig_3108	139710	140388	kdpE_aminoglycoside_antibiotic	38	678	678	1.0	Escherichia coli (chromosome or plasmid)
barcode01_9Gb	contig_3109	2455	3299	OXA-58_carbapenem;_penam	16	844	844	1.0	Unknown taxonomy (chromosome or plasmid)
barcode01_9Gb	contig_312	268647	271839	adeF_fluoroquinolone_antibiotic;_tetracycline_antibiotic	70	3192	3192	1.0	
barcode01_9Gb	contig_312	1194818	1195928	vanT gene in vanG cluster_glycopeptide_antibiotic	99	1110	1110	1.0	
barcode01_9Gb	contig_3215	7490	7835	qacG_disinfecting_agents_and_antiseptics	27	345	345	1.0	Unknown taxonomy (chromosome or plasmid)
barcode01_9Gb	contig_33	195063	197058	lmrD_lincosamide_antibiotic	26	1995	1995	1.0	
barcode01_9Gb	contig_3372	9225	11145	tet(W)_tetracycline_antibiotic	40	1920	1920	1.0	Unknown taxonomy (chromosome or plasmid)
barcode01_9Gb	contig_3385	2	3068	adeF_fluoroquinolone_antibiotic;_tetracycline_antibiotic	53	3066	3066	1.0	
barcode01_9Gb	contig_3532	42615	43521	mphA_macrolide_antibiotic	84	906	906	1.0	Unknown taxonomy (chromosome or plasmid)
barcode01_9Gb	contig_3533	27521	27980	AAC(6')-Il_aminoglycoside_antibiotic	96	459	459	1.0	Unknown taxonomy (chromosome or plasmid)
barcode01_9Gb	contig_3533	28053	28917	GES-1_carbapenem;_cephalosporin;_penam	80	864	864	1.0	Unknown taxonomy (chromosome or plasmid)
barcode01_9Gb	contig_3533	29039	29573	ANT(2'')-Ia_aminoglycoside_antibiotic	62	534	534	1.0	Unknown taxonomy (chromosome or plasmid)
barcode01_9Gb	contig_3533	29688	30036	qacEdelta1_disinfecting_agents_and_antiseptics	118	348	348	1.0	Unknown taxonomy (chromosome or plasmid)
barcode01_9Gb	contig_3533	30029	30869	sul1_sulfonamide_antibiotic	137	840	840	1.0	Unknown taxonomy (chromosome or plasmid)
barcode01_9Gb	contig_3533	40140	40977	APH(6)-Id_aminoglycoside_antibiotic	46	837	837	1.0	Unknown taxonomy (chromosome or plasmid)
barcode01_9Gb	contig_3600	82	910	OXA-253_carbapenem;_penam	39	828	828	1.0	Acinetobacter baumannii (chromosome)
barcode01_9Gb	contig_3615	1659	2847	tet(39)_tetracycline_antibiotic	42	1188	1188	1.0	Unknown taxonomy (plasmid)
barcode01_9Gb	contig_3697	48776	50150	cpxA_aminoglycoside_antibiotic;_aminocoumarin_antibiotic	14	1374	1374	1.0	
barcode01_9Gb	contig_3789	17266	17599	qacG_disinfecting_agents_and_antiseptics	16	333	333	1.0	
barcode01_9Gb	contig_3815	83399	84179	APH(3')-VIa_aminoglycoside_antibiotic	25	780	780	1.0	Unknown taxonomy (chromosome or plasmid)
barcode01_9Gb	contig_3815	85456	86269	NDM-1_carbapenem;_cephalosporin;_cephamycin;_penam	22	813	813	1.0	Unknown taxonomy (chromosome or plasmid)
barcode01_9Gb	contig_3835	6818	7277	AAC(6')-Il_aminoglycoside_antibiotic	89	459	459	1.0	Unknown taxonomy (chromosome or plasmid)
barcode01_9Gb	contig_3835	7350	8214	GES-5_carbapenem;_cephalosporin;_penam	70	864	864	1.0	Unknown taxonomy (chromosome or plasmid)
barcode01_9Gb	contig_3835	8441	8774	qacL_disinfecting_agents_and_antiseptics	67	333	333	1.0	Unknown taxonomy (chromosome or plasmid)
barcode01_9Gb	contig_3835	9380	10244	GES-1_carbapenem;_cephalosporin;_penam	58	864	864	1.0	Unknown taxonomy (chromosome or plasmid)
barcode01_9Gb	contig_3835	12317	12665	qacEdelta1_disinfecting_agents_and_antiseptics	129	348	348	1.0	Unknown taxonomy (chromosome or plasmid)
barcode01_9Gb	contig_3835	12658	13498	sul1_sulfonamide_antibiotic	139	840	840	1.0	Unknown taxonomy (chromosome or plasmid)
barcode01_9Gb	contig_3846	93873	95004	vanT gene in vanG cluster_glycopeptide_antibiotic	17	1131	1131	1.0	
barcode01_9Gb	contig_3866	110506	111898	Escherichia coli UhpT with mutation conferring resistance to fosfomycin_phosphonic_acid_antibiotic	10	1392	1392	1.0	Klebsiella michiganensis (chromosome)
barcode01_9Gb	contig_3866	143746	146161	Morganella morganii gyrB conferring resistance to fluoroquinolones_fluoroquinolone_antibiotic	14	2415	2415	1.0	Klebsiella michiganensis (chromosome)
barcode01_9Gb	contig_3912	55615	58768	oqxB_fluoroquinolone_antibiotic;_glycylcycline;_tetracycline_antibiotic;_diaminopyrimidine_antibiotic;_nitrofuran_antibiotic	15	3153	3153	1.0	Enterobacter kobei (chromosome)
barcode01_9Gb	contig_3912	58792	59968	oqxA_fluoroquinolone_antibiotic;_glycylcycline;_tetracycline_antibiotic;_diaminopyrimidine_antibiotic;_nitrofuran_antibiotic	14	1176	1176	1.0	Enterobacter kobei (chromosome)
barcode01_9Gb	contig_3912	87931	88261	Klebsiella pneumoniae KpnF_macrolide_antibiotic;_aminoglycoside_antibiotic;_cephalosporin;_tetracycline_antibiotic;_peptide_antibiotic;_rifamycin_antibiotic;_disinfecting_agents_and_antiseptics	23	330	330	1.0	Enterobacter kobei (chromosome)
barcode01_9Gb	contig_3912	88247	88610	Klebsiella pneumoniae KpnE_macrolide_antibiotic;_aminoglycoside_antibiotic;_cephalosporin;_tetracycline_antibiotic;_peptide_antibiotic;_rifamycin_antibiotic;_disinfecting_agents_and_antiseptics	22	363	363	1.0	Enterobacter kobei (chromosome)
barcode01_9Gb	contig_3912	552244	553993	msbA_nitroimidazole_antibiotic	15	1749	1749	1.0	Enterobacter kobei (chromosome)
barcode01_9Gb	contig_3912	664691	665924	Escherichia coli mdfA_tetracycline_antibiotic;_disinfecting_agents_and_antiseptics	19	1233	1233	1.0	
barcode01_9Gb	contig_3912	986050	986425	ramA_fluoroquinolone_antibiotic;_monobactam;_carbapenem;_cephalosporin;_glycylcycline;_cephamycin;_penam;_tetracycline_antibiotic;_rifamycin_antibiotic;_phenicol_antibiotic;_penem;_disinfecting_agents_and_antiseptics	11	375	375	1.0	Enterobacter kobei (no genomic info)
barcode01_9Gb	contig_3912	1112111	1113305	Enterobacter cloacae acrA_fluoroquinolone_antibiotic;_cephalosporin;_glycylcycline;_penam;_tetracycline_antibiotic;_rifamycin_antibiotic;_phenicol_antibiotic;_disinfecting_agents_and_antiseptics	18	1194	1194	1.0	Enterobacter (chromosome)
barcode01_9Gb	contig_3912	1113327	1116474	acrB_fluoroquinolone_antibiotic;_cephalosporin;_glycylcycline;_penam;_tetracycline_antibiotic;_rifamycin_antibiotic;_phenicol_antibiotic;_disinfecting_agents_and_antiseptics	21	3147	3147	1.0	Unknown taxonomy (chromosome)
barcode01_9Gb	contig_3915	11642	13628	tet(W)_tetracycline_antibiotic	33	1986	1986	1.0	Unknown taxonomy (chromosome or plasmid)
barcode01_9Gb	contig_3920	182140	182635	lnuC_lincosamide_antibiotic	41	495	495	1.0	Unknown taxonomy (chromosome or plasmid)
barcode01_9Gb	contig_40	9091	9724	CRP_macrolide_antibiotic;_fluoroquinolone_antibiotic;_penam	20	633	633	1.0	Enterobacter roggenkampii (chromosome or plasmid)
barcode01_9Gb	contig_40	99046	100702	ArnT_peptide_antibiotic	16	1656	1656	1.0	Enterobacter roggenkampii (chromosome)
barcode01_9Gb	contig_40	103576	104560	PmrF_peptide_antibiotic	16	984	984	1.0	
barcode01_9Gb	contig_4052	9334	9865	emrR_fluoroquinolone_antibiotic	11	531	531	1.0	Enterobacter (chromosome)
barcode01_9Gb	contig_4052	9991	11164	emrA_fluoroquinolone_antibiotic	11	1173	1173	1.0	
barcode01_9Gb	contig_4052	11180	12728	emrB_fluoroquinolone_antibiotic	13	1548	1548	1.0	Enterobacter roggenkampii (chromosome or plasmid)
barcode01_9Gb	contig_4052	19691	19877	rsmA_fluoroquinolone_antibiotic;_diaminopyrimidine_antibiotic;_phenicol_antibiotic	1	186	186	1.0	Enterobacter (chromosome or plasmid)
barcode01_9Gb	contig_4088	21456	22689	mdtM_fluoroquinolone_antibiotic;_lincosamide_antibiotic;_nucleoside_antibiotic;_phenicol_antibiotic;_disinfecting_agents_and_antiseptics	42	1233	1233	1.0	Escherichia coli (chromosome or plasmid)
barcode01_9Gb	contig_41	303248	303779	emrR_fluoroquinolone_antibiotic	16	531	531	1.0	Enterobacter kobei (chromosome or plasmid)
barcode01_9Gb	contig_41	303905	305078	emrA_fluoroquinolone_antibiotic	17	1173	1173	1.0	
barcode01_9Gb	contig_41	305094	306642	emrB_fluoroquinolone_antibiotic	23	1548	1548	1.0	Enterobacter kobei (chromosome or plasmid)
barcode01_9Gb	contig_41	313684	313870	rsmA_fluoroquinolone_antibiotic;_diaminopyrimidine_antibiotic;_phenicol_antibiotic	16	186	186	1.0	Enterobacter (chromosome or plasmid)
barcode01_9Gb	contig_41	718455	719277	bacA_peptide_antibiotic	25	822	822	1.0	
barcode01_9Gb	contig_4137	34289	34811	tet(Q)_tetracycline_antibiotic	51	522	522	1.0	Unknown taxonomy (chromosome)
barcode01_9Gb	contig_4143	9857	11297	AAC(6')-Ie-APH(2'')-Ia bifunctional protein_aminoglycoside_antibiotic	16	1440	1440	1.0	Unknown taxonomy (chromosome or plasmid)
barcode01_9Gb	contig_4150	7258	8797	emrY_tetracycline_antibiotic	28	1539	1539	1.0	Escherichia coli (chromosome or plasmid)
barcode01_9Gb	contig_4150	8796	9960	emrK_tetracycline_antibiotic	34	1164	1164	1.0	Unknown taxonomy (chromosome or plasmid)
barcode01_9Gb	contig_4150	10375	10990	evgA_macrolide_antibiotic;_fluoroquinolone_antibiotic;_penam;_tetracycline_antibiotic	33	615	615	1.0	Unknown taxonomy (chromosome or plasmid)
barcode01_9Gb	contig_4150	10994	14588	evgS_macrolide_antibiotic;_fluoroquinolone_antibiotic;_penam;_tetracycline_antibiotic	33	3594	3594	1.0	Escherichia coli (chromosome or plasmid)
barcode01_9Gb	contig_4150	107320	110434	acrD_aminoglycoside_antibiotic	36	3114	3114	1.0	Unknown taxonomy (chromosome or plasmid)
barcode01_9Gb	contig_4155	112764	115914	adeF_fluoroquinolone_antibiotic;_tetracycline_antibiotic	125	3150	3150	1.0	Aeromonas caviae (chromosome or plasmid)
barcode01_9Gb	contig_4190	30849	34014	adeF_fluoroquinolone_antibiotic;_tetracycline_antibiotic	57	3165	3165	1.0	Acinetobacter (chromosome or plasmid)
barcode01_9Gb	contig_4193	9217	10984	Haemophilus influenzae PBP3 conferring resistance to beta-lactam antibiotics_cephalosporin;_cephamycin;_penam	20	1767	1767	1.0	Enterobacter (chromosome or plasmid)
barcode01_9Gb	contig_4278	11390	11864	dfrA15b_diaminopyrimidine_antibiotic	7	474	474	1.0	Unknown taxonomy (chromosome or plasmid)
barcode01_9Gb	contig_43	128056	131170	adeF_fluoroquinolone_antibiotic;_tetracycline_antibiotic	28	3114	3114	1.0	Enterobacter kobei (chromosome)
barcode01_9Gb	contig_43	168038	169223	Escherichia coli EF-Tu mutants conferring resistance to Pulvomycin_elfamycin_antibiotic	32	1185	1185	1.0	Enterobacter kobei (chromosome or plasmid)
barcode01_9Gb	contig_43	192458	193091	CRP_macrolide_antibiotic;_fluoroquinolone_antibiotic;_penam	9	633	633	1.0	Enterobacter (chromosome or plasmid)
barcode01_9Gb	contig_4350	952075	953452	vanW gene in vanI cluster_glycopeptide_antibiotic	15	1377	1377	1.0	
barcode01_9Gb	contig_4350	3366586	3367918	vanW gene in vanI cluster_glycopeptide_antibiotic	14	1332	1332	1.0	
barcode01_9Gb	contig_4350	3466959	3470100	adeF_fluoroquinolone_antibiotic;_tetracycline_antibiotic	19	3141	3141	1.0	
barcode01_9Gb	contig_4350	3664388	3665501	vanT gene in vanG cluster_glycopeptide_antibiotic	25	1113	1113	1.0	
barcode01_9Gb	contig_4380	82315	84793	vanT gene in vanG cluster_glycopeptide_antibiotic	104	2478	2478	1.0	
barcode01_9Gb	contig_4439	2455	3961	vanT gene in vanG cluster_glycopeptide_antibiotic	7	1506	1506	1.0	
barcode01_9Gb	contig_4448	2532	3999	mdtP_nucleoside_antibiotic;_disinfecting_agents_and_antiseptics	45	1467	1467	1.0	Unknown taxonomy (chromosome or plasmid)
barcode01_9Gb	contig_4448	3995	6047	mdtO_nucleoside_antibiotic;_disinfecting_agents_and_antiseptics	41	2052	2052	1.0	Unknown taxonomy (chromosome or plasmid)
barcode01_9Gb	contig_4448	6046	7078	mdtN_nucleoside_antibiotic;_disinfecting_agents_and_antiseptics	46	1032	1032	1.0	Unknown taxonomy (chromosome or plasmid)
barcode01_9Gb	contig_4448	43951	44281	Klebsiella pneumoniae KpnF_macrolide_antibiotic;_aminoglycoside_antibiotic;_cephalosporin;_tetracycline_antibiotic;_peptide_antibiotic;_rifamycin_antibiotic;_disinfecting_agents_and_antiseptics	33	330	330	1.0	Unknown taxonomy (chromosome or plasmid)
barcode01_9Gb	contig_4448	44267	44633	Klebsiella pneumoniae KpnE_macrolide_antibiotic;_aminoglycoside_antibiotic;_cephalosporin;_tetracycline_antibiotic;_peptide_antibiotic;_rifamycin_antibiotic;_disinfecting_agents_and_antiseptics	32	366	366	1.0	Unknown taxonomy (chromosome or plasmid)
barcode01_9Gb	contig_4535	81907	83008	vanG_glycopeptide_antibiotic	12	1101	1101	1.0	Enterobacter roggenkampii (chromosome)
barcode01_9Gb	contig_4538	33819	35004	Escherichia coli EF-Tu mutants conferring resistance to Pulvomycin_elfamycin_antibiotic	14	1185	1185	1.0	Citrobacter (chromosome or plasmid)
barcode01_9Gb	contig_4551	140029	141796	Haemophilus influenzae PBP3 conferring resistance to beta-lactam antibiotics_cephalosporin;_cephamycin;_penam	17	1767	1767	1.0	Enterobacter kobei (chromosome or plasmid)
barcode01_9Gb	contig_4555	264267	266034	Haemophilus influenzae PBP3 conferring resistance to beta-lactam antibiotics_cephalosporin;_cephamycin;_penam	60	1767	1767	1.0	Unknown taxonomy (chromosome or plasmid)
barcode01_9Gb	contig_4555	272134	273079	leuO_nucleoside_antibiotic;_disinfecting_agents_and_antiseptics	54	945	945	1.0	Unknown taxonomy (chromosome or plasmid)
barcode01_9Gb	contig_4560	174315	176085	Haemophilus influenzae PBP3 conferring resistance to beta-lactam antibiotics_cephalosporin;_cephamycin;_penam	8	1770	1770	1.0	Unknown taxonomy (chromosome or plasmid)
barcode01_9Gb	contig_4560	182218	183190	leuO_nucleoside_antibiotic;_disinfecting_agents_and_antiseptics	16	972	972	1.0	
barcode01_9Gb	contig_4590	9881	10475	vanY gene in vanB cluster_glycopeptide_antibiotic	11	594	594	1.0	Faecalibacterium prausnitzii (chromosome)
barcode01_9Gb	contig_46	11623	12256	CRP_macrolide_antibiotic;_fluoroquinolone_antibiotic;_penam	21	633	633	1.0	Unknown taxonomy (chromosome)
barcode01_9Gb	contig_46	119065	120721	ArnT_peptide_antibiotic	11	1656	1656	1.0	Escherichia coli (no genomic info)
barcode01_9Gb	contig_46	123601	124582	PmrF_peptide_antibiotic	20	981	981	1.0	
barcode01_9Gb	contig_46	652733	653918	Escherichia coli EF-Tu mutants conferring resistance to Pulvomycin_elfamycin_antibiotic	24	1185	1185	1.0	Unknown taxonomy (chromosome or plasmid)
barcode01_9Gb	contig_4645	6449	7286	APH(6)-Id_aminoglycoside_antibiotic	32	837	837	1.0	Unknown taxonomy (chromosome or plasmid)
barcode01_9Gb	contig_4645	7285	8149	APH(3'')-Ib_aminoglycoside_antibiotic	23	864	864	1.0	Unknown taxonomy (chromosome or plasmid)
barcode01_9Gb	contig_4646	2091	2907	sul2_sulfonamide_antibiotic	80	816	816	1.0	Unknown taxonomy (chromosome or plasmid)
barcode01_9Gb	contig_4649	1962	3177	floR_phenicol_antibiotic	25	1215	1215	1.0	Unknown taxonomy (chromosome or plasmid)
barcode01_9Gb	contig_4649	3776	4976	tet(A)_tetracycline_antibiotic	47	1200	1200	1.0	Unknown taxonomy (chromosome or plasmid)
barcode01_9Gb	contig_4649	6311	7148	APH(6)-Id_aminoglycoside_antibiotic	22	837	837	1.0	Unknown taxonomy (chromosome or plasmid)
barcode01_9Gb	contig_4649	7147	7978	APH(3'')-Ib_aminoglycoside_antibiotic	15	831	831	1.0	Unknown taxonomy (chromosome or plasmid)
barcode01_9Gb	contig_4657	287507	288332	OXA-441_carbapenem;_penam	72	825	825	1.0	Acinetobacter baumannii (chromosome or plasmid)
barcode01_9Gb	contig_4681	7849	8692	OXA-58_carbapenem;_penam	10	843	843	1.0	Unknown taxonomy (chromosome or plasmid)
barcode01_9Gb	contig_4709	9634	11149	aadT_macrolide_antibiotic;_tetracycline_antibiotic;_disinfecting_agents_and_antiseptics	22	1515	1515	1.0	
barcode01_9Gb	contig_4778	145279	146464	Escherichia coli EF-Tu mutants conferring resistance to Pulvomycin_elfamycin_antibiotic	33	1185	1185	1.0	Unknown taxonomy (chromosome or plasmid)
barcode01_9Gb	contig_4778	166473	167658	Escherichia coli EF-Tu mutants conferring resistance to Pulvomycin_elfamycin_antibiotic	33	1185	1185	1.0	Unknown taxonomy (chromosome)
barcode01_9Gb	contig_4971	5112	5907	OXA-504_penam	209	795	795	1.0	Aeromonas caviae (chromosome)
barcode01_9Gb	contig_5178	25180	25369	rsmA_fluoroquinolone_antibiotic;_diaminopyrimidine_antibiotic;_phenicol_antibiotic	159	189	189	1.0	
barcode01_9Gb	contig_5262	116588	119225	Escherichia coli gyrA conferring resistance to fluoroquinolones_fluoroquinolone_antibiotic	14	2637	2637	1.0	Enterobacter roggenkampii (chromosome)
barcode01_9Gb	contig_53	264946	266320	cpxA_aminoglycoside_antibiotic;_aminocoumarin_antibiotic	75	1374	1374	1.0	Unknown taxonomy (chromosome or plasmid)
barcode01_9Gb	contig_5323	16844	17192	qacEdelta1_disinfecting_agents_and_antiseptics	73	348	348	1.0	Unknown taxonomy (chromosome or plasmid)
barcode01_9Gb	contig_5323	17185	18025	sul1_sulfonamide_antibiotic	85	840	840	1.0	Unknown taxonomy (chromosome or plasmid)
barcode01_9Gb	contig_5323	19569	20760	tet(C)_tetracycline_antibiotic	19	1191	1191	1.0	Unknown taxonomy (chromosome or plasmid)
barcode01_9Gb	contig_5323	22266	23457	tet(C)_tetracycline_antibiotic	29	1191	1191	1.0	Unknown taxonomy (chromosome or plasmid)
barcode01_9Gb	contig_5323	25330	26215	mphE_macrolide_antibiotic	66	885	885	1.0	Unknown taxonomy (chromosome or plasmid)
barcode01_9Gb	contig_5323	26270	27746	msrE_macrolide_antibiotic;_streptogramin_antibiotic	73	1476	1476	1.0	Unknown taxonomy (chromosome or plasmid)
barcode01_9Gb	contig_5374	6136	6481	qacG_disinfecting_agents_and_antiseptics	28	345	345	1.0	Unknown taxonomy (chromosome or plasmid)
barcode01_9Gb	contig_5375	98	443	qacG_disinfecting_agents_and_antiseptics	26	345	345	1.0	Unknown taxonomy (chromosome or plasmid)
barcode01_9Gb	contig_5378	160396	161581	Escherichia coli EF-Tu mutants conferring resistance to Pulvomycin_elfamycin_antibiotic	36	1185	1185	1.0	Enterobacter (chromosome or plasmid)
barcode01_9Gb	contig_54	92599	93745	CMY-34_cephamycin	29	1146	1146	1.0	Citrobacter portucalensis (chromosome or plasmid)
barcode01_9Gb	contig_5505	10883	12803	tet(O)_tetracycline_antibiotic	58	1920	1920	1.0	Unknown taxonomy (chromosome or plasmid)
barcode01_9Gb	contig_5521	10715	11900	Escherichia coli EF-Tu mutants conferring resistance to Pulvomycin_elfamycin_antibiotic	14	1185	1185	1.0	Shewanella putrefaciens (chromosome)
barcode01_9Gb	contig_5543	26363	26738	ramA_fluoroquinolone_antibiotic;_monobactam;_carbapenem;_cephalosporin;_glycylcycline;_cephamycin;_penam;_tetracycline_antibiotic;_rifamycin_antibiotic;_phenicol_antibiotic;_penem;_disinfecting_agents_and_antiseptics	6	375	375	1.0	Enterobacter (chromosome)
barcode01_9Gb	contig_5599	39217	40099	leuO_nucleoside_antibiotic;_disinfecting_agents_and_antiseptics	6	882	882	1.0	Enterobacter (chromosome)
barcode01_9Gb	contig_5617	7261	7792	emrR_fluoroquinolone_antibiotic	4	531	531	1.0	Enterobacter (chromosome or plasmid)
barcode01_9Gb	contig_5617	17691	17877	rsmA_fluoroquinolone_antibiotic;_diaminopyrimidine_antibiotic;_phenicol_antibiotic	9	186	186	1.0	Enterobacter (chromosome or plasmid)
barcode01_9Gb	contig_5673	3638	3827	rsmA_fluoroquinolone_antibiotic;_diaminopyrimidine_antibiotic;_phenicol_antibiotic	13	189	189	1.0	
barcode01_9Gb	contig_5701	52108	53602	vanW gene in vanI cluster_glycopeptide_antibiotic	27	1494	1494	1.0	
barcode01_9Gb	contig_5701	981476	982040	lnuC_lincosamide_antibiotic	71	564	564	1.0	Unknown taxonomy (chromosome or plasmid)
barcode01_9Gb	contig_5701	1816882	1820035	adeF_fluoroquinolone_antibiotic;_tetracycline_antibiotic	40	3153	3153	1.0	
barcode01_9Gb	contig_5701	1885829	1886393	lnuC_lincosamide_antibiotic	68	564	564	1.0	Unknown taxonomy (chromosome or plasmid)
barcode01_9Gb	contig_5712	376980	378180	tet(A)_tetracycline_antibiotic	59	1200	1200	1.0	Unknown taxonomy (chromosome or plasmid)
barcode01_9Gb	contig_5712	379257	380094	APH(6)-Id_aminoglycoside_antibiotic	55	837	837	1.0	Unknown taxonomy (chromosome or plasmid)
barcode01_9Gb	contig_5712	380957	381773	sul2_sulfonamide_antibiotic	57	816	816	1.0	Unknown taxonomy (chromosome or plasmid)
barcode01_9Gb	contig_5712	990409	990745	qacG_disinfecting_agents_and_antiseptics	22	336	336	1.0	
barcode01_9Gb	contig_5730	113874	114663	ANT(3'')-IIa_aminoglycoside_antibiotic	94	789	789	1.0	Acinetobacter baumannii (chromosome or plasmid)
barcode01_9Gb	contig_5742	22146	22512	vanY gene in vanF cluster_glycopeptide_antibiotic	3	366	366	1.0	
barcode01_9Gb	contig_5742	22852	23257	vanY gene in vanF cluster_glycopeptide_antibiotic	2	405	405	1.0	
barcode01_9Gb	contig_5761	20113	20836	baeR_aminoglycoside_antibiotic;_aminocoumarin_antibiotic	40	723	723	1.0	Unknown taxonomy (chromosome or plasmid)
barcode01_9Gb	contig_5761	23649	26727	mdtC_aminocoumarin_antibiotic	32	3078	3078	1.0	Escherichia coli (chromosome or plasmid)
barcode01_9Gb	contig_5761	26727	29850	mdtB_aminocoumarin_antibiotic	30	3123	3123	1.0	Unknown taxonomy (chromosome or plasmid)
barcode01_9Gb	contig_5761	29849	31097	mdtA_aminocoumarin_antibiotic	28	1248	1248	1.0	Escherichia coli (chromosome or plasmid)
barcode01_9Gb	contig_5766	544	1711	ugd_peptide_antibiotic	10	1167	1167	1.0	Escherichia coli (chromosome or plasmid)
barcode01_9Gb	contig_5772	147283	150406	mdtB_aminocoumarin_antibiotic	14	3123	3123	1.0	
barcode01_9Gb	contig_5772	150406	153460	mdtC_aminocoumarin_antibiotic	6	3054	3054	1.0	
barcode01_9Gb	contig_5772	156300	157128	baeR_aminoglycoside_antibiotic;_aminocoumarin_antibiotic	15	828	828	1.0	Enterobacter kobei (chromosome)
barcode01_9Gb	contig_5835	8074	9247	vanY gene in vanF cluster_glycopeptide_antibiotic	7	1173	1173	1.0	
barcode01_9Gb	contig_5847	23679	26790	adeB_glycylcycline;_tetracycline_antibiotic	28	3111	3111	1.0	Acinetobacter baumannii (no genomic info)
barcode01_9Gb	contig_5875	41031	42780	msbA_nitroimidazole_antibiotic	8	1749	1749	1.0	Citrobacter freundii (chromosome)
barcode01_9Gb	contig_5876	75112	75493	marA_fluoroquinolone_antibiotic;_monobactam;_carbapenem;_cephalosporin;_glycylcycline;_cephamycin;_penam;_tetracycline_antibiotic;_rifamycin_antibiotic;_phenicol_antibiotic;_penem;_disinfecting_agents_and_antiseptics	22	381	381	1.0	Enterobacter (chromosome or plasmid)
barcode01_9Gb	contig_6018	600826	601714	vanW gene in vanG cluster_glycopeptide_antibiotic	12	888	888	1.0	
barcode01_9Gb	contig_6018	1467699	1467954	rsmA_fluoroquinolone_antibiotic;_diaminopyrimidine_antibiotic;_phenicol_antibiotic	11	255	255	1.0	
barcode01_9Gb	contig_6018	1760452	1760797	qacG_disinfecting_agents_and_antiseptics	10	345	345	1.0	
barcode01_9Gb	contig_61	188910	190056	ACT-87_carbapenem;_cephalosporin;_cephamycin;_penam	17	1146	1146	1.0	Enterobacter kobei (chromosome)
barcode01_9Gb	contig_61	338586	339012	FosA2_phosphonic_acid_antibiotic	19	426	426	1.0	Enterobacter kobei (chromosome)
barcode01_9Gb	contig_61	530336	531359	leuO_nucleoside_antibiotic;_disinfecting_agents_and_antiseptics	17	1023	1023	1.0	Enterobacter kobei (chromosome)
barcode01_9Gb	contig_6110	9352	9817	AAC(3)-Ia_aminoglycoside_antibiotic	31	465	465	1.0	Unknown taxonomy (chromosome or plasmid)
barcode01_9Gb	contig_6159	117890	118991	LpsB_peptide_antibiotic	71	1101	1101	1.0	Acinetobacter baumannii (chromosome or plasmid)
barcode01_9Gb	contig_6159	166406	167753	abeM_fluoroquinolone_antibiotic;_disinfecting_agents_and_antiseptics	81	1347	1347	1.0	Acinetobacter baumannii (chromosome or plasmid)
barcode01_9Gb	contig_6326	897	2664	Haemophilus influenzae PBP3 conferring resistance to beta-lactam antibiotics_cephalosporin;_cephamycin;_penam	6	1767	1767	1.0	Klebsiella michiganensis (chromosome)
barcode01_9Gb	contig_64	1491	2676	Escherichia coli EF-Tu mutants conferring resistance to Pulvomycin_elfamycin_antibiotic	9	1185	1185	1.0	Klebsiella michiganensis (chromosome or plasmid)
barcode01_9Gb	contig_6454	11763	12948	Escherichia coli EF-Tu mutants conferring resistance to Pulvomycin_elfamycin_antibiotic	166	1185	1185	1.0	Aeromonas (chromosome or plasmid)
barcode01_9Gb	contig_6467	4042	5155	vanT gene in vanG cluster_glycopeptide_antibiotic	22	1113	1113	1.0	
barcode01_9Gb	contig_6471	5686	6319	CRP_macrolide_antibiotic;_fluoroquinolone_antibiotic;_penam	17	633	633	1.0	Citrobacter freundii (chromosome)
barcode01_9Gb	contig_6471	24696	25881	Escherichia coli EF-Tu mutants conferring resistance to Pulvomycin_elfamycin_antibiotic	18	1185	1185	1.0	Citrobacter (chromosome or plasmid)
barcode01_9Gb	contig_65	9560	10745	Escherichia coli EF-Tu mutants conferring resistance to Pulvomycin_elfamycin_antibiotic	76	1185	1185	1.0	Unknown taxonomy (chromosome or plasmid)
barcode01_9Gb	contig_6510	251	884	catB3_phenicol_antibiotic	34	633	633	1.0	Unknown taxonomy (chromosome or plasmid)
barcode01_9Gb	contig_6510	1021	1852	OXA-1_cephalosporin;_penam	45	831	831	1.0	Unknown taxonomy (chromosome or plasmid)
barcode01_9Gb	contig_6510	1982	2582	AAC(6')-Ib-cr6_fluoroquinolone_antibiotic;_aminoglycoside_antibiotic	57	600	600	1.0	Unknown taxonomy (chromosome or plasmid)
barcode01_9Gb	contig_6514	672	1020	qacEdelta1_disinfecting_agents_and_antiseptics	40	348	348	1.0	Unknown taxonomy (chromosome or plasmid)
barcode01_9Gb	contig_6514	1013	1853	sul1_sulfonamide_antibiotic	32	840	840	1.0	Unknown taxonomy (chromosome or plasmid)
barcode01_9Gb	contig_6514	4990	5464	dfrA23_diaminopyrimidine_antibiotic	5	474	474	1.0	Unknown taxonomy (chromosome or plasmid)
barcode01_9Gb	contig_6515	3578	4391	NDM-1_carbapenem;_cephalosporin;_cephamycin;_penam	36	813	813	1.0	Unknown taxonomy (chromosome or plasmid)
barcode01_9Gb	contig_6515	4394	4760	BRP(MBL)_glycopeptide_antibiotic	38	366	366	1.0	Unknown taxonomy (chromosome or plasmid)
barcode01_9Gb	contig_6546	15603	16485	vanW gene in vanG cluster_glycopeptide_antibiotic	647	882	882	1.0	Acinetobacter johnsonii (chromosome)
barcode01_9Gb	contig_6602	44586	44910	Escherichia coli soxS with mutation conferring antibiotic resistance_fluoroquinolone_antibiotic;_monobactam;_carbapenem;_cephalosporin;_glycylcycline;_cephamycin;_penam;_tetracycline_antibiotic;_rifamycin_antibiotic;_phenicol_antibiotic;_penem;_disinfecting_agents_and_antiseptics	12	324	324	1.0	Citrobacter (chromosome)
barcode01_9Gb	contig_6618	17097	18186	tet(O)_tetracycline_antibiotic	51	1089	1089	1.0	Unknown taxonomy (chromosome or plasmid)
barcode01_9Gb	contig_6618	18286	19021	tet(O)_tetracycline_antibiotic	33	735	735	1.0	Unknown taxonomy (chromosome or plasmid)
barcode01_9Gb	contig_6618	19072	20308	tet(40)_tetracycline_antibiotic	13	1236	1236	1.0	Faecalibacterium prausnitzii (chromosome)
barcode01_9Gb	contig_6757	654940	656902	tet(O)_tetracycline_antibiotic	16	1962	1962	1.0	
barcode01_9Gb	contig_6757	663821	664994	vanT gene in vanG cluster_glycopeptide_antibiotic	28	1173	1173	1.0	
barcode01_9Gb	contig_6757	815671	816865	vanT gene in vanG cluster_glycopeptide_antibiotic	24	1194	1194	1.0	
barcode01_9Gb	contig_6758	63670	65159	TolC_macrolide_antibiotic;_fluoroquinolone_antibiotic;_aminoglycoside_antibiotic;_carbapenem;_cephalosporin;_glycylcycline;_cephamycin;_penam;_tetracycline_antibiotic;_peptide_antibiotic;_aminocoumarin_antibiotic;_rifamycin_antibiotic;_phenicol_antibiotic;_penem;_disinfecting_agents_and_antiseptics	55	1489	1489	1.0	Unknown taxonomy (chromosome or plasmid)
barcode01_9Gb	contig_6758	87562	88384	bacA_peptide_antibiotic	56	822	822	1.0	Escherichia coli (chromosome or plasmid)
barcode01_9Gb	contig_6758	297376	298039	AcrS_fluoroquinolone_antibiotic;_cephalosporin;_glycylcycline;_cephamycin;_penam;_tetracycline_antibiotic;_rifamycin_antibiotic;_phenicol_antibiotic;_disinfecting_agents_and_antiseptics	55	663	663	1.0	Unknown taxonomy (chromosome or plasmid)
barcode01_9Gb	contig_6758	298437	299595	AcrE_fluoroquinolone_antibiotic;_cephalosporin;_cephamycin;_penam	47	1158	1158	1.0	Unknown taxonomy (chromosome or plasmid)
barcode01_9Gb	contig_6758	299606	302711	AcrF_fluoroquinolone_antibiotic;_cephalosporin;_cephamycin;_penam	45	3105	3105	1.0	Escherichia coli (chromosome or plasmid)
barcode01_9Gb	contig_6832	6194	6965	tet(W)_tetracycline_antibiotic	50	771	771	1.0	Unknown taxonomy (chromosome or plasmid)
barcode01_9Gb	contig_6832	7035	8115	tet(W)_tetracycline_antibiotic	38	1080	1080	1.0	Unknown taxonomy (chromosome or plasmid)
barcode01_9Gb	contig_6832	9845	11066	tet(40)_tetracycline_antibiotic	14	1221	1221	1.0	Unknown taxonomy (chromosome)
barcode01_9Gb	contig_6916	3309	4515	Mef(En2)_macrolide_antibiotic;_lincosamide_antibiotic	34	1206	1206	1.0	Unknown taxonomy (chromosome)
barcode01_9Gb	contig_6931	48408	51027	adeF_fluoroquinolone_antibiotic;_tetracycline_antibiotic	42	2619	2619	1.0	Unknown taxonomy (chromosome)
barcode01_9Gb	contig_6932	22054	23167	vanG_glycopeptide_antibiotic	6	1113	1113	1.0	Citrobacter freundii (chromosome or plasmid)
barcode01_9Gb	contig_7193	2132	3353	tet(W)_tetracycline_antibiotic	18	1221	1221	1.0	Eggerthella lenta (chromosome or plasmid)
barcode01_9Gb	contig_7431	19576	19789	vanU gene in vanG cluster_glycopeptide_antibiotic	13	213	213	1.0	
barcode01_9Gb	contig_7445	8887	10210	tet(W)_tetracycline_antibiotic	41	1323	1323	1.0	Unknown taxonomy (chromosome or plasmid)
barcode01_9Gb	contig_7446	14257	15136	tet(W)_tetracycline_antibiotic	27	879	879	1.0	Unknown taxonomy (chromosome)
barcode01_9Gb	contig_7446	15132	15621	tet(W)_tetracycline_antibiotic	31	489	489	1.0	Unknown taxonomy (chromosome or plasmid)
barcode01_9Gb	contig_7448	8984	10904	tet(W)_tetracycline_antibiotic	55	1920	1920	1.0	Trueperella pyogenes (chromosome or plasmid)
barcode01_9Gb	contig_7485	2712	3744	mdtN_nucleoside_antibiotic;_disinfecting_agents_and_antiseptics	38	1032	1032	1.0	Escherichia coli (chromosome or plasmid)
barcode01_9Gb	contig_7485	3743	5795	mdtO_nucleoside_antibiotic;_disinfecting_agents_and_antiseptics	44	2052	2052	1.0	Escherichia coli (chromosome or plasmid)
barcode01_9Gb	contig_7485	5791	7258	mdtP_nucleoside_antibiotic;_disinfecting_agents_and_antiseptics	66	1467	1467	1.0	Unknown taxonomy (chromosome or plasmid)
barcode01_9Gb	contig_7485	28325	28790	Escherichia coli soxR with mutation conferring antibiotic resistance_fluoroquinolone_antibiotic;_cephalosporin;_glycylcycline;_penam;_tetracycline_antibiotic;_rifamycin_antibiotic;_phenicol_antibiotic;_disinfecting_agents_and_antiseptics	54	465	465	1.0	Unknown taxonomy (chromosome or plasmid)
barcode01_9Gb	contig_7485	28875	29199	Escherichia coli soxS with mutation conferring antibiotic resistance_fluoroquinolone_antibiotic;_monobactam;_carbapenem;_cephalosporin;_glycylcycline;_cephamycin;_penam;_tetracycline_antibiotic;_rifamycin_antibiotic;_phenicol_antibiotic;_penem;_disinfecting_agents_and_antiseptics	59	324	324	1.0	Unknown taxonomy (chromosome or plasmid)
barcode01_9Gb	contig_75	11001	12186	Escherichia coli EF-Tu mutants conferring resistance to Pulvomycin_elfamycin_antibiotic	10	1185	1185	1.0	Citrobacter (chromosome or plasmid)
barcode01_9Gb	contig_7515	3869	5060	tet(C)_tetracycline_antibiotic	20	1191	1191	1.0	Unknown taxonomy (chromosome or plasmid)
barcode01_9Gb	contig_7515	9881	10712	OXA-4_cephalosporin;_penam	4	831	831	1.0	Unknown taxonomy (chromosome or plasmid)
barcode01_9Gb	contig_7536	17648	18443	APH(3')-IIIa_aminoglycoside_antibiotic	16	795	795	1.0	Unknown taxonomy (chromosome or plasmid)
barcode01_9Gb	contig_7536	18535	19078	SAT-4_nucleoside_antibiotic	10	543	543	1.0	Unknown taxonomy (chromosome or plasmid)
barcode01_9Gb	contig_7536	19074	19983	aad(6)_aminoglycoside_antibiotic	14	909	909	1.0	Unknown taxonomy (chromosome or plasmid)
barcode01_9Gb	contig_7550	44209	44464	rsmA_fluoroquinolone_antibiotic;_diaminopyrimidine_antibiotic;_phenicol_antibiotic	24	255	255	1.0	
barcode01_9Gb	contig_76	12551	13664	Escherichia coli EF-Tu mutants conferring resistance to Pulvomycin_elfamycin_antibiotic	7	1113	1113	1.0	Citrobacter (chromosome or plasmid)
barcode01_9Gb	contig_7622	42921	43869	leuO_nucleoside_antibiotic;_disinfecting_agents_and_antiseptics	15	948	948	1.0	Citrobacter (chromosome)
barcode01_9Gb	contig_7688	34398	34929	emrR_fluoroquinolone_antibiotic	41	531	531	1.0	Unknown taxonomy (chromosome or plasmid)
barcode01_9Gb	contig_7688	35055	36228	emrA_fluoroquinolone_antibiotic	39	1173	1173	1.0	Unknown taxonomy (chromosome or plasmid)
barcode01_9Gb	contig_7688	36244	37783	emrB_fluoroquinolone_antibiotic	47	1539	1539	1.0	Unknown taxonomy (chromosome or plasmid)
barcode01_9Gb	contig_7688	42723	42909	rsmA_fluoroquinolone_antibiotic;_diaminopyrimidine_antibiotic;_phenicol_antibiotic	43	186	186	1.0	Unknown taxonomy (chromosome or plasmid)
barcode01_9Gb	contig_7705	92317	93121	lnuB_lincosamide_antibiotic	16	804	804	1.0	Unknown taxonomy (chromosome or plasmid)
barcode01_9Gb	contig_7705	93174	94659	lsaE_lincosamide_antibiotic;_streptogramin_antibiotic;_pleuromutilin_antibiotic	17	1485	1485	1.0	Streptococcus (chromosome or plasmid)
barcode01_9Gb	contig_7718	61199	62591	Escherichia coli UhpT with mutation conferring resistance to fosfomycin_phosphonic_acid_antibiotic	3	1392	1392	1.0	Citrobacter freundii (chromosome or plasmid)
barcode01_9Gb	contig_79	29775	30960	Escherichia coli EF-Tu mutants conferring resistance to Pulvomycin_elfamycin_antibiotic	15	1185	1185	1.0	Klebsiella (chromosome or plasmid)
barcode01_9Gb	contig_7932	18154	19138	PmrF_peptide_antibiotic	23	984	984	1.0	
barcode01_9Gb	contig_7932	22012	23668	ArnT_peptide_antibiotic	22	1656	1656	1.0	Enterobacter kobei (chromosome)
barcode01_9Gb	contig_7932	98104	98737	CRP_macrolide_antibiotic;_fluoroquinolone_antibiotic;_penam	22	633	633	1.0	Enterobacter (chromosome or plasmid)
barcode01_9Gb	contig_7932	121880	123065	Escherichia coli EF-Tu mutants conferring resistance to Pulvomycin_elfamycin_antibiotic	30	1185	1185	1.0	Enterobacter kobei (chromosome or plasmid)
barcode01_9Gb	contig_7943	18524	18779	rsmA_fluoroquinolone_antibiotic;_diaminopyrimidine_antibiotic;_phenicol_antibiotic	476	255	255	1.0	
barcode01_9Gb	contig_7948	10034	10289	rsmA_fluoroquinolone_antibiotic;_diaminopyrimidine_antibiotic;_phenicol_antibiotic	333	255	255	1.0	
barcode01_9Gb	contig_7951	2379	2634	rsmA_fluoroquinolone_antibiotic;_diaminopyrimidine_antibiotic;_phenicol_antibiotic	26	255	255	1.0	
barcode01_9Gb	contig_8094	477	1134	QnrS2_fluoroquinolone_antibiotic	21	657	657	1.0	Unknown taxonomy (chromosome or plasmid)
barcode01_9Gb	contig_8210	3724	4915	tet(C)_tetracycline_antibiotic	29	1191	1191	1.0	Unknown taxonomy (chromosome or plasmid)
barcode01_9Gb	contig_8210	5794	6598	APH(3'')-Ib_aminoglycoside_antibiotic	19	804	804	1.0	Unknown taxonomy (chromosome or plasmid)
barcode01_9Gb	contig_8210	6597	7434	APH(6)-Id_aminoglycoside_antibiotic	18	837	837	1.0	Unknown taxonomy (chromosome or plasmid)
barcode01_9Gb	contig_8306	4116	4761	QnrB19_fluoroquinolone_antibiotic	34	645	645	1.0	Unknown taxonomy (chromosome or plasmid)
barcode01_9Gb	contig_8354	4922	6107	Escherichia coli EF-Tu mutants conferring resistance to Pulvomycin_elfamycin_antibiotic	10	1185	1185	1.0	Salmonella enterica (chromosome or plasmid)
barcode01_9Gb	contig_8354	21166	21799	CRP_macrolide_antibiotic;_fluoroquinolone_antibiotic;_penam	9	633	633	1.0	Klebsiella quasipneumoniae (chromosome)
barcode01_9Gb	contig_8355	5351	6536	Escherichia coli EF-Tu mutants conferring resistance to Pulvomycin_elfamycin_antibiotic	55	1185	1185	1.0	Unknown taxonomy (chromosome or plasmid)
barcode01_9Gb	contig_8356	20457	21642	Escherichia coli EF-Tu mutants conferring resistance to Pulvomycin_elfamycin_antibiotic	56	1185	1185	1.0	Unknown taxonomy (chromosome or plasmid)
barcode01_9Gb	contig_8395	18856	21076	Acinetobacter baumannii parC conferring resistance to fluoroquinolones_fluoroquinolone_antibiotic	69	2220	2220	1.0	Acinetobacter baumannii (chromosome or plasmid)
barcode01_9Gb	contig_8473	20399	21716	Acinetobacter baumannii AbaQ_fluoroquinolone_antibiotic	21	1317	1317	1.0	
barcode01_9Gb	contig_8612	13114	14299	Escherichia coli EF-Tu mutants conferring resistance to Pulvomycin_elfamycin_antibiotic	31	1185	1185	1.0	Enterobacter (chromosome or plasmid)
barcode01_9Gb	contig_8628	6258	7443	Escherichia coli EF-Tu mutants conferring resistance to Pulvomycin_elfamycin_antibiotic	174	1185	1185	1.0	Aeromonas caviae (chromosome or plasmid)
barcode01_9Gb	contig_8650	3122	3953	OXA-1_cephalosporin;_penam	37	831	831	1.0	Unknown taxonomy (chromosome or plasmid)
barcode01_9Gb	contig_8650	4808	5261	arr-3_rifamycin_antibiotic	51	453	453	1.0	Unknown taxonomy (chromosome or plasmid)
barcode01_9Gb	contig_8650	5483	5831	qacEdelta1_disinfecting_agents_and_antiseptics	78	348	348	1.0	Unknown taxonomy (chromosome or plasmid)
barcode01_9Gb	contig_8650	5824	6664	sul1_sulfonamide_antibiotic	68	840	840	1.0	Unknown taxonomy (chromosome or plasmid)
barcode01_9Gb	contig_8665	11967	12867	VEB-9_monobactam;_cephalosporin	17	900	900	1.0	Unknown taxonomy (chromosome or plasmid)
barcode01_9Gb	contig_8665	15685	16546	TEM-1_monobactam;_cephalosporin;_penam;_penem	45	861	861	1.0	Unknown taxonomy (chromosome or plasmid)
barcode01_9Gb	contig_8665	16687	17548	AAC(3)-IIe_aminoglycoside_antibiotic	29	861	861	1.0	Unknown taxonomy (chromosome or plasmid)
barcode01_9Gb	contig_8736	87454	89203	msbA_nitroimidazole_antibiotic	49	1749	1749	1.0	Unknown taxonomy (chromosome)
barcode01_9Gb	contig_8741	28	856	OXA-2_carbapenem;_cephalosporin;_penam	12	828	828	1.0	Unknown taxonomy (chromosome or plasmid)
barcode01_9Gb	contig_8741	932	1712	aadA_aminoglycoside_antibiotic	28	780	780	1.0	Unknown taxonomy (chromosome or plasmid)
barcode01_9Gb	contig_8741	1760	2588	OXA-2_carbapenem;_cephalosporin;_penam	24	828	828	1.0	Unknown taxonomy (chromosome or plasmid)
barcode01_9Gb	contig_8763	1794	3012	tet(E)_tetracycline_antibiotic	13	1218	1218	1.0	Aeromonas veronii (chromosome)
barcode01_9Gb	contig_8799	74416	75412	CfxA6_cephamycin	37	996	996	1.0	
barcode01_9Gb	contig_8940	7776	8514	ErmB_macrolide_antibiotic;_lincosamide_antibiotic;_streptogramin_antibiotic;_streptogramin_A_antibiotic;_streptogramin_B_antibiotic	30	738	738	1.0	Unknown taxonomy (chromosome or plasmid)
barcode01_9Gb	contig_901	5346	6651	Acinetobacter baumannii AbaQ_fluoroquinolone_antibiotic	19	1305	1305	1.0	
barcode01_9Gb	contig_9035	61238	61976	ErmB_macrolide_antibiotic;_lincosamide_antibiotic;_streptogramin_antibiotic;_streptogramin_A_antibiotic;_streptogramin_B_antibiotic	20	738	738	1.0	Unknown taxonomy (chromosome or plasmid)
barcode01_9Gb	contig_9037	4953	5775	bacA_peptide_antibiotic	7	822	822	1.0	
barcode01_9Gb	contig_9041	3944	4286	ramA_fluoroquinolone_antibiotic;_monobactam;_carbapenem;_cephalosporin;_glycylcycline;_cephamycin;_penam;_tetracycline_antibiotic;_rifamycin_antibiotic;_phenicol_antibiotic;_penem;_disinfecting_agents_and_antiseptics	6	342	342	1.0	Enterobacter hormaechei (chromosome)
barcode01_9Gb	contig_9071	40024	41275	adeI_macrolide_antibiotic;_fluoroquinolone_antibiotic;_lincosamide_antibiotic;_carbapenem;_cephalosporin;_tetracycline_antibiotic;_rifamycin_antibiotic;_diaminopyrimidine_antibiotic;_phenicol_antibiotic;_penem	78	1251	1251	1.0	Acinetobacter baumannii (chromosome or plasmid)
barcode01_9Gb	contig_9071	41287	44464	adeJ_macrolide_antibiotic;_fluoroquinolone_antibiotic;_lincosamide_antibiotic;_carbapenem;_cephalosporin;_tetracycline_antibiotic;_rifamycin_antibiotic;_diaminopyrimidine_antibiotic;_phenicol_antibiotic;_penem	74	3177	3177	1.0	Acinetobacter baumannii (chromosome or plasmid)
barcode01_9Gb	contig_9071	44463	45918	adeK_macrolide_antibiotic;_fluoroquinolone_antibiotic;_lincosamide_antibiotic;_carbapenem;_cephalosporin;_tetracycline_antibiotic;_rifamycin_antibiotic;_diaminopyrimidine_antibiotic;_phenicol_antibiotic;_penem	76	1455	1455	1.0	Acinetobacter baumannii (chromosome or plasmid)
barcode01_9Gb	contig_908	101	434	qacJ_disinfecting_agents_and_antiseptics	4	333	333	1.0	Unknown taxonomy (chromosome or plasmid)
barcode01_9Gb	contig_9177	103036	103369	qacJ_disinfecting_agents_and_antiseptics	10	333	333	1.0	
barcode01_9Gb	contig_9223	545	1373	OXA-253_carbapenem;_penam	40	828	828	1.0	Acinetobacter baumannii (chromosome)
barcode01_9Gb	contig_9289	102338	103163	gadX_macrolide_antibiotic;_fluoroquinolone_antibiotic;_penam	64	825	825	1.0	Unknown taxonomy (chromosome)
barcode01_9Gb	contig_9289	107760	108918	mdtE_macrolide_antibiotic;_fluoroquinolone_antibiotic;_penam	55	1158	1158	1.0	Unknown taxonomy (chromosome)
barcode01_9Gb	contig_9296	39141	39474	Escherichia coli emrE_macrolide_antibiotic	26	333	333	1.0	Unknown taxonomy (chromosome or plasmid)
barcode01_9Gb	contig_9297	38395	39865	adeC_glycylcycline;_tetracycline_antibiotic	17	1470	1470	1.0	Acinetobacter baumannii (chromosome or plasmid)
barcode01_9Gb	contig_9298	4399	5518	vanT gene in vanG cluster_glycopeptide_antibiotic	4	1119	1119	1.0	
barcode01_9Gb	contig_9309	6198	6672	dfrA6_diaminopyrimidine_antibiotic	30	474	474	1.0	Unknown taxonomy (chromosome or plasmid)
barcode01_9Gb	contig_9310	10519	11176	QnrVC1_fluoroquinolone_antibiotic	32	657	657	1.0	Unknown taxonomy (chromosome or plasmid)
barcode01_9Gb	contig_9326	8151	9264	vanT gene in vanG cluster_glycopeptide_antibiotic	19	1113	1113	1.0	
barcode01_9Gb	contig_9387	983	2174	tet(C)_tetracycline_antibiotic	22	1191	1191	1.0	Unknown taxonomy (chromosome or plasmid)
barcode01_9Gb	contig_9389	3101	3893	aadA_aminoglycoside_antibiotic	29	792	792	1.0	Unknown taxonomy (chromosome or plasmid)
barcode01_9Gb	contig_9389	4131	4932	OXA-101_cephalosporin;_penam	16	801	801	1.0	Unknown taxonomy (chromosome or plasmid)
barcode01_9Gb	contig_9389	5491	6355	sul4_sulfonamide_antibiotic	13	864	864	1.0	Unknown taxonomy (chromosome or plasmid)
barcode01_9Gb	contig_9398	13401	14346	leuO_nucleoside_antibiotic;_disinfecting_agents_and_antiseptics	4	945	945	1.0	Leclercia adecarboxylata (chromosome)
barcode01_9Gb	contig_9398	20515	22282	Haemophilus influenzae PBP3 conferring resistance to beta-lactam antibiotics_cephalosporin;_cephamycin;_penam	5	1767	1767	1.0	Leclercia adecarboxylata (chromosome or plasmid)
barcode01_9Gb	contig_9546	4862	5282	FosA6_phosphonic_acid_antibiotic	5	420	420	1.0	Unknown taxonomy (chromosome or plasmid)
barcode01_9Gb	contig_9547	6108	6984	CTX-M-55_cephalosporin	11	876	876	1.0	Unknown taxonomy (chromosome or plasmid)
barcode01_9Gb	contig_9547	7765	8503	TEM-244_monobactam;_cephalosporin;_penam;_penem	7	738	738	1.0	Unknown taxonomy (chromosome or plasmid)
barcode01_9Gb	contig_9547	9648	10065	FosA3_phosphonic_acid_antibiotic	7	417	417	1.0	Unknown taxonomy (chromosome or plasmid)
barcode01_9Gb	contig_9547	12886	13681	APH(3')-IIa_aminoglycoside_antibiotic	7	795	795	1.0	Unknown taxonomy (chromosome or plasmid)
barcode01_9Gb	contig_9581	15182	15437	rsmA_fluoroquinolone_antibiotic;_diaminopyrimidine_antibiotic;_phenicol_antibiotic	51	255	255	1.0	
barcode01_9Gb	contig_9606	6068	8546	vanT gene in vanG cluster_glycopeptide_antibiotic	24	2478	2478	1.0	
barcode01_9Gb	contig_9729	47347	50461	acrD_aminoglycoside_antibiotic	16	3114	3114	1.0	Enterobacter (chromosome)
barcode01_9Gb	contig_9737	369697	372853	adeF_fluoroquinolone_antibiotic;_tetracycline_antibiotic	33	3156	3156	1.0	
barcode01_9Gb	contig_9785	2206	3088	KPC-2_monobactam;_carbapenem;_cephalosporin;_penam	53	882	882	1.0	Unknown taxonomy (chromosome or plasmid)
barcode01_9Gb	contig_9829	167	1013	Erm(36)_macrolide_antibiotic;_lincosamide_antibiotic;_streptogramin_antibiotic;_streptogramin_A_antibiotic;_streptogramin_B_antibiotic	3	846	846	1.0	Micrococcus luteus (no genomic info)
barcode01_9Gb	contig_9830	23547	23877	qacG_disinfecting_agents_and_antiseptics	12	330	330	1.0	
barcode01_9Gb	contig_9867	6040	6280	FosH_phosphonic_acid_antibiotic	7	240	240	1.0	
barcode01_9Gb	contig_9878	252106	253267	vanT gene in vanG cluster_glycopeptide_antibiotic	13	1161	1161	1.0	
barcode01_9Gb	contig_9983	11633	12257	tetR_tetracycline_antibiotic	37	624	624	1.0	Unknown taxonomy (chromosome or plasmid)
barcode01_9Gb	contig_9983	12338	13544	tet(B)_tetracycline_antibiotic	31	1206	1206	1.0	Unknown taxonomy (chromosome or plasmid)
barcode01_9Gb	contig_9984	380	1004	tetR_tetracycline_antibiotic	35	624	624	1.0	Unknown taxonomy (chromosome or plasmid)
barcode01_9Gb	contig_9984	1085	2291	tet(B)_tetracycline_antibiotic	39	1206	1206	1.0	Unknown taxonomy (chromosome or plasmid)
barcode02_03Gb	contig_10	84393	85218	OXA-644_carbapenem;_penam	26	825	825	1.0	Acinetobacter johnsonii (chromosome)
barcode02_03Gb	contig_17	70005	70350	qacG_disinfecting_agents_and_antiseptics	12	345	345	1.0	Acinetobacter johnsonii (chromosome)
barcode02_03Gb	contig_17	495231	495486	rsmA_fluoroquinolone_antibiotic;_diaminopyrimidine_antibiotic;_phenicol_antibiotic	18	255	255	1.0	
barcode02_03Gb	contig_187	11319	12114	OXA-504_penam	8	795	795	1.0	Aeromonas caviae (chromosome)
barcode02_03Gb	contig_234	1086	4263	adeJ_macrolide_antibiotic;_fluoroquinolone_antibiotic;_lincosamide_antibiotic;_carbapenem;_cephalosporin;_tetracycline_antibiotic;_rifamycin_antibiotic;_diaminopyrimidine_antibiotic;_phenicol_antibiotic;_penem	9	3177	3177	1.0	Acinetobacter baumannii (chromosome or plasmid)
barcode02_03Gb	contig_234	4275	5526	adeI_macrolide_antibiotic;_fluoroquinolone_antibiotic;_lincosamide_antibiotic;_carbapenem;_cephalosporin;_tetracycline_antibiotic;_rifamycin_antibiotic;_diaminopyrimidine_antibiotic;_phenicol_antibiotic;_penem	6	1251	1251	1.0	Acinetobacter baumannii (chromosome or plasmid)
barcode02_03Gb	contig_244	7078	7861	OXA-644_carbapenem;_penam	2	783	783	1.0	Acinetobacter johnsonii (chromosome)
barcode02_03Gb	contig_249	1519	2332	NDM-1_carbapenem;_cephalosporin;_cephamycin;_penam	3	813	813	1.0	Unknown taxonomy (chromosome or plasmid)
barcode02_03Gb	contig_249	3537	4317	APH(3')-VIa_aminoglycoside_antibiotic	16	780	780	1.0	Unknown taxonomy (chromosome or plasmid)
barcode02_03Gb	contig_299	57408	58518	vanT gene in vanG cluster_glycopeptide_antibiotic	10	1110	1110	1.0	
barcode02_03Gb	contig_348	4687	4876	rsmA_fluoroquinolone_antibiotic;_diaminopyrimidine_antibiotic;_phenicol_antibiotic	5	189	189	1.0	
barcode02_03Gb	contig_387	74050	75286	vanW gene in vanI cluster_glycopeptide_antibiotic	11	1236	1236	1.0	
barcode02_03Gb	contig_430	8637	9624	vanH gene in vanO cluster_glycopeptide_antibiotic	4	987	987	1.0	
barcode02_03Gb	contig_527	4843	5476	CRP_macrolide_antibiotic;_fluoroquinolone_antibiotic;_penam	7	633	633	1.0	Escherichia coli (chromosome or plasmid)
barcode02_03Gb	contig_537	515	1730	floR_phenicol_antibiotic	5	1215	1215	1.0	Unknown taxonomy (chromosome or plasmid)
barcode02_03Gb	contig_54	123102	124017	vanW gene in vanG cluster_glycopeptide_antibiotic	23	915	915	1.0	Acinetobacter johnsonii (chromosome)
barcode02_03Gb	contig_543	17791	18193	FosA8_phosphonic_acid_antibiotic	9	402	402	1.0	Aeromonas caviae (chromosome or plasmid)
barcode02_03Gb	contig_557	2098	2464	Klebsiella pneumoniae KpnE_macrolide_antibiotic;_aminoglycoside_antibiotic;_cephalosporin;_tetracycline_antibiotic;_peptide_antibiotic;_rifamycin_antibiotic;_disinfecting_agents_and_antiseptics	6	366	366	1.0	Unknown taxonomy (chromosome or plasmid)
barcode02_03Gb	contig_557	2450	2780	Klebsiella pneumoniae KpnF_macrolide_antibiotic;_aminoglycoside_antibiotic;_cephalosporin;_tetracycline_antibiotic;_peptide_antibiotic;_rifamycin_antibiotic;_disinfecting_agents_and_antiseptics	6	330	330	1.0	Unknown taxonomy (chromosome or plasmid)
barcode02_03Gb	contig_59	190	994	APH(3'')-Ib_aminoglycoside_antibiotic	9	804	804	1.0	Unknown taxonomy (chromosome or plasmid)
barcode02_03Gb	contig_6	4522	5404	KPC-2_monobactam;_carbapenem;_cephalosporin;_penam	20	882	882	1.0	Unknown taxonomy (chromosome or plasmid)
barcode02_03Gb	contig_614	1309	1816	nimK_nitroimidazole_antibiotic	7	507	507	1.0	
barcode02_05Gb	contig_1026	450	1290	sul1_sulfonamide_antibiotic	8	840	840	1.0	Unknown taxonomy (chromosome or plasmid)
barcode02_05Gb	contig_105	8659	9541	KPC-2_monobactam;_carbapenem;_cephalosporin;_penam	28	882	882	1.0	Unknown taxonomy (chromosome or plasmid)
barcode02_05Gb	contig_1055	39754	40591	APH(6)-Id_aminoglycoside_antibiotic	17	837	837	1.0	Unknown taxonomy (chromosome or plasmid)
barcode02_05Gb	contig_118	27842	28667	OXA-644_carbapenem;_penam	61	825	825	1.0	Acinetobacter johnsonii (chromosome)
barcode02_05Gb	contig_127	75624	75879	rsmA_fluoroquinolone_antibiotic;_diaminopyrimidine_antibiotic;_phenicol_antibiotic	26	255	255	1.0	
barcode02_05Gb	contig_127	499159	499525	qacG_disinfecting_agents_and_antiseptics	26	366	366	1.0	Acinetobacter johnsonii (chromosome)
barcode02_05Gb	contig_179	21609	22209	AAC(6')-Ib-cr6_fluoroquinolone_antibiotic;_aminoglycoside_antibiotic	17	600	600	1.0	Unknown taxonomy (chromosome or plasmid)
barcode02_05Gb	contig_179	23543	23891	qacEdelta1_disinfecting_agents_and_antiseptics	16	348	348	1.0	Unknown taxonomy (chromosome or plasmid)
barcode02_05Gb	contig_179	23884	24724	sul1_sulfonamide_antibiotic	16	840	840	1.0	Unknown taxonomy (chromosome or plasmid)
barcode02_05Gb	contig_179	27699	28938	Mrx_macrolide_antibiotic	10	1239	1239	1.0	Unknown taxonomy (chromosome or plasmid)
barcode02_05Gb	contig_179	28934	29840	mphA_macrolide_antibiotic	11	906	906	1.0	Unknown taxonomy (chromosome or plasmid)
barcode02_05Gb	contig_180	1802	2642	sul1_sulfonamide_antibiotic	15	840	840	1.0	Unknown taxonomy (chromosome or plasmid)
barcode02_05Gb	contig_180	2912	3929	aadA_aminoglycoside_antibiotic	21	1017	1017	1.0	Unknown taxonomy (chromosome or plasmid)
barcode02_05Gb	contig_182	20326	21208	KPC-2_monobactam;_carbapenem;_cephalosporin;_penam	9	882	882	1.0	Unknown taxonomy (chromosome or plasmid)
barcode02_05Gb	contig_183	3368	4187	mphA_macrolide_antibiotic	13	819	819	1.0	Unknown taxonomy (chromosome or plasmid)
barcode02_05Gb	contig_29	25882	27067	Escherichia coli EF-Tu mutants conferring resistance to Pulvomycin_elfamycin_antibiotic	20	1185	1185	1.0	Aeromonas caviae (chromosome or plasmid)
barcode02_05Gb	contig_295	75234	76149	vanW gene in vanG cluster_glycopeptide_antibiotic	43	915	915	1.0	Acinetobacter johnsonii (chromosome)
barcode02_05Gb	contig_30	20589	20991	FosA8_phosphonic_acid_antibiotic	9	402	402	1.0	Aeromonas caviae (chromosome or plasmid)
barcode02_05Gb	contig_341	57601	58555	vanT gene in vanG cluster_glycopeptide_antibiotic	5	954	954	1.0	
barcode02_05Gb	contig_377	1575	3846	adeF_fluoroquinolone_antibiotic;_tetracycline_antibiotic	7	2271	2271	1.0	Unknown taxonomy (chromosome)
barcode02_05Gb	contig_403	13510	14290	APH(3')-VIa_aminoglycoside_antibiotic	19	780	780	1.0	Unknown taxonomy (chromosome or plasmid)
barcode02_05Gb	contig_404	8741	9623	KPC-2_monobactam;_carbapenem;_cephalosporin;_penam	21	882	882	1.0	Unknown taxonomy (chromosome or plasmid)
barcode02_05Gb	contig_418	18933	19587	adeN_macrolide_antibiotic;_fluoroquinolone_antibiotic;_lincosamide_antibiotic;_carbapenem;_cephalosporin;_tetracycline_antibiotic;_rifamycin_antibiotic;_diaminopyrimidine_antibiotic;_phenicol_antibiotic;_penem	3	654	654	1.0	Acinetobacter baumannii (chromosome or plasmid)
barcode02_05Gb	contig_471	83353	85831	vanT gene in vanG cluster_glycopeptide_antibiotic	4	2478	2478	1.0	
barcode02_05Gb	contig_547	8572	9205	CRP_macrolide_antibiotic;_fluoroquinolone_antibiotic;_penam	9	633	633	1.0	Unknown taxonomy (chromosome or plasmid)
barcode02_05Gb	contig_551	2898	3738	sul1_sulfonamide_antibiotic	9	840	840	1.0	Unknown taxonomy (chromosome or plasmid)
barcode02_05Gb	contig_551	4285	5074	aadA5_aminoglycoside_antibiotic	7	789	789	1.0	Unknown taxonomy (chromosome or plasmid)
barcode02_05Gb	contig_556	4190	5957	Haemophilus influenzae PBP3 conferring resistance to beta-lactam antibiotics_cephalosporin;_cephamycin;_penam	7	1767	1767	1.0	Unknown taxonomy (chromosome or plasmid)
barcode02_05Gb	contig_564	1849	2482	CRP_macrolide_antibiotic;_fluoroquinolone_antibiotic;_penam	9	633	633	1.0	Enterobacter cloacae (chromosome or plasmid)
barcode02_05Gb	contig_572	22028	22694	emrR_fluoroquinolone_antibiotic	12	666	666	1.0	Unknown taxonomy (chromosome or plasmid)
barcode02_05Gb	contig_597	80796	80985	rsmA_fluoroquinolone_antibiotic;_diaminopyrimidine_antibiotic;_phenicol_antibiotic	13	189	189	1.0	
barcode02_05Gb	contig_600	88485	89280	OXA-504_penam	9	795	795	1.0	Aeromonas caviae (chromosome)
barcode02_05Gb	contig_638	27956	29090	EC-14_cephalosporin	8	1134	1134	1.0	Unknown taxonomy (chromosome or plasmid)
barcode02_05Gb	contig_70	14110	15025	vanW gene in vanG cluster_glycopeptide_antibiotic	23	915	915	1.0	Acinetobacter johnsonii (chromosome)
barcode02_05Gb	contig_756	307	1507	tet(A)_tetracycline_antibiotic	6	1200	1200	1.0	Unknown taxonomy (chromosome or plasmid)
barcode02_05Gb	contig_779	4334	5951	Haemophilus influenzae PBP3 conferring resistance to beta-lactam antibiotics_cephalosporin;_cephamycin;_penam	4	1617	1617	1.0	Enterobacter kobei (chromosome or plasmid)
barcode02_05Gb	contig_81	108784	109894	LpsB_peptide_antibiotic	8	1110	1110	1.0	Acinetobacter (chromosome or plasmid)
barcode02_05Gb	contig_81	149422	150769	abeM_fluoroquinolone_antibiotic;_disinfecting_agents_and_antiseptics	5	1347	1347	1.0	Acinetobacter baumannii (chromosome or plasmid)
barcode02_05Gb	contig_89	262	868	AAC(6')-Ib9_aminoglycoside_antibiotic	9	606	606	1.0	Unknown taxonomy (chromosome or plasmid)
barcode02_05Gb	contig_89	949	1726	aadA_aminoglycoside_antibiotic	5	777	777	1.0	Unknown taxonomy (chromosome or plasmid)
barcode02_05Gb	contig_89	1785	2610	OXA-9_penam	5	825	825	1.0	Unknown taxonomy (chromosome or plasmid)
barcode02_05Gb	contig_89	3309	4170	TEM-1_monobactam;_cephalosporin;_penam;_penem	12	861	861	1.0	Unknown taxonomy (chromosome or plasmid)
barcode02_05Gb	contig_89	5141	6026	mphE_macrolide_antibiotic	25	885	885	1.0	Unknown taxonomy (chromosome or plasmid)
barcode02_05Gb	contig_89	6081	7557	msrE_macrolide_antibiotic;_streptogramin_antibiotic	16	1476	1476	1.0	Unknown taxonomy (chromosome or plasmid)
barcode02_05Gb	contig_89	14734	15550	sul2_sulfonamide_antibiotic	17	816	816	1.0	Unknown taxonomy (chromosome or plasmid)
barcode02_05Gb	contig_89	20656	21445	ANT(3'')-IIa_aminoglycoside_antibiotic	11	789	789	1.0	Acinetobacter (chromosome or plasmid)
barcode02_05Gb	contig_89	80680	82900	Acinetobacter baumannii parC conferring resistance to fluoroquinolones_fluoroquinolone_antibiotic	7	2220	2220	1.0	Acinetobacter baumannii (chromosome or plasmid)
barcode02_05Gb	contig_898	7511	8990	tet(O)_tetracycline_antibiotic	4	1479	1479	1.0	
barcode02_05Gb	contig_97	650239	651475	vanW gene in vanI cluster_glycopeptide_antibiotic	16	1236	1236	1.0	
barcode02_05Gb	contig_97	1353497	1354004	nimK_nitroimidazole_antibiotic	21	507	507	1.0	
barcode02_05Gb	contig_97	1609610	1612802	adeF_fluoroquinolone_antibiotic;_tetracycline_antibiotic	17	3192	3192	1.0	
barcode02_05Gb	contig_97	1858299	1859409	vanT gene in vanG cluster_glycopeptide_antibiotic	19	1110	1110	1.0	
barcode02_05Gb	contig_980	3442	4666	APH(3'')-Ib_aminoglycoside_antibiotic	16	1224	1224	1.0	Unknown taxonomy (chromosome or plasmid)
barcode02_1Gb	contig_104	74	1262	tet(39)_tetracycline_antibiotic	35	1188	1188	1.0	Unknown taxonomy (plasmid)
barcode02_1Gb	contig_1043	2390	3023	CRP_macrolide_antibiotic;_fluoroquinolone_antibiotic;_penam	7	633	633	1.0	Enterobacter (chromosome or plasmid)
barcode02_1Gb	contig_106	100690	101515	OXA-644_carbapenem;_penam	98	825	825	1.0	Acinetobacter johnsonii (chromosome)
barcode02_1Gb	contig_1109	269704	270856	MOX-13_cephalosporin;_cephamycin;_penam	16	1152	1152	1.0	Aeromonas caviae (chromosome or plasmid)
barcode02_1Gb	contig_117	26968	27850	vanW gene in vanG cluster_glycopeptide_antibiotic	66	882	882	1.0	Acinetobacter johnsonii (chromosome)
barcode02_1Gb	contig_1172	43472	44705	mdtM_fluoroquinolone_antibiotic;_lincosamide_antibiotic;_nucleoside_antibiotic;_phenicol_antibiotic;_disinfecting_agents_and_antiseptics	10	1233	1233	1.0	Escherichia coli (chromosome or plasmid)
barcode02_1Gb	contig_1220	975	1860	mphE_macrolide_antibiotic	37	885	885	1.0	Unknown taxonomy (chromosome or plasmid)
barcode02_1Gb	contig_1220	1915	3391	msrE_macrolide_antibiotic;_streptogramin_antibiotic	35	1476	1476	1.0	Unknown taxonomy (chromosome or plasmid)
barcode02_1Gb	contig_1220	7146	7983	APH(6)-Id_aminoglycoside_antibiotic	27	837	837	1.0	Unknown taxonomy (chromosome or plasmid)
barcode02_1Gb	contig_1220	7982	8786	APH(3'')-Ib_aminoglycoside_antibiotic	30	804	804	1.0	Unknown taxonomy (chromosome or plasmid)
barcode02_1Gb	contig_1263	30329	30962	CRP_macrolide_antibiotic;_fluoroquinolone_antibiotic;_penam	8	633	633	1.0	Unknown taxonomy (chromosome or plasmid)
barcode02_1Gb	contig_1272	50322	50646	Escherichia coli soxS with mutation conferring antibiotic resistance_fluoroquinolone_antibiotic;_monobactam;_carbapenem;_cephalosporin;_glycylcycline;_cephamycin;_penam;_tetracycline_antibiotic;_rifamycin_antibiotic;_phenicol_antibiotic;_penem;_disinfecting_agents_and_antiseptics	6	324	324	1.0	Unknown taxonomy (chromosome or plasmid)
barcode02_1Gb	contig_1272	50731	51196	Escherichia coli soxR with mutation conferring antibiotic resistance_fluoroquinolone_antibiotic;_cephalosporin;_glycylcycline;_penam;_tetracycline_antibiotic;_rifamycin_antibiotic;_phenicol_antibiotic;_disinfecting_agents_and_antiseptics	6	465	465	1.0	Unknown taxonomy (chromosome or plasmid)
barcode02_1Gb	contig_1298	3295	3640	qacG_disinfecting_agents_and_antiseptics	7	345	345	1.0	Unknown taxonomy (chromosome or plasmid)
barcode02_1Gb	contig_1328	71935	72160	rsmA_fluoroquinolone_antibiotic;_diaminopyrimidine_antibiotic;_phenicol_antibiotic	3	225	225	1.0	
barcode02_1Gb	contig_1461	90600	91815	floR_phenicol_antibiotic	7	1215	1215	1.0	Unknown taxonomy (chromosome or plasmid)
barcode02_1Gb	contig_1461	94317	95133	sul2_sulfonamide_antibiotic	17	816	816	1.0	Unknown taxonomy (chromosome or plasmid)
barcode02_1Gb	contig_1466	197	1160	ACT-8_carbapenem;_cephalosporin;_cephamycin;_penam	3	963	963	1.0	Enterobacter kobei (chromosome)
barcode02_1Gb	contig_1474	9158	9812	adeN_macrolide_antibiotic;_fluoroquinolone_antibiotic;_lincosamide_antibiotic;_carbapenem;_cephalosporin;_tetracycline_antibiotic;_rifamycin_antibiotic;_diaminopyrimidine_antibiotic;_phenicol_antibiotic;_penem	5	654	654	1.0	Acinetobacter baumannii (chromosome or plasmid)
barcode02_1Gb	contig_1516	10058	11264	tet(B)_tetracycline_antibiotic	5	1206	1206	1.0	Unknown taxonomy (chromosome or plasmid)
barcode02_1Gb	contig_1516	20313	21153	PER-2_monobactam;_carbapenem;_cephalosporin;_penam;_penem	12	840	840	1.0	Unknown taxonomy (plasmid)
barcode02_1Gb	contig_1570	157	985	OXA-253_carbapenem;_penam	18	828	828	1.0	Acinetobacter baumannii (chromosome)
barcode02_1Gb	contig_17	13295	14090	OXA-504_penam	18	795	795	1.0	Aeromonas caviae (chromosome)
barcode02_1Gb	contig_1742	43077	44571	vanW gene in vanI cluster_glycopeptide_antibiotic	5	1494	1494	1.0	
barcode02_1Gb	contig_1748	9042	10215	vanT gene in vanG cluster_glycopeptide_antibiotic	4	1173	1173	1.0	
barcode02_1Gb	contig_1814	9670	10171	emrR_fluoroquinolone_antibiotic	10	501	501	1.0	Enterobacter (chromosome)
barcode02_1Gb	contig_1874	3747	4311	lnuC_lincosamide_antibiotic	11	564	564	1.0	Unknown taxonomy (chromosome or plasmid)
barcode02_1Gb	contig_1898	2804	4283	Acinetobacter baumannii AmvA_macrolide_antibiotic;_disinfecting_agents_and_antiseptics	6	1479	1479	1.0	Acinetobacter baumannii (chromosome or plasmid)
barcode02_1Gb	contig_1919	2383	3397	adeL_fluoroquinolone_antibiotic;_tetracycline_antibiotic	4	1014	1014	1.0	Acinetobacter baumannii (chromosome or plasmid)
barcode02_1Gb	contig_1919	4838	8018	adeF_fluoroquinolone_antibiotic;_tetracycline_antibiotic	6	3180	3180	1.0	Acinetobacter baumannii (chromosome or plasmid)
barcode02_1Gb	contig_1919	8030	9479	adeH_fluoroquinolone_antibiotic;_tetracycline_antibiotic	5	1449	1449	1.0	Acinetobacter baumannii (chromosome or plasmid)
barcode02_1Gb	contig_1953	16436	17423	vanH gene in vanO cluster_glycopeptide_antibiotic	8	987	987	1.0	
barcode02_1Gb	contig_1989	186413	187598	Escherichia coli EF-Tu mutants conferring resistance to Pulvomycin_elfamycin_antibiotic	29	1185	1185	1.0	Aeromonas caviae (chromosome or plasmid)
barcode02_1Gb	contig_1989	205837	207022	Escherichia coli EF-Tu mutants conferring resistance to Pulvomycin_elfamycin_antibiotic	23	1185	1185	1.0	Aeromonas caviae (chromosome or plasmid)
barcode02_1Gb	contig_2005	49764	49950	rsmA_fluoroquinolone_antibiotic;_diaminopyrimidine_antibiotic;_phenicol_antibiotic	13	186	186	1.0	Unknown taxonomy (chromosome or plasmid)
barcode02_1Gb	contig_2005	54759	56298	emrB_fluoroquinolone_antibiotic	7	1539	1539	1.0	Unknown taxonomy (chromosome or plasmid)
barcode02_1Gb	contig_2005	56314	57487	emrA_fluoroquinolone_antibiotic	6	1173	1173	1.0	Unknown taxonomy (chromosome or plasmid)
barcode02_1Gb	contig_2005	57613	58144	emrR_fluoroquinolone_antibiotic	7	531	531	1.0	Unknown taxonomy (chromosome or plasmid)
barcode02_1Gb	contig_2055	3720	4524	APH(3'')-Ib_aminoglycoside_antibiotic	25	804	804	1.0	Unknown taxonomy (chromosome or plasmid)
barcode02_1Gb	contig_2055	4529	5360	APH(6)-Id_aminoglycoside_antibiotic	21	831	831	1.0	Unknown taxonomy (chromosome or plasmid)
barcode02_1Gb	contig_2058	8288	9170	KPC-2_monobactam;_carbapenem;_cephalosporin;_penam	10	882	882	1.0	Unknown taxonomy (chromosome or plasmid)
barcode02_1Gb	contig_2058	11585	12365	APH(3')-VIa_aminoglycoside_antibiotic	6	780	780	1.0	Unknown taxonomy (chromosome or plasmid)
barcode02_1Gb	contig_2081	6491	6965	dfrA6_diaminopyrimidine_antibiotic	9	474	474	1.0	Unknown taxonomy (chromosome or plasmid)
barcode02_1Gb	contig_2081	7123	7780	QnrVC1_fluoroquinolone_antibiotic	12	657	657	1.0	Unknown taxonomy (chromosome or plasmid)
barcode02_1Gb	contig_2103	25889	26834	leuO_nucleoside_antibiotic;_disinfecting_agents_and_antiseptics	11	945	945	1.0	Escherichia coli (chromosome or plasmid)
barcode02_1Gb	contig_2103	32937	34704	Haemophilus influenzae PBP3 conferring resistance to beta-lactam antibiotics_cephalosporin;_cephamycin;_penam	8	1767	1767	1.0	Escherichia coli (chromosome or plasmid)
barcode02_1Gb	contig_2121	34108	34831	baeR_aminoglycoside_antibiotic;_aminocoumarin_antibiotic	12	723	723	1.0	Escherichia (chromosome or plasmid)
barcode02_1Gb	contig_22	22758	23160	FosA8_phosphonic_acid_antibiotic	17	402	402	1.0	Aeromonas caviae (chromosome or plasmid)
barcode02_1Gb	contig_22	146988	147177	rsmA_fluoroquinolone_antibiotic;_diaminopyrimidine_antibiotic;_phenicol_antibiotic	19	189	189	1.0	
barcode02_1Gb	contig_223	7982	11147	adeF_fluoroquinolone_antibiotic;_tetracycline_antibiotic	12	3165	3165	1.0	Acinetobacter (chromosome or plasmid)
barcode02_1Gb	contig_226	1103135	1104371	vanW gene in vanI cluster_glycopeptide_antibiotic	29	1236	1236	1.0	
barcode02_1Gb	contig_226	1806386	1806893	nimK_nitroimidazole_antibiotic	37	507	507	1.0	
barcode02_1Gb	contig_226	2060801	2063993	adeF_fluoroquinolone_antibiotic;_tetracycline_antibiotic	26	3192	3192	1.0	
barcode02_1Gb	contig_226	2309776	2310886	vanT gene in vanG cluster_glycopeptide_antibiotic	32	1110	1110	1.0	
barcode02_1Gb	contig_280	147216	147879	AcrS_fluoroquinolone_antibiotic;_cephalosporin;_glycylcycline;_cephamycin;_penam;_tetracycline_antibiotic;_rifamycin_antibiotic;_phenicol_antibiotic;_disinfecting_agents_and_antiseptics	3	663	663	1.0	Escherichia coli (chromosome or plasmid)
barcode02_1Gb	contig_3	324079	324334	rsmA_fluoroquinolone_antibiotic;_diaminopyrimidine_antibiotic;_phenicol_antibiotic	58	255	255	1.0	
barcode02_1Gb	contig_327	2282	3098	APH(3')-Ia_aminoglycoside_antibiotic	10	816	816	1.0	Unknown taxonomy (chromosome or plasmid)
barcode02_1Gb	contig_328	163	1024	TEM-1_monobactam;_cephalosporin;_penam;_penem	17	861	861	1.0	Unknown taxonomy (chromosome or plasmid)
barcode02_1Gb	contig_328	8221	9127	mphA_macrolide_antibiotic	34	906	906	1.0	Unknown taxonomy (chromosome or plasmid)
barcode02_1Gb	contig_328	9123	10362	Mrx_macrolide_antibiotic	30	1239	1239	1.0	Unknown taxonomy (chromosome or plasmid)
barcode02_1Gb	contig_331	2201	3041	sul1_sulfonamide_antibiotic	26	840	840	1.0	Unknown taxonomy (chromosome or plasmid)
barcode02_1Gb	contig_331	3034	3382	qacEdelta1_disinfecting_agents_and_antiseptics	25	348	348	1.0	Unknown taxonomy (chromosome or plasmid)
barcode02_1Gb	contig_331	3545	4325	aadA_aminoglycoside_antibiotic	25	780	780	1.0	Unknown taxonomy (chromosome or plasmid)
barcode02_1Gb	contig_331	4485	5142	QnrVC1_fluoroquinolone_antibiotic	13	657	657	1.0	Unknown taxonomy (chromosome or plasmid)
barcode02_1Gb	contig_357	29923	31399	msrE_macrolide_antibiotic;_streptogramin_antibiotic	29	1476	1476	1.0	Unknown taxonomy (chromosome or plasmid)
barcode02_1Gb	contig_357	31454	32339	mphE_macrolide_antibiotic	33	885	885	1.0	Unknown taxonomy (chromosome or plasmid)
barcode02_1Gb	contig_358	525649	526750	LpsB_peptide_antibiotic	16	1101	1101	1.0	Acinetobacter (chromosome or plasmid)
barcode02_1Gb	contig_358	568030	569377	abeM_fluoroquinolone_antibiotic;_disinfecting_agents_and_antiseptics	10	1347	1347	1.0	Acinetobacter baumannii (chromosome or plasmid)
barcode02_1Gb	contig_358	780004	782224	Acinetobacter baumannii parC conferring resistance to fluoroquinolones_fluoroquinolone_antibiotic	9	2220	2220	1.0	Acinetobacter baumannii (chromosome or plasmid)
barcode02_1Gb	contig_358	841764	842256	ANT(3'')-IIb_aminoglycoside_antibiotic	9	492	492	1.0	Acinetobacter baumannii (chromosome or plasmid)
barcode02_1Gb	contig_382	170830	171655	gadX_macrolide_antibiotic;_fluoroquinolone_antibiotic;_penam	10	825	825	1.0	Unknown taxonomy (chromosome)
barcode02_1Gb	contig_382	173113	176227	mdtF_macrolide_antibiotic;_fluoroquinolone_antibiotic;_penam	12	3114	3114	1.0	Escherichia coli (chromosome)
barcode02_1Gb	contig_382	176251	177409	mdtE_macrolide_antibiotic;_fluoroquinolone_antibiotic;_penam	11	1158	1158	1.0	Unknown taxonomy (chromosome)
barcode02_1Gb	contig_405	6530	7790	cmlA5_phenicol_antibiotic	10	1260	1260	1.0	Unknown taxonomy (chromosome or plasmid)
barcode02_1Gb	contig_405	8839	9187	qacEdelta1_disinfecting_agents_and_antiseptics	19	348	348	1.0	Unknown taxonomy (chromosome or plasmid)
barcode02_1Gb	contig_405	9180	10020	sul1_sulfonamide_antibiotic	21	840	840	1.0	Unknown taxonomy (chromosome or plasmid)
barcode02_1Gb	contig_412	3170	4430	EreB_macrolide_antibiotic	9	1260	1260	1.0	
barcode02_1Gb	contig_421	194302	195757	adeK_macrolide_antibiotic;_fluoroquinolone_antibiotic;_lincosamide_antibiotic;_carbapenem;_cephalosporin;_tetracycline_antibiotic;_rifamycin_antibiotic;_diaminopyrimidine_antibiotic;_phenicol_antibiotic;_penem	16	1455	1455	1.0	Acinetobacter baumannii (chromosome or plasmid)
barcode02_1Gb	contig_421	195756	198933	adeJ_macrolide_antibiotic;_fluoroquinolone_antibiotic;_lincosamide_antibiotic;_carbapenem;_cephalosporin;_tetracycline_antibiotic;_rifamycin_antibiotic;_diaminopyrimidine_antibiotic;_phenicol_antibiotic;_penem	10	3177	3177	1.0	Acinetobacter baumannii (chromosome or plasmid)
barcode02_1Gb	contig_421	198945	200196	adeI_macrolide_antibiotic;_fluoroquinolone_antibiotic;_lincosamide_antibiotic;_carbapenem;_cephalosporin;_tetracycline_antibiotic;_rifamycin_antibiotic;_diaminopyrimidine_antibiotic;_phenicol_antibiotic;_penem	11	1251	1251	1.0	Acinetobacter baumannii (chromosome or plasmid)
barcode02_1Gb	contig_546	24253	24598	qacG_disinfecting_agents_and_antiseptics	46	345	345	1.0	Acinetobacter johnsonii (chromosome)
barcode02_1Gb	contig_549	524	1367	OXA-58_carbapenem;_penam	7	843	843	1.0	Unknown taxonomy (chromosome or plasmid)
barcode02_1Gb	contig_549	2697	4173	msrE_macrolide_antibiotic;_streptogramin_antibiotic	30	1476	1476	1.0	Unknown taxonomy (chromosome or plasmid)
barcode02_1Gb	contig_549	4228	5113	mphE_macrolide_antibiotic	35	885	885	1.0	Unknown taxonomy (chromosome or plasmid)
barcode02_1Gb	contig_583	12976	13231	rsmA_fluoroquinolone_antibiotic;_diaminopyrimidine_antibiotic;_phenicol_antibiotic	9	255	255	1.0	
barcode02_1Gb	contig_60	23805	24738	ADC-58_cephalosporin	8	933	933	1.0	Acinetobacter baumannii (chromosome or plasmid)
barcode02_1Gb	contig_686	57864	58998	EC-13_cephalosporin	11	1134	1134	1.0	Escherichia coli (chromosome or plasmid)
barcode02_1Gb	contig_686	125929	126961	mdtN_nucleoside_antibiotic;_disinfecting_agents_and_antiseptics	11	1032	1032	1.0	Escherichia coli (chromosome or plasmid)
barcode02_1Gb	contig_739	57970	58711	aadA5_aminoglycoside_antibiotic	5	741	741	1.0	Unknown taxonomy (chromosome or plasmid)
barcode02_1Gb	contig_740	1783	2563	APH(3')-VIa_aminoglycoside_antibiotic	9	780	780	1.0	Unknown taxonomy (chromosome or plasmid)
barcode02_1Gb	contig_742	615110	616220	vanT gene in vanG cluster_glycopeptide_antibiotic	12	1110	1110	1.0	
barcode02_1Gb	contig_760	38303	39461	vanT gene in vanG cluster_glycopeptide_antibiotic	7	1158	1158	1.0	
barcode02_1Gb	contig_764	44098	44923	OXA-441_carbapenem;_penam	7	825	825	1.0	Acinetobacter baumannii (chromosome or plasmid)
barcode02_1Gb	contig_773	2752	3532	APH(3')-VIa_aminoglycoside_antibiotic	12	780	780	1.0	Unknown taxonomy (chromosome or plasmid)
barcode02_1Gb	contig_773	12788	13430	AAC(6')-Ib9_aminoglycoside_antibiotic	27	642	642	1.0	Unknown taxonomy (chromosome or plasmid)
barcode02_1Gb	contig_773	13917	14265	qacEdelta1_disinfecting_agents_and_antiseptics	19	348	348	1.0	Unknown taxonomy (chromosome or plasmid)
barcode02_1Gb	contig_773	14258	15098	sul1_sulfonamide_antibiotic	22	840	840	1.0	Unknown taxonomy (chromosome or plasmid)
barcode02_1Gb	contig_793	691	1567	CTX-M-15_cephalosporin;_penam	7	876	876	1.0	Unknown taxonomy (chromosome or plasmid)
barcode02_1Gb	contig_862	45144	47622	vanT gene in vanG cluster_glycopeptide_antibiotic	13	2478	2478	1.0	
barcode02_1Gb	contig_90	13509	14391	KPC-2_monobactam;_carbapenem;_cephalosporin;_penam	44	882	882	1.0	Unknown taxonomy (chromosome or plasmid)
barcode02_3Gb	contig_1053	91005	92460	adeK_macrolide_antibiotic;_fluoroquinolone_antibiotic;_lincosamide_antibiotic;_carbapenem;_cephalosporin;_tetracycline_antibiotic;_rifamycin_antibiotic;_diaminopyrimidine_antibiotic;_phenicol_antibiotic;_penem	34	1455	1455	1.0	Acinetobacter baumannii (chromosome or plasmid)
barcode02_3Gb	contig_1053	92459	95636	adeJ_macrolide_antibiotic;_fluoroquinolone_antibiotic;_lincosamide_antibiotic;_carbapenem;_cephalosporin;_tetracycline_antibiotic;_rifamycin_antibiotic;_diaminopyrimidine_antibiotic;_phenicol_antibiotic;_penem	29	3177	3177	1.0	Acinetobacter baumannii (chromosome or plasmid)
barcode02_3Gb	contig_1053	95648	96899	adeI_macrolide_antibiotic;_fluoroquinolone_antibiotic;_lincosamide_antibiotic;_carbapenem;_cephalosporin;_tetracycline_antibiotic;_rifamycin_antibiotic;_diaminopyrimidine_antibiotic;_phenicol_antibiotic;_penem	27	1251	1251	1.0	Acinetobacter baumannii (chromosome or plasmid)
barcode02_3Gb	contig_1053	458588	459740	ADC-154_cephalosporin	16	1152	1152	1.0	Acinetobacter baumannii (chromosome or plasmid)
barcode02_3Gb	contig_1053	562897	564346	adeH_fluoroquinolone_antibiotic;_tetracycline_antibiotic	29	1449	1449	1.0	Acinetobacter baumannii (chromosome or plasmid)
barcode02_3Gb	contig_1053	564358	567538	adeF_fluoroquinolone_antibiotic;_tetracycline_antibiotic	23	3180	3180	1.0	Acinetobacter baumannii (chromosome or plasmid)
barcode02_3Gb	contig_1053	567544	568765	adeG_fluoroquinolone_antibiotic;_tetracycline_antibiotic	19	1221	1221	1.0	Acinetobacter baumannii (chromosome or plasmid)
barcode02_3Gb	contig_1053	568980	569994	adeL_fluoroquinolone_antibiotic;_tetracycline_antibiotic	18	1014	1014	1.0	Acinetobacter baumannii (chromosome or plasmid)
barcode02_3Gb	contig_1053	573302	573632	abeS_macrolide_antibiotic;_aminocoumarin_antibiotic	11	330	330	1.0	Acinetobacter baumannii (chromosome or plasmid)
barcode02_3Gb	contig_1053	833473	834952	Acinetobacter baumannii AmvA_macrolide_antibiotic;_disinfecting_agents_and_antiseptics	22	1479	1479	1.0	Acinetobacter baumannii (chromosome or plasmid)
barcode02_3Gb	contig_1053	943743	944397	adeN_macrolide_antibiotic;_fluoroquinolone_antibiotic;_lincosamide_antibiotic;_carbapenem;_cephalosporin;_tetracycline_antibiotic;_rifamycin_antibiotic;_diaminopyrimidine_antibiotic;_phenicol_antibiotic;_penem	22	654	654	1.0	Acinetobacter baumannii (chromosome or plasmid)
barcode02_3Gb	contig_1053	1180325	1181630	Acinetobacter baumannii AbaQ_fluoroquinolone_antibiotic	8	1305	1305	1.0	Acinetobacter baumannii (chromosome or plasmid)
barcode02_3Gb	contig_1061	2122	2923	ErmF_macrolide_antibiotic;_lincosamide_antibiotic;_streptogramin_antibiotic;_streptogramin_A_antibiotic;_streptogramin_B_antibiotic	21	801	801	1.0	Unknown taxonomy (chromosome or plasmid)
barcode02_3Gb	contig_1108	48902	49157	rsmA_fluoroquinolone_antibiotic;_diaminopyrimidine_antibiotic;_phenicol_antibiotic	174	255	255	1.0	
barcode02_3Gb	contig_1183	7734	8412	kdpE_aminoglycoside_antibiotic	11	678	678	1.0	Escherichia coli (chromosome or plasmid)
barcode02_3Gb	contig_1245	119320	119509	rsmA_fluoroquinolone_antibiotic;_diaminopyrimidine_antibiotic;_phenicol_antibiotic	52	189	189	1.0	
barcode02_3Gb	contig_1245	252536	252938	FosA8_phosphonic_acid_antibiotic	53	402	402	1.0	Aeromonas caviae (chromosome or plasmid)
barcode02_3Gb	contig_1320	6356	7232	CTX-M-15_cephalosporin;_penam	18	876	876	1.0	Unknown taxonomy (chromosome or plasmid)
barcode02_3Gb	contig_1321	9627	10284	QnrS1_fluoroquinolone_antibiotic	17	657	657	1.0	Unknown taxonomy (chromosome or plasmid)
barcode02_3Gb	contig_1367	160881	161868	vanH gene in vanO cluster_glycopeptide_antibiotic	18	987	987	1.0	
barcode02_3Gb	contig_1367	743367	744525	vanT gene in vanG cluster_glycopeptide_antibiotic	19	1158	1158	1.0	
barcode02_3Gb	contig_1417	8001	8781	APH(3')-VIa_aminoglycoside_antibiotic	28	780	780	1.0	Unknown taxonomy (chromosome or plasmid)
barcode02_3Gb	contig_1459	842752	843988	vanW gene in vanI cluster_glycopeptide_antibiotic	92	1236	1236	1.0	
barcode02_3Gb	contig_1459	1547000	1547507	nimK_nitroimidazole_antibiotic	103	507	507	1.0	
barcode02_3Gb	contig_1459	1803014	1806206	adeF_fluoroquinolone_antibiotic;_tetracycline_antibiotic	98	3192	3192	1.0	
barcode02_3Gb	contig_1459	2049636	2050746	vanT gene in vanG cluster_glycopeptide_antibiotic	95	1110	1110	1.0	
barcode02_3Gb	contig_1621	1866	3081	floR_phenicol_antibiotic	16	1215	1215	1.0	Unknown taxonomy (chromosome or plasmid)
barcode02_3Gb	contig_1627	405946	406693	vanY gene in vanG cluster_glycopeptide_antibiotic	7	747	747	1.0	
barcode02_3Gb	contig_1693	140520	141633	vanT gene in vanG cluster_glycopeptide_antibiotic	16	1113	1113	1.0	
barcode02_3Gb	contig_1696	69389	72539	adeF_fluoroquinolone_antibiotic;_tetracycline_antibiotic	50	3150	3150	1.0	Aeromonas caviae (chromosome or plasmid)
barcode02_3Gb	contig_1766	340523	341771	mdtA_aminocoumarin_antibiotic	19	1248	1248	1.0	Unknown taxonomy (chromosome or plasmid)
barcode02_3Gb	contig_1766	341770	344893	mdtB_aminocoumarin_antibiotic	15	3123	3123	1.0	Escherichia coli (chromosome or plasmid)
barcode02_3Gb	contig_1766	344893	347971	mdtC_aminocoumarin_antibiotic	19	3078	3078	1.0	Escherichia coli (chromosome or plasmid)
barcode02_3Gb	contig_1766	350784	351507	baeR_aminoglycoside_antibiotic;_aminocoumarin_antibiotic	12	723	723	1.0	Unknown taxonomy (chromosome or plasmid)
barcode02_3Gb	contig_1875	137099	138251	MOX-13_cephalosporin;_cephamycin;_penam	47	1152	1152	1.0	Aeromonas caviae (chromosome or plasmid)
barcode02_3Gb	contig_1879	287716	288901	Escherichia coli EF-Tu mutants conferring resistance to Pulvomycin_elfamycin_antibiotic	75	1185	1185	1.0	Aeromonas caviae (chromosome or plasmid)
barcode02_3Gb	contig_1879	307077	308262	Escherichia coli EF-Tu mutants conferring resistance to Pulvomycin_elfamycin_antibiotic	60	1185	1185	1.0	Aeromonas caviae (chromosome or plasmid)
barcode02_3Gb	contig_1914	3152	4235	vanT gene in vanG cluster_glycopeptide_antibiotic	12	1083	1083	1.0	
barcode02_3Gb	contig_1932	65691	66513	bacA_peptide_antibiotic	10	822	822	1.0	
barcode02_3Gb	contig_1965	38812	41032	Acinetobacter baumannii parC conferring resistance to fluoroquinolones_fluoroquinolone_antibiotic	28	2220	2220	1.0	Acinetobacter baumannii (chromosome or plasmid)
barcode02_3Gb	contig_1965	233614	234961	abeM_fluoroquinolone_antibiotic;_disinfecting_agents_and_antiseptics	22	1347	1347	1.0	Acinetobacter baumannii (chromosome or plasmid)
barcode02_3Gb	contig_1965	280522	281623	LpsB_peptide_antibiotic	23	1101	1101	1.0	Acinetobacter baumannii (chromosome or plasmid)
barcode02_3Gb	contig_2047	68402	68747	qacG_disinfecting_agents_and_antiseptics	6	345	345	1.0	Unknown taxonomy (chromosome or plasmid)
barcode02_3Gb	contig_2118	30817	31705	vanW gene in vanG cluster_glycopeptide_antibiotic	4	888	888	1.0	
barcode02_3Gb	contig_2129	254975	256178	vanT gene in vanG cluster_glycopeptide_antibiotic	15	1203	1203	1.0	
barcode02_3Gb	contig_2129	325512	327006	vanW gene in vanI cluster_glycopeptide_antibiotic	8	1494	1494	1.0	
barcode02_3Gb	contig_2129	1254919	1255483	lnuC_lincosamide_antibiotic	23	564	564	1.0	Unknown taxonomy (chromosome or plasmid)
barcode02_3Gb	contig_2129	2091717	2094870	adeF_fluoroquinolone_antibiotic;_tetracycline_antibiotic	11	3153	3153	1.0	
barcode02_3Gb	contig_2129	2160664	2161228	lnuC_lincosamide_antibiotic	21	564	564	1.0	Unknown taxonomy (chromosome or plasmid)
barcode02_3Gb	contig_215	16248	17064	sul2_sulfonamide_antibiotic	52	816	816	1.0	Unknown taxonomy (chromosome or plasmid)
barcode02_3Gb	contig_215	22169	22958	ANT(3'')-IIa_aminoglycoside_antibiotic	9	789	789	1.0	Acinetobacter (chromosome or plasmid)
barcode02_3Gb	contig_22	32426	33629	Escherichia coli EF-Tu mutants conferring resistance to Pulvomycin_elfamycin_antibiotic	10	1203	1203	1.0	Unknown taxonomy (chromosome or plasmid)
barcode02_3Gb	contig_220	85004	85340	qacG_disinfecting_agents_and_antiseptics	10	336	336	1.0	
barcode02_3Gb	contig_220	695089	695905	sul2_sulfonamide_antibiotic	29	816	816	1.0	Unknown taxonomy (chromosome or plasmid)
barcode02_3Gb	contig_220	696768	697605	APH(6)-Id_aminoglycoside_antibiotic	20	837	837	1.0	Unknown taxonomy (chromosome or plasmid)
barcode02_3Gb	contig_220	698682	699882	tet(A)_tetracycline_antibiotic	17	1200	1200	1.0	Unknown taxonomy (chromosome or plasmid)
barcode02_3Gb	contig_2247	2665	3853	tet(39)_tetracycline_antibiotic	31	1188	1188	1.0	Unknown taxonomy (plasmid)
barcode02_3Gb	contig_2248	9077	10592	aadT_macrolide_antibiotic;_tetracycline_antibiotic;_disinfecting_agents_and_antiseptics	7	1515	1515	1.0	
barcode02_3Gb	contig_2343	12085	13273	tet(39)_tetracycline_antibiotic	35	1188	1188	1.0	Unknown taxonomy (plasmid)
barcode02_3Gb	contig_2353	23436	24621	Escherichia coli EF-Tu mutants conferring resistance to Pulvomycin_elfamycin_antibiotic	23	1185	1185	1.0	Enterobacter (chromosome or plasmid)
barcode02_3Gb	contig_2353	47853	48486	CRP_macrolide_antibiotic;_fluoroquinolone_antibiotic;_penam	9	633	633	1.0	Enterobacter (chromosome or plasmid)
barcode02_3Gb	contig_2353	122953	124609	ArnT_peptide_antibiotic	11	1656	1656	1.0	Enterobacter kobei (chromosome)
barcode02_3Gb	contig_2353	127483	128521	PmrF_peptide_antibiotic	9	1038	1038	1.0	
barcode02_3Gb	contig_2365	8684	9560	CTX-M-55_cephalosporin	6	876	876	1.0	Unknown taxonomy (chromosome or plasmid)
barcode02_3Gb	contig_248	15007	16165	mdtE_macrolide_antibiotic;_fluoroquinolone_antibiotic;_penam	9	1158	1158	1.0	Escherichia coli (chromosome)
barcode02_3Gb	contig_2488	146962	148195	Escherichia coli mdfA_tetracycline_antibiotic;_disinfecting_agents_and_antiseptics	11	1233	1233	1.0	Unknown taxonomy (chromosome or plasmid)
barcode02_3Gb	contig_2494	233343	235821	vanT gene in vanG cluster_glycopeptide_antibiotic	43	2478	2478	1.0	
barcode02_3Gb	contig_2594	51023	52208	Escherichia coli EF-Tu mutants conferring resistance to Pulvomycin_elfamycin_antibiotic	28	1185	1185	1.0	Unknown taxonomy (chromosome)
barcode02_3Gb	contig_2603	61120	62002	vanW gene in vanG cluster_glycopeptide_antibiotic	221	882	882	1.0	Acinetobacter johnsonii (chromosome)
barcode02_3Gb	contig_2645	9185	10013	OXA-253_carbapenem;_penam	39	828	828	1.0	Acinetobacter baumannii (chromosome)
barcode02_3Gb	contig_2646	2560	2905	qacG_disinfecting_agents_and_antiseptics	7	345	345	1.0	Unknown taxonomy (chromosome or plasmid)
barcode02_3Gb	contig_2654	10956	11775	bacA_peptide_antibiotic	5	819	819	1.0	
barcode02_3Gb	contig_2777	56260	58027	Haemophilus influenzae PBP3 conferring resistance to beta-lactam antibiotics_cephalosporin;_cephamycin;_penam	22	1767	1767	1.0	Unknown taxonomy (chromosome or plasmid)
barcode02_3Gb	contig_2777	64128	65073	leuO_nucleoside_antibiotic;_disinfecting_agents_and_antiseptics	16	945	945	1.0	Unknown taxonomy (chromosome or plasmid)
barcode02_3Gb	contig_2777	220946	222179	mdtM_fluoroquinolone_antibiotic;_lincosamide_antibiotic;_nucleoside_antibiotic;_phenicol_antibiotic;_disinfecting_agents_and_antiseptics	31	1233	1233	1.0	Unknown taxonomy (chromosome or plasmid)
barcode02_3Gb	contig_2838	38396	39419	leuO_nucleoside_antibiotic;_disinfecting_agents_and_antiseptics	8	1023	1023	1.0	Enterobacter kobei (chromosome)
barcode02_3Gb	contig_2838	45583	47350	Haemophilus influenzae PBP3 conferring resistance to beta-lactam antibiotics_cephalosporin;_cephamycin;_penam	11	1767	1767	1.0	Enterobacter (chromosome or plasmid)
barcode02_3Gb	contig_30	171863	173048	Escherichia coli EF-Tu mutants conferring resistance to Pulvomycin_elfamycin_antibiotic	20	1185	1185	1.0	Enterobacter (chromosome or plasmid)
barcode02_3Gb	contig_3059	907	2245	vanW gene in vanI cluster_glycopeptide_antibiotic	3	1338	1338	1.0	
barcode02_3Gb	contig_3084	11031	11664	CRP_macrolide_antibiotic;_fluoroquinolone_antibiotic;_penam	9	633	633	1.0	Unknown taxonomy (chromosome)
barcode02_3Gb	contig_3112	2538	3744	tet(B)_tetracycline_antibiotic	11	1206	1206	1.0	Unknown taxonomy (chromosome or plasmid)
barcode02_3Gb	contig_3112	3825	4449	tetR_tetracycline_antibiotic	12	624	624	1.0	Unknown taxonomy (chromosome or plasmid)
barcode02_3Gb	contig_3112	12702	13629	PER-2_monobactam;_carbapenem;_cephalosporin;_penam;_penem	10	927	927	1.0	Unknown taxonomy (plasmid)
barcode02_3Gb	contig_3113	2435	3275	sul1_sulfonamide_antibiotic	40	840	840	1.0	Unknown taxonomy (chromosome or plasmid)
barcode02_3Gb	contig_3113	3268	3616	qacEdelta1_disinfecting_agents_and_antiseptics	32	348	348	1.0	Unknown taxonomy (chromosome or plasmid)
barcode02_3Gb	contig_3113	3784	4372	AAC(6')-Ib9_aminoglycoside_antibiotic	15	588	588	1.0	Unknown taxonomy (chromosome or plasmid)
barcode02_3Gb	contig_3113	4477	4930	arr-3_rifamycin_antibiotic	16	453	453	1.0	Unknown taxonomy (chromosome or plasmid)
barcode02_3Gb	contig_3116	113615	114947	vanW gene in vanI cluster_glycopeptide_antibiotic	12	1332	1332	1.0	
barcode02_3Gb	contig_3227	25703	28808	AcrF_fluoroquinolone_antibiotic;_cephalosporin;_cephamycin;_penam	14	3105	3105	1.0	Unknown taxonomy (chromosome or plasmid)
barcode02_3Gb	contig_3227	28819	29977	AcrE_fluoroquinolone_antibiotic;_cephalosporin;_cephamycin;_penam	24	1158	1158	1.0	Unknown taxonomy (chromosome or plasmid)
barcode02_3Gb	contig_3227	30375	31038	AcrS_fluoroquinolone_antibiotic;_cephalosporin;_glycylcycline;_cephamycin;_penam;_tetracycline_antibiotic;_rifamycin_antibiotic;_phenicol_antibiotic;_disinfecting_agents_and_antiseptics	24	663	663	1.0	Unknown taxonomy (chromosome or plasmid)
barcode02_3Gb	contig_3227	275652	276474	bacA_peptide_antibiotic	24	822	822	1.0	Unknown taxonomy (chromosome or plasmid)
barcode02_3Gb	contig_3227	298836	300325	TolC_macrolide_antibiotic;_fluoroquinolone_antibiotic;_aminoglycoside_antibiotic;_carbapenem;_cephalosporin;_glycylcycline;_cephamycin;_penam;_tetracycline_antibiotic;_peptide_antibiotic;_aminocoumarin_antibiotic;_rifamycin_antibiotic;_phenicol_antibiotic;_penem;_disinfecting_agents_and_antiseptics	31	1489	1489	1.0	Escherichia coli (chromosome or plasmid)
barcode02_3Gb	contig_3240	34193	36119	tet(Q)_tetracycline_antibiotic	25	1926	1926	1.0	Unknown taxonomy (chromosome)
barcode02_3Gb	contig_3268	3541	5056	Haemophilus influenzae PBP3 conferring resistance to beta-lactam antibiotics_cephalosporin;_cephamycin;_penam	3	1515	1515	1.0	Unknown taxonomy (chromosome or plasmid)
barcode02_3Gb	contig_33	8813	9959	CMY-34_cephamycin	9	1146	1146	1.0	Citrobacter portucalensis (chromosome or plasmid)
barcode02_3Gb	contig_3325	128463	130212	msbA_nitroimidazole_antibiotic	11	1749	1749	1.0	Escherichia coli (chromosome)
barcode02_3Gb	contig_3341	9993	11526	AAC(6')-Ie-APH(2'')-Ia bifunctional protein_aminoglycoside_antibiotic	14	1533	1533	1.0	Unknown taxonomy (chromosome or plasmid)
barcode02_3Gb	contig_3341	12019	13279	EreB_macrolide_antibiotic	12	1260	1260	1.0	
barcode02_3Gb	contig_3416	14246	14501	rsmA_fluoroquinolone_antibiotic;_diaminopyrimidine_antibiotic;_phenicol_antibiotic	20	255	255	1.0	
barcode02_3Gb	contig_3422	18371	19967	ArnT_peptide_antibiotic	3	1596	1596	1.0	Citrobacter freundii (chromosome or plasmid)
barcode02_3Gb	contig_3433	25150	28315	adeF_fluoroquinolone_antibiotic;_tetracycline_antibiotic	23	3165	3165	1.0	Acinetobacter (chromosome or plasmid)
barcode02_3Gb	contig_3474	4612	5473	TEM-1_monobactam;_cephalosporin;_penam;_penem	15	861	861	1.0	Unknown taxonomy (chromosome or plasmid)
barcode02_3Gb	contig_3474	5614	6475	AAC(3)-IIe_aminoglycoside_antibiotic	8	861	861	1.0	Unknown taxonomy (chromosome or plasmid)
barcode02_3Gb	contig_3482	1181	1961	APH(3')-VIa_aminoglycoside_antibiotic	25	780	780	1.0	Unknown taxonomy (chromosome or plasmid)
barcode02_3Gb	contig_3501	7757	8435	kdpE_aminoglycoside_antibiotic	14	678	678	1.0	
barcode02_3Gb	contig_3564	2420	3605	Escherichia coli EF-Tu mutants conferring resistance to Pulvomycin_elfamycin_antibiotic	23	1185	1185	1.0	Citrobacter (chromosome or plasmid)
barcode02_3Gb	contig_3564	21983	22616	CRP_macrolide_antibiotic;_fluoroquinolone_antibiotic;_penam	8	633	633	1.0	Citrobacter freundii (chromosome)
barcode02_3Gb	contig_3576	109614	110787	vanT gene in vanG cluster_glycopeptide_antibiotic	3	1173	1173	1.0	
barcode02_3Gb	contig_3593	24924	26241	Acinetobacter baumannii AbaQ_fluoroquinolone_antibiotic	8	1317	1317	1.0	
barcode02_3Gb	contig_3700	38939	40934	lmrD_lincosamide_antibiotic	6	1995	1995	1.0	
barcode02_3Gb	contig_3717	154003	155116	vanT gene in vanG cluster_glycopeptide_antibiotic	8	1113	1113	1.0	
barcode02_3Gb	contig_3768	208074	210045	tet(O)_tetracycline_antibiotic	7	1971	1971	1.0	
barcode02_3Gb	contig_3768	216958	218131	vanT gene in vanG cluster_glycopeptide_antibiotic	4	1173	1173	1.0	
barcode02_3Gb	contig_3783	742	1399	QnrVC1_fluoroquinolone_antibiotic	21	657	657	1.0	Unknown taxonomy (chromosome or plasmid)
barcode02_3Gb	contig_3783	7052	7511	AAC(6')-Il_aminoglycoside_antibiotic	28	459	459	1.0	Unknown taxonomy (chromosome or plasmid)
barcode02_3Gb	contig_3796	10609	11413	lnuB_lincosamide_antibiotic	5	804	804	1.0	Unknown taxonomy (chromosome or plasmid)
barcode02_3Gb	contig_3835	22496	23285	ANT(3'')-IIa_aminoglycoside_antibiotic	34	789	789	1.0	Acinetobacter baumannii (chromosome or plasmid)
barcode02_3Gb	contig_3841	14648	16568	tet(O)_tetracycline_antibiotic	21	1920	1920	1.0	Unknown taxonomy (chromosome or plasmid)
barcode02_3Gb	contig_3921	116400	119028	adeF_fluoroquinolone_antibiotic;_tetracycline_antibiotic	26	2628	2628	1.0	Unknown taxonomy (chromosome)
barcode02_3Gb	contig_3951	92716	94360	YojI_peptide_antibiotic	18	1644	1644	1.0	Escherichia coli (chromosome or plasmid)
barcode02_3Gb	contig_3951	129485	130844	Escherichia coli GlpT with mutation conferring resistance to fosfomycin_phosphonic_acid_antibiotic	19	1359	1359	1.0	Unknown taxonomy (chromosome or plasmid)
barcode02_3Gb	contig_3951	141482	142451	PmrF_peptide_antibiotic	14	969	969	1.0	Unknown taxonomy (chromosome or plasmid)
barcode02_3Gb	contig_3951	145320	146973	ArnT_peptide_antibiotic	12	1653	1653	1.0	Unknown taxonomy (chromosome or plasmid)
barcode02_3Gb	contig_4000	19915	20170	rsmA_fluoroquinolone_antibiotic;_diaminopyrimidine_antibiotic;_phenicol_antibiotic	13	255	255	1.0	
barcode02_3Gb	contig_4022	6713	7391	kdpE_aminoglycoside_antibiotic	9	678	678	1.0	Citrobacter freundii (chromosome)
barcode02_3Gb	contig_406	88156	88522	qacG_disinfecting_agents_and_antiseptics	137	366	366	1.0	Acinetobacter johnsonii (chromosome)
barcode02_3Gb	contig_4252	70570	71962	Escherichia coli UhpT with mutation conferring resistance to fosfomycin_phosphonic_acid_antibiotic	9	1392	1392	1.0	Unknown taxonomy (chromosome or plasmid)
barcode02_3Gb	contig_4266	2397	2871	dfrA6_diaminopyrimidine_antibiotic	27	474	474	1.0	Unknown taxonomy (chromosome or plasmid)
barcode02_3Gb	contig_4266	3029	3686	QnrVC1_fluoroquinolone_antibiotic	29	657	657	1.0	Unknown taxonomy (chromosome or plasmid)
barcode02_3Gb	contig_4351	7000	7840	sul1_sulfonamide_antibiotic	54	840	840	1.0	Unknown taxonomy (chromosome or plasmid)
barcode02_3Gb	contig_4351	7833	8181	qacEdelta1_disinfecting_agents_and_antiseptics	54	348	348	1.0	Unknown taxonomy (chromosome or plasmid)
barcode02_3Gb	contig_4351	8403	8856	arr-3_rifamycin_antibiotic	36	453	453	1.0	Unknown taxonomy (chromosome or plasmid)
barcode02_3Gb	contig_4351	8940	9573	catB3_phenicol_antibiotic	37	633	633	1.0	Unknown taxonomy (chromosome or plasmid)
barcode02_3Gb	contig_4351	9710	10541	OXA-1_cephalosporin;_penam	36	831	831	1.0	Unknown taxonomy (chromosome or plasmid)
barcode02_3Gb	contig_4351	10671	11271	AAC(6')-Ib-cr6_fluoroquinolone_antibiotic;_aminoglycoside_antibiotic	38	600	600	1.0	Unknown taxonomy (chromosome or plasmid)
barcode02_3Gb	contig_4351	30163	31000	APH(6)-Id_aminoglycoside_antibiotic	33	837	837	1.0	Unknown taxonomy (chromosome or plasmid)
barcode02_3Gb	contig_4365	2142	3402	cmlA4_phenicol_antibiotic	4	1260	1260	1.0	Unknown taxonomy (chromosome or plasmid)
barcode02_3Gb	contig_4429	64562	65708	ACT-28_carbapenem;_cephalosporin;_cephamycin;_penam	4	1146	1146	1.0	Enterobacter kobei (chromosome)
barcode02_3Gb	contig_4476	5930	6725	OXA-504_penam	48	795	795	1.0	Aeromonas caviae (chromosome)
barcode02_3Gb	contig_452	4427	5903	msrE_macrolide_antibiotic;_streptogramin_antibiotic	84	1476	1476	1.0	Unknown taxonomy (chromosome or plasmid)
barcode02_3Gb	contig_452	5958	6843	mphE_macrolide_antibiotic	82	885	885	1.0	Unknown taxonomy (chromosome or plasmid)
barcode02_3Gb	contig_452	10476	11664	tet(39)_tetracycline_antibiotic	28	1188	1188	1.0	Unknown taxonomy (plasmid)
barcode02_3Gb	contig_465	5526	6918	APH(3'')-Ib_aminoglycoside_antibiotic	35	1392	1392	1.0	Unknown taxonomy (chromosome or plasmid)
barcode02_3Gb	contig_4665	11155	11581	FosA2_phosphonic_acid_antibiotic	5	426	426	1.0	Enterobacter kobei (chromosome)
barcode02_3Gb	contig_4724	61598	63071	vanW gene in vanI cluster_glycopeptide_antibiotic	5	1473	1473	1.0	
barcode02_3Gb	contig_4835	19584	20073	nimJ_nitroimidazole_antibiotic	1	489	489	1.0	
barcode02_3Gb	contig_4836	5471	6863	Escherichia coli UhpT with mutation conferring resistance to fosfomycin_phosphonic_acid_antibiotic	12	1392	1392	1.0	Citrobacter portucalensis (chromosome or plasmid)
barcode02_3Gb	contig_488	7307	8102	APH(3'')-Ib_aminoglycoside_antibiotic	3	795	795	1.0	Unknown taxonomy (chromosome or plasmid)
barcode02_3Gb	contig_4889	5491	5782	qacG_disinfecting_agents_and_antiseptics	4	291	291	1.0	
barcode02_3Gb	contig_49	109580	109904	Escherichia coli soxS with mutation conferring antibiotic resistance_fluoroquinolone_antibiotic;_monobactam;_carbapenem;_cephalosporin;_glycylcycline;_cephamycin;_penam;_tetracycline_antibiotic;_rifamycin_antibiotic;_phenicol_antibiotic;_penem;_disinfecting_agents_and_antiseptics	28	324	324	1.0	Unknown taxonomy (chromosome or plasmid)
barcode02_3Gb	contig_49	109989	110454	Escherichia coli soxR with mutation conferring antibiotic resistance_fluoroquinolone_antibiotic;_cephalosporin;_glycylcycline;_penam;_tetracycline_antibiotic;_rifamycin_antibiotic;_phenicol_antibiotic;_disinfecting_agents_and_antiseptics	26	465	465	1.0	Unknown taxonomy (chromosome or plasmid)
barcode02_3Gb	contig_49	131520	132987	mdtP_nucleoside_antibiotic;_disinfecting_agents_and_antiseptics	23	1467	1467	1.0	Unknown taxonomy (chromosome or plasmid)
barcode02_3Gb	contig_49	132983	135035	mdtO_nucleoside_antibiotic;_disinfecting_agents_and_antiseptics	19	2052	2052	1.0	Escherichia coli (chromosome or plasmid)
barcode02_3Gb	contig_49	135034	136066	mdtN_nucleoside_antibiotic;_disinfecting_agents_and_antiseptics	15	1032	1032	1.0	Unknown taxonomy (chromosome or plasmid)
barcode02_3Gb	contig_49	159073	160717	eptA_peptide_antibiotic	20	1644	1644	1.0	Unknown taxonomy (chromosome or plasmid)
barcode02_3Gb	contig_49	223471	224605	EC-13_cephalosporin	16	1134	1134	1.0	Escherichia coli (chromosome or plasmid)
barcode02_3Gb	contig_4951	6060	8526	vanT gene in vanG cluster_glycopeptide_antibiotic	9	2466	2466	1.0	Phocaeicola vulgatus (chromosome)
barcode02_3Gb	contig_4952	17399	18032	CRP_macrolide_antibiotic;_fluoroquinolone_antibiotic;_penam	10	633	633	1.0	Enterobacter roggenkampii (chromosome or plasmid)
barcode02_3Gb	contig_5	41226	42432	tet(B)_tetracycline_antibiotic	11	1206	1206	1.0	Unknown taxonomy (chromosome or plasmid)
barcode02_3Gb	contig_5	42513	43137	tetR_tetracycline_antibiotic	10	624	624	1.0	Unknown taxonomy (chromosome or plasmid)
barcode02_3Gb	contig_5008	25423	26806	mdeA_fluoroquinolone_antibiotic;_aminoglycoside_antibiotic;_penam;_tetracycline_antibiotic;_disinfecting_agents_and_antiseptics	3	1383	1383	1.0	
barcode02_3Gb	contig_5068	3917	4103	rsmA_fluoroquinolone_antibiotic;_diaminopyrimidine_antibiotic;_phenicol_antibiotic	7	186	186	1.0	Enterobacter (chromosome or plasmid)
barcode02_3Gb	contig_5097	193	1021	OXA-253_carbapenem;_penam	16	828	828	1.0	Acinetobacter baumannii (chromosome)
barcode02_3Gb	contig_51	14250	14505	FosA8_phosphonic_acid_antibiotic	11	255	255	1.0	Unknown taxonomy (chromosome or plasmid)
barcode02_3Gb	contig_5164	962	1523	dfrA23_diaminopyrimidine_antibiotic	7	561	561	1.0	Unknown taxonomy (chromosome or plasmid)
barcode02_3Gb	contig_5303	271749	275343	evgS_macrolide_antibiotic;_fluoroquinolone_antibiotic;_penam;_tetracycline_antibiotic	7	3594	3594	1.0	Unknown taxonomy (chromosome or plasmid)
barcode02_3Gb	contig_5303	275347	275962	evgA_macrolide_antibiotic;_fluoroquinolone_antibiotic;_penam;_tetracycline_antibiotic	8	615	615	1.0	Unknown taxonomy (chromosome or plasmid)
barcode02_3Gb	contig_5303	276485	277541	emrK_tetracycline_antibiotic	9	1056	1056	1.0	Unknown taxonomy (chromosome or plasmid)
barcode02_3Gb	contig_5303	277540	279079	emrY_tetracycline_antibiotic	9	1539	1539	1.0	Unknown taxonomy (chromosome or plasmid)
barcode02_3Gb	contig_5342	7053	8214	vanL_glycopeptide_antibiotic	9	1161	1161	1.0	
barcode02_3Gb	contig_5462	4109	4889	APH(3')-VIa_aminoglycoside_antibiotic	30	780	780	1.0	Unknown taxonomy (chromosome or plasmid)
barcode02_3Gb	contig_5462	7304	8186	KPC-2_monobactam;_carbapenem;_cephalosporin;_penam	36	882	882	1.0	Unknown taxonomy (chromosome or plasmid)
barcode02_3Gb	contig_5500	30436	30820	marA_fluoroquinolone_antibiotic;_monobactam;_carbapenem;_cephalosporin;_glycylcycline;_cephamycin;_penam;_tetracycline_antibiotic;_rifamycin_antibiotic;_phenicol_antibiotic;_penem;_disinfecting_agents_and_antiseptics	5	384	384	1.0	Unknown taxonomy (chromosome or plasmid)
barcode02_3Gb	contig_5500	30839	31274	Escherichia coli AcrAB-TolC with MarR mutations conferring resistance to ciprofloxacin and tetracycline_fluoroquinolone_antibiotic;_cephalosporin;_glycylcycline;_penam;_tetracycline_antibiotic;_rifamycin_antibiotic;_phenicol_antibiotic;_disinfecting_agents_and_antiseptics	6	435	435	1.0	Unknown taxonomy (chromosome or plasmid)
barcode02_3Gb	contig_5567	12578	13691	vanG_glycopeptide_antibiotic	5	1113	1113	1.0	Citrobacter (chromosome or plasmid)
barcode02_3Gb	contig_5569	208	541	Escherichia coli emrE_macrolide_antibiotic	11	333	333	1.0	Unknown taxonomy (chromosome or plasmid)
barcode02_3Gb	contig_5581	1454	2645	tet(C)_tetracycline_antibiotic	19	1191	1191	1.0	Unknown taxonomy (chromosome or plasmid)
barcode02_3Gb	contig_5720	1306	1765	AAC(6')-Il_aminoglycoside_antibiotic	49	459	459	1.0	Unknown taxonomy (chromosome or plasmid)
barcode02_3Gb	contig_5720	1838	2702	GES-1_carbapenem;_cephalosporin;_penam	58	864	864	1.0	Unknown taxonomy (chromosome or plasmid)
barcode02_3Gb	contig_5720	2824	3358	ANT(2'')-Ia_aminoglycoside_antibiotic	41	534	534	1.0	Unknown taxonomy (chromosome or plasmid)
barcode02_3Gb	contig_5720	3473	3821	qacEdelta1_disinfecting_agents_and_antiseptics	36	348	348	1.0	Unknown taxonomy (chromosome or plasmid)
barcode02_3Gb	contig_5720	3817	4654	sul1_sulfonamide_antibiotic	43	837	837	1.0	Unknown taxonomy (chromosome or plasmid)
barcode02_3Gb	contig_5727	12512	15665	oqxB_fluoroquinolone_antibiotic;_glycylcycline;_tetracycline_antibiotic;_diaminopyrimidine_antibiotic;_nitrofuran_antibiotic	6	3153	3153	1.0	Enterobacter kobei (chromosome)
barcode02_3Gb	contig_5828	57638	57836	rsmA_fluoroquinolone_antibiotic;_diaminopyrimidine_antibiotic;_phenicol_antibiotic	4	198	198	1.0	
barcode02_3Gb	contig_5869	16804	19282	vanT gene in vanG cluster_glycopeptide_antibiotic	29	2478	2478	1.0	
barcode02_3Gb	contig_5911	8603	9038	Escherichia coli AcrAB-TolC with MarR mutations conferring resistance to ciprofloxacin and tetracycline_fluoroquinolone_antibiotic;_cephalosporin;_glycylcycline;_penam;_tetracycline_antibiotic;_rifamycin_antibiotic;_phenicol_antibiotic;_disinfecting_agents_and_antiseptics	21	435	435	1.0	Enterobacter cloacae (chromosome)
barcode02_3Gb	contig_5911	9057	9438	marA_fluoroquinolone_antibiotic;_monobactam;_carbapenem;_cephalosporin;_glycylcycline;_cephamycin;_penam;_tetracycline_antibiotic;_rifamycin_antibiotic;_phenicol_antibiotic;_penem;_disinfecting_agents_and_antiseptics	23	381	381	1.0	Enterobacter asburiae (chromosome or plasmid)
barcode02_3Gb	contig_5919	5349	5538	rsmA_fluoroquinolone_antibiotic;_diaminopyrimidine_antibiotic;_phenicol_antibiotic	20	189	189	1.0	
barcode02_3Gb	contig_6036	21332	21662	Klebsiella pneumoniae KpnF_macrolide_antibiotic;_aminoglycoside_antibiotic;_cephalosporin;_tetracycline_antibiotic;_peptide_antibiotic;_rifamycin_antibiotic;_disinfecting_agents_and_antiseptics	16	330	330	1.0	Unknown taxonomy (chromosome or plasmid)
barcode02_3Gb	contig_6036	21648	22014	Klebsiella pneumoniae KpnE_macrolide_antibiotic;_aminoglycoside_antibiotic;_cephalosporin;_tetracycline_antibiotic;_peptide_antibiotic;_rifamycin_antibiotic;_disinfecting_agents_and_antiseptics	17	366	366	1.0	Unknown taxonomy (chromosome or plasmid)
barcode02_3Gb	contig_6066	36163	36349	rsmA_fluoroquinolone_antibiotic;_diaminopyrimidine_antibiotic;_phenicol_antibiotic	16	186	186	1.0	Enterobacter cloacae (chromosome or plasmid)
barcode02_3Gb	contig_6275	35250	36066	sul2_sulfonamide_antibiotic	25	816	816	1.0	Unknown taxonomy (chromosome or plasmid)
barcode02_3Gb	contig_63	10569	11943	cpxA_aminoglycoside_antibiotic;_aminocoumarin_antibiotic	20	1374	1374	1.0	Unknown taxonomy (chromosome or plasmid)
barcode02_3Gb	contig_633	8699	9584	mphE_macrolide_antibiotic	89	885	885	1.0	Unknown taxonomy (chromosome or plasmid)
barcode02_3Gb	contig_633	9639	11115	msrE_macrolide_antibiotic;_streptogramin_antibiotic	89	1476	1476	1.0	Unknown taxonomy (chromosome or plasmid)
barcode02_3Gb	contig_633	13380	14217	APH(6)-Id_aminoglycoside_antibiotic	48	837	837	1.0	Unknown taxonomy (chromosome or plasmid)
barcode02_3Gb	contig_6337	22662	22917	rsmA_fluoroquinolone_antibiotic;_diaminopyrimidine_antibiotic;_phenicol_antibiotic	11	255	255	1.0	
barcode02_3Gb	contig_634	3123	4008	mphE_macrolide_antibiotic	87	885	885	1.0	Unknown taxonomy (chromosome or plasmid)
barcode02_3Gb	contig_634	4063	5539	msrE_macrolide_antibiotic;_streptogramin_antibiotic	88	1476	1476	1.0	Unknown taxonomy (chromosome or plasmid)
barcode02_3Gb	contig_634	10391	11228	APH(6)-Id_aminoglycoside_antibiotic	40	837	837	1.0	Unknown taxonomy (chromosome or plasmid)
barcode02_3Gb	contig_634	11227	12031	APH(3'')-Ib_aminoglycoside_antibiotic	44	804	804	1.0	Unknown taxonomy (chromosome or plasmid)
barcode02_3Gb	contig_6359	77821	79102	ramA_fluoroquinolone_antibiotic;_monobactam;_carbapenem;_cephalosporin;_glycylcycline;_cephamycin;_penam;_tetracycline_antibiotic;_rifamycin_antibiotic;_phenicol_antibiotic;_penem;_disinfecting_agents_and_antiseptics	28	1281	1281	1.0	
barcode02_3Gb	contig_6422	7842	8631	vanW gene in vanI cluster_glycopeptide_antibiotic	3	789	789	1.0	
barcode02_3Gb	contig_649	3691	4507	sul2_sulfonamide_antibiotic	37	816	816	1.0	Unknown taxonomy (chromosome or plasmid)
barcode02_3Gb	contig_6559	3886	5071	Escherichia coli EF-Tu mutants conferring resistance to Pulvomycin_elfamycin_antibiotic	10	1185	1185	1.0	Klebsiella michiganensis (chromosome or plasmid)
barcode02_3Gb	contig_66	94857	95682	gadX_macrolide_antibiotic;_fluoroquinolone_antibiotic;_penam	16	825	825	1.0	Escherichia coli (chromosome)
barcode02_3Gb	contig_66	96049	96778	gadW_macrolide_antibiotic;_fluoroquinolone_antibiotic;_penam	15	729	729	1.0	Escherichia coli (chromosome)
barcode02_3Gb	contig_66	100279	101437	mdtE_macrolide_antibiotic;_fluoroquinolone_antibiotic;_penam	17	1158	1158	1.0	Unknown taxonomy (chromosome)
barcode02_3Gb	contig_66	271592	272225	CRP_macrolide_antibiotic;_fluoroquinolone_antibiotic;_penam	27	633	633	1.0	Unknown taxonomy (chromosome or plasmid)
barcode02_3Gb	contig_66	287015	288200	Escherichia coli EF-Tu mutants conferring resistance to Pulvomycin_elfamycin_antibiotic	25	1185	1185	1.0	Unknown taxonomy (chromosome or plasmid)
barcode02_3Gb	contig_661	4963	6439	msrE_macrolide_antibiotic;_streptogramin_antibiotic	41	1476	1476	1.0	Unknown taxonomy (chromosome or plasmid)
barcode02_3Gb	contig_661	6494	7379	mphE_macrolide_antibiotic	34	885	885	1.0	Unknown taxonomy (chromosome or plasmid)
barcode02_3Gb	contig_6629	69514	70888	cpxA_aminoglycoside_antibiotic;_aminocoumarin_antibiotic	29	1374	1374	1.0	Unknown taxonomy (chromosome or plasmid)
barcode02_3Gb	contig_6630	35752	36937	Escherichia coli EF-Tu mutants conferring resistance to Pulvomycin_elfamycin_antibiotic	27	1185	1185	1.0	Unknown taxonomy (chromosome or plasmid)
barcode02_3Gb	contig_6633	12466	13840	cpxA_aminoglycoside_antibiotic;_aminocoumarin_antibiotic	16	1374	1374	1.0	Unknown taxonomy (chromosome or plasmid)
barcode02_3Gb	contig_6685	3825	4707	KPC-2_monobactam;_carbapenem;_cephalosporin;_penam	149	882	882	1.0	Unknown taxonomy (chromosome or plasmid)
barcode02_3Gb	contig_6701	2168	3383	floR_phenicol_antibiotic	11	1215	1215	1.0	Unknown taxonomy (chromosome or plasmid)
barcode02_3Gb	contig_6731	9549	10296	aadA_aminoglycoside_antibiotic	14	747	747	1.0	Unknown taxonomy (chromosome or plasmid)
barcode02_3Gb	contig_6731	10492	10723	qacJ_disinfecting_agents_and_antiseptics	7	231	231	1.0	Unknown taxonomy (chromosome or plasmid)
barcode02_3Gb	contig_6752	5021	5366	qacJ_disinfecting_agents_and_antiseptics	7	345	345	1.0	Unknown taxonomy (chromosome or plasmid)
barcode02_3Gb	contig_6752	5482	6328	aadA11_aminoglycoside_antibiotic	16	846	846	1.0	Unknown taxonomy (chromosome or plasmid)
barcode02_3Gb	contig_6781	23078	23717	CRP_macrolide_antibiotic;_fluoroquinolone_antibiotic;_penam	8	639	639	1.0	
barcode02_3Gb	contig_6818	5444	5789	qacG_disinfecting_agents_and_antiseptics	14	345	345	1.0	Unknown taxonomy (chromosome or plasmid)
barcode02_3Gb	contig_6863	240690	241515	OXA-441_carbapenem;_penam	13	825	825	1.0	Acinetobacter baumannii (chromosome or plasmid)
barcode02_3Gb	contig_6874	7085	8600	aadT_macrolide_antibiotic;_tetracycline_antibiotic;_disinfecting_agents_and_antiseptics	5	1515	1515	1.0	
barcode02_3Gb	contig_6881	5038	5833	OXA-504_penam	52	795	795	1.0	Aeromonas caviae (chromosome)
barcode02_3Gb	contig_6900	30	858	OXA-253_carbapenem;_penam	28	828	828	1.0	Acinetobacter baumannii (chromosome)
barcode02_3Gb	contig_6902	139145	139892	vanY gene in vanG cluster_glycopeptide_antibiotic	11	747	747	1.0	
barcode02_3Gb	contig_6904	16682	17909	mdtG_phosphonic_acid_antibiotic	12	1227	1227	1.0	Unknown taxonomy (chromosome or plasmid)
barcode02_3Gb	contig_6904	26539	27748	mdtH_fluoroquinolone_antibiotic	12	1209	1209	1.0	Unknown taxonomy (chromosome or plasmid)
barcode02_3Gb	contig_6914	5997	7203	Mef(En2)_macrolide_antibiotic;_lincosamide_antibiotic	12	1206	1206	1.0	Unknown taxonomy (chromosome)
barcode02_3Gb	contig_6952	6807	7734	PER-12_monobactam;_carbapenem;_cephalosporin;_penam;_penem	9	927	927	1.0	Unknown taxonomy (chromosome or plasmid)
barcode02_3Gb	contig_6954	7020	7848	OXA-253_carbapenem;_penam	42	828	828	1.0	Acinetobacter baumannii (chromosome)
barcode02_3Gb	contig_6965	9416	12155	tet(W)_tetracycline_antibiotic	18	2739	2739	1.0	Unknown taxonomy (chromosome or plasmid)
barcode02_3Gb	contig_6982	68357	68543	rsmA_fluoroquinolone_antibiotic;_diaminopyrimidine_antibiotic;_phenicol_antibiotic	21	186	186	1.0	Unknown taxonomy (chromosome or plasmid)
barcode02_3Gb	contig_6982	73483	75022	emrB_fluoroquinolone_antibiotic	16	1539	1539	1.0	Unknown taxonomy (chromosome or plasmid)
barcode02_3Gb	contig_6982	75038	76211	emrA_fluoroquinolone_antibiotic	12	1173	1173	1.0	Unknown taxonomy (chromosome or plasmid)
barcode02_3Gb	contig_6982	76337	76868	emrR_fluoroquinolone_antibiotic	17	531	531	1.0	Unknown taxonomy (chromosome or plasmid)
barcode02_3Gb	contig_6985	590	1472	KPC-2_monobactam;_carbapenem;_cephalosporin;_penam	16	882	882	1.0	Unknown taxonomy (chromosome or plasmid)
barcode02_3Gb	contig_7022	33775	34741	CfxA3_cephamycin	20	966	966	1.0	Unknown taxonomy (chromosome or plasmid)
barcode02_3Gb	contig_707	52144	53449	Acinetobacter baumannii AbaQ_fluoroquinolone_antibiotic	9	1305	1305	1.0	
barcode02_3Gb	contig_72	54636	55731	vanG_glycopeptide_antibiotic	12	1095	1095	1.0	Unknown taxonomy (chromosome or plasmid)
barcode02_3Gb	contig_740	24388	25213	OXA-644_carbapenem;_penam	240	825	825	1.0	Acinetobacter johnsonii (chromosome)
barcode02_3Gb	contig_747	265131	268323	adeF_fluoroquinolone_antibiotic;_tetracycline_antibiotic	24	3192	3192	1.0	
barcode02_3Gb	contig_747	1191234	1192344	vanT gene in vanG cluster_glycopeptide_antibiotic	26	1110	1110	1.0	
barcode02_3Gb	contig_75	70777	73927	acrB_fluoroquinolone_antibiotic;_cephalosporin;_glycylcycline;_penam;_tetracycline_antibiotic;_rifamycin_antibiotic;_phenicol_antibiotic;_disinfecting_agents_and_antiseptics	19	3150	3150	1.0	Unknown taxonomy (chromosome or plasmid)
barcode02_3Gb	contig_75	73949	75143	Escherichia coli acrA_fluoroquinolone_antibiotic;_cephalosporin;_glycylcycline;_penam;_tetracycline_antibiotic;_rifamycin_antibiotic;_phenicol_antibiotic;_disinfecting_agents_and_antiseptics	16	1194	1194	1.0	Unknown taxonomy (chromosome or plasmid)
barcode02_3Gb	contig_75	75284	75932	Escherichia coli AcrAB-TolC with AcrR mutation conferring resistance to ciprofloxacin, tetracycline, and ceftazidime_fluoroquinolone_antibiotic;_cephalosporin;_glycylcycline;_penam;_tetracycline_antibiotic;_rifamycin_antibiotic;_phenicol_antibiotic;_disinfecting_agents_and_antiseptics	9	648	648	1.0	Unknown taxonomy (chromosome or plasmid)
barcode02_3Gb	contig_750	73162	74533	ArnT_peptide_antibiotic	14	1371	1371	1.0	Enterobacter (chromosome)
barcode02_3Gb	contig_753	108	456	qacEdelta1_disinfecting_agents_and_antiseptics	25	348	348	1.0	Unknown taxonomy (chromosome or plasmid)
barcode02_3Gb	contig_753	449	1289	sul1_sulfonamide_antibiotic	34	840	840	1.0	Unknown taxonomy (chromosome or plasmid)
barcode02_3Gb	contig_754	2000	2840	sul1_sulfonamide_antibiotic	42	840	840	1.0	Unknown taxonomy (chromosome or plasmid)
barcode02_3Gb	contig_754	2833	3181	qacEdelta1_disinfecting_agents_and_antiseptics	32	348	348	1.0	Unknown taxonomy (chromosome or plasmid)
barcode02_3Gb	contig_754	3669	4320	AAC(6')-Ib9_aminoglycoside_antibiotic	27	651	651	1.0	Unknown taxonomy (chromosome or plasmid)
barcode02_3Gb	contig_754	4361	5225	GES-1_carbapenem;_cephalosporin;_penam	41	864	864	1.0	Unknown taxonomy (chromosome or plasmid)
barcode02_3Gb	contig_754	13329	14109	APH(3')-VIa_aminoglycoside_antibiotic	21	780	780	1.0	Unknown taxonomy (chromosome or plasmid)
barcode02_3Gb	contig_754	21314	21812	dfrA12_diaminopyrimidine_antibiotic	24	498	498	1.0	Unknown taxonomy (chromosome or plasmid)
barcode02_3Gb	contig_754	22231	23011	aadA2_aminoglycoside_antibiotic	35	780	780	1.0	Unknown taxonomy (chromosome or plasmid)
barcode02_3Gb	contig_754	23174	23522	qacEdelta1_disinfecting_agents_and_antiseptics	52	348	348	1.0	Unknown taxonomy (chromosome or plasmid)
barcode02_3Gb	contig_754	23515	24355	sul1_sulfonamide_antibiotic	54	840	840	1.0	Unknown taxonomy (chromosome or plasmid)
barcode02_3Gb	contig_755	8	542	ANT(2'')-Ia_aminoglycoside_antibiotic	20	534	534	1.0	Unknown taxonomy (chromosome or plasmid)
barcode02_3Gb	contig_755	664	1528	GES-1_carbapenem;_cephalosporin;_penam	40	864	864	1.0	Unknown taxonomy (chromosome or plasmid)
barcode02_3Gb	contig_755	1601	2060	AAC(6')-Il_aminoglycoside_antibiotic	33	459	459	1.0	Unknown taxonomy (chromosome or plasmid)
barcode02_3Gb	contig_756	6232	7096	GES-1_carbapenem;_cephalosporin;_penam	25	864	864	1.0	Unknown taxonomy (chromosome or plasmid)
barcode02_3Gb	contig_756	7885	8713	OXA-2_carbapenem;_cephalosporin;_penam	16	828	828	1.0	Unknown taxonomy (chromosome or plasmid)
barcode02_3Gb	contig_756	10949	11297	qacEdelta1_disinfecting_agents_and_antiseptics	27	348	348	1.0	Unknown taxonomy (chromosome or plasmid)
barcode02_3Gb	contig_756	11290	12130	sul1_sulfonamide_antibiotic	34	840	840	1.0	Unknown taxonomy (chromosome or plasmid)
barcode02_3Gb	contig_757	13386	14199	NDM-1_carbapenem;_cephalosporin;_cephamycin;_penam	14	813	813	1.0	Unknown taxonomy (chromosome or plasmid)
barcode02_3Gb	contig_757	15476	16256	APH(3')-VIa_aminoglycoside_antibiotic	21	780	780	1.0	Unknown taxonomy (chromosome or plasmid)
barcode02_3Gb	contig_763	3290	4127	APH(6)-Id_aminoglycoside_antibiotic	45	837	837	1.0	Unknown taxonomy (chromosome or plasmid)
barcode02_3Gb	contig_763	4126	4930	APH(3'')-Ib_aminoglycoside_antibiotic	47	804	804	1.0	Unknown taxonomy (chromosome or plasmid)
barcode02_3Gb	contig_764	2630	3659	tet(C)_tetracycline_antibiotic	17	1029	1029	1.0	Unknown taxonomy (chromosome or plasmid)
barcode02_3Gb	contig_764	5532	6417	mphE_macrolide_antibiotic	48	885	885	1.0	Unknown taxonomy (chromosome or plasmid)
barcode02_3Gb	contig_764	6472	7948	msrE_macrolide_antibiotic;_streptogramin_antibiotic	48	1476	1476	1.0	Unknown taxonomy (chromosome or plasmid)
barcode02_3Gb	contig_767	191	1007	mphA_macrolide_antibiotic	36	816	816	1.0	Unknown taxonomy (chromosome or plasmid)
barcode02_3Gb	contig_767	6300	7140	sul1_sulfonamide_antibiotic	32	840	840	1.0	Unknown taxonomy (chromosome or plasmid)
barcode02_3Gb	contig_767	12088	13015	PER-3_monobactam;_carbapenem;_cephalosporin;_penam;_penem	16	927	927	1.0	Unknown taxonomy (chromosome or plasmid)
barcode02_3Gb	contig_767	14795	15635	sul1_sulfonamide_antibiotic	32	840	840	1.0	Unknown taxonomy (chromosome or plasmid)
barcode02_3Gb	contig_767	15628	15976	qacEdelta1_disinfecting_agents_and_antiseptics	30	348	348	1.0	Unknown taxonomy (chromosome or plasmid)
barcode02_3Gb	contig_767	16198	16651	arr-3_rifamycin_antibiotic	33	453	453	1.0	Unknown taxonomy (chromosome or plasmid)
barcode02_3Gb	contig_767	16735	17368	catB3_phenicol_antibiotic	36	633	633	1.0	Unknown taxonomy (chromosome or plasmid)
barcode02_3Gb	contig_767	17505	18336	OXA-1_cephalosporin;_penam	30	831	831	1.0	Unknown taxonomy (chromosome or plasmid)
barcode02_3Gb	contig_767	18466	19066	AAC(6')-Ib-cr6_fluoroquinolone_antibiotic;_aminoglycoside_antibiotic	31	600	600	1.0	Unknown taxonomy (chromosome or plasmid)
barcode02_3Gb	contig_767	157284	158088	APH(3'')-Ib_aminoglycoside_antibiotic	48	804	804	1.0	Unknown taxonomy (chromosome or plasmid)
barcode02_3Gb	contig_767	158087	158924	APH(6)-Id_aminoglycoside_antibiotic	49	837	837	1.0	Unknown taxonomy (chromosome or plasmid)
barcode02_3Gb	contig_767	163902	165177	tet(A)_tetracycline_antibiotic	17	1275	1275	1.0	Unknown taxonomy (chromosome or plasmid)
barcode02_3Gb	contig_767	171928	172720	aadA_aminoglycoside_antibiotic	15	792	792	1.0	Unknown taxonomy (chromosome or plasmid)
barcode02_3Gb	contig_767	172802	173357	AAC(6')-IIa_aminoglycoside_antibiotic	8	555	555	1.0	Unknown taxonomy (chromosome or plasmid)
barcode02_3Gb	contig_767	173423	174224	OXA-101_cephalosporin;_penam	9	801	801	1.0	Unknown taxonomy (chromosome or plasmid)
barcode02_3Gb	contig_767	174783	175647	sul4_sulfonamide_antibiotic	4	864	864	1.0	Unknown taxonomy (chromosome or plasmid)
barcode02_3Gb	contig_796	19738	22849	adeB_glycylcycline;_tetracycline_antibiotic	18	3111	3111	1.0	Acinetobacter baumannii (no genomic info)
barcode02_3Gb	contig_845	27325	27658	qacG_disinfecting_agents_and_antiseptics	4	333	333	1.0	
barcode02_3Gb	contig_884	2530	2863	qacE_disinfecting_agents_and_antiseptics	14	333	333	1.0	Unknown taxonomy (chromosome or plasmid)
barcode02_3Gb	contig_884	26542	27781	Mrx_macrolide_antibiotic	74	1239	1239	1.0	Unknown taxonomy (chromosome or plasmid)
barcode02_3Gb	contig_884	27777	28683	mphA_macrolide_antibiotic	77	906	906	1.0	Unknown taxonomy (chromosome or plasmid)
barcode02_3Gb	contig_884	33032	33605	AAC(6')-Ian_aminoglycoside_antibiotic	14	573	573	1.0	Unknown taxonomy (chromosome or plasmid)
barcode02_3Gb	contig_901	270	1152	KPC-2_monobactam;_carbapenem;_cephalosporin;_penam	53	882	882	1.0	Unknown taxonomy (chromosome or plasmid)
barcode02_3Gb	contig_902	143373	143721	qacEdelta1_disinfecting_agents_and_antiseptics	37	348	348	1.0	Unknown taxonomy (chromosome or plasmid)
barcode02_3Gb	contig_902	143714	144554	sul1_sulfonamide_antibiotic	47	840	840	1.0	Unknown taxonomy (chromosome or plasmid)
barcode02_3Gb	contig_902	148769	149675	mphA_macrolide_antibiotic	15	906	906	1.0	Unknown taxonomy (chromosome or plasmid)
barcode02_3Gb	contig_904	4374	4833	AAC(6')-Il_aminoglycoside_antibiotic	17	459	459	1.0	Unknown taxonomy (chromosome or plasmid)
barcode02_3Gb	contig_904	5727	6261	ANT(2'')-Ia_aminoglycoside_antibiotic	7	534	534	1.0	Unknown taxonomy (chromosome or plasmid)
barcode02_3Gb	contig_906	5715	6576	TEM-1_monobactam;_cephalosporin;_penam;_penem	25	861	861	1.0	Unknown taxonomy (chromosome or plasmid)
barcode02_3Gb	contig_906	11547	12408	AAC(3)-IId_aminoglycoside_antibiotic	13	861	861	1.0	Unknown taxonomy (chromosome or plasmid)
barcode02_3Gb	contig_906	14662	15262	AAC(6')-Ib-cr6_fluoroquinolone_antibiotic;_aminoglycoside_antibiotic	19	600	600	1.0	Unknown taxonomy (chromosome or plasmid)
barcode02_3Gb	contig_906	15430	15778	qacEdelta1_disinfecting_agents_and_antiseptics	16	348	348	1.0	Unknown taxonomy (chromosome or plasmid)
barcode02_3Gb	contig_906	15771	16611	sul1_sulfonamide_antibiotic	18	840	840	1.0	Unknown taxonomy (chromosome or plasmid)
barcode02_3Gb	contig_909	5071	5911	sul1_sulfonamide_antibiotic	39	840	840	1.0	Unknown taxonomy (chromosome or plasmid)
barcode02_3Gb	contig_909	5904	6252	qacEdelta1_disinfecting_agents_and_antiseptics	35	348	348	1.0	Unknown taxonomy (chromosome or plasmid)
barcode02_3Gb	contig_909	6457	7246	aadA5_aminoglycoside_antibiotic	24	789	789	1.0	Unknown taxonomy (chromosome or plasmid)
barcode02_3Gb	contig_909	7376	7976	dfrA17_diaminopyrimidine_antibiotic	18	600	600	1.0	Unknown taxonomy (chromosome or plasmid)
barcode02_3Gb	contig_910	11615	12515	VEB-9_monobactam;_cephalosporin	9	900	900	1.0	Unknown taxonomy (chromosome or plasmid)
barcode02_3Gb	contig_910	15230	16070	sul1_sulfonamide_antibiotic	16	840	840	1.0	Unknown taxonomy (chromosome or plasmid)
barcode02_3Gb	contig_910	16426	17272	aadA16_aminoglycoside_antibiotic	22	846	846	1.0	Unknown taxonomy (chromosome or plasmid)
barcode02_3Gb	contig_910	17430	18063	catB3_phenicol_antibiotic	16	633	633	1.0	Unknown taxonomy (chromosome or plasmid)
barcode02_3Gb	contig_910	19031	19586	AAC(6')-IIa_aminoglycoside_antibiotic	13	555	555	1.0	Unknown taxonomy (chromosome or plasmid)
barcode02_3Gb	contig_911	3518	4358	sul1_sulfonamide_antibiotic	35	840	840	1.0	Unknown taxonomy (chromosome or plasmid)
barcode02_3Gb	contig_911	4351	4699	qacEdelta1_disinfecting_agents_and_antiseptics	33	348	348	1.0	Unknown taxonomy (chromosome or plasmid)
barcode02_3Gb	contig_911	4974	5754	aadA_aminoglycoside_antibiotic	23	780	780	1.0	Unknown taxonomy (chromosome or plasmid)
barcode02_3Gb	contig_911	5914	6571	QnrVC1_fluoroquinolone_antibiotic	21	657	657	1.0	Unknown taxonomy (chromosome or plasmid)
barcode02_3Gb	contig_913	114	978	GES-1_carbapenem;_cephalosporin;_penam	23	864	864	1.0	Unknown taxonomy (chromosome or plasmid)
barcode02_3Gb	contig_929	4497	5358	SHV-5_carbapenem;_cephalosporin;_penam	15	861	861	1.0	Unknown taxonomy (chromosome or plasmid)
barcode02_3Gb	contig_934	164	770	AAC(6')-Ib9_aminoglycoside_antibiotic	9	606	606	1.0	Unknown taxonomy (chromosome or plasmid)
barcode02_3Gb	contig_934	851	1628	aadA_aminoglycoside_antibiotic	11	777	777	1.0	Unknown taxonomy (chromosome or plasmid)
barcode02_3Gb	contig_934	1687	2503	OXA-9_penam	8	816	816	1.0	Unknown taxonomy (chromosome or plasmid)
barcode02_3Gb	contig_934	3210	4071	TEM-1_monobactam;_cephalosporin;_penam;_penem	21	861	861	1.0	Unknown taxonomy (chromosome or plasmid)
barcode02_3Gb	contig_935	164	1025	TEM-1_monobactam;_cephalosporin;_penam;_penem	17	861	861	1.0	Unknown taxonomy (chromosome or plasmid)
barcode02_3Gb	contig_937	31617	32091	dfrA6_diaminopyrimidine_antibiotic	31	474	474	1.0	Unknown taxonomy (chromosome or plasmid)
barcode02_3Gb	contig_938	8984	9776	aadA_aminoglycoside_antibiotic	10	792	792	1.0	Unknown taxonomy (chromosome or plasmid)
barcode02_3Gb	contig_938	9945	10278	qacL_disinfecting_agents_and_antiseptics	8	333	333	1.0	Unknown taxonomy (chromosome or plasmid)
barcode02_3Gb	contig_938	11457	12249	sul3_sulfonamide_antibiotic	5	792	792	1.0	Unknown taxonomy (chromosome or plasmid)
barcode02_3Gb	contig_942	59	965	mphA_macrolide_antibiotic	37	906	906	1.0	Unknown taxonomy (chromosome or plasmid)
barcode02_3Gb	contig_942	961	2200	Mrx_macrolide_antibiotic	43	1239	1239	1.0	Unknown taxonomy (chromosome or plasmid)
barcode02_3Gb	contig_942	18778	19435	QnrVC4_fluoroquinolone_antibiotic	18	657	657	1.0	Unknown taxonomy (chromosome or plasmid)
barcode02_3Gb	contig_942	20370	21630	cmlA5_phenicol_antibiotic	22	1260	1260	1.0	Unknown taxonomy (chromosome or plasmid)
barcode02_3Gb	contig_942	21894	22695	OXA-10_cephalosporin;_penam	21	801	801	1.0	Unknown taxonomy (chromosome or plasmid)
barcode02_3Gb	contig_942	22687	23503	aadA_aminoglycoside_antibiotic	19	816	816	1.0	Unknown taxonomy (chromosome or plasmid)
barcode02_3Gb	contig_944	904	1720	APH(3')-Ia_aminoglycoside_antibiotic	29	816	816	1.0	Unknown taxonomy (chromosome or plasmid)
barcode02_3Gb	contig_946	8280	9519	Mrx_macrolide_antibiotic	57	1239	1239	1.0	Unknown taxonomy (chromosome or plasmid)
barcode02_3Gb	contig_946	9515	10421	mphA_macrolide_antibiotic	61	906	906	1.0	Unknown taxonomy (chromosome or plasmid)
barcode02_3Gb	contig_946	11488	12349	TEM-1_monobactam;_cephalosporin;_penam;_penem	17	861	861	1.0	Unknown taxonomy (chromosome or plasmid)
barcode02_3Gb	contig_946	84078	84552	FosA3_phosphonic_acid_antibiotic	6	474	474	1.0	Unknown taxonomy (chromosome or plasmid)
barcode02_3Gb	contig_954	16756	17638	KPC-2_monobactam;_carbapenem;_cephalosporin;_penam	57	882	882	1.0	Unknown taxonomy (chromosome or plasmid)
barcode02_6Gb	contig_10	18854	21074	Acinetobacter baumannii parC conferring resistance to fluoroquinolones_fluoroquinolone_antibiotic	57	2220	2220	1.0	Acinetobacter baumannii (chromosome or plasmid)
barcode02_6Gb	contig_10	230296	231643	abeM_fluoroquinolone_antibiotic;_disinfecting_agents_and_antiseptics	57	1347	1347	1.0	Acinetobacter baumannii (chromosome or plasmid)
barcode02_6Gb	contig_10	276799	277900	LpsB_peptide_antibiotic	56	1101	1101	1.0	Acinetobacter baumannii (chromosome or plasmid)
barcode02_6Gb	contig_10070	3709	4894	Escherichia coli EF-Tu mutants conferring resistance to Pulvomycin_elfamycin_antibiotic	4	1185	1185	1.0	Citrobacter freundii (chromosome or plasmid)
barcode02_6Gb	contig_10072	48161	48494	qacG_disinfecting_agents_and_antiseptics	8	333	333	1.0	
barcode02_6Gb	contig_10090	2951	3593	catII_phenicol_antibiotic	11	642	642	1.0	Unknown taxonomy (chromosome or plasmid)
barcode02_6Gb	contig_10274	12340	13321	PmrF_peptide_antibiotic	9	981	981	1.0	
barcode02_6Gb	contig_10274	16201	17239	ArnT_peptide_antibiotic	7	1038	1038	1.0	Escherichia coli (no genomic info)
barcode02_6Gb	contig_10276	17280	17817	tet(W/N/W)_tetracycline_antibiotic	11	537	537	1.0	Unknown taxonomy (chromosome)
barcode02_6Gb	contig_10276	18292	19231	tet(W)_tetracycline_antibiotic	13	939	939	1.0	Bifidobacterium bifidum (chromosome or plasmid)
barcode02_6Gb	contig_10679	23262	23517	FosA8_phosphonic_acid_antibiotic	7	255	255	1.0	Enterobacter cloacae (chromosome)
barcode02_6Gb	contig_10960	1532	1802	qacG_disinfecting_agents_and_antiseptics	4	270	270	1.0	
barcode02_6Gb	contig_11065	9716	10418	vanY gene in vanB cluster_glycopeptide_antibiotic	11	702	702	1.0	
barcode02_6Gb	contig_11092	4051	5050	vanH gene in vanB cluster_glycopeptide_antibiotic	8	999	999	1.0	
barcode02_6Gb	contig_11126	34325	35084	vanY gene in vanB cluster_glycopeptide_antibiotic	9	759	759	1.0	
barcode02_6Gb	contig_11156	2613	3846	Escherichia coli mdfA_tetracycline_antibiotic;_disinfecting_agents_and_antiseptics	5	1233	1233	1.0	Citrobacter freundii (chromosome or plasmid)
barcode02_6Gb	contig_11264	101653	102457	lnuB_lincosamide_antibiotic	8	804	804	1.0	Unknown taxonomy (chromosome or plasmid)
barcode02_6Gb	contig_11264	102510	103995	lsaE_lincosamide_antibiotic;_streptogramin_antibiotic;_pleuromutilin_antibiotic	8	1485	1485	1.0	Streptococcus (chromosome or plasmid)
barcode02_6Gb	contig_11274	34864	35824	mdeA_fluoroquinolone_antibiotic;_aminoglycoside_antibiotic;_penam;_tetracycline_antibiotic;_disinfecting_agents_and_antiseptics	6	960	960	1.0	
barcode02_6Gb	contig_11297	41648	41981	qacL_disinfecting_agents_and_antiseptics	15	333	333	1.0	Unknown taxonomy (chromosome or plasmid)
barcode02_6Gb	contig_11339	27129	28224	vanG_glycopeptide_antibiotic	34	1095	1095	1.0	Unknown taxonomy (chromosome or plasmid)
barcode02_6Gb	contig_11339	110777	113927	acrB_fluoroquinolone_antibiotic;_cephalosporin;_glycylcycline;_penam;_tetracycline_antibiotic;_rifamycin_antibiotic;_phenicol_antibiotic;_disinfecting_agents_and_antiseptics	14	3150	3150	1.0	Escherichia coli (chromosome or plasmid)
barcode02_6Gb	contig_11339	113949	115143	Escherichia coli acrA_fluoroquinolone_antibiotic;_cephalosporin;_glycylcycline;_penam;_tetracycline_antibiotic;_rifamycin_antibiotic;_phenicol_antibiotic;_disinfecting_agents_and_antiseptics	25	1194	1194	1.0	Unknown taxonomy (chromosome or plasmid)
barcode02_6Gb	contig_11339	115284	115932	Escherichia coli AcrAB-TolC with AcrR mutation conferring resistance to ciprofloxacin, tetracycline, and ceftazidime_fluoroquinolone_antibiotic;_cephalosporin;_glycylcycline;_penam;_tetracycline_antibiotic;_rifamycin_antibiotic;_phenicol_antibiotic;_disinfecting_agents_and_antiseptics	25	648	648	1.0	Unknown taxonomy (chromosome or plasmid)
barcode02_6Gb	contig_11358	8774	9188	H-NS_macrolide_antibiotic;_fluoroquinolone_antibiotic;_cephalosporin;_cephamycin;_penam;_tetracycline_antibiotic	9	414	414	1.0	Citrobacter freundii (chromosome)
barcode02_6Gb	contig_11368	9758	10991	Escherichia coli mdfA_tetracycline_antibiotic;_disinfecting_agents_and_antiseptics	8	1233	1233	1.0	Enterobacter hormaechei (chromosome or plasmid)
barcode02_6Gb	contig_11382	28059	29715	ArnT_peptide_antibiotic	10	1656	1656	1.0	Klebsiella pneumoniae (chromosome)
barcode02_6Gb	contig_11434	1040	2171	vanT gene in vanG cluster_glycopeptide_antibiotic	6	1131	1131	1.0	
barcode02_6Gb	contig_11604	28332	31506	adeF_fluoroquinolone_antibiotic;_tetracycline_antibiotic	4	3174	3174	1.0	Unknown taxonomy (chromosome or plasmid)
barcode02_6Gb	contig_11613	6469	7297	OXA-253_carbapenem;_penam	39	828	828	1.0	Acinetobacter baumannii (chromosome)
barcode02_6Gb	contig_11637	9304	9493	rsmA_fluoroquinolone_antibiotic;_diaminopyrimidine_antibiotic;_phenicol_antibiotic	23	189	189	1.0	
barcode02_6Gb	contig_1174	311129	312521	Escherichia coli UhpT with mutation conferring resistance to fosfomycin_phosphonic_acid_antibiotic	8	1392	1392	1.0	Unknown taxonomy (chromosome or plasmid)
barcode02_6Gb	contig_11764	49015	50200	Escherichia coli EF-Tu mutants conferring resistance to Pulvomycin_elfamycin_antibiotic	12	1185	1185	1.0	Unknown taxonomy (chromosome)
barcode02_6Gb	contig_1177	10654	12874	Acinetobacter baumannii parC conferring resistance to fluoroquinolones_fluoroquinolone_antibiotic	37	2220	2220	1.0	Acinetobacter baumannii (chromosome or plasmid)
barcode02_6Gb	contig_11818	5359	6187	OXA-253_carbapenem;_penam	60	828	828	1.0	Acinetobacter baumannii (chromosome)
barcode02_6Gb	contig_1183	5644	6088	fosA5_fluoroquinolone_antibiotic;_aminoglycoside_antibiotic;_phosphonic_acid_antibiotic	9	444	444	1.0	Klebsiella michiganensis (chromosome)
barcode02_6Gb	contig_11836	23497	23842	qacG_disinfecting_agents_and_antiseptics	24	345	345	1.0	Unknown taxonomy (chromosome or plasmid)
barcode02_6Gb	contig_1184	174258	174789	emrR_fluoroquinolone_antibiotic	11	531	531	1.0	Enterobacter kobei (chromosome or plasmid)
barcode02_6Gb	contig_1184	174915	176088	emrA_fluoroquinolone_antibiotic	11	1173	1173	1.0	
barcode02_6Gb	contig_1184	176104	177652	emrB_fluoroquinolone_antibiotic	12	1548	1548	1.0	Enterobacter kobei (chromosome or plasmid)
barcode02_6Gb	contig_1184	184693	184879	rsmA_fluoroquinolone_antibiotic;_diaminopyrimidine_antibiotic;_phenicol_antibiotic	18	186	186	1.0	Enterobacter (chromosome or plasmid)
barcode02_6Gb	contig_11848	28946	29135	rsmA_fluoroquinolone_antibiotic;_diaminopyrimidine_antibiotic;_phenicol_antibiotic	24	189	189	1.0	
barcode02_6Gb	contig_1186	55880	56879	CMY-132_cephamycin	14	999	999	1.0	Citrobacter portucalensis (chromosome or plasmid)
barcode02_6Gb	contig_1191	100710	101895	Escherichia coli EF-Tu mutants conferring resistance to Pulvomycin_elfamycin_antibiotic	28	1185	1185	1.0	Unknown taxonomy (chromosome or plasmid)
barcode02_6Gb	contig_11970	41449	43006	vanW gene in vanI cluster_glycopeptide_antibiotic	6	1557	1557	1.0	
barcode02_6Gb	contig_11978	18252	18561	Klebsiella pneumoniae KpnF_macrolide_antibiotic;_aminoglycoside_antibiotic;_cephalosporin;_tetracycline_antibiotic;_peptide_antibiotic;_rifamycin_antibiotic;_disinfecting_agents_and_antiseptics	8	309	309	1.0	Citrobacter (chromosome)
barcode02_6Gb	contig_11987	76529	77060	emrR_fluoroquinolone_antibiotic	6	531	531	1.0	
barcode02_6Gb	contig_11987	78363	79902	emrB_fluoroquinolone_antibiotic	10	1539	1539	1.0	Citrobacter (chromosome)
barcode02_6Gb	contig_11987	89448	89634	rsmA_fluoroquinolone_antibiotic;_diaminopyrimidine_antibiotic;_phenicol_antibiotic	8	186	186	1.0	Unknown taxonomy (chromosome or plasmid)
barcode02_6Gb	contig_12057	9301	10534	Escherichia coli mdfA_tetracycline_antibiotic;_disinfecting_agents_and_antiseptics	13	1233	1233	1.0	
barcode02_6Gb	contig_12074	42964	43948	PmrF_peptide_antibiotic	11	984	984	1.0	Citrobacter amalonaticus (no genomic info)
barcode02_6Gb	contig_1211	6538	9652	adeF_fluoroquinolone_antibiotic;_tetracycline_antibiotic	13	3114	3114	1.0	Enterobacter (chromosome)
barcode02_6Gb	contig_12155	12182	13367	vanY gene in vanF cluster_glycopeptide_antibiotic	2	1185	1185	1.0	
barcode02_6Gb	contig_12157	35264	36365	vanG_glycopeptide_antibiotic	10	1101	1101	1.0	Enterobacter kobei (chromosome)
barcode02_6Gb	contig_1217	5273	6458	Escherichia coli EF-Tu mutants conferring resistance to Pulvomycin_elfamycin_antibiotic	21	1185	1185	1.0	Klebsiella michiganensis (chromosome or plasmid)
barcode02_6Gb	contig_1218	66694	67879	Escherichia coli EF-Tu mutants conferring resistance to Pulvomycin_elfamycin_antibiotic	64	1185	1185	1.0	Unknown taxonomy (chromosome or plasmid)
barcode02_6Gb	contig_12193	24538	24883	qacG_disinfecting_agents_and_antiseptics	4	345	345	1.0	
barcode02_6Gb	contig_12231	44816	45002	rsmA_fluoroquinolone_antibiotic;_diaminopyrimidine_antibiotic;_phenicol_antibiotic	17	186	186	1.0	Enterobacter (chromosome or plasmid)
barcode02_6Gb	contig_12231	54819	55350	emrR_fluoroquinolone_antibiotic	24	531	531	1.0	Enterobacter (chromosome)
barcode02_6Gb	contig_1227	135427	136573	ACT-28_carbapenem;_cephalosporin;_cephamycin;_penam	12	1146	1146	1.0	Enterobacter kobei (chromosome)
barcode02_6Gb	contig_12361	4596	5091	nimA_nitroimidazole_antibiotic	8	495	495	1.0	
barcode02_6Gb	contig_12435	6349	6535	rsmA_fluoroquinolone_antibiotic;_diaminopyrimidine_antibiotic;_phenicol_antibiotic	9	186	186	1.0	Citrobacter (chromosome or plasmid)
barcode02_6Gb	contig_12435	15612	16143	emrR_fluoroquinolone_antibiotic	6	531	531	1.0	Citrobacter (chromosome or plasmid)
barcode02_6Gb	contig_12552	6821	7778	vanY gene in vanA cluster_glycopeptide_antibiotic	5	957	957	1.0	
barcode02_6Gb	contig_12762	3682	4987	Acinetobacter baumannii AbaQ_fluoroquinolone_antibiotic	18	1305	1305	1.0	
barcode02_6Gb	contig_12799	706	1891	Escherichia coli EF-Tu mutants conferring resistance to Pulvomycin_elfamycin_antibiotic	94	1185	1185	1.0	Aeromonas caviae (chromosome or plasmid)
barcode02_6Gb	contig_12820	195	975	APH(3')-VIa_aminoglycoside_antibiotic	71	780	780	1.0	Unknown taxonomy (chromosome or plasmid)
barcode02_6Gb	contig_12838	90607	90805	rsmA_fluoroquinolone_antibiotic;_diaminopyrimidine_antibiotic;_phenicol_antibiotic	16	198	198	1.0	
barcode02_6Gb	contig_12839	58508	58889	marA_fluoroquinolone_antibiotic;_monobactam;_carbapenem;_cephalosporin;_glycylcycline;_cephamycin;_penam;_tetracycline_antibiotic;_rifamycin_antibiotic;_phenicol_antibiotic;_penem;_disinfecting_agents_and_antiseptics	8	381	381	1.0	Enterobacter (chromosome or plasmid)
barcode02_6Gb	contig_12839	58891	59344	Escherichia coli AcrAB-TolC with MarR mutations conferring resistance to ciprofloxacin and tetracycline_fluoroquinolone_antibiotic;_cephalosporin;_glycylcycline;_penam;_tetracycline_antibiotic;_rifamycin_antibiotic;_phenicol_antibiotic;_disinfecting_agents_and_antiseptics	8	453	453	1.0	Enterobacter (chromosome)
barcode02_6Gb	contig_12884	3626	4199	AAC(6')-Ian_aminoglycoside_antibiotic	12	573	573	1.0	Unknown taxonomy (chromosome or plasmid)
barcode02_6Gb	contig_12891	121022	124136	acrD_aminoglycoside_antibiotic	25	3114	3114	1.0	Unknown taxonomy (chromosome or plasmid)
barcode02_6Gb	contig_12893	1255	2140	mphE_macrolide_antibiotic	51	885	885	1.0	Unknown taxonomy (chromosome or plasmid)
barcode02_6Gb	contig_12940	85261	86815	vanW gene in vanI cluster_glycopeptide_antibiotic	12	1554	1554	1.0	
barcode02_6Gb	contig_12978	9069	10584	aadT_macrolide_antibiotic;_tetracycline_antibiotic;_disinfecting_agents_and_antiseptics	14	1515	1515	1.0	
barcode02_6Gb	contig_12979	23957	24800	OXA-58_carbapenem;_penam	21	843	843	1.0	Unknown taxonomy (chromosome or plasmid)
barcode02_6Gb	contig_12985	375	1026	AAC(6')-Ib9_aminoglycoside_antibiotic	24	651	651	1.0	Unknown taxonomy (chromosome or plasmid)
barcode02_6Gb	contig_12985	1067	1931	GES-1_carbapenem;_cephalosporin;_penam	32	864	864	1.0	Unknown taxonomy (chromosome or plasmid)
barcode02_6Gb	contig_12985	10034	10814	APH(3')-VIa_aminoglycoside_antibiotic	72	780	780	1.0	Unknown taxonomy (chromosome or plasmid)
barcode02_6Gb	contig_12985	18019	18517	dfrA12_diaminopyrimidine_antibiotic	21	498	498	1.0	Unknown taxonomy (chromosome or plasmid)
barcode02_6Gb	contig_12985	18938	19718	aadA2_aminoglycoside_antibiotic	19	780	780	1.0	Unknown taxonomy (chromosome or plasmid)
barcode02_6Gb	contig_13051	1	1168	tet(A)_tetracycline_antibiotic	12	1167	1167	1.0	Unknown taxonomy (chromosome or plasmid)
barcode02_6Gb	contig_13051	2503	3340	APH(6)-Id_aminoglycoside_antibiotic	13	837	837	1.0	Unknown taxonomy (chromosome or plasmid)
barcode02_6Gb	contig_13051	3339	4143	APH(3'')-Ib_aminoglycoside_antibiotic	11	804	804	1.0	Unknown taxonomy (chromosome or plasmid)
barcode02_6Gb	contig_13076	116025	117210	Escherichia coli EF-Tu mutants conferring resistance to Pulvomycin_elfamycin_antibiotic	25	1185	1185	1.0	Enterobacter asburiae (chromosome or plasmid)
barcode02_6Gb	contig_13111	1517	2381	aadS_aminoglycoside_antibiotic	20	864	864	1.0	Unknown taxonomy (chromosome or plasmid)
barcode02_6Gb	contig_13141	116666	117890	vanL_glycopeptide_antibiotic	7	1224	1224	1.0	
barcode02_6Gb	contig_13165	13041	13987	TLA-1_monobactam;_cephalosporin	9	946	946	1.0	
barcode02_6Gb	contig_13169	15253	16387	EC-13_cephalosporin	45	1134	1134	1.0	Unknown taxonomy (chromosome or plasmid)
barcode02_6Gb	contig_13184	30687	31320	CRP_macrolide_antibiotic;_fluoroquinolone_antibiotic;_penam	14	633	633	1.0	Unknown taxonomy (chromosome)
barcode02_6Gb	contig_13224	35096	36863	Haemophilus influenzae PBP3 conferring resistance to beta-lactam antibiotics_cephalosporin;_cephamycin;_penam	17	1767	1767	1.0	Enterobacter kobei (chromosome or plasmid)
barcode02_6Gb	contig_13224	43026	44049	leuO_nucleoside_antibiotic;_disinfecting_agents_and_antiseptics	11	1023	1023	1.0	Enterobacter kobei (chromosome)
barcode02_6Gb	contig_13224	233339	233765	FosA2_phosphonic_acid_antibiotic	4	426	426	1.0	Enterobacter kobei (chromosome)
barcode02_6Gb	contig_1325	7860	8688	OXA-253_carbapenem;_penam	6	828	828	1.0	Acinetobacter baumannii (chromosome or plasmid)
barcode02_6Gb	contig_13267	1837	2719	KPC-2_monobactam;_carbapenem;_cephalosporin;_penam	79	882	882	1.0	Unknown taxonomy (chromosome or plasmid)
barcode02_6Gb	contig_13319	69022	72616	evgS_macrolide_antibiotic;_fluoroquinolone_antibiotic;_penam;_tetracycline_antibiotic	23	3594	3594	1.0	Unknown taxonomy (chromosome or plasmid)
barcode02_6Gb	contig_13319	72620	73235	evgA_macrolide_antibiotic;_fluoroquinolone_antibiotic;_penam;_tetracycline_antibiotic	32	615	615	1.0	Unknown taxonomy (chromosome or plasmid)
barcode02_6Gb	contig_13319	73758	74814	emrK_tetracycline_antibiotic	35	1056	1056	1.0	Unknown taxonomy (chromosome or plasmid)
barcode02_6Gb	contig_13319	74813	76352	emrY_tetracycline_antibiotic	34	1539	1539	1.0	Escherichia coli (chromosome or plasmid)
barcode02_6Gb	contig_13325	17770	18205	Escherichia coli AcrAB-TolC with MarR mutations conferring resistance to ciprofloxacin and tetracycline_fluoroquinolone_antibiotic;_cephalosporin;_glycylcycline;_penam;_tetracycline_antibiotic;_rifamycin_antibiotic;_phenicol_antibiotic;_disinfecting_agents_and_antiseptics	20	435	435	1.0	Unknown taxonomy (chromosome or plasmid)
barcode02_6Gb	contig_13325	18224	18608	marA_fluoroquinolone_antibiotic;_monobactam;_carbapenem;_cephalosporin;_glycylcycline;_cephamycin;_penam;_tetracycline_antibiotic;_rifamycin_antibiotic;_phenicol_antibiotic;_penem;_disinfecting_agents_and_antiseptics	19	384	384	1.0	Unknown taxonomy (chromosome or plasmid)
barcode02_6Gb	contig_13410	981	1605	catS_phenicol_antibiotic	4	624	624	1.0	Unknown taxonomy (chromosome)
barcode02_6Gb	contig_13451	11758	12013	FosA8_phosphonic_acid_antibiotic	10	255	255	1.0	Klebsiella pneumoniae (chromosome or plasmid)
barcode02_6Gb	contig_13503	14280	15465	Escherichia coli EF-Tu mutants conferring resistance to Pulvomycin_elfamycin_antibiotic	12	1185	1185	1.0	Shewanella putrefaciens (chromosome)
barcode02_6Gb	contig_13532	45898	46276	Escherichia coli AcrAB-TolC with MarR mutations conferring resistance to ciprofloxacin and tetracycline_fluoroquinolone_antibiotic;_cephalosporin;_glycylcycline;_penam;_tetracycline_antibiotic;_rifamycin_antibiotic;_phenicol_antibiotic;_disinfecting_agents_and_antiseptics	24	378	378	1.0	Enterobacter cloacae (chromosome)
barcode02_6Gb	contig_13532	46296	46677	marA_fluoroquinolone_antibiotic;_monobactam;_carbapenem;_cephalosporin;_glycylcycline;_cephamycin;_penam;_tetracycline_antibiotic;_rifamycin_antibiotic;_phenicol_antibiotic;_penem;_disinfecting_agents_and_antiseptics	25	381	381	1.0	Enterobacter (chromosome)
barcode02_6Gb	contig_13537	23398	25864	vanT gene in vanG cluster_glycopeptide_antibiotic	15	2466	2466	1.0	Phocaeicola (chromosome)
barcode02_6Gb	contig_13547	19709	20858	FOX-3_cephalosporin;_cephamycin	8	1149	1149	1.0	Enterobacter asburiae (chromosome or plasmid)
barcode02_6Gb	contig_13614	2957	3602	QnrB19_fluoroquinolone_antibiotic	37	645	645	1.0	Unknown taxonomy (chromosome or plasmid)
barcode02_6Gb	contig_13614	9628	10273	QnrB19_fluoroquinolone_antibiotic	39	645	645	1.0	Unknown taxonomy (chromosome or plasmid)
barcode02_6Gb	contig_1383	65135	65480	qacG_disinfecting_agents_and_antiseptics	238	345	345	1.0	Acinetobacter johnsonii (chromosome)
barcode02_6Gb	contig_1403	2159	2414	rsmA_fluoroquinolone_antibiotic;_diaminopyrimidine_antibiotic;_phenicol_antibiotic	179	255	255	1.0	
barcode02_6Gb	contig_1474	65	845	APH(3')-VIa_aminoglycoside_antibiotic	80	780	780	1.0	Unknown taxonomy (chromosome or plasmid)
barcode02_6Gb	contig_1479	185	518	qacE_disinfecting_agents_and_antiseptics	17	333	333	1.0	Unknown taxonomy (chromosome or plasmid)
barcode02_6Gb	contig_1480	102	435	qacJ_disinfecting_agents_and_antiseptics	10	333	333	1.0	Unknown taxonomy (chromosome or plasmid)
barcode02_6Gb	contig_1480	3088	3868	APH(3')-VIa_aminoglycoside_antibiotic	9	780	780	1.0	Unknown taxonomy (chromosome or plasmid)
barcode02_6Gb	contig_1606	3485	4322	APH(6)-Id_aminoglycoside_antibiotic	33	837	837	1.0	Unknown taxonomy (chromosome or plasmid)
barcode02_6Gb	contig_1606	4321	5125	APH(3'')-Ib_aminoglycoside_antibiotic	30	804	804	1.0	Unknown taxonomy (chromosome or plasmid)
barcode02_6Gb	contig_1610	13436	14273	APH(6)-Id_aminoglycoside_antibiotic	28	837	837	1.0	Unknown taxonomy (chromosome or plasmid)
barcode02_6Gb	contig_1622	12655	13516	TEM-1_monobactam;_cephalosporin;_penam;_penem	37	861	861	1.0	Unknown taxonomy (chromosome or plasmid)
barcode02_6Gb	contig_1622	14215	15040	OXA-9_penam	28	825	825	1.0	Unknown taxonomy (chromosome or plasmid)
barcode02_6Gb	contig_1622	15099	15876	aadA_aminoglycoside_antibiotic	31	777	777	1.0	Unknown taxonomy (chromosome or plasmid)
barcode02_6Gb	contig_1622	15957	16563	AAC(6')-Ib9_aminoglycoside_antibiotic	27	606	606	1.0	Unknown taxonomy (chromosome or plasmid)
barcode02_6Gb	contig_1622	31045	31702	QnrVC1_fluoroquinolone_antibiotic	26	657	657	1.0	Unknown taxonomy (chromosome or plasmid)
barcode02_6Gb	contig_1622	33420	33894	dfrA6_diaminopyrimidine_antibiotic	24	474	474	1.0	Unknown taxonomy (chromosome or plasmid)
barcode02_6Gb	contig_1622	34026	34890	GES-1_carbapenem;_cephalosporin;_penam	32	864	864	1.0	Unknown taxonomy (chromosome or plasmid)
barcode02_6Gb	contig_1622	34963	35422	AAC(6')-Il_aminoglycoside_antibiotic	27	459	459	1.0	Unknown taxonomy (chromosome or plasmid)
barcode02_6Gb	contig_1622	38102	38957	ErmX_macrolide_antibiotic;_lincosamide_antibiotic;_streptogramin_antibiotic;_streptogramin_A_antibiotic;_streptogramin_B_antibiotic	7	855	855	1.0	Unknown taxonomy (chromosome or plasmid)
barcode02_6Gb	contig_1640	17407	18247	sul1_sulfonamide_antibiotic	40	840	840	1.0	Unknown taxonomy (chromosome or plasmid)
barcode02_6Gb	contig_1640	19140	19740	AAC(6')-Ib-cr6_fluoroquinolone_antibiotic;_aminoglycoside_antibiotic	21	600	600	1.0	Unknown taxonomy (chromosome or plasmid)
barcode02_6Gb	contig_1641	1576	2233	QnrVC4_fluoroquinolone_antibiotic	24	657	657	1.0	Unknown taxonomy (chromosome or plasmid)
barcode02_6Gb	contig_1641	3168	4428	cmlA5_phenicol_antibiotic	35	1260	1260	1.0	Unknown taxonomy (chromosome or plasmid)
barcode02_6Gb	contig_1641	4692	5493	OXA-10_cephalosporin;_penam	24	801	801	1.0	Unknown taxonomy (chromosome or plasmid)
barcode02_6Gb	contig_1641	5485	6301	aadA_aminoglycoside_antibiotic	25	816	816	1.0	Unknown taxonomy (chromosome or plasmid)
barcode02_6Gb	contig_1645	33032	33788	TEM-216_monobactam;_cephalosporin;_penam;_penem	16	756	756	1.0	Unknown taxonomy (chromosome or plasmid)
barcode02_6Gb	contig_1648	11871	12711	sul1_sulfonamide_antibiotic	9	840	840	1.0	Unknown taxonomy (chromosome or plasmid)
barcode02_6Gb	contig_1654	835	2479	MCR-5.1_peptide_antibiotic	5	1644	1644	1.0	Unknown taxonomy (chromosome or plasmid)
barcode02_6Gb	contig_1666	1215	2019	APH(3'')-Ib_aminoglycoside_antibiotic	13	804	804	1.0	Unknown taxonomy (chromosome or plasmid)
barcode02_6Gb	contig_1666	2018	2855	APH(6)-Id_aminoglycoside_antibiotic	17	837	837	1.0	Unknown taxonomy (chromosome or plasmid)
barcode02_6Gb	contig_1666	7833	9033	tet(A)_tetracycline_antibiotic	32	1200	1200	1.0	Unknown taxonomy (chromosome or plasmid)
barcode02_6Gb	contig_1666	15871	16651	aadA_aminoglycoside_antibiotic	23	780	780	1.0	Unknown taxonomy (chromosome or plasmid)
barcode02_6Gb	contig_1666	16726	17527	OXA-101_cephalosporin;_penam	8	801	801	1.0	Unknown taxonomy (chromosome or plasmid)
barcode02_6Gb	contig_1666	18086	18950	sul4_sulfonamide_antibiotic	6	864	864	1.0	Unknown taxonomy (chromosome or plasmid)
barcode02_6Gb	contig_1666	56260	57121	TEM-1_monobactam;_cephalosporin;_penam;_penem	32	861	861	1.0	Unknown taxonomy (chromosome or plasmid)
barcode02_6Gb	contig_1692	51	1236	Escherichia coli EF-Tu mutants conferring resistance to Pulvomycin_elfamycin_antibiotic	14	1185	1185	1.0	Unknown taxonomy (chromosome or plasmid)
barcode02_6Gb	contig_1692	16026	16659	CRP_macrolide_antibiotic;_fluoroquinolone_antibiotic;_penam	48	633	633	1.0	Escherichia coli (chromosome or plasmid)
barcode02_6Gb	contig_1697	120977	121322	qacG_disinfecting_agents_and_antiseptics	5	345	345	1.0	
barcode02_6Gb	contig_1698	629860	630607	vanY gene in vanG cluster_glycopeptide_antibiotic	12	747	747	1.0	
barcode02_6Gb	contig_1698	2456636	2458631	lmrD_lincosamide_antibiotic	13	1995	1995	1.0	
barcode02_6Gb	contig_1698	3116578	3117325	vanY gene in vanG cluster_glycopeptide_antibiotic	14	747	747	1.0	
barcode02_6Gb	contig_1698	3276895	3277225	qacG_disinfecting_agents_and_antiseptics	8	330	330	1.0	
barcode02_6Gb	contig_1901	70147	73288	adeF_fluoroquinolone_antibiotic;_tetracycline_antibiotic	11	3141	3141	1.0	
barcode02_6Gb	contig_1901	172330	173662	vanW gene in vanI cluster_glycopeptide_antibiotic	14	1332	1332	1.0	
barcode02_6Gb	contig_1912	36163	38083	tet(O)_tetracycline_antibiotic	43	1920	1920	1.0	Unknown taxonomy (chromosome or plasmid)
barcode02_6Gb	contig_2002	15156	15489	qacJ_disinfecting_agents_and_antiseptics	6	333	333	1.0	
barcode02_6Gb	contig_2030	3260	4076	sul2_sulfonamide_antibiotic	56	816	816	1.0	Unknown taxonomy (chromosome or plasmid)
barcode02_6Gb	contig_2042	39682	41431	msbA_nitroimidazole_antibiotic	4	1749	1749	1.0	Klebsiella (chromosome)
barcode02_6Gb	contig_2064	1887	3072	Escherichia coli EF-Tu mutants conferring resistance to Pulvomycin_elfamycin_antibiotic	24	1185	1185	1.0	Enterobacter kobei (chromosome or plasmid)
barcode02_6Gb	contig_2064	26209	26842	CRP_macrolide_antibiotic;_fluoroquinolone_antibiotic;_penam	15	633	633	1.0	Enterobacter (chromosome or plasmid)
barcode02_6Gb	contig_2064	101280	102936	ArnT_peptide_antibiotic	17	1656	1656	1.0	Enterobacter kobei (chromosome)
barcode02_6Gb	contig_2064	105810	106794	PmrF_peptide_antibiotic	12	984	984	1.0	
barcode02_6Gb	contig_2144	1060684	1061794	vanT gene in vanG cluster_glycopeptide_antibiotic	203	1110	1110	1.0	
barcode02_6Gb	contig_2144	1305149	1308341	adeF_fluoroquinolone_antibiotic;_tetracycline_antibiotic	184	3192	3192	1.0	
barcode02_6Gb	contig_2144	1563843	1564350	nimK_nitroimidazole_antibiotic	218	507	507	1.0	
barcode02_6Gb	contig_2144	2266356	2267592	vanW gene in vanI cluster_glycopeptide_antibiotic	174	1236	1236	1.0	
barcode02_6Gb	contig_2249	7224	8019	OXA-504_penam	106	795	795	1.0	Aeromonas caviae (chromosome)
barcode02_6Gb	contig_2255	32053	33286	mdtM_fluoroquinolone_antibiotic;_lincosamide_antibiotic;_nucleoside_antibiotic;_phenicol_antibiotic;_disinfecting_agents_and_antiseptics	36	1233	1233	1.0	Escherichia coli (chromosome or plasmid)
barcode02_6Gb	contig_2255	198874	199819	leuO_nucleoside_antibiotic;_disinfecting_agents_and_antiseptics	29	945	945	1.0	Unknown taxonomy (chromosome or plasmid)
barcode02_6Gb	contig_2255	205920	207687	Haemophilus influenzae PBP3 conferring resistance to beta-lactam antibiotics_cephalosporin;_cephamycin;_penam	42	1767	1767	1.0	Unknown taxonomy (chromosome or plasmid)
barcode02_6Gb	contig_2287	195304	197299	lmrD_lincosamide_antibiotic	12	1995	1995	1.0	
barcode02_6Gb	contig_2332	5748	7224	msrE_macrolide_antibiotic;_streptogramin_antibiotic	88	1476	1476	1.0	Unknown taxonomy (chromosome or plasmid)
barcode02_6Gb	contig_2332	7279	8164	mphE_macrolide_antibiotic	102	885	885	1.0	Unknown taxonomy (chromosome or plasmid)
barcode02_6Gb	contig_2347	19726	20584	aadA24_aminoglycoside_antibiotic	9	858	858	1.0	Unknown taxonomy (chromosome or plasmid)
barcode02_6Gb	contig_2347	20753	21086	qacL_disinfecting_agents_and_antiseptics	9	333	333	1.0	Unknown taxonomy (chromosome or plasmid)
barcode02_6Gb	contig_2347	22265	23057	sul3_sulfonamide_antibiotic	5	792	792	1.0	Unknown taxonomy (chromosome or plasmid)
barcode02_6Gb	contig_2347	31763	32624	TEM-176_monobactam;_cephalosporin;_penam;_penem	17	861	861	1.0	Unknown taxonomy (chromosome or plasmid)
barcode02_6Gb	contig_2347	43270	44065	APH(3')-IIa_aminoglycoside_antibiotic	9	795	795	1.0	Unknown taxonomy (chromosome or plasmid)
barcode02_6Gb	contig_2347	45131	45869	TEM-244_monobactam;_cephalosporin;_penam;_penem	6	738	738	1.0	Unknown taxonomy (chromosome or plasmid)
barcode02_6Gb	contig_2347	46650	47526	CTX-M-55_cephalosporin	14	876	876	1.0	Unknown taxonomy (chromosome or plasmid)
barcode02_6Gb	contig_2350	2061	2841	aadA2_aminoglycoside_antibiotic	40	780	780	1.0	Unknown taxonomy (chromosome or plasmid)
barcode02_6Gb	contig_2350	3004	3352	qacEdelta1_disinfecting_agents_and_antiseptics	68	348	348	1.0	Unknown taxonomy (chromosome or plasmid)
barcode02_6Gb	contig_2350	3345	4185	sul1_sulfonamide_antibiotic	76	840	840	1.0	Unknown taxonomy (chromosome or plasmid)
barcode02_6Gb	contig_2353	1215	2454	Mrx_macrolide_antibiotic	63	1239	1239	1.0	Unknown taxonomy (chromosome or plasmid)
barcode02_6Gb	contig_2353	2450	3356	mphA_macrolide_antibiotic	70	906	906	1.0	Unknown taxonomy (chromosome or plasmid)
barcode02_6Gb	contig_2353	4616	5855	Mrx_macrolide_antibiotic	81	1239	1239	1.0	Unknown taxonomy (chromosome or plasmid)
barcode02_6Gb	contig_2353	5851	6757	mphA_macrolide_antibiotic	92	906	906	1.0	Unknown taxonomy (chromosome or plasmid)
barcode02_6Gb	contig_2353	7824	8685	TEM-1_monobactam;_cephalosporin;_penam;_penem	34	861	861	1.0	Unknown taxonomy (chromosome or plasmid)
barcode02_6Gb	contig_2357	1058	1862	APH(3'')-Ib_aminoglycoside_antibiotic	40	804	804	1.0	Unknown taxonomy (chromosome or plasmid)
barcode02_6Gb	contig_2357	1861	2698	APH(6)-Id_aminoglycoside_antibiotic	45	837	837	1.0	Unknown taxonomy (chromosome or plasmid)
barcode02_6Gb	contig_2358	16123	17362	Mrx_macrolide_antibiotic	93	1239	1239	1.0	Unknown taxonomy (chromosome or plasmid)
barcode02_6Gb	contig_2358	17358	18264	mphA_macrolide_antibiotic	104	906	906	1.0	Unknown taxonomy (chromosome or plasmid)
barcode02_6Gb	contig_2358	19486	20326	sul1_sulfonamide_antibiotic	34	840	840	1.0	Unknown taxonomy (chromosome or plasmid)
barcode02_6Gb	contig_2358	20319	20667	qacEdelta1_disinfecting_agents_and_antiseptics	38	348	348	1.0	Unknown taxonomy (chromosome or plasmid)
barcode02_6Gb	contig_2358	20872	21661	aadA5_aminoglycoside_antibiotic	43	789	789	1.0	Unknown taxonomy (chromosome or plasmid)
barcode02_6Gb	contig_2358	21791	22391	dfrA17_diaminopyrimidine_antibiotic	36	600	600	1.0	Unknown taxonomy (chromosome or plasmid)
barcode02_6Gb	contig_2360	17609	18467	aadA_aminoglycoside_antibiotic	68	858	858	1.0	Unknown taxonomy (chromosome or plasmid)
barcode02_6Gb	contig_2360	18554	18902	qacEdelta1_disinfecting_agents_and_antiseptics	102	348	348	1.0	Unknown taxonomy (chromosome or plasmid)
barcode02_6Gb	contig_2360	18895	19735	sul1_sulfonamide_antibiotic	108	840	840	1.0	Unknown taxonomy (chromosome or plasmid)
barcode02_6Gb	contig_2360	23810	25049	Mrx_macrolide_antibiotic	165	1239	1239	1.0	Unknown taxonomy (chromosome or plasmid)
barcode02_6Gb	contig_2360	25045	25951	mphA_macrolide_antibiotic	172	906	906	1.0	Unknown taxonomy (chromosome or plasmid)
barcode02_6Gb	contig_2360	26927	27743	APH(3')-Ia_aminoglycoside_antibiotic	67	816	816	1.0	Unknown taxonomy (chromosome or plasmid)
barcode02_6Gb	contig_2364	20504	21320	APH(3')-Ia_aminoglycoside_antibiotic	25	816	816	1.0	Unknown taxonomy (chromosome or plasmid)
barcode02_6Gb	contig_2364	26721	27582	SHV-5_carbapenem;_cephalosporin;_penam	17	861	861	1.0	Unknown taxonomy (chromosome or plasmid)
barcode02_6Gb	contig_2365	4588	5779	tet(C)_tetracycline_antibiotic	47	1191	1191	1.0	Unknown taxonomy (chromosome or plasmid)
barcode02_6Gb	contig_2365	7070	7922	sul1_sulfonamide_antibiotic	8	852	852	1.0	Unknown taxonomy (chromosome or plasmid)
barcode02_6Gb	contig_2367	15083	15965	KPC-2_monobactam;_carbapenem;_cephalosporin;_penam	358	882	882	1.0	Unknown taxonomy (chromosome or plasmid)
barcode02_6Gb	contig_2388	9458	10649	tet(C)_tetracycline_antibiotic	44	1191	1191	1.0	Unknown taxonomy (chromosome or plasmid)
barcode02_6Gb	contig_2388	13451	14231	aadA2_aminoglycoside_antibiotic	34	780	780	1.0	Unknown taxonomy (chromosome or plasmid)
barcode02_6Gb	contig_2388	14394	14742	qacEdelta1_disinfecting_agents_and_antiseptics	59	348	348	1.0	Unknown taxonomy (chromosome or plasmid)
barcode02_6Gb	contig_2388	14735	15575	sul1_sulfonamide_antibiotic	69	840	840	1.0	Unknown taxonomy (chromosome or plasmid)
barcode02_6Gb	contig_2391	40616	41453	APH(6)-Id_aminoglycoside_antibiotic	48	837	837	1.0	Unknown taxonomy (chromosome or plasmid)
barcode02_6Gb	contig_2391	50724	51564	sul1_sulfonamide_antibiotic	97	840	840	1.0	Unknown taxonomy (chromosome or plasmid)
barcode02_6Gb	contig_2391	51557	51905	qacEdelta1_disinfecting_agents_and_antiseptics	88	348	348	1.0	Unknown taxonomy (chromosome or plasmid)
barcode02_6Gb	contig_2391	52030	52564	ANT(2'')-Ia_aminoglycoside_antibiotic	69	534	534	1.0	Unknown taxonomy (chromosome or plasmid)
barcode02_6Gb	contig_2391	52686	53550	GES-1_carbapenem;_cephalosporin;_penam	82	864	864	1.0	Unknown taxonomy (chromosome or plasmid)
barcode02_6Gb	contig_2391	56453	57314	AAC(3)-IId_aminoglycoside_antibiotic	21	861	861	1.0	Unknown taxonomy (chromosome or plasmid)
barcode02_6Gb	contig_2391	62285	63146	TEM-1_monobactam;_cephalosporin;_penam;_penem	20	861	861	1.0	Unknown taxonomy (chromosome or plasmid)
barcode02_6Gb	contig_2411	1785	2985	tet(A)_tetracycline_antibiotic	22	1200	1200	1.0	Unknown taxonomy (chromosome or plasmid)
barcode02_6Gb	contig_2412	2635	3535	VEB-3_monobactam;_cephalosporin	8	900	900	1.0	Unknown taxonomy (chromosome or plasmid)
barcode02_6Gb	contig_2412	6248	7088	sul1_sulfonamide_antibiotic	19	840	840	1.0	Unknown taxonomy (chromosome or plasmid)
barcode02_6Gb	contig_2412	7444	8290	aadA16_aminoglycoside_antibiotic	18	846	846	1.0	Unknown taxonomy (chromosome or plasmid)
barcode02_6Gb	contig_2412	8448	9081	catB3_phenicol_antibiotic	14	633	633	1.0	Unknown taxonomy (chromosome or plasmid)
barcode02_6Gb	contig_2412	10051	10606	AAC(6')-IIa_aminoglycoside_antibiotic	20	555	555	1.0	Unknown taxonomy (chromosome or plasmid)
barcode02_6Gb	contig_2416	346	1207	AAC(3)-IIe_aminoglycoside_antibiotic	7	861	861	1.0	Unknown taxonomy (chromosome or plasmid)
barcode02_6Gb	contig_2416	1694	2339	QnrB19_fluoroquinolone_antibiotic	38	645	645	1.0	Unknown taxonomy (chromosome or plasmid)
barcode02_6Gb	contig_2424	7783	8611	OXA-253_carbapenem;_penam	36	828	828	1.0	Acinetobacter baumannii (chromosome)
barcode02_6Gb	contig_2441	31080	31965	mphE_macrolide_antibiotic	19	885	885	1.0	Unknown taxonomy (chromosome or plasmid)
barcode02_6Gb	contig_2469	6911	7739	OXA-253_carbapenem;_penam	55	828	828	1.0	Acinetobacter baumannii (chromosome)
barcode02_6Gb	contig_2470	4317	4662	qacG_disinfecting_agents_and_antiseptics	19	345	345	1.0	Unknown taxonomy (chromosome or plasmid)
barcode02_6Gb	contig_2471	5786	6131	qacG_disinfecting_agents_and_antiseptics	19	345	345	1.0	Unknown taxonomy (chromosome or plasmid)
barcode02_6Gb	contig_2472	516	1344	OXA-253_carbapenem;_penam	46	828	828	1.0	Acinetobacter baumannii (chromosome)
barcode02_6Gb	contig_2474	93	1281	tet(39)_tetracycline_antibiotic	13	1188	1188	1.0	Unknown taxonomy (plasmid)
barcode02_6Gb	contig_2481	2575	3403	OXA-253_carbapenem;_penam	56	828	828	1.0	Acinetobacter baumannii (chromosome)
barcode02_6Gb	contig_2494	10722	11583	AAC(3)-IIe_aminoglycoside_antibiotic	20	861	861	1.0	Unknown taxonomy (chromosome or plasmid)
barcode02_6Gb	contig_2494	11724	12585	TEM-1_monobactam;_cephalosporin;_penam;_penem	18	861	861	1.0	Unknown taxonomy (chromosome or plasmid)
barcode02_6Gb	contig_2496	6356	6701	qacG_disinfecting_agents_and_antiseptics	18	345	345	1.0	Unknown taxonomy (chromosome or plasmid)
barcode02_6Gb	contig_2496	91938	92718	APH(3')-VIa_aminoglycoside_antibiotic	67	780	780	1.0	Unknown taxonomy (chromosome or plasmid)
barcode02_6Gb	contig_2522	34297	36223	tet(Q)_tetracycline_antibiotic	33	1926	1926	1.0	Unknown taxonomy (chromosome)
barcode02_6Gb	contig_2570	48944	49391	Klebsiella pneumoniae KpnF_macrolide_antibiotic;_aminoglycoside_antibiotic;_cephalosporin;_tetracycline_antibiotic;_peptide_antibiotic;_rifamycin_antibiotic;_disinfecting_agents_and_antiseptics	16	447	447	1.0	Enterobacter asburiae (no genomic info)
barcode02_6Gb	contig_2576	65	971	mphA_macrolide_antibiotic	83	906	906	1.0	Unknown taxonomy (chromosome or plasmid)
barcode02_6Gb	contig_2576	967	2206	Mrx_macrolide_antibiotic	76	1239	1239	1.0	Unknown taxonomy (chromosome or plasmid)
barcode02_6Gb	contig_2588	134432	137555	mdtB_aminocoumarin_antibiotic	18	3123	3123	1.0	
barcode02_6Gb	contig_2607	35800	36985	Escherichia coli EF-Tu mutants conferring resistance to Pulvomycin_elfamycin_antibiotic	23	1185	1185	1.0	Unknown taxonomy (chromosome)
barcode02_6Gb	contig_2607	56941	58126	Escherichia coli EF-Tu mutants conferring resistance to Pulvomycin_elfamycin_antibiotic	18	1185	1185	1.0	Unknown taxonomy (chromosome or plasmid)
barcode02_6Gb	contig_2617	1259	2633	cpxA_aminoglycoside_antibiotic;_aminocoumarin_antibiotic	57	1374	1374	1.0	Unknown taxonomy (chromosome or plasmid)
barcode02_6Gb	contig_2648	138574	139252	kdpE_aminoglycoside_antibiotic	30	678	678	1.0	Escherichia coli (chromosome or plasmid)
barcode02_6Gb	contig_2686	1691	2876	Escherichia coli EF-Tu mutants conferring resistance to Pulvomycin_elfamycin_antibiotic	41	1185	1185	1.0	Enterobacter (chromosome or plasmid)
barcode02_6Gb	contig_2727	217851	219084	Escherichia coli mdfA_tetracycline_antibiotic;_disinfecting_agents_and_antiseptics	10	1233	1233	1.0	
barcode02_6Gb	contig_2727	318025	319774	msbA_nitroimidazole_antibiotic	8	1749	1749	1.0	Enterobacter kobei (chromosome)
barcode02_6Gb	contig_2731	2896	3676	APH(3')-VIa_aminoglycoside_antibiotic	31	780	780	1.0	Unknown taxonomy (chromosome or plasmid)
barcode02_6Gb	contig_2740	15434	16427	vanH gene in vanA cluster_glycopeptide_antibiotic	4	993	993	1.0	
barcode02_6Gb	contig_2747	138260	139475	floR_phenicol_antibiotic	28	1215	1215	1.0	Unknown taxonomy (chromosome or plasmid)
barcode02_6Gb	contig_2747	141977	142793	sul2_sulfonamide_antibiotic	44	816	816	1.0	Unknown taxonomy (chromosome or plasmid)
barcode02_6Gb	contig_2752	8259	9063	APH(3'')-Ib_aminoglycoside_antibiotic	87	804	804	1.0	Unknown taxonomy (chromosome or plasmid)
barcode02_6Gb	contig_2752	9062	9899	APH(6)-Id_aminoglycoside_antibiotic	80	837	837	1.0	Unknown taxonomy (chromosome or plasmid)
barcode02_6Gb	contig_2752	12163	13639	msrE_macrolide_antibiotic;_streptogramin_antibiotic	121	1476	1476	1.0	Unknown taxonomy (chromosome or plasmid)
barcode02_6Gb	contig_2752	13694	14579	mphE_macrolide_antibiotic	113	885	885	1.0	Unknown taxonomy (chromosome or plasmid)
barcode02_6Gb	contig_2752	39088	39472	arr-3_rifamycin_antibiotic	33	384	384	1.0	Unknown taxonomy (chromosome or plasmid)
barcode02_6Gb	contig_2752	39649	40237	AAC(6')-Ib9_aminoglycoside_antibiotic	41	588	588	1.0	Unknown taxonomy (chromosome or plasmid)
barcode02_6Gb	contig_2752	40405	40753	qacEdelta1_disinfecting_agents_and_antiseptics	77	348	348	1.0	Unknown taxonomy (chromosome or plasmid)
barcode02_6Gb	contig_2752	40746	41586	sul1_sulfonamide_antibiotic	88	840	840	1.0	Unknown taxonomy (chromosome or plasmid)
barcode02_6Gb	contig_2753	908	2076	tet(X3)_glycylcycline;_tetracycline_antibiotic	5	1168	1168	1.0	Unknown taxonomy (chromosome or plasmid)
barcode02_6Gb	contig_2753	6160	7021	AAC(3)-IIe_aminoglycoside_antibiotic	6	861	861	1.0	Unknown taxonomy (chromosome or plasmid)
barcode02_6Gb	contig_2754	2166	3381	floR_phenicol_antibiotic	18	1215	1215	1.0	Unknown taxonomy (chromosome or plasmid)
barcode02_6Gb	contig_2754	10296	11181	mphE_macrolide_antibiotic	22	885	885	1.0	Unknown taxonomy (chromosome or plasmid)
barcode02_6Gb	contig_2754	11236	12712	msrE_macrolide_antibiotic;_streptogramin_antibiotic	27	1476	1476	1.0	Unknown taxonomy (chromosome or plasmid)
barcode02_6Gb	contig_2853	81793	83542	msbA_nitroimidazole_antibiotic	10	1749	1749	1.0	Enterobacter asburiae (chromosome)
barcode02_6Gb	contig_2901	25200	28377	adeF_fluoroquinolone_antibiotic;_tetracycline_antibiotic	29	3177	3177	1.0	Unknown taxonomy (chromosome)
barcode02_6Gb	contig_2902	53574	53901	qacG_disinfecting_agents_and_antiseptics	9	327	327	1.0	
barcode02_6Gb	contig_3020	7100	7535	Escherichia coli AcrAB-TolC with MarR mutations conferring resistance to ciprofloxacin and tetracycline_fluoroquinolone_antibiotic;_cephalosporin;_glycylcycline;_penam;_tetracycline_antibiotic;_rifamycin_antibiotic;_phenicol_antibiotic;_disinfecting_agents_and_antiseptics	7	435	435	1.0	
barcode02_6Gb	contig_3020	7555	7939	marA_fluoroquinolone_antibiotic;_monobactam;_carbapenem;_cephalosporin;_glycylcycline;_cephamycin;_penam;_tetracycline_antibiotic;_rifamycin_antibiotic;_phenicol_antibiotic;_penem;_disinfecting_agents_and_antiseptics	8	384	384	1.0	
barcode02_6Gb	contig_3048	10828	11629	ErmF_macrolide_antibiotic;_lincosamide_antibiotic;_streptogramin_antibiotic;_streptogramin_A_antibiotic;_streptogramin_B_antibiotic	23	801	801	1.0	Unknown taxonomy (chromosome or plasmid)
barcode02_6Gb	contig_3056	76128	76992	GES-5_carbapenem;_cephalosporin;_penam	20	864	864	1.0	Unknown taxonomy (chromosome or plasmid)
barcode02_6Gb	contig_3056	77131	77713	AAC(6')-IIc_aminoglycoside_antibiotic	15	582	582	1.0	Unknown taxonomy (chromosome or plasmid)
barcode02_6Gb	contig_3056	77957	78290	qacL_disinfecting_agents_and_antiseptics	19	333	333	1.0	Unknown taxonomy (chromosome or plasmid)
barcode02_6Gb	contig_3056	78774	79611	aadA7_aminoglycoside_antibiotic	11	837	837	1.0	Salmonella enterica (chromosome or plasmid)
barcode02_6Gb	contig_3108	25063	25741	kdpE_aminoglycoside_antibiotic	13	678	678	1.0	Citrobacter (chromosome)
barcode02_6Gb	contig_3123	35752	38917	adeF_fluoroquinolone_antibiotic;_tetracycline_antibiotic	33	3165	3165	1.0	Acinetobacter (chromosome or plasmid)
barcode02_6Gb	contig_3137	2396	3611	floR_phenicol_antibiotic	17	1215	1215	1.0	Unknown taxonomy (chromosome or plasmid)
barcode02_6Gb	contig_3232	427	1903	msrE_macrolide_antibiotic;_streptogramin_antibiotic	84	1476	1476	1.0	Unknown taxonomy (chromosome or plasmid)
barcode02_6Gb	contig_3232	1958	2843	mphE_macrolide_antibiotic	97	885	885	1.0	Unknown taxonomy (chromosome or plasmid)
barcode02_6Gb	contig_3305	18006	19158	MOX-13_cephalosporin;_cephamycin;_penam	81	1152	1152	1.0	Aeromonas caviae (chromosome or plasmid)
barcode02_6Gb	contig_3327	28647	29760	vanT gene in vanG cluster_glycopeptide_antibiotic	11	1113	1113	1.0	
barcode02_6Gb	contig_3385	28277	28532	rsmA_fluoroquinolone_antibiotic;_diaminopyrimidine_antibiotic;_phenicol_antibiotic	345	255	255	1.0	
barcode02_6Gb	contig_3491	8885	9710	OXA-644_carbapenem;_penam	311	825	825	1.0	Acinetobacter johnsonii (chromosome)
barcode02_6Gb	contig_3494	326277	329430	adeF_fluoroquinolone_antibiotic;_tetracycline_antibiotic	26	3153	3153	1.0	
barcode02_6Gb	contig_3494	397593	398157	lnuC_lincosamide_antibiotic	31	564	564	1.0	Unknown taxonomy (chromosome or plasmid)
barcode02_6Gb	contig_3494	1094121	1095324	vanT gene in vanG cluster_glycopeptide_antibiotic	20	1203	1203	1.0	
barcode02_6Gb	contig_3494	1164615	1166109	vanW gene in vanI cluster_glycopeptide_antibiotic	15	1494	1494	1.0	
barcode02_6Gb	contig_3520	1376	2261	mphE_macrolide_antibiotic	50	885	885	1.0	Unknown taxonomy (chromosome or plasmid)
barcode02_6Gb	contig_3520	2316	3792	msrE_macrolide_antibiotic;_streptogramin_antibiotic	78	1476	1476	1.0	Unknown taxonomy (chromosome or plasmid)
barcode02_6Gb	contig_3520	12019	12823	APH(3'')-Ib_aminoglycoside_antibiotic	48	804	804	1.0	Unknown taxonomy (chromosome or plasmid)
barcode02_6Gb	contig_3528	3291	4767	msrE_macrolide_antibiotic;_streptogramin_antibiotic	91	1476	1476	1.0	Unknown taxonomy (chromosome or plasmid)
barcode02_6Gb	contig_3528	4822	5707	mphE_macrolide_antibiotic	99	885	885	1.0	Unknown taxonomy (chromosome or plasmid)
barcode02_6Gb	contig_3529	17967	19443	msrE_macrolide_antibiotic;_streptogramin_antibiotic	126	1476	1476	1.0	Unknown taxonomy (chromosome or plasmid)
barcode02_6Gb	contig_3529	19498	20383	mphE_macrolide_antibiotic	118	885	885	1.0	Unknown taxonomy (chromosome or plasmid)
barcode02_6Gb	contig_3538	6720	7536	sul2_sulfonamide_antibiotic	50	816	816	1.0	Unknown taxonomy (chromosome or plasmid)
barcode02_6Gb	contig_3538	9909	10746	APH(6)-Id_aminoglycoside_antibiotic	13	837	837	1.0	Unknown taxonomy (chromosome or plasmid)
barcode02_6Gb	contig_3538	10745	11654	APH(3'')-Ib_aminoglycoside_antibiotic	10	909	909	1.0	Acinetobacter (chromosome or plasmid)
barcode02_6Gb	contig_3553	968	2207	Mrx_macrolide_antibiotic	136	1239	1239	1.0	Unknown taxonomy (chromosome or plasmid)
barcode02_6Gb	contig_3553	6282	7122	sul1_sulfonamide_antibiotic	79	840	840	1.0	Unknown taxonomy (chromosome or plasmid)
barcode02_6Gb	contig_3553	14098	14446	qacEdelta1_disinfecting_agents_and_antiseptics	37	348	348	1.0	Unknown taxonomy (chromosome or plasmid)
barcode02_6Gb	contig_3553	14668	15121	arr-3_rifamycin_antibiotic	40	453	453	1.0	Unknown taxonomy (chromosome or plasmid)
barcode02_6Gb	contig_3553	15205	15838	catB3_phenicol_antibiotic	46	633	633	1.0	Unknown taxonomy (chromosome or plasmid)
barcode02_6Gb	contig_3553	15975	16806	OXA-1_cephalosporin;_penam	51	831	831	1.0	Unknown taxonomy (chromosome or plasmid)
barcode02_6Gb	contig_3553	16936	17536	AAC(6')-Ib-cr6_fluoroquinolone_antibiotic;_aminoglycoside_antibiotic	45	600	600	1.0	Unknown taxonomy (chromosome or plasmid)
barcode02_6Gb	contig_3554	190	643	arr-3_rifamycin_antibiotic	5	453	453	1.0	Unknown taxonomy (chromosome or plasmid)
barcode02_6Gb	contig_3554	739	1339	AAC(6')-Ib-cr6_fluoroquinolone_antibiotic;_aminoglycoside_antibiotic	10	600	600	1.0	Unknown taxonomy (chromosome or plasmid)
barcode02_6Gb	contig_3555	654	1287	catB3_phenicol_antibiotic	12	633	633	1.0	Unknown taxonomy (chromosome or plasmid)
barcode02_6Gb	contig_3555	2418	3018	AAC(6')-Ib-cr6_fluoroquinolone_antibiotic;_aminoglycoside_antibiotic	13	600	600	1.0	Unknown taxonomy (chromosome or plasmid)
barcode02_6Gb	contig_3563	26114	27590	msrE_macrolide_antibiotic;_streptogramin_antibiotic	44	1476	1476	1.0	Unknown taxonomy (chromosome or plasmid)
barcode02_6Gb	contig_3563	27645	28530	mphE_macrolide_antibiotic	44	885	885	1.0	Unknown taxonomy (chromosome or plasmid)
barcode02_6Gb	contig_3563	30403	31432	tet(C)_tetracycline_antibiotic	32	1029	1029	1.0	Unknown taxonomy (chromosome or plasmid)
barcode02_6Gb	contig_3564	5334	6171	APH(6)-Id_aminoglycoside_antibiotic	51	837	837	1.0	Unknown taxonomy (chromosome or plasmid)
barcode02_6Gb	contig_3564	6170	7112	APH(3'')-Ib_aminoglycoside_antibiotic	41	942	942	1.0	Pseudomonas aeruginosa (chromosome or plasmid)
barcode02_6Gb	contig_3564	7307	8102	APH(3'')-Ib_aminoglycoside_antibiotic	17	795	795	1.0	Unknown taxonomy (chromosome or plasmid)
barcode02_6Gb	contig_3564	9543	10053	dfrA8_diaminopyrimidine_antibiotic	15	510	510	1.0	Unknown taxonomy (chromosome or plasmid)
barcode02_6Gb	contig_3564	15615	16542	PER-12_monobactam;_carbapenem;_cephalosporin;_penam;_penem	14	927	927	1.0	Unknown taxonomy (chromosome or plasmid)
barcode02_6Gb	contig_3567	16519	17119	AAC(6')-Ib-cr6_fluoroquinolone_antibiotic;_aminoglycoside_antibiotic	33	600	600	1.0	Unknown taxonomy (chromosome or plasmid)
barcode02_6Gb	contig_3567	17249	18080	OXA-1_cephalosporin;_penam	37	831	831	1.0	Unknown taxonomy (chromosome or plasmid)
barcode02_6Gb	contig_3567	18323	18671	qacEdelta1_disinfecting_agents_and_antiseptics	66	348	348	1.0	Unknown taxonomy (chromosome or plasmid)
barcode02_6Gb	contig_3567	18664	19504	sul1_sulfonamide_antibiotic	76	840	840	1.0	Unknown taxonomy (chromosome or plasmid)
barcode02_6Gb	contig_3572	370	1270	VEB-9_monobactam;_cephalosporin	8	900	900	1.0	Unknown taxonomy (chromosome or plasmid)
barcode02_6Gb	contig_3585	1350	1698	qacEdelta1_disinfecting_agents_and_antiseptics	7	348	348	1.0	Unknown taxonomy (chromosome or plasmid)
barcode02_6Gb	contig_3585	1861	2578	aadA7_aminoglycoside_antibiotic	11	717	717	1.0	Unknown taxonomy (chromosome or plasmid)
barcode02_6Gb	contig_3593	1953	2793	sul1_sulfonamide_antibiotic	69	840	840	1.0	Unknown taxonomy (chromosome or plasmid)
barcode02_6Gb	contig_3593	2786	3134	qacEdelta1_disinfecting_agents_and_antiseptics	57	348	348	1.0	Unknown taxonomy (chromosome or plasmid)
barcode02_6Gb	contig_3593	4621	5155	ANT(2'')-Ia_aminoglycoside_antibiotic	25	534	534	1.0	Unknown taxonomy (chromosome or plasmid)
barcode02_6Gb	contig_3593	8022	8532	dfrA8_diaminopyrimidine_antibiotic	11	510	510	1.0	Unknown taxonomy (chromosome or plasmid)
barcode02_6Gb	contig_3593	15159	15819	catA1_phenicol_antibiotic	12	660	660	1.0	Unknown taxonomy (chromosome or plasmid)
barcode02_6Gb	contig_3595	16	808	aadA3_aminoglycoside_antibiotic	13	792	792	1.0	Unknown taxonomy (chromosome or plasmid)
barcode02_6Gb	contig_3595	900	2160	cmlA4_phenicol_antibiotic	6	1260	1260	1.0	Unknown taxonomy (chromosome or plasmid)
barcode02_6Gb	contig_3597	114	942	OXA-2_carbapenem;_cephalosporin;_penam	18	828	828	1.0	Unknown taxonomy (chromosome or plasmid)
barcode02_6Gb	contig_3597	1899	2727	OXA-2_carbapenem;_cephalosporin;_penam	19	828	828	1.0	Unknown taxonomy (chromosome or plasmid)
barcode02_6Gb	contig_3600	11631	12255	tetR_tetracycline_antibiotic	30	624	624	1.0	Unknown taxonomy (chromosome or plasmid)
barcode02_6Gb	contig_3600	12336	13542	tet(B)_tetracycline_antibiotic	32	1206	1206	1.0	Unknown taxonomy (chromosome or plasmid)
barcode02_6Gb	contig_3640	1560	2364	APH(3'')-Ib_aminoglycoside_antibiotic	42	804	804	1.0	Unknown taxonomy (chromosome or plasmid)
barcode02_6Gb	contig_3640	2363	3200	APH(6)-Id_aminoglycoside_antibiotic	42	837	837	1.0	Unknown taxonomy (chromosome or plasmid)
barcode02_6Gb	contig_3691	23430	23961	emrR_fluoroquinolone_antibiotic	32	531	531	1.0	Unknown taxonomy (chromosome or plasmid)
barcode02_6Gb	contig_3691	24087	25260	emrA_fluoroquinolone_antibiotic	28	1173	1173	1.0	Unknown taxonomy (chromosome or plasmid)
barcode02_6Gb	contig_3691	25276	26815	emrB_fluoroquinolone_antibiotic	30	1539	1539	1.0	Unknown taxonomy (chromosome or plasmid)
barcode02_6Gb	contig_3691	31621	31807	rsmA_fluoroquinolone_antibiotic;_diaminopyrimidine_antibiotic;_phenicol_antibiotic	38	186	186	1.0	Unknown taxonomy (chromosome or plasmid)
barcode02_6Gb	contig_3691	481606	483095	TolC_macrolide_antibiotic;_fluoroquinolone_antibiotic;_aminoglycoside_antibiotic;_carbapenem;_cephalosporin;_glycylcycline;_cephamycin;_penam;_tetracycline_antibiotic;_peptide_antibiotic;_aminocoumarin_antibiotic;_rifamycin_antibiotic;_phenicol_antibiotic;_penem;_disinfecting_agents_and_antiseptics	37	1489	1489	1.0	Unknown taxonomy (chromosome or plasmid)
barcode02_6Gb	contig_3691	505500	506322	bacA_peptide_antibiotic	36	822	822	1.0	Unknown taxonomy (chromosome or plasmid)
barcode02_6Gb	contig_3822	20137	21454	Acinetobacter baumannii AbaQ_fluoroquinolone_antibiotic	16	1317	1317	1.0	
barcode02_6Gb	contig_3861	6038	6878	sul1_sulfonamide_antibiotic	13	840	840	1.0	Unknown taxonomy (chromosome or plasmid)
barcode02_6Gb	contig_3878	608	1451	tet(M)_tetracycline_antibiotic	11	843	843	1.0	Unknown taxonomy (chromosome or plasmid)
barcode02_6Gb	contig_3878	1429	2293	tet(M)_tetracycline_antibiotic	11	864	864	1.0	Unknown taxonomy (chromosome or plasmid)
barcode02_6Gb	contig_3911	6528	6993	AAC(3)-Ia_aminoglycoside_antibiotic	8	465	465	1.0	Unknown taxonomy (chromosome or plasmid)
barcode02_6Gb	contig_3983	3057	3537	qacJ_disinfecting_agents_and_antiseptics	11	480	480	1.0	Unknown taxonomy (chromosome or plasmid)
barcode02_6Gb	contig_3983	7249	8062	NDM-1_carbapenem;_cephalosporin;_cephamycin;_penam	7	813	813	1.0	Unknown taxonomy (chromosome or plasmid)
barcode02_6Gb	contig_3984	961	1522	dfrA23_diaminopyrimidine_antibiotic	5	561	561	1.0	Unknown taxonomy (chromosome or plasmid)
barcode02_6Gb	contig_3985	6472	7312	sul1_sulfonamide_antibiotic	47	840	840	1.0	Unknown taxonomy (chromosome or plasmid)
barcode02_6Gb	contig_3985	7305	7653	qacEdelta1_disinfecting_agents_and_antiseptics	46	348	348	1.0	Unknown taxonomy (chromosome or plasmid)
barcode02_6Gb	contig_3985	7875	8328	arr-3_rifamycin_antibiotic	44	453	453	1.0	Unknown taxonomy (chromosome or plasmid)
barcode02_6Gb	contig_3985	8412	9045	catB3_phenicol_antibiotic	51	633	633	1.0	Unknown taxonomy (chromosome or plasmid)
barcode02_6Gb	contig_3985	9182	10013	OXA-1_cephalosporin;_penam	55	831	831	1.0	Unknown taxonomy (chromosome or plasmid)
barcode02_6Gb	contig_3985	10143	10743	AAC(6')-Ib-cr6_fluoroquinolone_antibiotic;_aminoglycoside_antibiotic	52	600	600	1.0	Unknown taxonomy (chromosome or plasmid)
barcode02_6Gb	contig_3988	248	1064	sul2_sulfonamide_antibiotic	51	816	816	1.0	Unknown taxonomy (chromosome or plasmid)
barcode02_6Gb	contig_3999	8221	9613	Escherichia coli UhpT with mutation conferring resistance to fosfomycin_phosphonic_acid_antibiotic	12	1392	1392	1.0	Citrobacter freundii (chromosome or plasmid)
barcode02_6Gb	contig_4094	10517	11174	QnrVC1_fluoroquinolone_antibiotic	43	657	657	1.0	Unknown taxonomy (chromosome or plasmid)
barcode02_6Gb	contig_4094	11332	11806	dfrA6_diaminopyrimidine_antibiotic	39	474	474	1.0	Unknown taxonomy (chromosome or plasmid)
barcode02_6Gb	contig_4121	3835	4495	catA1_phenicol_antibiotic	7	660	660	1.0	Unknown taxonomy (chromosome or plasmid)
barcode02_6Gb	contig_4197	6841	7558	tet(W)_tetracycline_antibiotic	14	717	717	1.0	Unknown taxonomy (chromosome)
barcode02_6Gb	contig_4197	7521	8760	tet(W)_tetracycline_antibiotic	18	1239	1239	1.0	Unknown taxonomy (chromosome or plasmid)
barcode02_6Gb	contig_4277	577998	580491	vanT gene in vanG cluster_glycopeptide_antibiotic	14	2493	2493	1.0	
barcode02_6Gb	contig_4285	44776	47128	vanT gene in vanG cluster_glycopeptide_antibiotic	14	2352	2352	1.0	
barcode02_6Gb	contig_4387	6949	7672	baeR_aminoglycoside_antibiotic;_aminocoumarin_antibiotic	9	723	723	1.0	Citrobacter freundii (chromosome)
barcode02_6Gb	contig_4398	13795	15013	tet(E)_tetracycline_antibiotic	9	1218	1218	1.0	Aeromonas veronii (chromosome)
barcode02_6Gb	contig_4465	4268	5084	sul2_sulfonamide_antibiotic	36	816	816	1.0	Unknown taxonomy (chromosome or plasmid)
barcode02_6Gb	contig_4471	5086	5875	ANT(3'')-IIa_aminoglycoside_antibiotic	21	789	789	1.0	Acinetobacter (chromosome or plasmid)
barcode02_6Gb	contig_4513	73378	74200	bacA_peptide_antibiotic	17	822	822	1.0	
barcode02_6Gb	contig_456	168989	170444	adeK_macrolide_antibiotic;_fluoroquinolone_antibiotic;_lincosamide_antibiotic;_carbapenem;_cephalosporin;_tetracycline_antibiotic;_rifamycin_antibiotic;_diaminopyrimidine_antibiotic;_phenicol_antibiotic;_penem	55	1455	1455	1.0	Acinetobacter baumannii (chromosome or plasmid)
barcode02_6Gb	contig_456	170443	173620	adeJ_macrolide_antibiotic;_fluoroquinolone_antibiotic;_lincosamide_antibiotic;_carbapenem;_cephalosporin;_tetracycline_antibiotic;_rifamycin_antibiotic;_diaminopyrimidine_antibiotic;_phenicol_antibiotic;_penem	55	3177	3177	1.0	Acinetobacter baumannii (chromosome or plasmid)
barcode02_6Gb	contig_456	173632	174883	adeI_macrolide_antibiotic;_fluoroquinolone_antibiotic;_lincosamide_antibiotic;_carbapenem;_cephalosporin;_tetracycline_antibiotic;_rifamycin_antibiotic;_diaminopyrimidine_antibiotic;_phenicol_antibiotic;_penem	56	1251	1251	1.0	Acinetobacter baumannii (chromosome or plasmid)
barcode02_6Gb	contig_4579	53652	53985	qacG_disinfecting_agents_and_antiseptics	15	333	333	1.0	
barcode02_6Gb	contig_4597	804979	806089	vanT gene in vanG cluster_glycopeptide_antibiotic	50	1110	1110	1.0	
barcode02_6Gb	contig_4609	18188	19448	EreB_macrolide_antibiotic	29	1260	1260	1.0	
barcode02_6Gb	contig_462	186634	187516	vanW gene in vanG cluster_glycopeptide_antibiotic	430	882	882	1.0	Acinetobacter johnsonii (chromosome)
barcode02_6Gb	contig_4674	137021	138536	aadT_macrolide_antibiotic;_tetracycline_antibiotic;_disinfecting_agents_and_antiseptics	18	1515	1515	1.0	
barcode02_6Gb	contig_4813	1418624	1420001	vanW gene in vanI cluster_glycopeptide_antibiotic	11	1377	1377	1.0	
barcode02_6Gb	contig_4814	504473	505586	vanT gene in vanG cluster_glycopeptide_antibiotic	10	1113	1113	1.0	
barcode02_6Gb	contig_4834	23603	25379	tet(W)_tetracycline_antibiotic	23	1776	1776	1.0	Unknown taxonomy (chromosome or plasmid)
barcode02_6Gb	contig_4899	134122	137269	acrB_fluoroquinolone_antibiotic;_cephalosporin;_glycylcycline;_penam;_tetracycline_antibiotic;_rifamycin_antibiotic;_phenicol_antibiotic;_disinfecting_agents_and_antiseptics	15	3147	3147	1.0	Unknown taxonomy (chromosome)
barcode02_6Gb	contig_4899	137291	138485	Enterobacter cloacae acrA_fluoroquinolone_antibiotic;_cephalosporin;_glycylcycline;_penam;_tetracycline_antibiotic;_rifamycin_antibiotic;_phenicol_antibiotic;_disinfecting_agents_and_antiseptics	14	1194	1194	1.0	Enterobacter (chromosome)
barcode02_6Gb	contig_4899	264318	264693	ramA_fluoroquinolone_antibiotic;_monobactam;_carbapenem;_cephalosporin;_glycylcycline;_cephamycin;_penam;_tetracycline_antibiotic;_rifamycin_antibiotic;_phenicol_antibiotic;_penem;_disinfecting_agents_and_antiseptics	22	375	375	1.0	Enterobacter kobei (no genomic info)
barcode02_6Gb	contig_4957	816334	819526	adeF_fluoroquinolone_antibiotic;_tetracycline_antibiotic	55	3192	3192	1.0	
barcode02_6Gb	contig_497	6990	8175	Escherichia coli EF-Tu mutants conferring resistance to Pulvomycin_elfamycin_antibiotic	44	1185	1185	1.0	Enterobacter (chromosome or plasmid)
barcode02_6Gb	contig_502	928	1753	OXA-644_carbapenem;_penam	415	825	825	1.0	Acinetobacter johnsonii (chromosome)
barcode02_6Gb	contig_5025	1448	2276	OXA-253_carbapenem;_penam	25	828	828	1.0	Acinetobacter baumannii (chromosome)
barcode02_6Gb	contig_5026	717	2193	msrE_macrolide_antibiotic;_streptogramin_antibiotic	99	1476	1476	1.0	Unknown taxonomy (chromosome or plasmid)
barcode02_6Gb	contig_5026	2248	3133	mphE_macrolide_antibiotic	118	885	885	1.0	Unknown taxonomy (chromosome or plasmid)
barcode02_6Gb	contig_5124	140581	143737	adeF_fluoroquinolone_antibiotic;_tetracycline_antibiotic	19	3156	3156	1.0	
barcode02_6Gb	contig_5127	370745	371945	tet(A)_tetracycline_antibiotic	30	1200	1200	1.0	Unknown taxonomy (chromosome or plasmid)
barcode02_6Gb	contig_5127	373022	373859	APH(6)-Id_aminoglycoside_antibiotic	24	837	837	1.0	Unknown taxonomy (chromosome or plasmid)
barcode02_6Gb	contig_5127	374722	375538	sul2_sulfonamide_antibiotic	41	816	816	1.0	Unknown taxonomy (chromosome or plasmid)
barcode02_6Gb	contig_5127	984224	984560	qacG_disinfecting_agents_and_antiseptics	13	336	336	1.0	
barcode02_6Gb	contig_5132	52747	53311	lnuC_lincosamide_antibiotic	25	564	564	1.0	Unknown taxonomy (chromosome or plasmid)
barcode02_6Gb	contig_523	11710	12898	tet(39)_tetracycline_antibiotic	40	1188	1188	1.0	Unknown taxonomy (plasmid)
barcode02_6Gb	contig_530	1189	2395	tet(B)_tetracycline_antibiotic	23	1206	1206	1.0	Unknown taxonomy (chromosome or plasmid)
barcode02_6Gb	contig_530	2476	3100	tetR_tetracycline_antibiotic	28	624	624	1.0	Unknown taxonomy (chromosome or plasmid)
barcode02_6Gb	contig_530	11953	12880	PER-2_monobactam;_carbapenem;_cephalosporin;_penam;_penem	26	927	927	1.0	Unknown taxonomy (plasmid)
barcode02_6Gb	contig_532	5372	5825	arr-3_rifamycin_antibiotic	33	453	453	1.0	Unknown taxonomy (chromosome or plasmid)
barcode02_6Gb	contig_532	5897	6518	AAC(6')-Ib9_aminoglycoside_antibiotic	41	621	621	1.0	Unknown taxonomy (chromosome or plasmid)
barcode02_6Gb	contig_532	6686	7034	qacEdelta1_disinfecting_agents_and_antiseptics	71	348	348	1.0	Unknown taxonomy (chromosome or plasmid)
barcode02_6Gb	contig_532	7027	7867	sul1_sulfonamide_antibiotic	76	840	840	1.0	Unknown taxonomy (chromosome or plasmid)
barcode02_6Gb	contig_5340	3066	3699	AAC(6')-Ib9_aminoglycoside_antibiotic	17	633	633	1.0	Unknown taxonomy (chromosome or plasmid)
barcode02_6Gb	contig_5340	3974	4631	QnrVC4_fluoroquinolone_antibiotic	18	657	657	1.0	Unknown taxonomy (chromosome or plasmid)
barcode02_6Gb	contig_5340	4713	5352	AAC(6')-Ib8_aminoglycoside_antibiotic	13	639	639	1.0	Unknown taxonomy (chromosome or plasmid)
barcode02_6Gb	contig_5340	6107	6842	catB3_phenicol_antibiotic	2	735	735	1.0	Unknown taxonomy (chromosome or plasmid)
barcode02_6Gb	contig_541	787	1624	APH(6)-Id_aminoglycoside_antibiotic	32	837	837	1.0	Unknown taxonomy (chromosome or plasmid)
barcode02_6Gb	contig_541	1623	2427	APH(3'')-Ib_aminoglycoside_antibiotic	33	804	804	1.0	Unknown taxonomy (chromosome or plasmid)
barcode02_6Gb	contig_542	1219531	1220689	vanT gene in vanG cluster_glycopeptide_antibiotic	44	1158	1158	1.0	
barcode02_6Gb	contig_542	1802103	1803090	vanH gene in vanO cluster_glycopeptide_antibiotic	32	987	987	1.0	
barcode02_6Gb	contig_5446	29104	31030	tet(Q)_tetracycline_antibiotic	10	1926	1926	1.0	Unknown taxonomy (chromosome)
barcode02_6Gb	contig_5446	31827	32904	tet(X4)_glycylcycline;_tetracycline_antibiotic	10	1077	1077	1.0	Unknown taxonomy (chromosome or plasmid)
barcode02_6Gb	contig_5446	33115	33916	ErmF_macrolide_antibiotic;_lincosamide_antibiotic;_streptogramin_antibiotic;_streptogramin_A_antibiotic;_streptogramin_B_antibiotic	23	801	801	1.0	Unknown taxonomy (chromosome or plasmid)
barcode02_6Gb	contig_5462	79005	79419	H-NS_macrolide_antibiotic;_fluoroquinolone_antibiotic;_cephalosporin;_cephamycin;_penam;_tetracycline_antibiotic	23	414	414	1.0	Unknown taxonomy (chromosome or plasmid)
barcode02_6Gb	contig_5462	231068	232277	mdtH_fluoroquinolone_antibiotic	12	1209	1209	1.0	Unknown taxonomy (chromosome or plasmid)
barcode02_6Gb	contig_5462	240907	242134	mdtG_phosphonic_acid_antibiotic	26	1227	1227	1.0	Unknown taxonomy (chromosome or plasmid)
barcode02_6Gb	contig_5498	11282	12173	CblA-1_cephalosporin	3	891	891	1.0	Phocaeicola dorei (no genomic info)
barcode02_6Gb	contig_5504	44885	45548	AcrS_fluoroquinolone_antibiotic;_cephalosporin;_glycylcycline;_cephamycin;_penam;_tetracycline_antibiotic;_rifamycin_antibiotic;_phenicol_antibiotic;_disinfecting_agents_and_antiseptics	36	663	663	1.0	Unknown taxonomy (chromosome or plasmid)
barcode02_6Gb	contig_5504	45946	47104	AcrE_fluoroquinolone_antibiotic;_cephalosporin;_cephamycin;_penam	34	1158	1158	1.0	Unknown taxonomy (chromosome or plasmid)
barcode02_6Gb	contig_5504	47115	50220	AcrF_fluoroquinolone_antibiotic;_cephalosporin;_cephamycin;_penam	34	3105	3105	1.0	Escherichia coli (chromosome or plasmid)
barcode02_6Gb	contig_5553	17014	17728	vanY gene in vanF cluster_glycopeptide_antibiotic	5	714	714	1.0	
barcode02_6Gb	contig_5553	17724	18549	vanY gene in vanF cluster_glycopeptide_antibiotic	4	825	825	1.0	
barcode02_6Gb	contig_5618	36205	38173	adeF_fluoroquinolone_antibiotic;_tetracycline_antibiotic	6	1968	1968	1.0	
barcode02_6Gb	contig_5742	5872	6754	KPC-2_monobactam;_carbapenem;_cephalosporin;_penam	53	882	882	1.0	Unknown taxonomy (chromosome or plasmid)
barcode02_6Gb	contig_5767	116874	118623	msbA_nitroimidazole_antibiotic	30	1749	1749	1.0	Escherichia coli (chromosome)
barcode02_6Gb	contig_5773	64337	65570	Escherichia coli mdfA_tetracycline_antibiotic;_disinfecting_agents_and_antiseptics	20	1233	1233	1.0	Unknown taxonomy (chromosome or plasmid)
barcode02_6Gb	contig_5793	5786	6443	QnrVC1_fluoroquinolone_antibiotic	27	657	657	1.0	Unknown taxonomy (chromosome or plasmid)
barcode02_6Gb	contig_5793	12088	12547	AAC(6')-Il_aminoglycoside_antibiotic	61	459	459	1.0	Unknown taxonomy (chromosome or plasmid)
barcode02_6Gb	contig_5793	12620	13484	GES-1_carbapenem;_cephalosporin;_penam	54	864	864	1.0	Unknown taxonomy (chromosome or plasmid)
barcode02_6Gb	contig_589	135603	136788	Mef(En2)_macrolide_antibiotic;_lincosamide_antibiotic	21	1185	1185	1.0	Unknown taxonomy (chromosome)
barcode02_6Gb	contig_5890	23077	23719	ramA_fluoroquinolone_antibiotic;_monobactam;_carbapenem;_cephalosporin;_glycylcycline;_cephamycin;_penam;_tetracycline_antibiotic;_rifamycin_antibiotic;_phenicol_antibiotic;_penem;_disinfecting_agents_and_antiseptics	23	642	642	1.0	Enterobacter asburiae (chromosome)
barcode02_6Gb	contig_5926	102051	103695	YojI_peptide_antibiotic	28	1644	1644	1.0	Escherichia coli (chromosome or plasmid)
barcode02_6Gb	contig_5926	145852	147211	Escherichia coli GlpT with mutation conferring resistance to fosfomycin_phosphonic_acid_antibiotic	20	1359	1359	1.0	Unknown taxonomy (chromosome or plasmid)
barcode02_6Gb	contig_5926	157849	158818	PmrF_peptide_antibiotic	29	969	969	1.0	Unknown taxonomy (chromosome or plasmid)
barcode02_6Gb	contig_5926	161686	163339	ArnT_peptide_antibiotic	31	1653	1653	1.0	Unknown taxonomy (chromosome or plasmid)
barcode02_6Gb	contig_5955	6060	7245	Escherichia coli EF-Tu mutants conferring resistance to Pulvomycin_elfamycin_antibiotic	18	1185	1185	1.0	Klebsiella michiganensis (chromosome or plasmid)
barcode02_6Gb	contig_5957	21426	22611	Escherichia coli EF-Tu mutants conferring resistance to Pulvomycin_elfamycin_antibiotic	25	1185	1185	1.0	Unknown taxonomy (chromosome or plasmid)
barcode02_6Gb	contig_5958	6303	7488	Escherichia coli EF-Tu mutants conferring resistance to Pulvomycin_elfamycin_antibiotic	18	1185	1185	1.0	Unknown taxonomy (chromosome or plasmid)
barcode02_6Gb	contig_5972	109	1222	vanT gene in vanG cluster_glycopeptide_antibiotic	13	1113	1113	1.0	
barcode02_6Gb	contig_6004	3811	4978	ugd_peptide_antibiotic	14	1167	1167	1.0	Escherichia coli (chromosome or plasmid)
barcode02_6Gb	contig_6005	44044	44767	baeR_aminoglycoside_antibiotic;_aminocoumarin_antibiotic	20	723	723	1.0	Unknown taxonomy (chromosome or plasmid)
barcode02_6Gb	contig_6005	47580	50658	mdtC_aminocoumarin_antibiotic	32	3078	3078	1.0	Unknown taxonomy (chromosome or plasmid)
barcode02_6Gb	contig_6005	53781	55029	mdtA_aminocoumarin_antibiotic	29	1248	1248	1.0	Unknown taxonomy (chromosome or plasmid)
barcode02_6Gb	contig_6005	104395	105562	ugd_peptide_antibiotic	20	1167	1167	1.0	Escherichia coli (chromosome or plasmid)
barcode02_6Gb	contig_6011	32602	33994	Escherichia coli UhpT with mutation conferring resistance to fosfomycin_phosphonic_acid_antibiotic	7	1392	1392	1.0	Enterobacter kobei (chromosome or plasmid)
barcode02_6Gb	contig_6055	36573	37461	vanW gene in vanG cluster_glycopeptide_antibiotic	11	888	888	1.0	
barcode02_6Gb	contig_6066	35	935	VEB-1_monobactam;_cephalosporin	10	900	900	1.0	Unknown taxonomy (chromosome or plasmid)
barcode02_6Gb	contig_6066	1079	1613	ANT(2'')-Ia_aminoglycoside_antibiotic	18	534	534	1.0	Unknown taxonomy (chromosome or plasmid)
barcode02_6Gb	contig_6090	38703	38958	rsmA_fluoroquinolone_antibiotic;_diaminopyrimidine_antibiotic;_phenicol_antibiotic	20	255	255	1.0	
barcode02_6Gb	contig_6100	11016	12936	tet(W)_tetracycline_antibiotic	15	1920	1920	1.0	Bifidobacterium longum (chromosome or plasmid)
barcode02_6Gb	contig_6201	14787	16005	tet(E)_tetracycline_antibiotic	6	1218	1218	1.0	Aeromonas (chromosome)
barcode02_6Gb	contig_6248	6123	7308	Escherichia coli EF-Tu mutants conferring resistance to Pulvomycin_elfamycin_antibiotic	15	1185	1185	1.0	Unknown taxonomy (chromosome or plasmid)
barcode02_6Gb	contig_6248	22367	23000	CRP_macrolide_antibiotic;_fluoroquinolone_antibiotic;_penam	8	633	633	1.0	Klebsiella (chromosome)
barcode02_6Gb	contig_6284	2090	2747	QnrVC1_fluoroquinolone_antibiotic	16	657	657	1.0	Unknown taxonomy (chromosome or plasmid)
barcode02_6Gb	contig_6308	1602	2862	EreB_macrolide_antibiotic	15	1260	1260	1.0	
barcode02_6Gb	contig_6315	4918	5392	dfrA1_diaminopyrimidine_antibiotic	17	474	474	1.0	Unknown taxonomy (chromosome or plasmid)
barcode02_6Gb	contig_6315	5496	6276	aadA_aminoglycoside_antibiotic	20	780	780	1.0	Unknown taxonomy (chromosome or plasmid)
barcode02_6Gb	contig_6315	6439	6787	qacEdelta1_disinfecting_agents_and_antiseptics	13	348	348	1.0	Unknown taxonomy (chromosome or plasmid)
barcode02_6Gb	contig_6315	8031	8847	sul2_sulfonamide_antibiotic	27	816	816	1.0	Unknown taxonomy (chromosome or plasmid)
barcode02_6Gb	contig_6315	14952	15609	QnrS1_fluoroquinolone_antibiotic	46	657	657	1.0	Unknown taxonomy (chromosome or plasmid)
barcode02_6Gb	contig_6315	20249	21125	CTX-M-15_cephalosporin;_penam	27	876	876	1.0	Unknown taxonomy (chromosome or plasmid)
barcode02_6Gb	contig_6317	14688	15345	QnrS1_fluoroquinolone_antibiotic	44	657	657	1.0	Unknown taxonomy (chromosome or plasmid)
barcode02_6Gb	contig_6339	17366	17699	qacJ_disinfecting_agents_and_antiseptics	2	333	333	1.0	
barcode02_6Gb	contig_6349	952	1792	sul1_sulfonamide_antibiotic	27	840	840	1.0	Unknown taxonomy (chromosome or plasmid)
barcode02_6Gb	contig_6349	1785	2133	qacEdelta1_disinfecting_agents_and_antiseptics	29	348	348	1.0	Unknown taxonomy (chromosome or plasmid)
barcode02_6Gb	contig_6349	2354	3218	GES-1_carbapenem;_cephalosporin;_penam	25	864	864	1.0	Unknown taxonomy (chromosome or plasmid)
barcode02_6Gb	contig_6349	3767	4157	qacL_disinfecting_agents_and_antiseptics	27	390	390	1.0	Unknown taxonomy (chromosome or plasmid)
barcode02_6Gb	contig_6349	5323	5782	AAC(6')-Il_aminoglycoside_antibiotic	19	459	459	1.0	Unknown taxonomy (chromosome or plasmid)
barcode02_6Gb	contig_6407	3786	4041	rsmA_fluoroquinolone_antibiotic;_diaminopyrimidine_antibiotic;_phenicol_antibiotic	8	255	255	1.0	
barcode02_6Gb	contig_6446	18423	18681	qacJ_disinfecting_agents_and_antiseptics	2	258	258	1.0	
barcode02_6Gb	contig_6494	10108	10363	rsmA_fluoroquinolone_antibiotic;_diaminopyrimidine_antibiotic;_phenicol_antibiotic	11	255	255	1.0	
barcode02_6Gb	contig_6543	47563	47818	rsmA_fluoroquinolone_antibiotic;_diaminopyrimidine_antibiotic;_phenicol_antibiotic	16	255	255	1.0	
barcode02_6Gb	contig_6546	39945	40734	ANT(3'')-IIa_aminoglycoside_antibiotic	77	789	789	1.0	Acinetobacter baumannii (chromosome or plasmid)
barcode02_6Gb	contig_6547	508622	509117	lnuC_lincosamide_antibiotic	40	495	495	1.0	Unknown taxonomy (chromosome or plasmid)
barcode02_6Gb	contig_6655	12526	12871	qacG_disinfecting_agents_and_antiseptics	6	345	345	1.0	
barcode02_6Gb	contig_6667	5427	6576	vanT gene in vanG cluster_glycopeptide_antibiotic	6	1149	1149	1.0	
barcode02_6Gb	contig_6755	115	910	APH(3')-IIIa_aminoglycoside_antibiotic	11	795	795	1.0	Unknown taxonomy (chromosome or plasmid)
barcode02_6Gb	contig_6780	19784	20120	qacG_disinfecting_agents_and_antiseptics	5	336	336	1.0	
barcode02_6Gb	contig_6787	7505	8588	vanW gene in vanI cluster_glycopeptide_antibiotic	4	1083	1083	1.0	
barcode02_6Gb	contig_6797	1462	2326	GES-1_carbapenem;_cephalosporin;_penam	21	864	864	1.0	Unknown taxonomy (chromosome or plasmid)
barcode02_6Gb	contig_6797	2367	3018	AAC(6')-Ib9_aminoglycoside_antibiotic	18	651	651	1.0	Unknown taxonomy (chromosome or plasmid)
barcode02_6Gb	contig_6856	5381	6566	Escherichia coli EF-Tu mutants conferring resistance to Pulvomycin_elfamycin_antibiotic	23	1185	1185	1.0	Citrobacter (chromosome or plasmid)
barcode02_6Gb	contig_6856	24923	25556	CRP_macrolide_antibiotic;_fluoroquinolone_antibiotic;_penam	10	633	633	1.0	Citrobacter (chromosome)
barcode02_6Gb	contig_6866	5777	6470	tet(O)_tetracycline_antibiotic	28	693	693	1.0	Unknown taxonomy (chromosome or plasmid)
barcode02_6Gb	contig_6913	115	589	dfrA6_diaminopyrimidine_antibiotic	5	474	474	1.0	Vibrio (chromosome or plasmid)
barcode02_6Gb	contig_6930	10009	13159	adeF_fluoroquinolone_antibiotic;_tetracycline_antibiotic	74	3150	3150	1.0	Aeromonas caviae (chromosome or plasmid)
barcode02_6Gb	contig_7008	17571	18684	vanT gene in vanG cluster_glycopeptide_antibiotic	18	1113	1113	1.0	
barcode02_6Gb	contig_7027	127590	127920	qacG_disinfecting_agents_and_antiseptics	7	330	330	1.0	
barcode02_6Gb	contig_7149	21176	21506	qacG_disinfecting_agents_and_antiseptics	8	330	330	1.0	
barcode02_6Gb	contig_7199	2723	3584	TEM-1_monobactam;_cephalosporin;_penam;_penem	20	861	861	1.0	Unknown taxonomy (chromosome or plasmid)
barcode02_6Gb	contig_7243	13247	14027	aadA_aminoglycoside_antibiotic	8	780	780	1.0	Pseudomonas aeruginosa (chromosome or plasmid)
barcode02_6Gb	contig_7267	4545	5454	vanH gene in vanO cluster_glycopeptide_antibiotic	6	909	909	1.0	
barcode02_6Gb	contig_7283	2839	4099	mdtM_fluoroquinolone_antibiotic;_lincosamide_antibiotic;_nucleoside_antibiotic;_phenicol_antibiotic;_disinfecting_agents_and_antiseptics	7	1260	1260	1.0	Unknown taxonomy (chromosome or plasmid)
barcode02_6Gb	contig_7284	5584	6817	mdtM_fluoroquinolone_antibiotic;_lincosamide_antibiotic;_nucleoside_antibiotic;_phenicol_antibiotic;_disinfecting_agents_and_antiseptics	21	1233	1233	1.0	Unknown taxonomy (chromosome or plasmid)
barcode02_6Gb	contig_7358	3119	4232	vanT gene in vanG cluster_glycopeptide_antibiotic	12	1113	1113	1.0	
barcode02_6Gb	contig_7667	97252	98077	gadX_macrolide_antibiotic;_fluoroquinolone_antibiotic;_penam	32	825	825	1.0	Escherichia coli (chromosome)
barcode02_6Gb	contig_7667	99536	102650	mdtF_macrolide_antibiotic;_fluoroquinolone_antibiotic;_penam	34	3114	3114	1.0	Escherichia coli (chromosome)
barcode02_6Gb	contig_7667	102674	103832	mdtE_macrolide_antibiotic;_fluoroquinolone_antibiotic;_penam	36	1158	1158	1.0	Unknown taxonomy (chromosome)
barcode02_6Gb	contig_7828	31145	32288	ACT-8_carbapenem;_cephalosporin;_cephamycin;_penam	4	1143	1143	1.0	Enterobacter asburiae (no genomic info)
barcode02_6Gb	contig_7870	113838	114093	rsmA_fluoroquinolone_antibiotic;_diaminopyrimidine_antibiotic;_phenicol_antibiotic	13	255	255	1.0	
barcode02_6Gb	contig_7890	125	3281	adeF_fluoroquinolone_antibiotic;_tetracycline_antibiotic	38	3156	3156	1.0	
barcode02_6Gb	contig_7899	803	992	rsmA_fluoroquinolone_antibiotic;_diaminopyrimidine_antibiotic;_phenicol_antibiotic	2	189	189	1.0	Unknown taxonomy (chromosome or plasmid)
barcode02_6Gb	contig_7911	4203	4836	CRP_macrolide_antibiotic;_fluoroquinolone_antibiotic;_penam	8	633	633	1.0	Klebsiella michiganensis (chromosome)
barcode02_6Gb	contig_7931	940	1285	qacJ_disinfecting_agents_and_antiseptics	5	345	345	1.0	Unknown taxonomy (chromosome or plasmid)
barcode02_6Gb	contig_7931	1401	2247	aadA11_aminoglycoside_antibiotic	14	846	846	1.0	Unknown taxonomy (chromosome or plasmid)
barcode02_6Gb	contig_7957	31223	31517	FosA8_phosphonic_acid_antibiotic	10	294	294	1.0	
barcode02_6Gb	contig_8047	58921	61396	vanT gene in vanG cluster_glycopeptide_antibiotic	12	2475	2475	1.0	
barcode02_6Gb	contig_8135	15489	16731	mdtM_fluoroquinolone_antibiotic;_lincosamide_antibiotic;_nucleoside_antibiotic;_phenicol_antibiotic;_disinfecting_agents_and_antiseptics	5	1242	1242	1.0	
barcode02_6Gb	contig_819	430692	432663	tet(O)_tetracycline_antibiotic	20	1971	1971	1.0	
barcode02_6Gb	contig_819	439573	440746	vanT gene in vanG cluster_glycopeptide_antibiotic	10	1173	1173	1.0	
barcode02_6Gb	contig_819	591527	592700	vanT gene in vanG cluster_glycopeptide_antibiotic	11	1173	1173	1.0	
barcode02_6Gb	contig_821	252035	253187	ADC-154_cephalosporin	33	1152	1152	1.0	Acinetobacter baumannii (chromosome or plasmid)
barcode02_6Gb	contig_821	320999	322448	adeH_fluoroquinolone_antibiotic;_tetracycline_antibiotic	31	1449	1449	1.0	Acinetobacter baumannii (chromosome or plasmid)
barcode02_6Gb	contig_821	322460	325640	adeF_fluoroquinolone_antibiotic;_tetracycline_antibiotic	31	3180	3180	1.0	Acinetobacter baumannii (chromosome or plasmid)
barcode02_6Gb	contig_821	325646	326867	adeG_fluoroquinolone_antibiotic;_tetracycline_antibiotic	30	1221	1221	1.0	Acinetobacter baumannii (chromosome or plasmid)
barcode02_6Gb	contig_821	327082	328096	adeL_fluoroquinolone_antibiotic;_tetracycline_antibiotic	23	1014	1014	1.0	Acinetobacter baumannii (chromosome or plasmid)
barcode02_6Gb	contig_8239	86170	88648	vanT gene in vanG cluster_glycopeptide_antibiotic	89	2478	2478	1.0	
barcode02_6Gb	contig_8291	481	1792	vanY gene in vanM cluster_glycopeptide_antibiotic	13	1311	1311	1.0	
barcode02_6Gb	contig_8323	11387	13037	ArnT_peptide_antibiotic	5	1650	1650	1.0	Pseudomonas fluorescens (no genomic info)
barcode02_6Gb	contig_8366	22804	25969	adeF_fluoroquinolone_antibiotic;_tetracycline_antibiotic	5	3165	3165	1.0	Acinetobacter nosocomialis (chromosome or plasmid)
barcode02_6Gb	contig_8416	46354	47092	ErmB_macrolide_antibiotic;_lincosamide_antibiotic;_streptogramin_antibiotic;_streptogramin_A_antibiotic;_streptogramin_B_antibiotic	19	738	738	1.0	Unknown taxonomy (chromosome or plasmid)
barcode02_6Gb	contig_845	3864	7044	adeF_fluoroquinolone_antibiotic;_tetracycline_antibiotic	33	3180	3180	1.0	Acinetobacter baumannii (chromosome or plasmid)
barcode02_6Gb	contig_8456	45027	46140	vanG_glycopeptide_antibiotic	8	1113	1113	1.0	Citrobacter freundii (chromosome or plasmid)
barcode02_6Gb	contig_846	6486	8232	adeF_fluoroquinolone_antibiotic;_tetracycline_antibiotic	39	1746	1746	1.0	Acinetobacter baumannii (chromosome or plasmid)
barcode02_6Gb	contig_846	8238	9459	adeG_fluoroquinolone_antibiotic;_tetracycline_antibiotic	42	1221	1221	1.0	Acinetobacter baumannii (chromosome or plasmid)
barcode02_6Gb	contig_846	9674	10688	adeL_fluoroquinolone_antibiotic;_tetracycline_antibiotic	36	1014	1014	1.0	Acinetobacter baumannii (chromosome or plasmid)
barcode02_6Gb	contig_846	13996	14326	abeS_macrolide_antibiotic;_aminocoumarin_antibiotic	19	330	330	1.0	Acinetobacter baumannii (chromosome or plasmid)
barcode02_6Gb	contig_8467	30784	31258	dfrA1_diaminopyrimidine_antibiotic	3	474	474	1.0	Unknown taxonomy (chromosome or plasmid)
barcode02_6Gb	contig_850	257155	258634	Acinetobacter baumannii AmvA_macrolide_antibiotic;_disinfecting_agents_and_antiseptics	37	1479	1479	1.0	Acinetobacter baumannii (chromosome or plasmid)
barcode02_6Gb	contig_8514	110906	111725	bacA_peptide_antibiotic	11	819	819	1.0	
barcode02_6Gb	contig_8569	28011	29685	eptB_peptide_antibiotic	10	1674	1674	1.0	Klebsiella (chromosome)
barcode02_6Gb	contig_858	36168	36822	adeN_macrolide_antibiotic;_fluoroquinolone_antibiotic;_lincosamide_antibiotic;_carbapenem;_cephalosporin;_tetracycline_antibiotic;_rifamycin_antibiotic;_diaminopyrimidine_antibiotic;_phenicol_antibiotic;_penem	39	654	654	1.0	Acinetobacter baumannii (chromosome or plasmid)
barcode02_6Gb	contig_871	123783	125088	Acinetobacter baumannii AbaQ_fluoroquinolone_antibiotic	34	1305	1305	1.0	Acinetobacter baumannii (chromosome or plasmid)
barcode02_6Gb	contig_875	21950	25061	adeB_glycylcycline;_tetracycline_antibiotic	24	3111	3111	1.0	Acinetobacter baumannii (no genomic info)
barcode02_6Gb	contig_878	28717	30187	adeC_glycylcycline;_tetracycline_antibiotic	4	1470	1470	1.0	Acinetobacter baumannii (chromosome or plasmid)
barcode02_6Gb	contig_8799	643	2563	tet(O)_tetracycline_antibiotic	25	1920	1920	1.0	Unknown taxonomy (chromosome or plasmid)
barcode02_6Gb	contig_880	4154	5249	adeS_glycylcycline;_tetracycline_antibiotic	5	1095	1095	1.0	Acinetobacter baumannii (chromosome)
barcode02_6Gb	contig_8827	27829	28303	dfrF_diaminopyrimidine_antibiotic	21	474	474	1.0	Unknown taxonomy (chromosome or plasmid)
barcode02_6Gb	contig_8855	20293	21535	mdtM_fluoroquinolone_antibiotic;_lincosamide_antibiotic;_nucleoside_antibiotic;_phenicol_antibiotic;_disinfecting_agents_and_antiseptics	7	1242	1242	1.0	
barcode02_6Gb	contig_8862	20409	21342	mphG_macrolide_antibiotic	8	933	933	1.0	
barcode02_6Gb	contig_8862	21346	22570	mef(C)_macrolide_antibiotic;_tetracycline_antibiotic	7	1224	1224	1.0	
barcode02_6Gb	contig_888	63812	64637	OXA-441_carbapenem;_penam	34	825	825	1.0	Acinetobacter baumannii (chromosome or plasmid)
barcode02_6Gb	contig_8984	6513	9627	adeF_fluoroquinolone_antibiotic;_tetracycline_antibiotic	19	3114	3114	1.0	Enterobacter kobei (chromosome)
barcode02_6Gb	contig_8997	4099	5047	leuO_nucleoside_antibiotic;_disinfecting_agents_and_antiseptics	7	948	948	1.0	Citrobacter (chromosome)
barcode02_6Gb	contig_8997	11162	12929	Haemophilus influenzae PBP3 conferring resistance to beta-lactam antibiotics_cephalosporin;_cephamycin;_penam	10	1767	1767	1.0	Citrobacter (chromosome or plasmid)
barcode02_6Gb	contig_9010	43903	45064	vanT gene in vanG cluster_glycopeptide_antibiotic	7	1161	1161	1.0	
barcode02_6Gb	contig_9074	9164	9986	bacA_peptide_antibiotic	22	822	822	1.0	
barcode02_6Gb	contig_9082	3444	4485	vanW gene in vanI cluster_glycopeptide_antibiotic	4	1041	1041	1.0	
barcode02_6Gb	contig_9087	1010	3152	tet(W)_tetracycline_antibiotic	20	2142	2142	1.0	Unknown taxonomy (chromosome or plasmid)
barcode02_6Gb	contig_9091	1111	4264	oqxB_fluoroquinolone_antibiotic;_glycylcycline;_tetracycline_antibiotic;_diaminopyrimidine_antibiotic;_nitrofuran_antibiotic	8	3153	3153	1.0	Enterobacter kobei (chromosome)
barcode02_6Gb	contig_9091	4288	5464	oqxA_fluoroquinolone_antibiotic;_glycylcycline;_tetracycline_antibiotic;_diaminopyrimidine_antibiotic;_nitrofuran_antibiotic	10	1176	1176	1.0	Enterobacter kobei (chromosome)
barcode02_6Gb	contig_9091	33429	33759	Klebsiella pneumoniae KpnF_macrolide_antibiotic;_aminoglycoside_antibiotic;_cephalosporin;_tetracycline_antibiotic;_peptide_antibiotic;_rifamycin_antibiotic;_disinfecting_agents_and_antiseptics	13	330	330	1.0	Enterobacter (chromosome)
barcode02_6Gb	contig_9091	33745	34108	Klebsiella pneumoniae KpnE_macrolide_antibiotic;_aminoglycoside_antibiotic;_cephalosporin;_tetracycline_antibiotic;_peptide_antibiotic;_rifamycin_antibiotic;_disinfecting_agents_and_antiseptics	11	363	363	1.0	Enterobacter asburiae (chromosome)
barcode02_6Gb	contig_9106	8951	9677	vanY gene in vanB cluster_glycopeptide_antibiotic	7	726	726	1.0	Roseburia hominis (no genomic info)
barcode02_6Gb	contig_914	151637	151892	rsmA_fluoroquinolone_antibiotic;_diaminopyrimidine_antibiotic;_phenicol_antibiotic	40	255	255	1.0	
barcode02_6Gb	contig_9157	1925	3110	Escherichia coli EF-Tu mutants conferring resistance to Pulvomycin_elfamycin_antibiotic	27	1185	1185	1.0	Unknown taxonomy (chromosome or plasmid)
barcode02_6Gb	contig_9157	26309	26942	CRP_macrolide_antibiotic;_fluoroquinolone_antibiotic;_penam	23	633	633	1.0	Enterobacter roggenkampii (chromosome or plasmid)
barcode02_6Gb	contig_9157	116631	118287	ArnT_peptide_antibiotic	16	1656	1656	1.0	Enterobacter roggenkampii (chromosome)
barcode02_6Gb	contig_9157	121161	122145	PmrF_peptide_antibiotic	12	984	984	1.0	
barcode02_6Gb	contig_9241	68495	71609	acrD_aminoglycoside_antibiotic	13	3114	3114	1.0	Enterobacter (chromosome)
barcode02_6Gb	contig_9325	144	1776	tet(Q)_tetracycline_antibiotic	7	1632	1632	1.0	Unknown taxonomy (chromosome)
barcode02_6Gb	contig_9348	21304	23074	Haemophilus influenzae PBP3 conferring resistance to beta-lactam antibiotics_cephalosporin;_cephamycin;_penam	11	1770	1770	1.0	Unknown taxonomy (chromosome or plasmid)
barcode02_6Gb	contig_9404	119	926	aadA16_aminoglycoside_antibiotic	6	807	807	1.0	Unknown taxonomy (chromosome or plasmid)
barcode02_6Gb	contig_9404	876	1341	AAC(6')-Ib9_aminoglycoside_antibiotic	6	465	465	1.0	Unknown taxonomy (chromosome or plasmid)
barcode02_6Gb	contig_9404	4442	5282	sul1_sulfonamide_antibiotic	11	840	840	1.0	Unknown taxonomy (chromosome or plasmid)
barcode02_6Gb	contig_9484	6973	7171	rsmA_fluoroquinolone_antibiotic;_diaminopyrimidine_antibiotic;_phenicol_antibiotic	3	198	198	1.0	Shewanella putrefaciens (chromosome)
barcode02_6Gb	contig_9500	26972	28616	eptA_peptide_antibiotic	40	1644	1644	1.0	Unknown taxonomy (chromosome or plasmid)
barcode02_6Gb	contig_9500	51340	52372	mdtN_nucleoside_antibiotic;_disinfecting_agents_and_antiseptics	53	1032	1032	1.0	Escherichia coli (chromosome or plasmid)
barcode02_6Gb	contig_9500	77182	77647	Escherichia coli soxR with mutation conferring antibiotic resistance_fluoroquinolone_antibiotic;_cephalosporin;_glycylcycline;_penam;_tetracycline_antibiotic;_rifamycin_antibiotic;_phenicol_antibiotic;_disinfecting_agents_and_antiseptics	50	465	465	1.0	Unknown taxonomy (chromosome or plasmid)
barcode02_6Gb	contig_9500	77732	78056	Escherichia coli soxS with mutation conferring antibiotic resistance_fluoroquinolone_antibiotic;_monobactam;_carbapenem;_cephalosporin;_glycylcycline;_cephamycin;_penam;_tetracycline_antibiotic;_rifamycin_antibiotic;_phenicol_antibiotic;_penem;_disinfecting_agents_and_antiseptics	52	324	324	1.0	Unknown taxonomy (chromosome or plasmid)
barcode02_6Gb	contig_9583	34268	35627	Escherichia coli GlpT with mutation conferring resistance to fosfomycin_phosphonic_acid_antibiotic	9	1359	1359	1.0	Citrobacter freundii (chromosome or plasmid)
barcode02_6Gb	contig_967	19975	21160	Escherichia coli EF-Tu mutants conferring resistance to Pulvomycin_elfamycin_antibiotic	126	1185	1185	1.0	Aeromonas caviae (chromosome or plasmid)
barcode02_6Gb	contig_970	133152	133965	OXA-726_penam	18	813	813	1.0	Aeromonas hydrophila (chromosome)
barcode02_6Gb	contig_9813	6879	8025	vanT gene in vanG cluster_glycopeptide_antibiotic	14	1146	1146	1.0	
barcode02_6Gb	contig_987	20683	20872	rsmA_fluoroquinolone_antibiotic;_diaminopyrimidine_antibiotic;_phenicol_antibiotic	94	189	189	1.0	
barcode02_6Gb	contig_987	144337	144739	FosA8_phosphonic_acid_antibiotic	93	402	402	1.0	Aeromonas caviae (chromosome or plasmid)
barcode02_6Gb	contig_9956	19452	19782	Klebsiella pneumoniae KpnF_macrolide_antibiotic;_aminoglycoside_antibiotic;_cephalosporin;_tetracycline_antibiotic;_peptide_antibiotic;_rifamycin_antibiotic;_disinfecting_agents_and_antiseptics	18	330	330	1.0	Unknown taxonomy (chromosome or plasmid)
barcode02_6Gb	contig_9956	19768	20134	Klebsiella pneumoniae KpnE_macrolide_antibiotic;_aminoglycoside_antibiotic;_cephalosporin;_tetracycline_antibiotic;_peptide_antibiotic;_rifamycin_antibiotic;_disinfecting_agents_and_antiseptics	17	366	366	1.0	Unknown taxonomy (chromosome or plasmid)
barcode02_6Gb	contig_9960	30839	31172	Escherichia coli emrE_macrolide_antibiotic	25	333	333	1.0	Unknown taxonomy (chromosome or plasmid)
barcode02_9Gb	contig_10067	32142	33327	Escherichia coli EF-Tu mutants conferring resistance to Pulvomycin_elfamycin_antibiotic	23	1185	1185	1.0	Citrobacter (chromosome or plasmid)
barcode02_9Gb	contig_10167	37307	37640	Escherichia coli emrE_macrolide_antibiotic	34	333	333	1.0	Unknown taxonomy (chromosome or plasmid)
barcode02_9Gb	contig_10208	66693	67878	oqxA_fluoroquinolone_antibiotic;_glycylcycline;_tetracycline_antibiotic;_diaminopyrimidine_antibiotic;_nitrofuran_antibiotic	19	1185	1185	1.0	Enterobacter (chromosome)
barcode02_9Gb	contig_1022	146	950	APH(3'')-Ib_aminoglycoside_antibiotic	3	804	804	1.0	Unknown taxonomy (chromosome or plasmid)
barcode02_9Gb	contig_10222	8129	11201	adeF_fluoroquinolone_antibiotic;_tetracycline_antibiotic	52	3072	3072	1.0	
barcode02_9Gb	contig_10271	19690	20803	vanT gene in vanG cluster_glycopeptide_antibiotic	24	1113	1113	1.0	
barcode02_9Gb	contig_10284	11708	12155	vanW gene in vanI cluster_glycopeptide_antibiotic	9	447	447	1.0	
barcode02_9Gb	contig_10286	14520	15204	vanY gene in vanB cluster_glycopeptide_antibiotic	5	684	684	1.0	
barcode02_9Gb	contig_10339	42767	43490	baeR_aminoglycoside_antibiotic;_aminocoumarin_antibiotic	27	723	723	1.0	Unknown taxonomy (chromosome or plasmid)
barcode02_9Gb	contig_10339	46303	49381	mdtC_aminocoumarin_antibiotic	39	3078	3078	1.0	Escherichia coli (chromosome or plasmid)
barcode02_9Gb	contig_10339	52504	53752	mdtA_aminocoumarin_antibiotic	42	1248	1248	1.0	Unknown taxonomy (chromosome or plasmid)
barcode02_9Gb	contig_10363	91894	93040	ACT-28_carbapenem;_cephalosporin;_cephamycin;_penam	17	1146	1146	1.0	Enterobacter kobei (chromosome)
barcode02_9Gb	contig_10369	23440	23971	emrR_fluoroquinolone_antibiotic	46	531	531	1.0	Unknown taxonomy (chromosome or plasmid)
barcode02_9Gb	contig_10369	24097	25270	emrA_fluoroquinolone_antibiotic	45	1173	1173	1.0	Unknown taxonomy (chromosome or plasmid)
barcode02_9Gb	contig_10369	25286	26825	emrB_fluoroquinolone_antibiotic	50	1539	1539	1.0	Unknown taxonomy (chromosome or plasmid)
barcode02_9Gb	contig_10369	31631	31817	rsmA_fluoroquinolone_antibiotic;_diaminopyrimidine_antibiotic;_phenicol_antibiotic	54	186	186	1.0	Unknown taxonomy (chromosome or plasmid)
barcode02_9Gb	contig_10386	37382	38204	bacA_peptide_antibiotic	20	822	822	1.0	
barcode02_9Gb	contig_10386	244840	247954	adeF_fluoroquinolone_antibiotic;_tetracycline_antibiotic	13	3114	3114	1.0	Enterobacter roggenkampii (chromosome)
barcode02_9Gb	contig_10401	9464	10733	Escherichia coli emrE_macrolide_antibiotic	16	1269	1269	1.0	Unknown taxonomy (chromosome or plasmid)
barcode02_9Gb	contig_10422	132	348	FosI_phosphonic_acid_antibiotic	3	216	216	1.0	
barcode02_9Gb	contig_1067	537	1365	OXA-2_carbapenem;_cephalosporin;_penam	24	828	828	1.0	Unknown taxonomy (chromosome or plasmid)
barcode02_9Gb	contig_1067	1820	2168	qacEdelta1_disinfecting_agents_and_antiseptics	35	348	348	1.0	Unknown taxonomy (chromosome or plasmid)
barcode02_9Gb	contig_1067	2161	3001	sul1_sulfonamide_antibiotic	35	840	840	1.0	Unknown taxonomy (chromosome or plasmid)
barcode02_9Gb	contig_1068	4149	4989	sul1_sulfonamide_antibiotic	138	840	840	1.0	Unknown taxonomy (chromosome or plasmid)
barcode02_9Gb	contig_1068	4982	5330	qacEdelta1_disinfecting_agents_and_antiseptics	128	348	348	1.0	Unknown taxonomy (chromosome or plasmid)
barcode02_9Gb	contig_1068	5493	6273	aadA_aminoglycoside_antibiotic	77	780	780	1.0	Unknown taxonomy (chromosome or plasmid)
barcode02_9Gb	contig_1068	6437	7094	QnrVC1_fluoroquinolone_antibiotic	47	657	657	1.0	Unknown taxonomy (chromosome or plasmid)
barcode02_9Gb	contig_1068	139133	139466	qacJ_disinfecting_agents_and_antiseptics	13	333	333	1.0	Unknown taxonomy (chromosome or plasmid)
barcode02_9Gb	contig_1068	142117	142897	APH(3')-VIa_aminoglycoside_antibiotic	41	780	780	1.0	Unknown taxonomy (chromosome or plasmid)
barcode02_9Gb	contig_10683	22465	25612	acrB_fluoroquinolone_antibiotic;_cephalosporin;_glycylcycline;_penam;_tetracycline_antibiotic;_rifamycin_antibiotic;_phenicol_antibiotic;_disinfecting_agents_and_antiseptics	10	3147	3147	1.0	Unknown taxonomy (chromosome)
barcode02_9Gb	contig_1069	1598	2414	APH(3')-Ia_aminoglycoside_antibiotic	105	816	816	1.0	Unknown taxonomy (chromosome or plasmid)
barcode02_9Gb	contig_1070	3044	3884	sul1_sulfonamide_antibiotic	71	840	840	1.0	Unknown taxonomy (chromosome or plasmid)
barcode02_9Gb	contig_1070	3877	4225	qacEdelta1_disinfecting_agents_and_antiseptics	64	348	348	1.0	Unknown taxonomy (chromosome or plasmid)
barcode02_9Gb	contig_1070	33418	34324	mphA_macrolide_antibiotic	115	906	906	1.0	Unknown taxonomy (chromosome or plasmid)
barcode02_9Gb	contig_1070	34320	35553	Mrx_macrolide_antibiotic	108	1233	1233	1.0	Unknown taxonomy (chromosome or plasmid)
barcode02_9Gb	contig_1071	29396	30278	KPC-2_monobactam;_carbapenem;_cephalosporin;_penam	472	882	882	1.0	Unknown taxonomy (chromosome or plasmid)
barcode02_9Gb	contig_10726	6612	6957	qacG_disinfecting_agents_and_antiseptics	19	345	345	1.0	Unknown taxonomy (chromosome or plasmid)
barcode02_9Gb	contig_10738	346	2713	LptD_carbapenem;_peptide_antibiotic;_aminocoumarin_antibiotic;_rifamycin_antibiotic	7	2367	2367	1.0	Klebsiella michiganensis (chromosome)
barcode02_9Gb	contig_1077	33964	35440	msrE_macrolide_antibiotic;_streptogramin_antibiotic	190	1476	1476	1.0	Unknown taxonomy (chromosome or plasmid)
barcode02_9Gb	contig_1077	35495	36380	mphE_macrolide_antibiotic	200	885	885	1.0	Unknown taxonomy (chromosome or plasmid)
barcode02_9Gb	contig_1078	32355	33171	sul2_sulfonamide_antibiotic	84	816	816	1.0	Unknown taxonomy (chromosome or plasmid)
barcode02_9Gb	contig_1081	3953	4814	TEM-1_monobactam;_cephalosporin;_penam;_penem	54	861	861	1.0	Unknown taxonomy (chromosome or plasmid)
barcode02_9Gb	contig_10923	27814	28003	rsmA_fluoroquinolone_antibiotic;_diaminopyrimidine_antibiotic;_phenicol_antibiotic	32	189	189	1.0	
barcode02_9Gb	contig_1096	4579	5479	VEB-3_monobactam;_cephalosporin	17	900	900	1.0	Unknown taxonomy (chromosome or plasmid)
barcode02_9Gb	contig_1096	8192	9032	sul1_sulfonamide_antibiotic	32	840	840	1.0	Unknown taxonomy (chromosome or plasmid)
barcode02_9Gb	contig_1096	9388	10234	aadA16_aminoglycoside_antibiotic	19	846	846	1.0	Unknown taxonomy (chromosome or plasmid)
barcode02_9Gb	contig_1096	10392	11025	catB3_phenicol_antibiotic	25	633	633	1.0	Unknown taxonomy (chromosome or plasmid)
barcode02_9Gb	contig_1096	11086	11914	OXA-21_cephalosporin;_penam	19	828	828	1.0	Unknown taxonomy (chromosome or plasmid)
barcode02_9Gb	contig_1096	11983	12538	AAC(6')-IIa_aminoglycoside_antibiotic	23	555	555	1.0	Unknown taxonomy (chromosome or plasmid)
barcode02_9Gb	contig_10995	763654	766147	vanT gene in vanG cluster_glycopeptide_antibiotic	15	2493	2493	1.0	
barcode02_9Gb	contig_11014	12200	13385	Escherichia coli EF-Tu mutants conferring resistance to Pulvomycin_elfamycin_antibiotic	25	1185	1185	1.0	Klebsiella (chromosome or plasmid)
barcode02_9Gb	contig_1121	43699	44581	vanW gene in vanG cluster_glycopeptide_antibiotic	611	882	882	1.0	Acinetobacter johnsonii (chromosome)
barcode02_9Gb	contig_1126	1005	1662	QnrVC1_fluoroquinolone_antibiotic	22	657	657	1.0	Unknown taxonomy (chromosome or plasmid)
barcode02_9Gb	contig_1126	1820	2294	dfrA31_diaminopyrimidine_antibiotic	12	474	474	1.0	Vibrio (chromosome or plasmid)
barcode02_9Gb	contig_1130	790	1600	KPC-97_monobactam;_carbapenem;_cephalosporin;_penam	151	810	810	1.0	Unknown taxonomy (chromosome or plasmid)
barcode02_9Gb	contig_11380	3756	5016	mdtM_fluoroquinolone_antibiotic;_lincosamide_antibiotic;_nucleoside_antibiotic;_phenicol_antibiotic;_disinfecting_agents_and_antiseptics	10	1260	1260	1.0	Escherichia coli (chromosome or plasmid)
barcode02_9Gb	contig_11383	5311	6544	mdtM_fluoroquinolone_antibiotic;_lincosamide_antibiotic;_nucleoside_antibiotic;_phenicol_antibiotic;_disinfecting_agents_and_antiseptics	37	1233	1233	1.0	Escherichia coli (chromosome or plasmid)
barcode02_9Gb	contig_11439	14824	16009	Escherichia coli EF-Tu mutants conferring resistance to Pulvomycin_elfamycin_antibiotic	40	1185	1185	1.0	Unknown taxonomy (chromosome or plasmid)
barcode02_9Gb	contig_1146	4611	5400	ANT(3'')-IIa_aminoglycoside_antibiotic	92	789	789	1.0	Acinetobacter baumannii (chromosome or plasmid)
barcode02_9Gb	contig_11475	113085	115560	vanT gene in vanG cluster_glycopeptide_antibiotic	16	2475	2475	1.0	
barcode02_9Gb	contig_11670	9952	11281	Haemophilus influenzae PBP3 conferring resistance to beta-lactam antibiotics_cephalosporin;_cephamycin;_penam	9	1329	1329	1.0	Klebsiella michiganensis (chromosome)
barcode02_9Gb	contig_1168	8710	10186	msrE_macrolide_antibiotic;_streptogramin_antibiotic	122	1476	1476	1.0	Unknown taxonomy (chromosome or plasmid)
barcode02_9Gb	contig_1168	10241	11126	mphE_macrolide_antibiotic	158	885	885	1.0	Unknown taxonomy (chromosome or plasmid)
barcode02_9Gb	contig_11736	3813	4926	vanT gene in vanG cluster_glycopeptide_antibiotic	9	1113	1113	1.0	
barcode02_9Gb	contig_1177	1022	2150	tet(C)_tetracycline_antibiotic	27	1128	1128	1.0	Unknown taxonomy (chromosome or plasmid)
barcode02_9Gb	contig_11771	99049	99613	lnuC_lincosamide_antibiotic	42	564	564	1.0	Unknown taxonomy (chromosome or plasmid)
barcode02_9Gb	contig_11827	147024	147354	Klebsiella pneumoniae KpnF_macrolide_antibiotic;_aminoglycoside_antibiotic;_cephalosporin;_tetracycline_antibiotic;_peptide_antibiotic;_rifamycin_antibiotic;_disinfecting_agents_and_antiseptics	19	330	330	1.0	Enterobacter roggenkampii (chromosome)
barcode02_9Gb	contig_11853	16985	17699	vanY gene in vanF cluster_glycopeptide_antibiotic	9	714	714	1.0	
barcode02_9Gb	contig_11853	17695	18520	vanY gene in vanF cluster_glycopeptide_antibiotic	8	825	825	1.0	
barcode02_9Gb	contig_11949	4048	5407	Escherichia coli GlpT with mutation conferring resistance to fosfomycin_phosphonic_acid_antibiotic	13	1359	1359	1.0	Citrobacter (chromosome or plasmid)
barcode02_9Gb	contig_11949	13861	16501	Escherichia coli gyrA conferring resistance to fluoroquinolones_fluoroquinolone_antibiotic	13	2640	2640	1.0	Citrobacter freundii (chromosome or plasmid)
barcode02_9Gb	contig_1200	21104	22379	tet(A)_tetracycline_antibiotic	18	1275	1275	1.0	Unknown taxonomy (chromosome or plasmid)
barcode02_9Gb	contig_12092	17865	19344	Acinetobacter baumannii AmvA_macrolide_antibiotic;_disinfecting_agents_and_antiseptics	50	1479	1479	1.0	Acinetobacter baumannii (chromosome or plasmid)
barcode02_9Gb	contig_12104	450	1617	ugd_peptide_antibiotic	12	1167	1167	1.0	Unknown taxonomy (chromosome or plasmid)
barcode02_9Gb	contig_12139	11943	12744	ErmF_macrolide_antibiotic;_lincosamide_antibiotic;_streptogramin_antibiotic;_streptogramin_A_antibiotic;_streptogramin_B_antibiotic	19	801	801	1.0	Unknown taxonomy (chromosome or plasmid)
barcode02_9Gb	contig_12202	30344	31214	tet(W)_tetracycline_antibiotic	37	870	870	1.0	Bifidobacterium bifidum (chromosome or plasmid)
barcode02_9Gb	contig_12202	31186	31840	tet(W)_tetracycline_antibiotic	28	654	654	1.0	Unknown taxonomy (chromosome or plasmid)
barcode02_9Gb	contig_12203	173995	174328	qacJ_disinfecting_agents_and_antiseptics	8	333	333	1.0	
barcode02_9Gb	contig_12213	11489	11837	vanY gene in vanB cluster_glycopeptide_antibiotic	11	348	348	1.0	Faecalibacterium prausnitzii (chromosome)
barcode02_9Gb	contig_1222	7975	8815	sul1_sulfonamide_antibiotic	100	840	840	1.0	Unknown taxonomy (chromosome or plasmid)
barcode02_9Gb	contig_1222	8808	9156	qacEdelta1_disinfecting_agents_and_antiseptics	90	348	348	1.0	Unknown taxonomy (chromosome or plasmid)
barcode02_9Gb	contig_1222	9319	10099	aadA2_aminoglycoside_antibiotic	63	780	780	1.0	Unknown taxonomy (chromosome or plasmid)
barcode02_9Gb	contig_1222	13135	14326	tet(C)_tetracycline_antibiotic	55	1191	1191	1.0	Unknown taxonomy (chromosome or plasmid)
barcode02_9Gb	contig_12220	8631	11778	adeF_fluoroquinolone_antibiotic;_tetracycline_antibiotic	7	3147	3147	1.0	
barcode02_9Gb	contig_12226	7409	8858	vanW gene in vanI cluster_glycopeptide_antibiotic	6	1449	1449	1.0	
barcode02_9Gb	contig_12227	23857	24628	vanW gene in vanI cluster_glycopeptide_antibiotic	8	771	771	1.0	
barcode02_9Gb	contig_1225	2762	3128	BRP(MBL)_glycopeptide_antibiotic	13	366	366	1.0	Unknown taxonomy (chromosome or plasmid)
barcode02_9Gb	contig_1225	3131	3944	NDM-1_carbapenem;_cephalosporin;_cephamycin;_penam	13	813	813	1.0	Unknown taxonomy (chromosome or plasmid)
barcode02_9Gb	contig_1225	6730	7570	sul1_sulfonamide_antibiotic	62	840	840	1.0	Unknown taxonomy (chromosome or plasmid)
barcode02_9Gb	contig_1225	7563	7911	qacEdelta1_disinfecting_agents_and_antiseptics	58	348	348	1.0	Unknown taxonomy (chromosome or plasmid)
barcode02_9Gb	contig_1225	8133	8586	arr-3_rifamycin_antibiotic	63	453	453	1.0	Unknown taxonomy (chromosome or plasmid)
barcode02_9Gb	contig_1225	8670	9303	catB3_phenicol_antibiotic	74	633	633	1.0	Unknown taxonomy (chromosome or plasmid)
barcode02_9Gb	contig_1225	9440	10271	OXA-1_cephalosporin;_penam	74	831	831	1.0	Unknown taxonomy (chromosome or plasmid)
barcode02_9Gb	contig_1225	10401	11001	AAC(6')-Ib-cr6_fluoroquinolone_antibiotic;_aminoglycoside_antibiotic	72	600	600	1.0	Unknown taxonomy (chromosome or plasmid)
barcode02_9Gb	contig_12251	12215	13037	bacA_peptide_antibiotic	19	822	822	1.0	
barcode02_9Gb	contig_12286	5398	7048	ArnT_peptide_antibiotic	18	1650	1650	1.0	Pseudomonas fluorescens (no genomic info)
barcode02_9Gb	contig_12356	6848	7805	vanY gene in vanA cluster_glycopeptide_antibiotic	5	957	957	1.0	
barcode02_9Gb	contig_12363	6112	6928	APH(3')-Ia_aminoglycoside_antibiotic	12	816	816	1.0	Unknown taxonomy (chromosome or plasmid)
barcode02_9Gb	contig_12363	14831	15692	TEM-176_monobactam;_cephalosporin;_penam;_penem	29	861	861	1.0	Unknown taxonomy (chromosome or plasmid)
barcode02_9Gb	contig_12416	139175	139508	qacG_disinfecting_agents_and_antiseptics	16	333	333	1.0	
barcode02_9Gb	contig_12482	73420	74416	CfxA6_cephamycin	11	996	996	1.0	
barcode02_9Gb	contig_1255	32244	34464	Acinetobacter baumannii parC conferring resistance to fluoroquinolones_fluoroquinolone_antibiotic	77	2220	2220	1.0	Acinetobacter baumannii (chromosome or plasmid)
barcode02_9Gb	contig_1255	225218	226565	abeM_fluoroquinolone_antibiotic;_disinfecting_agents_and_antiseptics	71	1347	1347	1.0	Acinetobacter baumannii (chromosome or plasmid)
barcode02_9Gb	contig_1255	274152	275253	LpsB_peptide_antibiotic	90	1101	1101	1.0	Acinetobacter baumannii (chromosome or plasmid)
barcode02_9Gb	contig_12564	77	572	lnuC_lincosamide_antibiotic	10	495	495	1.0	Unknown taxonomy (chromosome or plasmid)
barcode02_9Gb	contig_1257	12621	13860	Mrx_macrolide_antibiotic	242	1239	1239	1.0	Unknown taxonomy (chromosome or plasmid)
barcode02_9Gb	contig_1257	13856	14762	mphA_macrolide_antibiotic	236	906	906	1.0	Unknown taxonomy (chromosome or plasmid)
barcode02_9Gb	contig_1257	15829	16690	TEM-1_monobactam;_cephalosporin;_penam;_penem	43	861	861	1.0	Unknown taxonomy (chromosome or plasmid)
barcode02_9Gb	contig_12595	3784	4039	rsmA_fluoroquinolone_antibiotic;_diaminopyrimidine_antibiotic;_phenicol_antibiotic	10	255	255	1.0	
barcode02_9Gb	contig_12654	33687	34551	GES-5_carbapenem;_cephalosporin;_penam	15	864	864	1.0	Unknown taxonomy (chromosome or plasmid)
barcode02_9Gb	contig_12681	48945	50205	vanW gene in vanI cluster_glycopeptide_antibiotic	3	1260	1260	1.0	
barcode02_9Gb	contig_12712	1679	2849	vanW gene in vanI cluster_glycopeptide_antibiotic	4	1170	1170	1.0	
barcode02_9Gb	contig_12735	16981	18259	Acinetobacter baumannii AbaQ_fluoroquinolone_antibiotic	8	1278	1278	1.0	
barcode02_9Gb	contig_12751	89499	89880	marA_fluoroquinolone_antibiotic;_monobactam;_carbapenem;_cephalosporin;_glycylcycline;_cephamycin;_penam;_tetracycline_antibiotic;_rifamycin_antibiotic;_phenicol_antibiotic;_penem;_disinfecting_agents_and_antiseptics	40	381	381	1.0	Enterobacter (chromosome)
barcode02_9Gb	contig_12751	89900	90335	Escherichia coli AcrAB-TolC with MarR mutations conferring resistance to ciprofloxacin and tetracycline_fluoroquinolone_antibiotic;_cephalosporin;_glycylcycline;_penam;_tetracycline_antibiotic;_rifamycin_antibiotic;_phenicol_antibiotic;_disinfecting_agents_and_antiseptics	40	435	435	1.0	Enterobacter cloacae (chromosome)
barcode02_9Gb	contig_12803	20845	21829	vanH gene in vanO cluster_glycopeptide_antibiotic	11	984	984	1.0	
barcode02_9Gb	contig_12932	267274	267529	rsmA_fluoroquinolone_antibiotic;_diaminopyrimidine_antibiotic;_phenicol_antibiotic	21	255	255	1.0	
barcode02_9Gb	contig_13028	181487	181862	ramA_fluoroquinolone_antibiotic;_monobactam;_carbapenem;_cephalosporin;_glycylcycline;_cephamycin;_penam;_tetracycline_antibiotic;_rifamycin_antibiotic;_phenicol_antibiotic;_penem;_disinfecting_agents_and_antiseptics	28	375	375	1.0	Enterobacter kobei (no genomic info)
barcode02_9Gb	contig_13028	307221	308415	Enterobacter cloacae acrA_fluoroquinolone_antibiotic;_cephalosporin;_glycylcycline;_penam;_tetracycline_antibiotic;_rifamycin_antibiotic;_phenicol_antibiotic;_disinfecting_agents_and_antiseptics	19	1194	1194	1.0	Enterobacter (chromosome)
barcode02_9Gb	contig_13028	308437	311584	acrB_fluoroquinolone_antibiotic;_cephalosporin;_glycylcycline;_penam;_tetracycline_antibiotic;_rifamycin_antibiotic;_phenicol_antibiotic;_disinfecting_agents_and_antiseptics	17	3147	3147	1.0	Unknown taxonomy (chromosome)
barcode02_9Gb	contig_13028	406849	407950	vanG_glycopeptide_antibiotic	21	1101	1101	1.0	Enterobacter kobei (chromosome)
barcode02_9Gb	contig_1307	34533	34917	marA_fluoroquinolone_antibiotic;_monobactam;_carbapenem;_cephalosporin;_glycylcycline;_cephamycin;_penam;_tetracycline_antibiotic;_rifamycin_antibiotic;_phenicol_antibiotic;_penem;_disinfecting_agents_and_antiseptics	26	384	384	1.0	Unknown taxonomy (chromosome or plasmid)
barcode02_9Gb	contig_1307	34936	35371	Escherichia coli AcrAB-TolC with MarR mutations conferring resistance to ciprofloxacin and tetracycline_fluoroquinolone_antibiotic;_cephalosporin;_glycylcycline;_penam;_tetracycline_antibiotic;_rifamycin_antibiotic;_phenicol_antibiotic;_disinfecting_agents_and_antiseptics	27	435	435	1.0	Unknown taxonomy (chromosome or plasmid)
barcode02_9Gb	contig_13083	1811	2435	catS_phenicol_antibiotic	6	624	624	1.0	Parvimonas micra (chromosome)
barcode02_9Gb	contig_13087	58457	58838	marA_fluoroquinolone_antibiotic;_monobactam;_carbapenem;_cephalosporin;_glycylcycline;_cephamycin;_penam;_tetracycline_antibiotic;_rifamycin_antibiotic;_phenicol_antibiotic;_penem;_disinfecting_agents_and_antiseptics	14	381	381	1.0	Enterobacter (chromosome or plasmid)
barcode02_9Gb	contig_13087	58857	59292	Escherichia coli AcrAB-TolC with MarR mutations conferring resistance to ciprofloxacin and tetracycline_fluoroquinolone_antibiotic;_cephalosporin;_glycylcycline;_penam;_tetracycline_antibiotic;_rifamycin_antibiotic;_phenicol_antibiotic;_disinfecting_agents_and_antiseptics	15	435	435	1.0	Enterobacter (chromosome)
barcode02_9Gb	contig_13102	135068	136838	Haemophilus influenzae PBP3 conferring resistance to beta-lactam antibiotics_cephalosporin;_cephamycin;_penam	13	1770	1770	1.0	Unknown taxonomy (chromosome or plasmid)
barcode02_9Gb	contig_13116	12655	13483	OXA-253_carbapenem;_penam	39	828	828	1.0	Acinetobacter baumannii (chromosome)
barcode02_9Gb	contig_1313	1	748	aadA_aminoglycoside_antibiotic	19	747	747	1.0	Unknown taxonomy (chromosome or plasmid)
barcode02_9Gb	contig_1313	740	1541	OXA-10_cephalosporin;_penam	23	801	801	1.0	Unknown taxonomy (chromosome or plasmid)
barcode02_9Gb	contig_1313	1805	3068	cmlA5_phenicol_antibiotic	39	1263	1263	1.0	Unknown taxonomy (chromosome or plasmid)
barcode02_9Gb	contig_1313	3282	3921	AAC(6')-Ib9_aminoglycoside_antibiotic	40	639	639	1.0	Unknown taxonomy (chromosome or plasmid)
barcode02_9Gb	contig_1313	4003	4660	QnrVC4_fluoroquinolone_antibiotic	39	657	657	1.0	Unknown taxonomy (chromosome or plasmid)
barcode02_9Gb	contig_13170	20948	22874	tet(W)_tetracycline_antibiotic	18	1926	1926	1.0	Unknown taxonomy (chromosome or plasmid)
barcode02_9Gb	contig_13242	10811	12029	tet(E)_tetracycline_antibiotic	16	1218	1218	1.0	Aeromonas veronii (chromosome)
barcode02_9Gb	contig_13249	186	534	qacEdelta1_disinfecting_agents_and_antiseptics	54	348	348	1.0	Unknown taxonomy (chromosome or plasmid)
barcode02_9Gb	contig_13249	527	1367	sul1_sulfonamide_antibiotic	57	840	840	1.0	Unknown taxonomy (chromosome or plasmid)
barcode02_9Gb	contig_1325	40214	41729	aadT_macrolide_antibiotic;_tetracycline_antibiotic;_disinfecting_agents_and_antiseptics	25	1515	1515	1.0	
barcode02_9Gb	contig_13339	18036	19407	ArnT_peptide_antibiotic	17	1371	1371	1.0	Enterobacter roggenkampii (chromosome)
barcode02_9Gb	contig_13340	93907	94540	CRP_macrolide_antibiotic;_fluoroquinolone_antibiotic;_penam	25	633	633	1.0	Enterobacter asburiae (chromosome or plasmid)
barcode02_9Gb	contig_1338	603936	604824	vanW gene in vanG cluster_glycopeptide_antibiotic	14	888	888	1.0	
barcode02_9Gb	contig_13398	2013	2211	rsmA_fluoroquinolone_antibiotic;_diaminopyrimidine_antibiotic;_phenicol_antibiotic	11	198	198	1.0	
barcode02_9Gb	contig_13414	12060	12798	ErmB_macrolide_antibiotic;_lincosamide_antibiotic;_streptogramin_antibiotic;_streptogramin_A_antibiotic;_streptogramin_B_antibiotic	14	738	738	1.0	Unknown taxonomy (chromosome or plasmid)
barcode02_9Gb	contig_13488	67816	69049	Escherichia coli mdfA_tetracycline_antibiotic;_disinfecting_agents_and_antiseptics	5	1233	1233	1.0	Citrobacter portucalensis (chromosome or plasmid)
barcode02_9Gb	contig_1349	33147	34335	tet(39)_tetracycline_antibiotic	94	1188	1188	1.0	Unknown taxonomy (plasmid)
barcode02_9Gb	contig_13524	3364	3730	qacG_disinfecting_agents_and_antiseptics	9	366	366	1.0	
barcode02_9Gb	contig_13547	2965	3856	tet(M)_tetracycline_antibiotic	14	891	891	1.0	Enterococcus faecalis (chromosome or plasmid)
barcode02_9Gb	contig_13547	4018	4678	tet(M)_tetracycline_antibiotic	17	660	660	1.0	Unknown taxonomy (chromosome or plasmid)
barcode02_9Gb	contig_13547	4858	5788	Erm(52)_macrolide_antibiotic;_lincosamide_antibiotic;_streptogramin_antibiotic	8	930	930	1.0	
barcode02_9Gb	contig_1361	78	678	AAC(6')-Ib-cr6_fluoroquinolone_antibiotic;_aminoglycoside_antibiotic	22	600	600	1.0	Unknown taxonomy (chromosome or plasmid)
barcode02_9Gb	contig_13617	1374	2247	OXY-6-2_monobactam;_cephalosporin;_penam	6	873	873	1.0	Klebsiella michiganensis (chromosome)
barcode02_9Gb	contig_13643	51405	52083	kdpE_aminoglycoside_antibiotic	11	678	678	1.0	Citrobacter (chromosome)
barcode02_9Gb	contig_13685	6322	6547	vanY gene in vanM cluster_glycopeptide_antibiotic	7	225	225	1.0	Faecalibacterium prausnitzii (chromosome)
barcode02_9Gb	contig_13737	34248	34926	kdpE_aminoglycoside_antibiotic	9	678	678	1.0	Citrobacter freundii (chromosome)
barcode02_9Gb	contig_13872	3598	4279	QnrB6_fluoroquinolone_antibiotic	8	681	681	1.0	Unknown taxonomy (chromosome or plasmid)
barcode02_9Gb	contig_13933	2718	3546	OXA-253_carbapenem;_penam	7	828	828	1.0	Acinetobacter baumannii (chromosome or plasmid)
barcode02_9Gb	contig_13955	18979	19234	rsmA_fluoroquinolone_antibiotic;_diaminopyrimidine_antibiotic;_phenicol_antibiotic	5	255	255	1.0	
barcode02_9Gb	contig_14142	16345	16978	CRP_macrolide_antibiotic;_fluoroquinolone_antibiotic;_penam	12	633	633	1.0	Enterobacter (chromosome or plasmid)
barcode02_9Gb	contig_1416	669465	670452	vanH gene in vanO cluster_glycopeptide_antibiotic	50	987	987	1.0	
barcode02_9Gb	contig_1416	1251856	1253014	vanT gene in vanG cluster_glycopeptide_antibiotic	63	1158	1158	1.0	
barcode02_9Gb	contig_14286	4204	4861	QnrS2_fluoroquinolone_antibiotic	20	657	657	1.0	Unknown taxonomy (chromosome or plasmid)
barcode02_9Gb	contig_14299	15720	16509	aadA_aminoglycoside_antibiotic	12	789	789	1.0	Unknown taxonomy (chromosome or plasmid)
barcode02_9Gb	contig_14314	5517	6909	Escherichia coli UhpT with mutation conferring resistance to fosfomycin_phosphonic_acid_antibiotic	11	1392	1392	1.0	Klebsiella michiganensis (chromosome)
barcode02_9Gb	contig_1436	2680	3484	APH(3'')-Ib_aminoglycoside_antibiotic	68	804	804	1.0	Unknown taxonomy (chromosome or plasmid)
barcode02_9Gb	contig_1436	3483	4320	APH(6)-Id_aminoglycoside_antibiotic	73	837	837	1.0	Unknown taxonomy (chromosome or plasmid)
barcode02_9Gb	contig_14395	6566	7550	PmrF_peptide_antibiotic	25	984	984	1.0	
barcode02_9Gb	contig_14534	7927	8272	qacG_disinfecting_agents_and_antiseptics	15	345	345	1.0	Unknown taxonomy (chromosome or plasmid)
barcode02_9Gb	contig_14555	8843	9209	vanY gene in vanM cluster_glycopeptide_antibiotic	7	366	366	1.0	Faecalibacterium prausnitzii (chromosome)
barcode02_9Gb	contig_1469	7281	7734	arr-3_rifamycin_antibiotic	8	453	453	1.0	Unknown taxonomy (chromosome or plasmid)
barcode02_9Gb	contig_14919	4522	4960	Klebsiella pneumoniae KpnE_macrolide_antibiotic;_aminoglycoside_antibiotic;_cephalosporin;_tetracycline_antibiotic;_peptide_antibiotic;_rifamycin_antibiotic;_disinfecting_agents_and_antiseptics	3	438	438	1.0	
barcode02_9Gb	contig_14919	4952	5285	Klebsiella pneumoniae KpnF_macrolide_antibiotic;_aminoglycoside_antibiotic;_cephalosporin;_tetracycline_antibiotic;_peptide_antibiotic;_rifamycin_antibiotic;_disinfecting_agents_and_antiseptics	3	333	333	1.0	
barcode02_9Gb	contig_1494	3754	4558	APH(3'')-Ib_aminoglycoside_antibiotic	102	804	804	1.0	Unknown taxonomy (chromosome or plasmid)
barcode02_9Gb	contig_1494	4557	5394	APH(6)-Id_aminoglycoside_antibiotic	94	837	837	1.0	Unknown taxonomy (chromosome or plasmid)
barcode02_9Gb	contig_1510	419	1208	AAC(3)-IIc_aminoglycoside_antibiotic	7	789	789	1.0	Unknown taxonomy (chromosome or plasmid)
barcode02_9Gb	contig_1510	1695	2340	QnrB19_fluoroquinolone_antibiotic	68	645	645	1.0	Unknown taxonomy (chromosome or plasmid)
barcode02_9Gb	contig_15115	19254	20427	vanY gene in vanF cluster_glycopeptide_antibiotic	4	1173	1173	1.0	
barcode02_9Gb	contig_15255	135765	138918	oqxB_fluoroquinolone_antibiotic;_glycylcycline;_tetracycline_antibiotic;_diaminopyrimidine_antibiotic;_nitrofuran_antibiotic	8	3153	3153	1.0	Enterobacter kobei (chromosome)
barcode02_9Gb	contig_15255	138942	140118	oqxA_fluoroquinolone_antibiotic;_glycylcycline;_tetracycline_antibiotic;_diaminopyrimidine_antibiotic;_nitrofuran_antibiotic	13	1176	1176	1.0	Enterobacter kobei (chromosome)
barcode02_9Gb	contig_15255	168059	168329	Klebsiella pneumoniae KpnF_macrolide_antibiotic;_aminoglycoside_antibiotic;_cephalosporin;_tetracycline_antibiotic;_peptide_antibiotic;_rifamycin_antibiotic;_disinfecting_agents_and_antiseptics	14	270	270	1.0	Enterobacter (chromosome)
barcode02_9Gb	contig_15255	168377	168740	Klebsiella pneumoniae KpnE_macrolide_antibiotic;_aminoglycoside_antibiotic;_cephalosporin;_tetracycline_antibiotic;_peptide_antibiotic;_rifamycin_antibiotic;_disinfecting_agents_and_antiseptics	14	363	363	1.0	Enterobacter kobei (chromosome)
barcode02_9Gb	contig_15318	34560	35571	vanW gene in vanI cluster_glycopeptide_antibiotic	5	1011	1011	1.0	
barcode02_9Gb	contig_1537	1535	2192	QnrVC1_fluoroquinolone_antibiotic	38	657	657	1.0	Unknown taxonomy (chromosome or plasmid)
barcode02_9Gb	contig_1537	3910	4384	dfrA6_diaminopyrimidine_antibiotic	25	474	474	1.0	Unknown taxonomy (chromosome or plasmid)
barcode02_9Gb	contig_1537	4516	5380	GES-1_carbapenem;_cephalosporin;_penam	36	864	864	1.0	Unknown taxonomy (chromosome or plasmid)
barcode02_9Gb	contig_1537	5453	5912	AAC(6')-Il_aminoglycoside_antibiotic	27	459	459	1.0	Unknown taxonomy (chromosome or plasmid)
barcode02_9Gb	contig_15547	3287	4193	mphA_macrolide_antibiotic	67	906	906	1.0	Unknown taxonomy (chromosome or plasmid)
barcode02_9Gb	contig_15547	4260	5358	Mrx_macrolide_antibiotic	60	1098	1098	1.0	Unknown taxonomy (chromosome or plasmid)
barcode02_9Gb	contig_1557	10121	11067	TLA-1_monobactam;_cephalosporin	8	946	946	1.0	
barcode02_9Gb	contig_15576	1740	2550	mphG_macrolide_antibiotic	15	810	810	1.0	
barcode02_9Gb	contig_1558	7813	8593	APH(3')-VIa_aminoglycoside_antibiotic	46	780	780	1.0	Unknown taxonomy (chromosome or plasmid)
barcode02_9Gb	contig_15610	25652	28118	vanT gene in vanG cluster_glycopeptide_antibiotic	23	2466	2466	1.0	Phocaeicola vulgatus (chromosome)
barcode02_9Gb	contig_15668	4487	4982	nimA_nitroimidazole_antibiotic	9	495	495	1.0	
barcode02_9Gb	contig_15670	5836	6652	sul2_sulfonamide_antibiotic	51	816	816	1.0	Unknown taxonomy (chromosome or plasmid)
barcode02_9Gb	contig_15670	9106	9943	APH(6)-Id_aminoglycoside_antibiotic	16	837	837	1.0	Unknown taxonomy (chromosome or plasmid)
barcode02_9Gb	contig_15670	9942	10806	APH(3'')-Ib_aminoglycoside_antibiotic	15	864	864	1.0	Unknown taxonomy (chromosome or plasmid)
barcode02_9Gb	contig_15696	835	1366	emrR_fluoroquinolone_antibiotic	4	531	531	1.0	Leclercia adecarboxylata (chromosome)
barcode02_9Gb	contig_1573	2142	2994	sul1_sulfonamide_antibiotic	28	852	852	1.0	Unknown taxonomy (chromosome or plasmid)
barcode02_9Gb	contig_1575	7615	8395	APH(3')-VIa_aminoglycoside_antibiotic	138	780	780	1.0	Unknown taxonomy (chromosome or plasmid)
barcode02_9Gb	contig_15850	67	1273	vanT gene in vanG cluster_glycopeptide_antibiotic	4	1206	1206	1.0	Faecalibacterium prausnitzii (chromosome)
barcode02_9Gb	contig_1588	4143	4983	sul1_sulfonamide_antibiotic	169	840	840	1.0	Unknown taxonomy (chromosome or plasmid)
barcode02_9Gb	contig_1588	4976	5324	qacEdelta1_disinfecting_agents_and_antiseptics	161	348	348	1.0	Unknown taxonomy (chromosome or plasmid)
barcode02_9Gb	contig_1588	5546	5999	arr-3_rifamycin_antibiotic	94	453	453	1.0	Unknown taxonomy (chromosome or plasmid)
barcode02_9Gb	contig_1588	6083	6716	catB3_phenicol_antibiotic	98	633	633	1.0	Unknown taxonomy (chromosome or plasmid)
barcode02_9Gb	contig_1588	6853	7684	OXA-1_cephalosporin;_penam	100	831	831	1.0	Unknown taxonomy (chromosome or plasmid)
barcode02_9Gb	contig_1588	7814	8414	AAC(6')-Ib-cr6_fluoroquinolone_antibiotic;_aminoglycoside_antibiotic	95	600	600	1.0	Unknown taxonomy (chromosome or plasmid)
barcode02_9Gb	contig_1593	6831	7644	NDM-1_carbapenem;_cephalosporin;_cephamycin;_penam	16	813	813	1.0	Unknown taxonomy (chromosome or plasmid)
barcode02_9Gb	contig_1593	8921	9701	APH(3')-VIa_aminoglycoside_antibiotic	38	780	780	1.0	Unknown taxonomy (chromosome or plasmid)
barcode02_9Gb	contig_15945	21131	21947	sul2_sulfonamide_antibiotic	28	816	816	1.0	Unknown taxonomy (chromosome or plasmid)
barcode02_9Gb	contig_15983	117025	118774	msbA_nitroimidazole_antibiotic	33	1749	1749	1.0	Unknown taxonomy (chromosome)
barcode02_9Gb	contig_1599	4143	4983	sul1_sulfonamide_antibiotic	120	840	840	1.0	Unknown taxonomy (chromosome or plasmid)
barcode02_9Gb	contig_1599	4976	5324	qacEdelta1_disinfecting_agents_and_antiseptics	110	348	348	1.0	Unknown taxonomy (chromosome or plasmid)
barcode02_9Gb	contig_1599	6550	7603	aadA7_aminoglycoside_antibiotic	31	1053	1053	1.0	Salmonella enterica (chromosome or plasmid)
barcode02_9Gb	contig_1599	7690	8023	qacL_disinfecting_agents_and_antiseptics	43	333	333	1.0	Unknown taxonomy (chromosome or plasmid)
barcode02_9Gb	contig_1599	8267	8813	AAC(6')-IIc_aminoglycoside_antibiotic	33	546	546	1.0	Unknown taxonomy (chromosome or plasmid)
barcode02_9Gb	contig_1599	8989	9853	GES-5_carbapenem;_cephalosporin;_penam	38	864	864	1.0	Unknown taxonomy (chromosome or plasmid)
barcode02_9Gb	contig_1601	2414	2747	qacJ_disinfecting_agents_and_antiseptics	11	333	333	1.0	Unknown taxonomy (chromosome or plasmid)
barcode02_9Gb	contig_1601	2876	3704	OXA-2_carbapenem;_cephalosporin;_penam	18	828	828	1.0	Unknown taxonomy (chromosome or plasmid)
barcode02_9Gb	contig_1601	4433	5297	GES-5_carbapenem;_cephalosporin;_penam	42	864	864	1.0	Unknown taxonomy (chromosome or plasmid)
barcode02_9Gb	contig_1601	5370	5829	AAC(6')-Il_aminoglycoside_antibiotic	35	459	459	1.0	Unknown taxonomy (chromosome or plasmid)
barcode02_9Gb	contig_1601	6360	7224	GES-1_carbapenem;_cephalosporin;_penam	42	864	864	1.0	Unknown taxonomy (chromosome or plasmid)
barcode02_9Gb	contig_1601	7297	7756	AAC(6')-Il_aminoglycoside_antibiotic	41	459	459	1.0	Unknown taxonomy (chromosome or plasmid)
barcode02_9Gb	contig_16036	1473	2256	aadA_aminoglycoside_antibiotic	10	783	783	1.0	Unknown taxonomy (chromosome or plasmid)
barcode02_9Gb	contig_16036	2322	2796	dfrA14_diaminopyrimidine_antibiotic	7	474	474	1.0	Unknown taxonomy (chromosome or plasmid)
barcode02_9Gb	contig_16123	3396	4260	aadS_aminoglycoside_antibiotic	23	864	864	1.0	Unknown taxonomy (chromosome or plasmid)
barcode02_9Gb	contig_16123	5502	6303	ErmF_macrolide_antibiotic;_lincosamide_antibiotic;_streptogramin_antibiotic;_streptogramin_A_antibiotic;_streptogramin_B_antibiotic	22	801	801	1.0	Unknown taxonomy (chromosome or plasmid)
barcode02_9Gb	contig_1628	4158	4998	sul1_sulfonamide_antibiotic	119	840	840	1.0	Unknown taxonomy (chromosome or plasmid)
barcode02_9Gb	contig_1628	4991	5339	qacEdelta1_disinfecting_agents_and_antiseptics	112	348	348	1.0	Unknown taxonomy (chromosome or plasmid)
barcode02_9Gb	contig_1628	5544	6333	aadA5_aminoglycoside_antibiotic	42	789	789	1.0	Unknown taxonomy (chromosome or plasmid)
barcode02_9Gb	contig_1628	6463	7063	dfrA17_diaminopyrimidine_antibiotic	28	600	600	1.0	Unknown taxonomy (chromosome or plasmid)
barcode02_9Gb	contig_1628	9847	10708	SHV-2A_carbapenem;_cephalosporin;_penam	12	861	861	1.0	Unknown taxonomy (chromosome or plasmid)
barcode02_9Gb	contig_16281	496	1378	KPC-2_monobactam;_carbapenem;_cephalosporin;_penam	154	882	882	1.0	Unknown taxonomy (chromosome or plasmid)
barcode02_9Gb	contig_16356	18230	18593	Klebsiella pneumoniae KpnE_macrolide_antibiotic;_aminoglycoside_antibiotic;_cephalosporin;_tetracycline_antibiotic;_peptide_antibiotic;_rifamycin_antibiotic;_disinfecting_agents_and_antiseptics	9	363	363	1.0	Citrobacter freundii (chromosome)
barcode02_9Gb	contig_16356	18579	18909	Klebsiella pneumoniae KpnF_macrolide_antibiotic;_aminoglycoside_antibiotic;_cephalosporin;_tetracycline_antibiotic;_peptide_antibiotic;_rifamycin_antibiotic;_disinfecting_agents_and_antiseptics	10	330	330	1.0	Citrobacter (chromosome)
barcode02_9Gb	contig_16385	4314	5460	vanT gene in vanG cluster_glycopeptide_antibiotic	7	1146	1146	1.0	
barcode02_9Gb	contig_16460	34	895	AAC(3)-IId_aminoglycoside_antibiotic	22	861	861	1.0	Unknown taxonomy (chromosome or plasmid)
barcode02_9Gb	contig_16460	5866	6727	TEM-1_monobactam;_cephalosporin;_penam;_penem	34	861	861	1.0	Unknown taxonomy (chromosome or plasmid)
barcode02_9Gb	contig_16474	3917	4103	rsmA_fluoroquinolone_antibiotic;_diaminopyrimidine_antibiotic;_phenicol_antibiotic	12	186	186	1.0	Enterobacter (chromosome or plasmid)
barcode02_9Gb	contig_16479	13428	14604	oqxA_fluoroquinolone_antibiotic;_glycylcycline;_tetracycline_antibiotic;_diaminopyrimidine_antibiotic;_nitrofuran_antibiotic	12	1176	1176	1.0	Klebsiella quasipneumoniae (chromosome or plasmid)
barcode02_9Gb	contig_1650	913595	914831	vanW gene in vanI cluster_glycopeptide_antibiotic	267	1236	1236	1.0	
barcode02_9Gb	contig_1650	1616834	1617341	nimK_nitroimidazole_antibiotic	304	507	507	1.0	
barcode02_9Gb	contig_1650	1872840	1876032	adeF_fluoroquinolone_antibiotic;_tetracycline_antibiotic	283	3192	3192	1.0	
barcode02_9Gb	contig_1650	2119450	2120560	vanT gene in vanG cluster_glycopeptide_antibiotic	301	1110	1110	1.0	
barcode02_9Gb	contig_16675	33121	33799	kdpE_aminoglycoside_antibiotic	12	678	678	1.0	
barcode02_9Gb	contig_17099	74384	74966	AAC(6')-IIc_aminoglycoside_antibiotic	11	582	582	1.0	Unknown taxonomy (chromosome or plasmid)
barcode02_9Gb	contig_17099	75056	75389	qacL_disinfecting_agents_and_antiseptics	17	333	333	1.0	Unknown taxonomy (chromosome or plasmid)
barcode02_9Gb	contig_1710	505	1003	dfrA12_diaminopyrimidine_antibiotic	30	498	498	1.0	Unknown taxonomy (chromosome or plasmid)
barcode02_9Gb	contig_1710	8210	8990	APH(3')-VIa_aminoglycoside_antibiotic	139	780	780	1.0	Unknown taxonomy (chromosome or plasmid)
barcode02_9Gb	contig_1710	17093	17957	GES-1_carbapenem;_cephalosporin;_penam	80	864	864	1.0	Unknown taxonomy (chromosome or plasmid)
barcode02_9Gb	contig_1710	17998	18649	AAC(6')-Ib9_aminoglycoside_antibiotic	84	651	651	1.0	Unknown taxonomy (chromosome or plasmid)
barcode02_9Gb	contig_1710	19137	19485	qacEdelta1_disinfecting_agents_and_antiseptics	118	348	348	1.0	Unknown taxonomy (chromosome or plasmid)
barcode02_9Gb	contig_1710	19478	20318	sul1_sulfonamide_antibiotic	128	840	840	1.0	Unknown taxonomy (chromosome or plasmid)
barcode02_9Gb	contig_1712	1188	1521	qacE_disinfecting_agents_and_antiseptics	29	333	333	1.0	Unknown taxonomy (chromosome or plasmid)
barcode02_9Gb	contig_17171	246	1416	vanTr gene in vanL cluster_glycopeptide_antibiotic	4	1170	1170	1.0	
barcode02_9Gb	contig_17180	6689	7034	qacG_disinfecting_agents_and_antiseptics	8	345	345	1.0	
barcode02_9Gb	contig_17215	36110	39134	adeF_fluoroquinolone_antibiotic;_tetracycline_antibiotic	4	3024	3024	1.0	
barcode02_9Gb	contig_17374	24259	26008	msbA_nitroimidazole_antibiotic	8	1749	1749	1.0	Citrobacter freundii (chromosome)
barcode02_9Gb	contig_17375	21038	21407	Klebsiella pneumoniae KpnE_macrolide_antibiotic;_aminoglycoside_antibiotic;_cephalosporin;_tetracycline_antibiotic;_peptide_antibiotic;_rifamycin_antibiotic;_disinfecting_agents_and_antiseptics	6	369	369	1.0	
barcode02_9Gb	contig_17375	21399	21729	Klebsiella pneumoniae KpnF_macrolide_antibiotic;_aminoglycoside_antibiotic;_cephalosporin;_tetracycline_antibiotic;_peptide_antibiotic;_rifamycin_antibiotic;_disinfecting_agents_and_antiseptics	6	330	330	1.0	
barcode02_9Gb	contig_17375	60672	61056	marA_fluoroquinolone_antibiotic;_monobactam;_carbapenem;_cephalosporin;_glycylcycline;_cephamycin;_penam;_tetracycline_antibiotic;_rifamycin_antibiotic;_phenicol_antibiotic;_penem;_disinfecting_agents_and_antiseptics	10	384	384	1.0	
barcode02_9Gb	contig_17375	61076	61511	Escherichia coli AcrAB-TolC with MarR mutations conferring resistance to ciprofloxacin and tetracycline_fluoroquinolone_antibiotic;_cephalosporin;_glycylcycline;_penam;_tetracycline_antibiotic;_rifamycin_antibiotic;_phenicol_antibiotic;_disinfecting_agents_and_antiseptics	10	435	435	1.0	
barcode02_9Gb	contig_17466	57364	57793	fosA5_fluoroquinolone_antibiotic;_aminoglycoside_antibiotic;_phosphonic_acid_antibiotic	7	429	429	1.0	
barcode02_9Gb	contig_17591	14068	14263	rsmA_fluoroquinolone_antibiotic;_diaminopyrimidine_antibiotic;_phenicol_antibiotic	13	195	195	1.0	
barcode02_9Gb	contig_17755	51676	53425	msbA_nitroimidazole_antibiotic	5	1749	1749	1.0	Unknown taxonomy (chromosome)
barcode02_9Gb	contig_17788	9185	9515	Klebsiella pneumoniae KpnF_macrolide_antibiotic;_aminoglycoside_antibiotic;_cephalosporin;_tetracycline_antibiotic;_peptide_antibiotic;_rifamycin_antibiotic;_disinfecting_agents_and_antiseptics	10	330	330	1.0	Enterobacter asburiae (no genomic info)
barcode02_9Gb	contig_17841	5906	8256	LptD_carbapenem;_peptide_antibiotic;_aminocoumarin_antibiotic;_rifamycin_antibiotic	7	2350	2350	1.0	Klebsiella (chromosome)
barcode02_9Gb	contig_17887	2281	3469	tet(39)_tetracycline_antibiotic	93	1188	1188	1.0	Unknown taxonomy (plasmid)
barcode02_9Gb	contig_1815	123514	125263	msbA_nitroimidazole_antibiotic	15	1749	1749	1.0	Enterobacter roggenkampii (chromosome)
barcode02_9Gb	contig_18182	3011	4163	vanT gene in vanG cluster_glycopeptide_antibiotic	11	1152	1152	1.0	Faecalibacterium prausnitzii (chromosome)
barcode02_9Gb	contig_18184	34834	36217	mdeA_fluoroquinolone_antibiotic;_aminoglycoside_antibiotic;_penam;_tetracycline_antibiotic;_disinfecting_agents_and_antiseptics	8	1383	1383	1.0	
barcode02_9Gb	contig_18250	14077	15364	efmA_macrolide_antibiotic;_fluoroquinolone_antibiotic	7	1287	1287	1.0	Enterococcus faecium (chromosome)
barcode02_9Gb	contig_18251	21514	22699	Escherichia coli EF-Tu mutants conferring resistance to Pulvomycin_elfamycin_antibiotic	10	1185	1185	1.0	Unknown taxonomy (chromosome)
barcode02_9Gb	contig_18261	3414	4056	catII_phenicol_antibiotic	19	642	642	1.0	Unknown taxonomy (chromosome or plasmid)
barcode02_9Gb	contig_18275	1870	2329	AAC(6')-Il_aminoglycoside_antibiotic	58	459	459	1.0	Unknown taxonomy (chromosome or plasmid)
barcode02_9Gb	contig_18275	2402	3266	GES-1_carbapenem;_cephalosporin;_penam	49	864	864	1.0	Unknown taxonomy (chromosome or plasmid)
barcode02_9Gb	contig_18313	8373	8832	AAC(6')-Il_aminoglycoside_antibiotic	67	459	459	1.0	Unknown taxonomy (chromosome or plasmid)
barcode02_9Gb	contig_18313	8905	9769	GES-1_carbapenem;_cephalosporin;_penam	68	864	864	1.0	Unknown taxonomy (chromosome or plasmid)
barcode02_9Gb	contig_18313	9891	10425	ANT(2'')-Ia_aminoglycoside_antibiotic	57	534	534	1.0	Unknown taxonomy (chromosome or plasmid)
barcode02_9Gb	contig_18313	10540	10888	qacEdelta1_disinfecting_agents_and_antiseptics	81	348	348	1.0	Unknown taxonomy (chromosome or plasmid)
barcode02_9Gb	contig_18313	10881	11721	sul1_sulfonamide_antibiotic	86	840	840	1.0	Unknown taxonomy (chromosome or plasmid)
barcode02_9Gb	contig_18328	680	2324	MCR-5.1_peptide_antibiotic	6	1644	1644	1.0	Unknown taxonomy (chromosome or plasmid)
barcode02_9Gb	contig_18338	2293	3133	sul1_sulfonamide_antibiotic	46	840	840	1.0	Unknown taxonomy (chromosome or plasmid)
barcode02_9Gb	contig_18338	3161	3941	aadA_aminoglycoside_antibiotic	42	780	780	1.0	Unknown taxonomy (chromosome or plasmid)
barcode02_9Gb	contig_18338	4022	4622	AAC(6')-Ib-cr6_fluoroquinolone_antibiotic;_aminoglycoside_antibiotic	40	600	600	1.0	Unknown taxonomy (chromosome or plasmid)
barcode02_9Gb	contig_18390	27265	27631	Klebsiella pneumoniae KpnE_macrolide_antibiotic;_aminoglycoside_antibiotic;_cephalosporin;_tetracycline_antibiotic;_peptide_antibiotic;_rifamycin_antibiotic;_disinfecting_agents_and_antiseptics	35	366	366	1.0	Unknown taxonomy (chromosome or plasmid)
barcode02_9Gb	contig_18390	27617	27947	Klebsiella pneumoniae KpnF_macrolide_antibiotic;_aminoglycoside_antibiotic;_cephalosporin;_tetracycline_antibiotic;_peptide_antibiotic;_rifamycin_antibiotic;_disinfecting_agents_and_antiseptics	36	330	330	1.0	Unknown taxonomy (chromosome or plasmid)
barcode02_9Gb	contig_18424	16715	19907	adeF_fluoroquinolone_antibiotic;_tetracycline_antibiotic	9	3192	3192	1.0	
barcode02_9Gb	contig_18431	17363	20513	acrB_fluoroquinolone_antibiotic;_cephalosporin;_glycylcycline;_penam;_tetracycline_antibiotic;_rifamycin_antibiotic;_phenicol_antibiotic;_disinfecting_agents_and_antiseptics	10	3150	3150	1.0	Citrobacter (chromosome or plasmid)
barcode02_9Gb	contig_18456	32707	35881	adeF_fluoroquinolone_antibiotic;_tetracycline_antibiotic	5	3174	3174	1.0	Unknown taxonomy (chromosome or plasmid)
barcode02_9Gb	contig_18469	11552	12770	tet(E)_tetracycline_antibiotic	11	1218	1218	1.0	Aeromonas (chromosome)
barcode02_9Gb	contig_18542	2466	3309	OXA-58_carbapenem;_penam	18	843	843	1.0	Unknown taxonomy (chromosome or plasmid)
barcode02_9Gb	contig_18628	36924	37455	emrR_fluoroquinolone_antibiotic	32	531	531	1.0	Unknown taxonomy (chromosome)
barcode02_9Gb	contig_18639	74759	75401	ramA_fluoroquinolone_antibiotic;_monobactam;_carbapenem;_cephalosporin;_glycylcycline;_cephamycin;_penam;_tetracycline_antibiotic;_rifamycin_antibiotic;_phenicol_antibiotic;_penem;_disinfecting_agents_and_antiseptics	24	642	642	1.0	Enterobacter (chromosome)
barcode02_9Gb	contig_18640	192611	193313	vanY gene in vanB cluster_glycopeptide_antibiotic	13	702	702	1.0	
barcode02_9Gb	contig_18708	7378	8854	msrE_macrolide_antibiotic;_streptogramin_antibiotic	209	1476	1476	1.0	Unknown taxonomy (chromosome or plasmid)
barcode02_9Gb	contig_18708	8909	9794	mphE_macrolide_antibiotic	220	885	885	1.0	Unknown taxonomy (chromosome or plasmid)
barcode02_9Gb	contig_18749	139893	141126	Escherichia coli mdfA_tetracycline_antibiotic;_disinfecting_agents_and_antiseptics	13	1233	1233	1.0	
barcode02_9Gb	contig_18754	4114	4588	dfrA1_diaminopyrimidine_antibiotic	27	474	474	1.0	Unknown taxonomy (chromosome or plasmid)
barcode02_9Gb	contig_18754	5642	5990	qacEdelta1_disinfecting_agents_and_antiseptics	16	348	348	1.0	Unknown taxonomy (chromosome or plasmid)
barcode02_9Gb	contig_18754	7236	8052	sul2_sulfonamide_antibiotic	26	816	816	1.0	Unknown taxonomy (chromosome or plasmid)
barcode02_9Gb	contig_18762	138227	139460	Escherichia coli mdfA_tetracycline_antibiotic;_disinfecting_agents_and_antiseptics	8	1233	1233	1.0	
barcode02_9Gb	contig_18772	15555	17304	msbA_nitroimidazole_antibiotic	33	1749	1749	1.0	Unknown taxonomy (chromosome)
barcode02_9Gb	contig_18809	2783	3599	sul2_sulfonamide_antibiotic	4	816	816	1.0	Unknown taxonomy (chromosome or plasmid)
barcode02_9Gb	contig_18853	38301	40068	Haemophilus influenzae PBP3 conferring resistance to beta-lactam antibiotics_cephalosporin;_cephamycin;_penam	27	1767	1767	1.0	Enterobacter kobei (chromosome or plasmid)
barcode02_9Gb	contig_18853	46231	47254	leuO_nucleoside_antibiotic;_disinfecting_agents_and_antiseptics	23	1023	1023	1.0	Enterobacter kobei (chromosome)
barcode02_9Gb	contig_18853	233328	233754	FosA2_phosphonic_acid_antibiotic	12	426	426	1.0	Enterobacter kobei (chromosome)
barcode02_9Gb	contig_18857	1278	2118	sul1_sulfonamide_antibiotic	13	840	840	1.0	Unknown taxonomy (chromosome or plasmid)
barcode02_9Gb	contig_18907	54787	55213	FosA2_phosphonic_acid_antibiotic	15	426	426	1.0	Enterobacter (chromosome)
barcode02_9Gb	contig_18940	17746	17914	vanY gene in vanG cluster_glycopeptide_antibiotic	4	168	168	1.0	
barcode02_9Gb	contig_18940	17913	18150	vanY gene in vanB cluster_glycopeptide_antibiotic	3	237	237	1.0	
barcode02_9Gb	contig_18966	28547	29708	vanT gene in vanG cluster_glycopeptide_antibiotic	12	1161	1161	1.0	
barcode02_9Gb	contig_19020	11686	11941	rsmA_fluoroquinolone_antibiotic;_diaminopyrimidine_antibiotic;_phenicol_antibiotic	26	255	255	1.0	
barcode02_9Gb	contig_19021	10424	10679	rsmA_fluoroquinolone_antibiotic;_diaminopyrimidine_antibiotic;_phenicol_antibiotic	18	255	255	1.0	
barcode02_9Gb	contig_19024	18546	19731	Escherichia coli EF-Tu mutants conferring resistance to Pulvomycin_elfamycin_antibiotic	10	1185	1185	1.0	Shewanella putrefaciens (chromosome)
barcode02_9Gb	contig_19075	1658	3197	emrY_tetracycline_antibiotic	29	1539	1539	1.0	Escherichia coli (chromosome or plasmid)
barcode02_9Gb	contig_19075	3196	4252	emrK_tetracycline_antibiotic	34	1056	1056	1.0	Unknown taxonomy (chromosome or plasmid)
barcode02_9Gb	contig_19075	4775	5390	evgA_macrolide_antibiotic;_fluoroquinolone_antibiotic;_penam;_tetracycline_antibiotic	40	615	615	1.0	Unknown taxonomy (chromosome or plasmid)
barcode02_9Gb	contig_19075	5394	8988	evgS_macrolide_antibiotic;_fluoroquinolone_antibiotic;_penam;_tetracycline_antibiotic	34	3594	3594	1.0	Unknown taxonomy (chromosome or plasmid)
barcode02_9Gb	contig_19104	501	1146	QnrB19_fluoroquinolone_antibiotic	67	645	645	1.0	Unknown taxonomy (chromosome or plasmid)
barcode02_9Gb	contig_19145	32705	33935	ErmG_macrolide_antibiotic;_lincosamide_antibiotic;_streptogramin_antibiotic;_streptogramin_A_antibiotic;_streptogramin_B_antibiotic	13	1230	1230	1.0	Unknown taxonomy (chromosome)
barcode02_9Gb	contig_19168	12940	13573	CRP_macrolide_antibiotic;_fluoroquinolone_antibiotic;_penam	72	633	633	1.0	Unknown taxonomy (chromosome or plasmid)
barcode02_9Gb	contig_19168	28363	29548	Escherichia coli EF-Tu mutants conferring resistance to Pulvomycin_elfamycin_antibiotic	22	1185	1185	1.0	Unknown taxonomy (chromosome or plasmid)
barcode02_9Gb	contig_19234	32479	33427	leuO_nucleoside_antibiotic;_disinfecting_agents_and_antiseptics	13	948	948	1.0	Citrobacter freundii (chromosome)
barcode02_9Gb	contig_19234	39541	41308	Haemophilus influenzae PBP3 conferring resistance to beta-lactam antibiotics_cephalosporin;_cephamycin;_penam	14	1767	1767	1.0	Citrobacter (chromosome or plasmid)
barcode02_9Gb	contig_19248	9750	10542	aadA_aminoglycoside_antibiotic	24	792	792	1.0	Unknown taxonomy (chromosome or plasmid)
barcode02_9Gb	contig_19248	10711	11044	qacL_disinfecting_agents_and_antiseptics	20	333	333	1.0	Unknown taxonomy (chromosome or plasmid)
barcode02_9Gb	contig_19248	12223	13015	sul3_sulfonamide_antibiotic	12	792	792	1.0	Unknown taxonomy (chromosome or plasmid)
barcode02_9Gb	contig_19323	6912	7242	qacG_disinfecting_agents_and_antiseptics	10	330	330	1.0	
barcode02_9Gb	contig_19344	46609	47794	Escherichia coli EF-Tu mutants conferring resistance to Pulvomycin_elfamycin_antibiotic	13	1185	1185	1.0	Unknown taxonomy (chromosome)
barcode02_9Gb	contig_19430	35979	36738	vanY gene in vanB cluster_glycopeptide_antibiotic	11	759	759	1.0	
barcode02_9Gb	contig_19442	23000	23657	QnrVC1_fluoroquinolone_antibiotic	21	657	657	1.0	Unknown taxonomy (chromosome or plasmid)
barcode02_9Gb	contig_19442	24487	24961	dfrA6_diaminopyrimidine_antibiotic	14	474	474	1.0	Unknown taxonomy (chromosome or plasmid)
barcode02_9Gb	contig_19482	54751	57829	mdtC_aminocoumarin_antibiotic	13	3078	3078	1.0	Citrobacter amalonaticus (chromosome)
barcode02_9Gb	contig_19537	23153	23498	qacG_disinfecting_agents_and_antiseptics	12	345	345	1.0	Unknown taxonomy (chromosome or plasmid)
barcode02_9Gb	contig_19547	8274	9138	aadS_aminoglycoside_antibiotic	19	864	864	1.0	Unknown taxonomy (chromosome or plasmid)
barcode02_9Gb	contig_1978	965	2156	tet(C)_tetracycline_antibiotic	24	1191	1191	1.0	Unknown taxonomy (chromosome or plasmid)
barcode02_9Gb	contig_1987	244	1084	sul1_sulfonamide_antibiotic	7	840	840	1.0	Unknown taxonomy (chromosome or plasmid)
barcode02_9Gb	contig_1987	2627	3503	OXA-4_cephalosporin;_penam	11	876	876	1.0	Unknown taxonomy (chromosome or plasmid)
barcode02_9Gb	contig_1987	6131	6755	Campylobacter coli chloramphenicol acetyltransferase_phenicol_antibiotic	8	624	624	1.0	Unknown taxonomy (chromosome)
barcode02_9Gb	contig_1987	7696	8476	aadA_aminoglycoside_antibiotic	12	780	780	1.0	Unknown taxonomy (chromosome or plasmid)
barcode02_9Gb	contig_1988	241	1093	sul1_sulfonamide_antibiotic	7	852	852	1.0	Unknown taxonomy (chromosome or plasmid)
barcode02_9Gb	contig_1988	4478	5378	TLA-3_monobactam;_cephalosporin	8	900	900	1.0	Enterobacter hormaechei (no genomic info)
barcode02_9Gb	contig_1995	138077	138710	CRP_macrolide_antibiotic;_fluoroquinolone_antibiotic;_penam	18	633	633	1.0	Citrobacter (chromosome)
barcode02_9Gb	contig_1995	157057	158242	Escherichia coli EF-Tu mutants conferring resistance to Pulvomycin_elfamycin_antibiotic	34	1185	1185	1.0	Citrobacter (chromosome or plasmid)
barcode02_9Gb	contig_2096	51625	54781	adeF_fluoroquinolone_antibiotic;_tetracycline_antibiotic	27	3156	3156	1.0	
barcode02_9Gb	contig_2305	226159	229309	adeF_fluoroquinolone_antibiotic;_tetracycline_antibiotic	119	3150	3150	1.0	Aeromonas caviae (chromosome or plasmid)
barcode02_9Gb	contig_2444	330053	332048	lmrD_lincosamide_antibiotic	16	1995	1995	1.0	
barcode02_9Gb	contig_2444	2156802	2157549	vanY gene in vanG cluster_glycopeptide_antibiotic	23	747	747	1.0	
barcode02_9Gb	contig_2447	1483	2623	tet(X4)_glycylcycline;_tetracycline_antibiotic	6	1140	1140	1.0	Unknown taxonomy (chromosome or plasmid)
barcode02_9Gb	contig_2447	3013	4240	EreD_macrolide_antibiotic	10	1227	1227	1.0	Unknown taxonomy (chromosome or plasmid)
barcode02_9Gb	contig_2447	4923	5787	aadS_aminoglycoside_antibiotic	17	864	864	1.0	Unknown taxonomy (chromosome or plasmid)
barcode02_9Gb	contig_2552	73617	74751	EC-13_cephalosporin	65	1134	1134	1.0	Unknown taxonomy (chromosome or plasmid)
barcode02_9Gb	contig_260	5294	6050	TEM-216_monobactam;_cephalosporin;_penam;_penem	19	756	756	1.0	Unknown taxonomy (chromosome or plasmid)
barcode02_9Gb	contig_2600	123416	123761	qacG_disinfecting_agents_and_antiseptics	7	345	345	1.0	
barcode02_9Gb	contig_2649	52738	53533	OXA-917_carbapenem;_penam	12	795	795	1.0	Klebsiella pneumoniae (no genomic info)
barcode02_9Gb	contig_2657	20973	24084	adeB_glycylcycline;_tetracycline_antibiotic	37	3111	3111	1.0	Acinetobacter baumannii (no genomic info)
barcode02_9Gb	contig_2701	50291	50546	rsmA_fluoroquinolone_antibiotic;_diaminopyrimidine_antibiotic;_phenicol_antibiotic	517	255	255	1.0	
barcode02_9Gb	contig_2786	10517	11174	QnrVC1_fluoroquinolone_antibiotic	48	657	657	1.0	Unknown taxonomy (chromosome or plasmid)
barcode02_9Gb	contig_2786	11332	11806	dfrA6_diaminopyrimidine_antibiotic	42	474	474	1.0	Unknown taxonomy (chromosome or plasmid)
barcode02_9Gb	contig_2839	21910	22384	dfrA14_diaminopyrimidine_antibiotic	5	474	474	1.0	Unknown taxonomy (chromosome or plasmid)
barcode02_9Gb	contig_29	119617	120832	floR_phenicol_antibiotic	35	1215	1215	1.0	Unknown taxonomy (chromosome or plasmid)
barcode02_9Gb	contig_2916	47772	49287	aadT_macrolide_antibiotic;_tetracycline_antibiotic;_disinfecting_agents_and_antiseptics	22	1515	1515	1.0	
barcode02_9Gb	contig_2932	17664	19140	msrE_macrolide_antibiotic;_streptogramin_antibiotic	26	1476	1476	1.0	Unknown taxonomy (chromosome or plasmid)
barcode02_9Gb	contig_2932	19195	20080	mphE_macrolide_antibiotic	30	885	885	1.0	Unknown taxonomy (chromosome or plasmid)
barcode02_9Gb	contig_2935	23937	24781	OXA-58_carbapenem;_penam	20	844	844	1.0	Unknown taxonomy (chromosome or plasmid)
barcode02_9Gb	contig_2935	25738	26926	tet(39)_tetracycline_antibiotic	72	1188	1188	1.0	Unknown taxonomy (plasmid)
barcode02_9Gb	contig_2958	167367	168525	mdtE_macrolide_antibiotic;_fluoroquinolone_antibiotic;_penam	57	1158	1158	1.0	Unknown taxonomy (chromosome)
barcode02_9Gb	contig_2958	168549	171663	mdtF_macrolide_antibiotic;_fluoroquinolone_antibiotic;_penam	58	3114	3114	1.0	Escherichia coli (chromosome)
barcode02_9Gb	contig_2958	172025	172754	gadW_macrolide_antibiotic;_fluoroquinolone_antibiotic;_penam	55	729	729	1.0	Escherichia coli (chromosome)
barcode02_9Gb	contig_2958	173121	173946	gadX_macrolide_antibiotic;_fluoroquinolone_antibiotic;_penam	55	825	825	1.0	Unknown taxonomy (chromosome)
barcode02_9Gb	contig_2958	361967	362591	tetR_tetracycline_antibiotic	50	624	624	1.0	Unknown taxonomy (chromosome or plasmid)
barcode02_9Gb	contig_2958	362672	363878	tet(B)_tetracycline_antibiotic	48	1206	1206	1.0	Unknown taxonomy (chromosome or plasmid)
barcode02_9Gb	contig_2992	344053	346585	vanT gene in vanG cluster_glycopeptide_antibiotic	132	2532	2532	1.0	
barcode02_9Gb	contig_2993	49409	51065	ArnT_peptide_antibiotic	25	1656	1656	1.0	Enterobacter kobei (chromosome)
barcode02_9Gb	contig_2993	125502	126135	CRP_macrolide_antibiotic;_fluoroquinolone_antibiotic;_penam	28	633	633	1.0	Enterobacter (chromosome or plasmid)
barcode02_9Gb	contig_2993	149274	150459	Escherichia coli EF-Tu mutants conferring resistance to Pulvomycin_elfamycin_antibiotic	43	1185	1185	1.0	Enterobacter kobei (chromosome or plasmid)
barcode02_9Gb	contig_3012	52504	55618	acrD_aminoglycoside_antibiotic	18	3114	3114	1.0	Enterobacter (chromosome)
barcode02_9Gb	contig_3012	156972	158067	vanG_glycopeptide_antibiotic	44	1095	1095	1.0	Unknown taxonomy (chromosome or plasmid)
barcode02_9Gb	contig_3012	240625	243775	acrB_fluoroquinolone_antibiotic;_cephalosporin;_glycylcycline;_penam;_tetracycline_antibiotic;_rifamycin_antibiotic;_phenicol_antibiotic;_disinfecting_agents_and_antiseptics	24	3150	3150	1.0	Unknown taxonomy (chromosome or plasmid)
barcode02_9Gb	contig_3012	243797	244991	Escherichia coli acrA_fluoroquinolone_antibiotic;_cephalosporin;_glycylcycline;_penam;_tetracycline_antibiotic;_rifamycin_antibiotic;_phenicol_antibiotic;_disinfecting_agents_and_antiseptics	34	1194	1194	1.0	Unknown taxonomy (chromosome or plasmid)
barcode02_9Gb	contig_3012	245132	245780	Escherichia coli AcrAB-TolC with AcrR mutation conferring resistance to ciprofloxacin, tetracycline, and ceftazidime_fluoroquinolone_antibiotic;_cephalosporin;_glycylcycline;_penam;_tetracycline_antibiotic;_rifamycin_antibiotic;_phenicol_antibiotic;_disinfecting_agents_and_antiseptics	33	648	648	1.0	Unknown taxonomy (chromosome or plasmid)
barcode02_9Gb	contig_3063	31520	32837	Acinetobacter baumannii AbaQ_fluoroquinolone_antibiotic	19	1317	1317	1.0	
barcode02_9Gb	contig_3070	289744	291199	adeK_macrolide_antibiotic;_fluoroquinolone_antibiotic;_lincosamide_antibiotic;_carbapenem;_cephalosporin;_tetracycline_antibiotic;_rifamycin_antibiotic;_diaminopyrimidine_antibiotic;_phenicol_antibiotic;_penem	96	1455	1455	1.0	Acinetobacter baumannii (chromosome or plasmid)
barcode02_9Gb	contig_3070	291198	294375	adeJ_macrolide_antibiotic;_fluoroquinolone_antibiotic;_lincosamide_antibiotic;_carbapenem;_cephalosporin;_tetracycline_antibiotic;_rifamycin_antibiotic;_diaminopyrimidine_antibiotic;_phenicol_antibiotic;_penem	86	3177	3177	1.0	Acinetobacter baumannii (chromosome or plasmid)
barcode02_9Gb	contig_3070	294387	295638	adeI_macrolide_antibiotic;_fluoroquinolone_antibiotic;_lincosamide_antibiotic;_carbapenem;_cephalosporin;_tetracycline_antibiotic;_rifamycin_antibiotic;_diaminopyrimidine_antibiotic;_phenicol_antibiotic;_penem	83	1251	1251	1.0	Acinetobacter baumannii (chromosome or plasmid)
barcode02_9Gb	contig_3070	644794	645946	ADC-154_cephalosporin	51	1152	1152	1.0	Acinetobacter baumannii (chromosome or plasmid)
barcode02_9Gb	contig_31	8453	9257	APH(3'')-Ib_aminoglycoside_antibiotic	115	804	804	1.0	Unknown taxonomy (chromosome or plasmid)
barcode02_9Gb	contig_31	9256	10093	APH(6)-Id_aminoglycoside_antibiotic	113	837	837	1.0	Unknown taxonomy (chromosome or plasmid)
barcode02_9Gb	contig_31	12357	13833	msrE_macrolide_antibiotic;_streptogramin_antibiotic	201	1476	1476	1.0	Unknown taxonomy (chromosome or plasmid)
barcode02_9Gb	contig_31	13888	14773	mphE_macrolide_antibiotic	210	885	885	1.0	Unknown taxonomy (chromosome or plasmid)
barcode02_9Gb	contig_3101	40957	42613	ArnT_peptide_antibiotic	12	1656	1656	1.0	Escherichia coli (no genomic info)
barcode02_9Gb	contig_3101	45493	46474	PmrF_peptide_antibiotic	15	981	981	1.0	
barcode02_9Gb	contig_3101	612542	613727	Escherichia coli EF-Tu mutants conferring resistance to Pulvomycin_elfamycin_antibiotic	27	1185	1185	1.0	Unknown taxonomy (chromosome or plasmid)
barcode02_9Gb	contig_3108	7676	8861	Escherichia coli EF-Tu mutants conferring resistance to Pulvomycin_elfamycin_antibiotic	88	1185	1185	1.0	Unknown taxonomy (chromosome or plasmid)
barcode02_9Gb	contig_3109	22589	23735	MIR-16_monobactam;_cephalosporin	19	1146	1146	1.0	Enterobacter (chromosome)
barcode02_9Gb	contig_3115	11451	14565	adeF_fluoroquinolone_antibiotic;_tetracycline_antibiotic	26	3114	3114	1.0	Enterobacter kobei (chromosome)
barcode02_9Gb	contig_3119	28733	28988	FosA8_phosphonic_acid_antibiotic	11	255	255	1.0	Klebsiella pneumoniae (chromosome or plasmid)
barcode02_9Gb	contig_3121	32830	33274	fosA5_fluoroquinolone_antibiotic;_aminoglycoside_antibiotic;_phosphonic_acid_antibiotic	15	444	444	1.0	Klebsiella (chromosome or plasmid)
barcode02_9Gb	contig_3124	7396	8581	Escherichia coli EF-Tu mutants conferring resistance to Pulvomycin_elfamycin_antibiotic	21	1185	1185	1.0	Klebsiella michiganensis (chromosome or plasmid)
barcode02_9Gb	contig_3127	64513	65887	cpxA_aminoglycoside_antibiotic;_aminocoumarin_antibiotic	15	1374	1374	1.0	
barcode02_9Gb	contig_3128	66366	66999	CRP_macrolide_antibiotic;_fluoroquinolone_antibiotic;_penam	13	633	633	1.0	Unknown taxonomy (chromosome)
barcode02_9Gb	contig_3128	90311	91496	Escherichia coli EF-Tu mutants conferring resistance to Pulvomycin_elfamycin_antibiotic	29	1185	1185	1.0	Unknown taxonomy (chromosome or plasmid)
barcode02_9Gb	contig_3140	28187	29372	Escherichia coli EF-Tu mutants conferring resistance to Pulvomycin_elfamycin_antibiotic	67	1185	1185	1.0	Enterobacter (chromosome or plasmid)
barcode02_9Gb	contig_3140	180125	181517	Escherichia coli UhpT with mutation conferring resistance to fosfomycin_phosphonic_acid_antibiotic	12	1392	1392	1.0	Enterobacter kobei (chromosome or plasmid)
barcode02_9Gb	contig_3149	27926	29111	Escherichia coli EF-Tu mutants conferring resistance to Pulvomycin_elfamycin_antibiotic	22	1185	1185	1.0	Unknown taxonomy (chromosome or plasmid)
barcode02_9Gb	contig_3149	44161	44794	CRP_macrolide_antibiotic;_fluoroquinolone_antibiotic;_penam	9	633	633	1.0	Klebsiella pneumoniae (chromosome)
barcode02_9Gb	contig_3149	154166	155822	ArnT_peptide_antibiotic	14	1656	1656	1.0	Klebsiella pneumoniae (chromosome)
barcode02_9Gb	contig_3149	158702	159686	PmrF_peptide_antibiotic	10	984	984	1.0	
barcode02_9Gb	contig_3149	234397	236071	eptB_peptide_antibiotic	12	1674	1674	1.0	Klebsiella (chromosome)
barcode02_9Gb	contig_3154	78290	79682	Escherichia coli UhpT with mutation conferring resistance to fosfomycin_phosphonic_acid_antibiotic	8	1392	1392	1.0	Citrobacter freundii (chromosome or plasmid)
barcode02_9Gb	contig_32	1608	2775	tet(X3)_glycylcycline;_tetracycline_antibiotic	8	1167	1167	1.0	Unknown taxonomy (chromosome or plasmid)
barcode02_9Gb	contig_32	12635	14111	msrE_macrolide_antibiotic;_streptogramin_antibiotic	153	1476	1476	1.0	Unknown taxonomy (chromosome or plasmid)
barcode02_9Gb	contig_32	14166	15051	mphE_macrolide_antibiotic	125	885	885	1.0	Unknown taxonomy (chromosome or plasmid)
barcode02_9Gb	contig_33	46	946	VEB-1_monobactam;_cephalosporin	13	900	900	1.0	Unknown taxonomy (chromosome or plasmid)
barcode02_9Gb	contig_33	1090	1624	ANT(2'')-Ia_aminoglycoside_antibiotic	19	534	534	1.0	Unknown taxonomy (chromosome or plasmid)
barcode02_9Gb	contig_33	3016	4492	msrE_macrolide_antibiotic;_streptogramin_antibiotic	59	1476	1476	1.0	Unknown taxonomy (chromosome or plasmid)
barcode02_9Gb	contig_33	4547	5432	mphE_macrolide_antibiotic	52	885	885	1.0	Unknown taxonomy (chromosome or plasmid)
barcode02_9Gb	contig_33	12347	13562	floR_phenicol_antibiotic	24	1215	1215	1.0	Unknown taxonomy (chromosome or plasmid)
barcode02_9Gb	contig_33	14161	15361	tet(A)_tetracycline_antibiotic	16	1200	1200	1.0	Unknown taxonomy (chromosome or plasmid)
barcode02_9Gb	contig_33	20366	21161	APH(3')-IIa_aminoglycoside_antibiotic	12	795	795	1.0	Unknown taxonomy (chromosome or plasmid)
barcode02_9Gb	contig_33	23982	24399	FosA3_phosphonic_acid_antibiotic	9	417	417	1.0	Unknown taxonomy (chromosome or plasmid)
barcode02_9Gb	contig_33	25544	26282	TEM-244_monobactam;_cephalosporin;_penam;_penem	8	738	738	1.0	Unknown taxonomy (chromosome or plasmid)
barcode02_9Gb	contig_33	27063	27939	CTX-M-55_cephalosporin	15	876	876	1.0	Unknown taxonomy (chromosome or plasmid)
barcode02_9Gb	contig_3360	1118966	1120298	vanW gene in vanI cluster_glycopeptide_antibiotic	26	1332	1332	1.0	
barcode02_9Gb	contig_3360	1219339	1222480	adeF_fluoroquinolone_antibiotic;_tetracycline_antibiotic	20	3141	3141	1.0	
barcode02_9Gb	contig_3360	1416769	1417882	vanT gene in vanG cluster_glycopeptide_antibiotic	18	1113	1113	1.0	
barcode02_9Gb	contig_3360	2358090	2359467	vanW gene in vanI cluster_glycopeptide_antibiotic	14	1377	1377	1.0	
barcode02_9Gb	contig_3397	3071	4511	AAC(6')-Ie-APH(2'')-Ia bifunctional protein_aminoglycoside_antibiotic	18	1440	1440	1.0	Unknown taxonomy (chromosome or plasmid)
barcode02_9Gb	contig_3397	5359	6619	EreB_macrolide_antibiotic	21	1260	1260	1.0	
barcode02_9Gb	contig_3400	19026	20286	EreB_macrolide_antibiotic	26	1260	1260	1.0	
barcode02_9Gb	contig_3429	203902	204157	rsmA_fluoroquinolone_antibiotic;_diaminopyrimidine_antibiotic;_phenicol_antibiotic	15	255	255	1.0	
barcode02_9Gb	contig_3457	91269	92430	vanL_glycopeptide_antibiotic	13	1161	1161	1.0	
barcode02_9Gb	contig_3494	28710	30021	Acinetobacter baumannii AbaQ_fluoroquinolone_antibiotic	4	1311	1311	1.0	Acinetobacter lwoffii (chromosome)
barcode02_9Gb	contig_35	107	896	ANT(3'')-IIa_aminoglycoside_antibiotic	31	789	789	1.0	Acinetobacter (chromosome or plasmid)
barcode02_9Gb	contig_35	6001	6817	sul2_sulfonamide_antibiotic	81	816	816	1.0	Unknown taxonomy (chromosome or plasmid)
barcode02_9Gb	contig_3514	20692	22612	tet(O)_tetracycline_antibiotic	51	1920	1920	1.0	Unknown taxonomy (chromosome or plasmid)
barcode02_9Gb	contig_3517	33686	35606	tet(O)_tetracycline_antibiotic	51	1920	1920	1.0	Unknown taxonomy (chromosome or plasmid)
barcode02_9Gb	contig_3525	1312359	1312689	qacG_disinfecting_agents_and_antiseptics	17	330	330	1.0	
barcode02_9Gb	contig_3525	1472259	1473006	vanY gene in vanG cluster_glycopeptide_antibiotic	25	747	747	1.0	
barcode02_9Gb	contig_3525	2130934	2132929	lmrD_lincosamide_antibiotic	17	1995	1995	1.0	
barcode02_9Gb	contig_3526	6269	7106	APH(6)-Id_aminoglycoside_antibiotic	55	837	837	1.0	Unknown taxonomy (chromosome or plasmid)
barcode02_9Gb	contig_3530	12551	12806	rsmA_fluoroquinolone_antibiotic;_diaminopyrimidine_antibiotic;_phenicol_antibiotic	56	255	255	1.0	
barcode02_9Gb	contig_3531	10709	10964	rsmA_fluoroquinolone_antibiotic;_diaminopyrimidine_antibiotic;_phenicol_antibiotic	27	255	255	1.0	
barcode02_9Gb	contig_3551	22932	24117	Escherichia coli EF-Tu mutants conferring resistance to Pulvomycin_elfamycin_antibiotic	58	1185	1185	1.0	Enterobacter (chromosome or plasmid)
barcode02_9Gb	contig_3551	163344	164736	Escherichia coli UhpT with mutation conferring resistance to fosfomycin_phosphonic_acid_antibiotic	13	1392	1392	1.0	Enterobacter roggenkampii (chromosome or plasmid)
barcode02_9Gb	contig_3584	101723	102254	emrR_fluoroquinolone_antibiotic	19	531	531	1.0	Enterobacter kobei (chromosome or plasmid)
barcode02_9Gb	contig_3584	102380	103553	emrA_fluoroquinolone_antibiotic	17	1173	1173	1.0	
barcode02_9Gb	contig_3584	103569	105117	emrB_fluoroquinolone_antibiotic	16	1548	1548	1.0	Enterobacter kobei (chromosome or plasmid)
barcode02_9Gb	contig_3584	112160	112346	rsmA_fluoroquinolone_antibiotic;_diaminopyrimidine_antibiotic;_phenicol_antibiotic	25	186	186	1.0	Enterobacter (chromosome or plasmid)
barcode02_9Gb	contig_3706	16084	16912	OXA-2_carbapenem;_cephalosporin;_penam	32	828	828	1.0	Unknown taxonomy (chromosome or plasmid)
barcode02_9Gb	contig_3706	17873	18701	OXA-2_carbapenem;_cephalosporin;_penam	18	828	828	1.0	Unknown taxonomy (chromosome or plasmid)
barcode02_9Gb	contig_3753	5661	6489	OXA-253_carbapenem;_penam	23	828	828	1.0	Acinetobacter baumannii (chromosome)
barcode02_9Gb	contig_3791	15046	18211	adeF_fluoroquinolone_antibiotic;_tetracycline_antibiotic	52	3165	3165	1.0	Acinetobacter (chromosome or plasmid)
barcode02_9Gb	contig_3892	13178	13544	qacG_disinfecting_agents_and_antiseptics	377	366	366	1.0	Acinetobacter johnsonii (chromosome)
barcode02_9Gb	contig_3904	1959	2325	qacG_disinfecting_agents_and_antiseptics	16	366	366	1.0	Acinetobacter johnsonii (chromosome)
barcode02_9Gb	contig_4003	6534	7908	cpxA_aminoglycoside_antibiotic;_aminocoumarin_antibiotic	56	1374	1374	1.0	Unknown taxonomy (chromosome or plasmid)
barcode02_9Gb	contig_4007	57100	57424	Escherichia coli soxS with mutation conferring antibiotic resistance_fluoroquinolone_antibiotic;_monobactam;_carbapenem;_cephalosporin;_glycylcycline;_cephamycin;_penam;_tetracycline_antibiotic;_rifamycin_antibiotic;_phenicol_antibiotic;_penem;_disinfecting_agents_and_antiseptics	9	324	324	1.0	Citrobacter freundii (chromosome)
barcode02_9Gb	contig_4092	1815	3009	Enterobacter cloacae acrA_fluoroquinolone_antibiotic;_cephalosporin;_glycylcycline;_penam;_tetracycline_antibiotic;_rifamycin_antibiotic;_phenicol_antibiotic;_disinfecting_agents_and_antiseptics	11	1194	1194	1.0	Enterobacter (chromosome)
barcode02_9Gb	contig_4092	3031	6178	acrB_fluoroquinolone_antibiotic;_cephalosporin;_glycylcycline;_penam;_tetracycline_antibiotic;_rifamycin_antibiotic;_phenicol_antibiotic;_disinfecting_agents_and_antiseptics	18	3147	3147	1.0	Enterobacter (chromosome)
barcode02_9Gb	contig_4141	16524	17391	APH(6)-Id_aminoglycoside_antibiotic	9	867	867	1.0	Unknown taxonomy (chromosome or plasmid)
barcode02_9Gb	contig_4191	5041	5869	OXA-253_carbapenem;_penam	47	828	828	1.0	Acinetobacter baumannii (chromosome)
barcode02_9Gb	contig_4192	92	920	OXA-253_carbapenem;_penam	40	828	828	1.0	Acinetobacter baumannii (chromosome)
barcode02_9Gb	contig_4249	25043	28220	adeF_fluoroquinolone_antibiotic;_tetracycline_antibiotic	59	3177	3177	1.0	Unknown taxonomy (chromosome)
barcode02_9Gb	contig_4284	24675	25077	FosA8_phosphonic_acid_antibiotic	136	402	402	1.0	Aeromonas caviae (chromosome or plasmid)
barcode02_9Gb	contig_4321	176615	177800	Escherichia coli EF-Tu mutants conferring resistance to Pulvomycin_elfamycin_antibiotic	182	1185	1185	1.0	Aeromonas caviae (chromosome or plasmid)
barcode02_9Gb	contig_4321	195820	197005	Escherichia coli EF-Tu mutants conferring resistance to Pulvomycin_elfamycin_antibiotic	155	1185	1185	1.0	Aeromonas caviae (chromosome or plasmid)
barcode02_9Gb	contig_4336	29308	29722	H-NS_macrolide_antibiotic;_fluoroquinolone_antibiotic;_cephalosporin;_cephamycin;_penam;_tetracycline_antibiotic	7	414	414	1.0	Citrobacter freundii (chromosome)
barcode02_9Gb	contig_4347	11119	11962	OXA-726_penam	30	843	843	1.0	Aeromonas hydrophila (chromosome)
barcode02_9Gb	contig_4384	33332	34226	ErmF_macrolide_antibiotic;_lincosamide_antibiotic;_streptogramin_antibiotic;_streptogramin_A_antibiotic;_streptogramin_B_antibiotic	29	894	894	1.0	Unknown taxonomy (chromosome or plasmid)
barcode02_9Gb	contig_4384	34438	35575	tet(X)_glycylcycline;_tetracycline_antibiotic	23	1137	1137	1.0	Unknown taxonomy (chromosome or plasmid)
barcode02_9Gb	contig_4384	36312	38238	tet(Q)_tetracycline_antibiotic	17	1926	1926	1.0	Unknown taxonomy (chromosome)
barcode02_9Gb	contig_4422	704	1529	OXA-644_carbapenem;_penam	154	825	825	1.0	Acinetobacter johnsonii (chromosome)
barcode02_9Gb	contig_450	1	298	qacJ_disinfecting_agents_and_antiseptics	11	297	297	1.0	Unknown taxonomy (chromosome or plasmid)
barcode02_9Gb	contig_450	414	1260	aadA11_aminoglycoside_antibiotic	16	846	846	1.0	Unknown taxonomy (chromosome or plasmid)
barcode02_9Gb	contig_4584	1110	1947	APH(6)-Id_aminoglycoside_antibiotic	10	837	837	1.0	Unknown taxonomy (chromosome or plasmid)
barcode02_9Gb	contig_4584	1946	2855	APH(3'')-Ib_aminoglycoside_antibiotic	7	909	909	1.0	Acinetobacter (chromosome or plasmid)
barcode02_9Gb	contig_4754	6201	6675	dfrF_diaminopyrimidine_antibiotic	20	474	474	1.0	Unknown taxonomy (chromosome or plasmid)
barcode02_9Gb	contig_50	13181	13787	AAC(6')-Ib9_aminoglycoside_antibiotic	36	606	606	1.0	Unknown taxonomy (chromosome or plasmid)
barcode02_9Gb	contig_50	13868	14645	aadA_aminoglycoside_antibiotic	31	777	777	1.0	Unknown taxonomy (chromosome or plasmid)
barcode02_9Gb	contig_50	14704	15529	OXA-9_penam	26	825	825	1.0	Unknown taxonomy (chromosome or plasmid)
barcode02_9Gb	contig_50	16228	17089	TEM-1_monobactam;_cephalosporin;_penam;_penem	43	861	861	1.0	Unknown taxonomy (chromosome or plasmid)
barcode02_9Gb	contig_50	18049	18934	mphE_macrolide_antibiotic	109	885	885	1.0	Unknown taxonomy (chromosome or plasmid)
barcode02_9Gb	contig_50	27632	28448	sul2_sulfonamide_antibiotic	66	816	816	1.0	Unknown taxonomy (chromosome or plasmid)
barcode02_9Gb	contig_50	30500	31715	floR_phenicol_antibiotic	24	1215	1215	1.0	Unknown taxonomy (chromosome or plasmid)
barcode02_9Gb	contig_5013	2358	3537	cmx_phenicol_antibiotic	5	1179	1179	1.0	Unknown taxonomy (chromosome or plasmid)
barcode02_9Gb	contig_5015	3066	3699	AAC(6')-Ib9_aminoglycoside_antibiotic	32	633	633	1.0	Unknown taxonomy (chromosome or plasmid)
barcode02_9Gb	contig_5015	3974	4631	QnrVC4_fluoroquinolone_antibiotic	26	657	657	1.0	Unknown taxonomy (chromosome or plasmid)
barcode02_9Gb	contig_5015	4713	5352	AAC(6')-Ib8_aminoglycoside_antibiotic	27	639	639	1.0	Unknown taxonomy (chromosome or plasmid)
barcode02_9Gb	contig_5015	6110	6743	catB3_phenicol_antibiotic	15	633	633	1.0	Unknown taxonomy (chromosome or plasmid)
barcode02_9Gb	contig_5021	128255	129119	GES-1_carbapenem;_cephalosporin;_penam	41	864	864	1.0	Unknown taxonomy (chromosome or plasmid)
barcode02_9Gb	contig_5021	129241	129775	ANT(2'')-Ia_aminoglycoside_antibiotic	26	534	534	1.0	Unknown taxonomy (chromosome or plasmid)
barcode02_9Gb	contig_5072	64902	65793	CblA-1_cephalosporin	4	891	891	1.0	Phocaeicola dorei (no genomic info)
barcode02_9Gb	contig_5072	65930	69044	adeF_fluoroquinolone_antibiotic;_tetracycline_antibiotic	7	3114	3114	1.0	
barcode02_9Gb	contig_5087	41842	42652	vanW gene in vanG cluster_glycopeptide_antibiotic	11	810	810	1.0	
barcode02_9Gb	contig_5137	5808	6153	qacG_disinfecting_agents_and_antiseptics	17	345	345	1.0	Unknown taxonomy (chromosome or plasmid)
barcode02_9Gb	contig_5169	23818	24646	OXA-253_carbapenem;_penam	82	828	828	1.0	Acinetobacter baumannii (chromosome)
barcode02_9Gb	contig_5184	2075	2903	OXA-253_carbapenem;_penam	51	828	828	1.0	Acinetobacter baumannii (chromosome)
barcode02_9Gb	contig_5225	48213	49752	emrY_tetracycline_antibiotic	34	1539	1539	1.0	Unknown taxonomy (chromosome or plasmid)
barcode02_9Gb	contig_5225	49751	50807	emrK_tetracycline_antibiotic	38	1056	1056	1.0	Unknown taxonomy (chromosome or plasmid)
barcode02_9Gb	contig_5225	51330	51945	evgA_macrolide_antibiotic;_fluoroquinolone_antibiotic;_penam;_tetracycline_antibiotic	41	615	615	1.0	Unknown taxonomy (chromosome or plasmid)
barcode02_9Gb	contig_5226	7789	9328	emrY_tetracycline_antibiotic	33	1539	1539	1.0	Unknown taxonomy (chromosome or plasmid)
barcode02_9Gb	contig_5226	10907	11522	evgA_macrolide_antibiotic;_fluoroquinolone_antibiotic;_penam;_tetracycline_antibiotic	38	615	615	1.0	Unknown taxonomy (chromosome or plasmid)
barcode02_9Gb	contig_5243	10531	11683	MOX-13_cephalosporin;_cephamycin;_penam	121	1152	1152	1.0	Aeromonas caviae (chromosome or plasmid)
barcode02_9Gb	contig_5265	9600	9786	rsmA_fluoroquinolone_antibiotic;_diaminopyrimidine_antibiotic;_phenicol_antibiotic	22	186	186	1.0	Enterobacter (chromosome or plasmid)
barcode02_9Gb	contig_5448	7322	7895	AAC(6')-Ian_aminoglycoside_antibiotic	25	573	573	1.0	Unknown taxonomy (chromosome or plasmid)
barcode02_9Gb	contig_5448	10550	11477	PER-12_monobactam;_carbapenem;_cephalosporin;_penam;_penem	34	927	927	1.0	Unknown taxonomy (chromosome or plasmid)
barcode02_9Gb	contig_5448	17038	17548	dfrA8_diaminopyrimidine_antibiotic	19	510	510	1.0	Unknown taxonomy (chromosome or plasmid)
barcode02_9Gb	contig_5448	18989	19784	APH(3'')-Ib_aminoglycoside_antibiotic	19	795	795	1.0	Unknown taxonomy (chromosome or plasmid)
barcode02_9Gb	contig_5448	19979	20921	APH(3'')-Ib_aminoglycoside_antibiotic	47	942	942	1.0	Pseudomonas aeruginosa (chromosome or plasmid)
barcode02_9Gb	contig_5448	20920	21757	APH(6)-Id_aminoglycoside_antibiotic	63	837	837	1.0	Unknown taxonomy (chromosome or plasmid)
barcode02_9Gb	contig_5540	43973	44873	VEB-1_monobactam;_cephalosporin	28	900	900	1.0	Unknown taxonomy (chromosome or plasmid)
barcode02_9Gb	contig_5540	45017	45551	ANT(2'')-Ia_aminoglycoside_antibiotic	21	534	534	1.0	Unknown taxonomy (chromosome or plasmid)
barcode02_9Gb	contig_5540	46044	47304	cmlA5_phenicol_antibiotic	37	1260	1260	1.0	Unknown taxonomy (chromosome or plasmid)
barcode02_9Gb	contig_5540	47568	48369	OXA-10_cephalosporin;_penam	36	801	801	1.0	Unknown taxonomy (chromosome or plasmid)
barcode02_9Gb	contig_5540	48361	49177	aadA_aminoglycoside_antibiotic	46	816	816	1.0	Unknown taxonomy (chromosome or plasmid)
barcode02_9Gb	contig_5540	49340	49688	qacEdelta1_disinfecting_agents_and_antiseptics	48	348	348	1.0	Unknown taxonomy (chromosome or plasmid)
barcode02_9Gb	contig_5540	49681	50521	sul1_sulfonamide_antibiotic	50	840	840	1.0	Unknown taxonomy (chromosome or plasmid)
barcode02_9Gb	contig_5540	53659	54220	dfrA23_diaminopyrimidine_antibiotic	11	561	561	1.0	Unknown taxonomy (chromosome or plasmid)
barcode02_9Gb	contig_5543	8864	11966	adeF_fluoroquinolone_antibiotic;_tetracycline_antibiotic	10	3102	3102	1.0	Phocaeicola (chromosome)
barcode02_9Gb	contig_5570	3141	3684	SAT-4_nucleoside_antibiotic	9	543	543	1.0	Unknown taxonomy (chromosome or plasmid)
barcode02_9Gb	contig_5570	3776	4571	APH(3')-IIIa_aminoglycoside_antibiotic	16	795	795	1.0	Unknown taxonomy (chromosome or plasmid)
barcode02_9Gb	contig_5571	9084	11004	tet(W)_tetracycline_antibiotic	40	1920	1920	1.0	Trueperella pyogenes (chromosome or plasmid)
barcode02_9Gb	contig_5581	42208	43069	TEM-1_monobactam;_cephalosporin;_penam;_penem	28	861	861	1.0	Unknown taxonomy (chromosome or plasmid)
barcode02_9Gb	contig_5605	22684	23179	dfrF_diaminopyrimidine_antibiotic	18	495	495	1.0	Unknown taxonomy (chromosome or plasmid)
barcode02_9Gb	contig_5605	27953	28679	vanY gene in vanB cluster_glycopeptide_antibiotic	14	726	726	1.0	Roseburia hominis (no genomic info)
barcode02_9Gb	contig_57	12951	13755	APH(3'')-Ib_aminoglycoside_antibiotic	68	804	804	1.0	Unknown taxonomy (chromosome or plasmid)
barcode02_9Gb	contig_57	22430	23906	msrE_macrolide_antibiotic;_streptogramin_antibiotic	113	1476	1476	1.0	Unknown taxonomy (chromosome or plasmid)
barcode02_9Gb	contig_57	23961	24846	mphE_macrolide_antibiotic	85	885	885	1.0	Unknown taxonomy (chromosome or plasmid)
barcode02_9Gb	contig_57	38057	38510	arr-3_rifamycin_antibiotic	34	453	453	1.0	Unknown taxonomy (chromosome or plasmid)
barcode02_9Gb	contig_57	38615	39203	AAC(6')-Ib9_aminoglycoside_antibiotic	36	588	588	1.0	Unknown taxonomy (chromosome or plasmid)
barcode02_9Gb	contig_57	39371	39719	qacEdelta1_disinfecting_agents_and_antiseptics	24	348	348	1.0	Unknown taxonomy (chromosome or plasmid)
barcode02_9Gb	contig_5772	118972	122083	adeF_fluoroquinolone_antibiotic;_tetracycline_antibiotic	13	3111	3111	1.0	Klebsiella pneumoniae (no genomic info)
barcode02_9Gb	contig_5773	53256	54405	vanT gene in vanG cluster_glycopeptide_antibiotic	9	1149	1149	1.0	
barcode02_9Gb	contig_5789	111836	112160	Escherichia coli soxS with mutation conferring antibiotic resistance_fluoroquinolone_antibiotic;_monobactam;_carbapenem;_cephalosporin;_glycylcycline;_cephamycin;_penam;_tetracycline_antibiotic;_rifamycin_antibiotic;_phenicol_antibiotic;_penem;_disinfecting_agents_and_antiseptics	73	324	324	1.0	Unknown taxonomy (chromosome or plasmid)
barcode02_9Gb	contig_5789	112245	112710	Escherichia coli soxR with mutation conferring antibiotic resistance_fluoroquinolone_antibiotic;_cephalosporin;_glycylcycline;_penam;_tetracycline_antibiotic;_rifamycin_antibiotic;_phenicol_antibiotic;_disinfecting_agents_and_antiseptics	69	465	465	1.0	Unknown taxonomy (chromosome or plasmid)
barcode02_9Gb	contig_5789	137300	138332	mdtN_nucleoside_antibiotic;_disinfecting_agents_and_antiseptics	72	1032	1032	1.0	Escherichia coli (chromosome or plasmid)
barcode02_9Gb	contig_5789	167676	169320	eptA_peptide_antibiotic	58	1644	1644	1.0	Unknown taxonomy (chromosome or plasmid)
barcode02_9Gb	contig_5815	105049	106975	tet(Q)_tetracycline_antibiotic	50	1926	1926	1.0	Unknown taxonomy (chromosome)
barcode02_9Gb	contig_5826	12126	12936	OXA-50_cephalosporin;_penam	7	810	810	1.0	
barcode02_9Gb	contig_5826	14760	15582	linG_lincosamide_antibiotic	13	822	822	1.0	Unknown taxonomy (chromosome or plasmid)
barcode02_9Gb	contig_5826	15697	16918	EreA_macrolide_antibiotic	13	1221	1221	1.0	Unknown taxonomy (chromosome or plasmid)
barcode02_9Gb	contig_5826	17003	17801	aadA7_aminoglycoside_antibiotic	12	798	798	1.0	Unknown taxonomy (chromosome or plasmid)
barcode02_9Gb	contig_5826	17877	18678	OXA-205_penam	13	801	801	1.0	Pseudomonas aeruginosa (no genomic info)
barcode02_9Gb	contig_5834	37396	38192	APH(3')-IIIa_aminoglycoside_antibiotic	8	796	796	1.0	Unknown taxonomy (chromosome or plasmid)
barcode02_9Gb	contig_5836	4238	5444	Mef(En2)_macrolide_antibiotic;_lincosamide_antibiotic	33	1206	1206	1.0	Unknown taxonomy (chromosome)
barcode02_9Gb	contig_5836	41078	42044	CfxA3_cephamycin	36	966	966	1.0	Unknown taxonomy (chromosome or plasmid)
barcode02_9Gb	contig_5949	821	1151	qacG_disinfecting_agents_and_antiseptics	3	330	330	1.0	
barcode02_9Gb	contig_5949	8621	8876	rsmA_fluoroquinolone_antibiotic;_diaminopyrimidine_antibiotic;_phenicol_antibiotic	3	255	255	1.0	
barcode02_9Gb	contig_6001	63812	64637	OXA-441_carbapenem;_penam	49	825	825	1.0	Acinetobacter baumannii (chromosome or plasmid)
barcode02_9Gb	contig_6089	4632	6192	Klebsiella pneumoniae KpnH_macrolide_antibiotic;_fluoroquinolone_antibiotic;_aminoglycoside_antibiotic;_carbapenem;_cephalosporin;_penam;_peptide_antibiotic;_penem	14	1560	1560	1.0	Klebsiella pneumoniae (chromosome or plasmid)
barcode02_9Gb	contig_62	30299	31445	CMY-34_cephamycin	21	1146	1146	1.0	Citrobacter portucalensis (chromosome or plasmid)
barcode02_9Gb	contig_6294	176	536	vanW gene in vanG cluster_glycopeptide_antibiotic	2	351	360	0.975	Acinetobacter johnsonii (chromosome)
barcode02_9Gb	contig_6351	37815	38916	vanG_glycopeptide_antibiotic	16	1101	1101	1.0	Enterobacter roggenkampii (chromosome)
barcode02_9Gb	contig_6367	2702	3167	AAC(3)-Ia_aminoglycoside_antibiotic	13	465	465	1.0	Unknown taxonomy (chromosome or plasmid)
barcode02_9Gb	contig_6437	5094	5817	baeR_aminoglycoside_antibiotic;_aminocoumarin_antibiotic	14	723	723	1.0	Enterobacter asburiae (no genomic info)
barcode02_9Gb	contig_6441	140565	143721	adeF_fluoroquinolone_antibiotic;_tetracycline_antibiotic	31	3156	3156	1.0	
barcode02_9Gb	contig_6442	1871032	1871368	qacG_disinfecting_agents_and_antiseptics	18	336	336	1.0	
barcode02_9Gb	contig_6442	2480003	2480819	sul2_sulfonamide_antibiotic	56	816	816	1.0	Unknown taxonomy (chromosome or plasmid)
barcode02_9Gb	contig_6442	2481682	2482519	APH(6)-Id_aminoglycoside_antibiotic	40	837	837	1.0	Unknown taxonomy (chromosome or plasmid)
barcode02_9Gb	contig_6442	2483596	2484796	tet(A)_tetracycline_antibiotic	37	1200	1200	1.0	Unknown taxonomy (chromosome or plasmid)
barcode02_9Gb	contig_6470	40392	42909	vanT gene in vanG cluster_glycopeptide_antibiotic	7	2517	2517	1.0	
barcode02_9Gb	contig_6487	19709	20858	FOX-3_cephalosporin;_cephamycin	9	1149	1149	1.0	Enterobacter asburiae (chromosome or plasmid)
barcode02_9Gb	contig_6630	72184	73837	ArnT_peptide_antibiotic	47	1653	1653	1.0	Unknown taxonomy (chromosome or plasmid)
barcode02_9Gb	contig_6630	76705	77674	PmrF_peptide_antibiotic	41	969	969	1.0	Unknown taxonomy (chromosome or plasmid)
barcode02_9Gb	contig_6630	90205	91564	Escherichia coli GlpT with mutation conferring resistance to fosfomycin_phosphonic_acid_antibiotic	36	1359	1359	1.0	Escherichia coli (chromosome or plasmid)
barcode02_9Gb	contig_6630	130443	132087	YojI_peptide_antibiotic	43	1644	1644	1.0	Escherichia coli (chromosome or plasmid)
barcode02_9Gb	contig_6641	45539	46844	Acinetobacter baumannii AbaQ_fluoroquinolone_antibiotic	48	1305	1305	1.0	Acinetobacter baumannii (chromosome or plasmid)
barcode02_9Gb	contig_6641	281772	282426	adeN_macrolide_antibiotic;_fluoroquinolone_antibiotic;_lincosamide_antibiotic;_carbapenem;_cephalosporin;_tetracycline_antibiotic;_rifamycin_antibiotic;_diaminopyrimidine_antibiotic;_phenicol_antibiotic;_penem	64	654	654	1.0	Acinetobacter baumannii (chromosome or plasmid)
barcode02_9Gb	contig_6660	10344	11001	QnrS1_fluoroquinolone_antibiotic	10	657	657	1.0	Unknown taxonomy (chromosome or plasmid)
barcode02_9Gb	contig_6660	18993	20193	tet(A)_tetracycline_antibiotic	14	1200	1200	1.0	Unknown taxonomy (chromosome or plasmid)
barcode02_9Gb	contig_6697	3095	3440	qacG_disinfecting_agents_and_antiseptics	19	345	345	1.0	Unknown taxonomy (chromosome or plasmid)
barcode02_9Gb	contig_6697	4475	5303	OXA-72_carbapenem;_penam	16	828	828	1.0	Unknown taxonomy (chromosome or plasmid)
barcode02_9Gb	contig_6702	7393	8221	OXA-253_carbapenem;_penam	89	828	828	1.0	Acinetobacter baumannii (chromosome)
barcode02_9Gb	contig_6703	2979	3324	qacG_disinfecting_agents_and_antiseptics	18	345	345	1.0	Unknown taxonomy (chromosome or plasmid)
barcode02_9Gb	contig_6708	552	897	qacG_disinfecting_agents_and_antiseptics	15	345	345	1.0	Unknown taxonomy (chromosome or plasmid)
barcode02_9Gb	contig_6711	67	1255	tet(39)_tetracycline_antibiotic	77	1188	1188	1.0	Unknown taxonomy (plasmid)
barcode02_9Gb	contig_6739	12010	13120	vanT gene in vanG cluster_glycopeptide_antibiotic	6	1110	1110	1.0	
barcode02_9Gb	contig_6751	37532	38717	Escherichia coli EF-Tu mutants conferring resistance to Pulvomycin_elfamycin_antibiotic	22	1185	1185	1.0	Unknown taxonomy (chromosome or plasmid)
barcode02_9Gb	contig_6751	58675	59860	Escherichia coli EF-Tu mutants conferring resistance to Pulvomycin_elfamycin_antibiotic	29	1185	1185	1.0	Unknown taxonomy (chromosome)
barcode02_9Gb	contig_6758	163774	163972	rsmA_fluoroquinolone_antibiotic;_diaminopyrimidine_antibiotic;_phenicol_antibiotic	14	198	198	1.0	
barcode02_9Gb	contig_6765	530394	533556	adeF_fluoroquinolone_antibiotic;_tetracycline_antibiotic	26	3162	3162	1.0	Pseudomonas fluorescens (no genomic info)
barcode02_9Gb	contig_6779	1341	2817	msrE_macrolide_antibiotic;_streptogramin_antibiotic	42	1476	1476	1.0	Unknown taxonomy (chromosome or plasmid)
barcode02_9Gb	contig_6782	47833	48718	mphE_macrolide_antibiotic	229	885	885	1.0	Unknown taxonomy (chromosome or plasmid)
barcode02_9Gb	contig_6782	48773	50249	msrE_macrolide_antibiotic;_streptogramin_antibiotic	220	1476	1476	1.0	Unknown taxonomy (chromosome or plasmid)
barcode02_9Gb	contig_6810	26975	27449	dfrA1_diaminopyrimidine_antibiotic	36	474	474	1.0	Unknown taxonomy (chromosome or plasmid)
barcode02_9Gb	contig_6810	27553	28333	aadA_aminoglycoside_antibiotic	43	780	780	1.0	Unknown taxonomy (chromosome or plasmid)
barcode02_9Gb	contig_6810	28496	28844	qacEdelta1_disinfecting_agents_and_antiseptics	24	348	348	1.0	Unknown taxonomy (chromosome or plasmid)
barcode02_9Gb	contig_6810	30088	30904	sul2_sulfonamide_antibiotic	37	816	816	1.0	Unknown taxonomy (chromosome or plasmid)
barcode02_9Gb	contig_6810	37009	37666	QnrS1_fluoroquinolone_antibiotic	57	657	657	1.0	Unknown taxonomy (chromosome or plasmid)
barcode02_9Gb	contig_6810	42306	43182	CTX-M-15_cephalosporin;_penam	41	876	876	1.0	Unknown taxonomy (chromosome or plasmid)
barcode02_9Gb	contig_6813	9291	10530	Mrx_macrolide_antibiotic	254	1239	1239	1.0	Unknown taxonomy (chromosome or plasmid)
barcode02_9Gb	contig_6813	10526	11432	mphA_macrolide_antibiotic	247	906	906	1.0	Unknown taxonomy (chromosome or plasmid)
barcode02_9Gb	contig_6813	12654	13494	sul1_sulfonamide_antibiotic	49	840	840	1.0	Unknown taxonomy (chromosome or plasmid)
barcode02_9Gb	contig_6813	13487	13835	qacEdelta1_disinfecting_agents_and_antiseptics	50	348	348	1.0	Unknown taxonomy (chromosome or plasmid)
barcode02_9Gb	contig_6813	14040	14829	aadA5_aminoglycoside_antibiotic	56	789	789	1.0	Unknown taxonomy (chromosome or plasmid)
barcode02_9Gb	contig_6813	14959	15559	dfrA17_diaminopyrimidine_antibiotic	44	600	600	1.0	Unknown taxonomy (chromosome or plasmid)
barcode02_9Gb	contig_6866	38729	40478	msbA_nitroimidazole_antibiotic	14	1749	1749	1.0	Enterobacter kobei (chromosome)
barcode02_9Gb	contig_6948	1369	2743	cpxA_aminoglycoside_antibiotic;_aminocoumarin_antibiotic	65	1374	1374	1.0	Unknown taxonomy (chromosome or plasmid)
barcode02_9Gb	contig_6949	75842	77075	Escherichia coli mdfA_tetracycline_antibiotic;_disinfecting_agents_and_antiseptics	30	1233	1233	1.0	Unknown taxonomy (chromosome or plasmid)
barcode02_9Gb	contig_6950	379	1855	msrE_macrolide_antibiotic;_streptogramin_antibiotic	36	1476	1476	1.0	Unknown taxonomy (chromosome or plasmid)
barcode02_9Gb	contig_6950	1910	2795	mphE_macrolide_antibiotic	51	885	885	1.0	Unknown taxonomy (chromosome or plasmid)
barcode02_9Gb	contig_6952	1686	2526	sul1_sulfonamide_antibiotic	14	840	840	1.0	Unknown taxonomy (chromosome or plasmid)
barcode02_9Gb	contig_6983	716994	718104	vanT gene in vanG cluster_glycopeptide_antibiotic	72	1110	1110	1.0	
barcode02_9Gb	contig_6983	1638024	1641216	adeF_fluoroquinolone_antibiotic;_tetracycline_antibiotic	61	3192	3192	1.0	
barcode02_9Gb	contig_7043	22869	24261	Escherichia coli UhpT with mutation conferring resistance to fosfomycin_phosphonic_acid_antibiotic	10	1392	1392	1.0	Citrobacter (chromosome or plasmid)
barcode02_9Gb	contig_7109	72233	73028	OXA-504_penam	154	795	795	1.0	Aeromonas caviae (chromosome)
barcode02_9Gb	contig_7125	403550	404681	vanT gene in vanG cluster_glycopeptide_antibiotic	13	1131	1131	1.0	
barcode02_9Gb	contig_7142	50420	50750	abeS_macrolide_antibiotic;_aminocoumarin_antibiotic	36	330	330	1.0	Acinetobacter baumannii (chromosome or plasmid)
barcode02_9Gb	contig_7142	54058	55072	adeL_fluoroquinolone_antibiotic;_tetracycline_antibiotic	51	1014	1014	1.0	Acinetobacter baumannii (chromosome or plasmid)
barcode02_9Gb	contig_7142	55287	56508	adeG_fluoroquinolone_antibiotic;_tetracycline_antibiotic	56	1221	1221	1.0	Acinetobacter baumannii (chromosome or plasmid)
barcode02_9Gb	contig_7142	56514	59694	adeF_fluoroquinolone_antibiotic;_tetracycline_antibiotic	58	3180	3180	1.0	Acinetobacter baumannii (chromosome or plasmid)
barcode02_9Gb	contig_7142	59706	61155	adeH_fluoroquinolone_antibiotic;_tetracycline_antibiotic	62	1449	1449	1.0	Acinetobacter baumannii (chromosome or plasmid)
barcode02_9Gb	contig_7146	27140	28811	tet(W)_tetracycline_antibiotic	24	1671	1671	1.0	Unknown taxonomy (chromosome or plasmid)
barcode02_9Gb	contig_7163	4939	7417	vanT gene in vanG cluster_glycopeptide_antibiotic	19	2478	2478	1.0	
barcode02_9Gb	contig_7164	5717	7223	Haemophilus influenzae PBP3 conferring resistance to beta-lactam antibiotics_cephalosporin;_cephamycin;_penam	12	1506	1506	1.0	Enterobacter asburiae (chromosome or plasmid)
barcode02_9Gb	contig_717	2942	3782	sul1_sulfonamide_antibiotic	85	840	840	1.0	Unknown taxonomy (chromosome or plasmid)
barcode02_9Gb	contig_717	3775	4123	qacEdelta1_disinfecting_agents_and_antiseptics	81	348	348	1.0	Unknown taxonomy (chromosome or plasmid)
barcode02_9Gb	contig_717	4239	5100	aadA6_aminoglycoside_antibiotic	46	861	861	1.0	Unknown taxonomy (chromosome or plasmid)
barcode02_9Gb	contig_717	9633	10143	dfrA8_diaminopyrimidine_antibiotic	19	510	510	1.0	Unknown taxonomy (chromosome or plasmid)
barcode02_9Gb	contig_717	23968	24427	AAC(6')-Il_aminoglycoside_antibiotic	87	459	459	1.0	Unknown taxonomy (chromosome or plasmid)
barcode02_9Gb	contig_717	24500	25364	GES-1_carbapenem;_cephalosporin;_penam	86	864	864	1.0	Unknown taxonomy (chromosome or plasmid)
barcode02_9Gb	contig_717	25486	26020	ANT(2'')-Ia_aminoglycoside_antibiotic	74	534	534	1.0	Unknown taxonomy (chromosome or plasmid)
barcode02_9Gb	contig_717	26135	26483	qacEdelta1_disinfecting_agents_and_antiseptics	94	348	348	1.0	Unknown taxonomy (chromosome or plasmid)
barcode02_9Gb	contig_717	26476	27316	sul1_sulfonamide_antibiotic	108	840	840	1.0	Unknown taxonomy (chromosome or plasmid)
barcode02_9Gb	contig_7222	7734	8439	kdpE_aminoglycoside_antibiotic	38	705	705	1.0	Unknown taxonomy (chromosome or plasmid)
barcode02_9Gb	contig_7295	12674	12863	rsmA_fluoroquinolone_antibiotic;_diaminopyrimidine_antibiotic;_phenicol_antibiotic	145	189	189	1.0	
barcode02_9Gb	contig_7373	8039	11204	adeF_fluoroquinolone_antibiotic;_tetracycline_antibiotic	8	3165	3165	1.0	Acinetobacter nosocomialis (chromosome or plasmid)
barcode02_9Gb	contig_7428	3259	4126	SCO-1_cephalosporin;_penam;_penem	7	867	867	1.0	Unknown taxonomy (chromosome or plasmid)
barcode02_9Gb	contig_7428	13041	13902	AAC(3)-IIe_aminoglycoside_antibiotic	7	861	861	1.0	Unknown taxonomy (chromosome or plasmid)
barcode02_9Gb	contig_7472	5655	6960	Acinetobacter baumannii AbaQ_fluoroquinolone_antibiotic	21	1305	1305	1.0	
barcode02_9Gb	contig_7501	6215	7076	SHV-5_carbapenem;_cephalosporin;_penam	30	861	861	1.0	Unknown taxonomy (chromosome or plasmid)
barcode02_9Gb	contig_7502	14555	15416	SHV-2_carbapenem;_cephalosporin;_penam	14	861	861	1.0	Unknown taxonomy (chromosome or plasmid)
barcode02_9Gb	contig_7565	553	1342	AAC(6')-Ib9_aminoglycoside_antibiotic	9	789	789	1.0	Unknown taxonomy (chromosome or plasmid)
barcode02_9Gb	contig_7565	2271	2904	catB3_phenicol_antibiotic	12	633	633	1.0	Unknown taxonomy (chromosome or plasmid)
barcode02_9Gb	contig_7565	4440	5280	sul1_sulfonamide_antibiotic	16	840	840	1.0	Unknown taxonomy (chromosome or plasmid)
barcode02_9Gb	contig_7603	9930	10275	qacG_disinfecting_agents_and_antiseptics	22	345	345	1.0	Unknown taxonomy (chromosome or plasmid)
barcode02_9Gb	contig_7604	17006	17867	AAC(3)-IIe_aminoglycoside_antibiotic	32	861	861	1.0	Unknown taxonomy (chromosome or plasmid)
barcode02_9Gb	contig_7604	18008	18869	TEM-1_monobactam;_cephalosporin;_penam;_penem	34	861	861	1.0	Unknown taxonomy (chromosome or plasmid)
barcode02_9Gb	contig_7640	16743	17526	LCR-1_cephalosporin;_penam	6	783	783	1.0	Pseudomonas aeruginosa (chromosome or plasmid)
barcode02_9Gb	contig_7640	18818	19673	ErmX_macrolide_antibiotic;_lincosamide_antibiotic;_streptogramin_antibiotic;_streptogramin_A_antibiotic;_streptogramin_B_antibiotic	9	855	855	1.0	Unknown taxonomy (chromosome or plasmid)
barcode02_9Gb	contig_7640	21617	22151	ANT(2'')-Ia_aminoglycoside_antibiotic	12	534	534	1.0	Unknown taxonomy (chromosome or plasmid)
barcode02_9Gb	contig_7640	22168	22627	AAC(6')-Il_aminoglycoside_antibiotic	9	459	459	1.0	Unknown taxonomy (chromosome or plasmid)
barcode02_9Gb	contig_7695	81253	82759	vanT gene in vanG cluster_glycopeptide_antibiotic	22	1506	1506	1.0	
barcode02_9Gb	contig_7707	3603	6780	adeF_fluoroquinolone_antibiotic;_tetracycline_antibiotic	52	3177	3177	1.0	Unknown taxonomy (chromosome)
barcode02_9Gb	contig_7757	1415	4580	adeF_fluoroquinolone_antibiotic;_tetracycline_antibiotic	16	3165	3165	1.0	Acinetobacter (chromosome or plasmid)
barcode02_9Gb	contig_7788	42567	43200	CRP_macrolide_antibiotic;_fluoroquinolone_antibiotic;_penam	7	633	633	1.0	Klebsiella (chromosome)
barcode02_9Gb	contig_7797	140727	141072	qacG_disinfecting_agents_and_antiseptics	10	345	345	1.0	
barcode02_9Gb	contig_7800	21903	22704	OXA-10_cephalosporin;_penam	9	801	801	1.0	Unknown taxonomy (chromosome or plasmid)
barcode02_9Gb	contig_7801	1058	1862	APH(3'')-Ib_aminoglycoside_antibiotic	61	804	804	1.0	Unknown taxonomy (chromosome or plasmid)
barcode02_9Gb	contig_7801	1861	2698	APH(6)-Id_aminoglycoside_antibiotic	71	837	837	1.0	Unknown taxonomy (chromosome or plasmid)
barcode02_9Gb	contig_7812	87087	88086	vanH gene in vanB cluster_glycopeptide_antibiotic	12	999	999	1.0	
barcode02_9Gb	contig_7854	3060	3408	qacEdelta1_disinfecting_agents_and_antiseptics	63	348	348	1.0	Unknown taxonomy (chromosome or plasmid)
barcode02_9Gb	contig_7854	3401	4241	sul1_sulfonamide_antibiotic	73	840	840	1.0	Unknown taxonomy (chromosome or plasmid)
barcode02_9Gb	contig_7894	4848	5961	vanT gene in vanG cluster_glycopeptide_antibiotic	20	1113	1113	1.0	
barcode02_9Gb	contig_7937	19708	20839	vanT gene in vanG cluster_glycopeptide_antibiotic	6	1131	1131	1.0	Roseburia hominis (no genomic info)
barcode02_9Gb	contig_8051	13069	14539	adeC_glycylcycline;_tetracycline_antibiotic	5	1470	1470	1.0	Acinetobacter baumannii (chromosome or plasmid)
barcode02_9Gb	contig_8053	14110	15205	adeS_glycylcycline;_tetracycline_antibiotic	5	1095	1095	1.0	Acinetobacter baumannii (chromosome)
barcode02_9Gb	contig_8121	9753	10986	Escherichia coli mdfA_tetracycline_antibiotic;_disinfecting_agents_and_antiseptics	7	1233	1233	1.0	Enterobacter hormaechei (chromosome or plasmid)
barcode02_9Gb	contig_8137	4200	4989	ANT(3'')-IIa_aminoglycoside_antibiotic	91	789	789	1.0	Acinetobacter (chromosome or plasmid)
barcode02_9Gb	contig_8138	4647	5436	ANT(3'')-IIa_aminoglycoside_antibiotic	91	789	789	1.0	Acinetobacter (chromosome or plasmid)
barcode02_9Gb	contig_8151	116821	119974	adeF_fluoroquinolone_antibiotic;_tetracycline_antibiotic	36	3153	3153	1.0	
barcode02_9Gb	contig_8151	188139	188703	lnuC_lincosamide_antibiotic	59	564	564	1.0	Unknown taxonomy (chromosome or plasmid)
barcode02_9Gb	contig_8151	887146	888349	vanT gene in vanG cluster_glycopeptide_antibiotic	36	1203	1203	1.0	
barcode02_9Gb	contig_8151	957640	959134	vanW gene in vanI cluster_glycopeptide_antibiotic	26	1494	1494	1.0	
barcode02_9Gb	contig_8151	1886992	1887556	lnuC_lincosamide_antibiotic	68	564	564	1.0	Unknown taxonomy (chromosome or plasmid)
barcode02_9Gb	contig_8171	3368	4553	Escherichia coli EF-Tu mutants conferring resistance to Pulvomycin_elfamycin_antibiotic	35	1185	1185	1.0	Unknown taxonomy (chromosome or plasmid)
barcode02_9Gb	contig_8171	41464	44569	AcrF_fluoroquinolone_antibiotic;_cephalosporin;_cephamycin;_penam	49	3105	3105	1.0	Escherichia coli (chromosome or plasmid)
barcode02_9Gb	contig_8171	44580	45738	AcrE_fluoroquinolone_antibiotic;_cephalosporin;_cephamycin;_penam	46	1158	1158	1.0	Unknown taxonomy (chromosome or plasmid)
barcode02_9Gb	contig_8171	46136	46799	AcrS_fluoroquinolone_antibiotic;_cephalosporin;_glycylcycline;_cephamycin;_penam;_tetracycline_antibiotic;_rifamycin_antibiotic;_phenicol_antibiotic;_disinfecting_agents_and_antiseptics	52	663	663	1.0	Unknown taxonomy (chromosome or plasmid)
barcode02_9Gb	contig_8171	254360	255182	bacA_peptide_antibiotic	60	822	822	1.0	Escherichia coli (chromosome or plasmid)
barcode02_9Gb	contig_8171	273375	274864	TolC_macrolide_antibiotic;_fluoroquinolone_antibiotic;_aminoglycoside_antibiotic;_carbapenem;_cephalosporin;_glycylcycline;_cephamycin;_penam;_tetracycline_antibiotic;_peptide_antibiotic;_aminocoumarin_antibiotic;_rifamycin_antibiotic;_phenicol_antibiotic;_penem;_disinfecting_agents_and_antiseptics	58	1489	1489	1.0	Unknown taxonomy (chromosome or plasmid)
barcode02_9Gb	contig_8381	56690	56876	rsmA_fluoroquinolone_antibiotic;_diaminopyrimidine_antibiotic;_phenicol_antibiotic	16	186	186	1.0	Citrobacter (chromosome or plasmid)
barcode02_9Gb	contig_8382	7	1546	emrB_fluoroquinolone_antibiotic	8	1539	1539	1.0	Citrobacter (chromosome)
barcode02_9Gb	contig_8382	2868	3399	emrR_fluoroquinolone_antibiotic	10	531	531	1.0	Citrobacter (chromosome or plasmid)
barcode02_9Gb	contig_8464	58335	59544	mdtH_fluoroquinolone_antibiotic	25	1209	1209	1.0	Unknown taxonomy (chromosome or plasmid)
barcode02_9Gb	contig_8464	68174	69401	mdtG_phosphonic_acid_antibiotic	39	1227	1227	1.0	Unknown taxonomy (chromosome or plasmid)
barcode02_9Gb	contig_8468	103967	105524	vanW gene in vanI cluster_glycopeptide_antibiotic	6	1557	1557	1.0	
barcode02_9Gb	contig_860	28417	28747	qacG_disinfecting_agents_and_antiseptics	13	330	330	1.0	
barcode02_9Gb	contig_872	661	1852	tet(C)_tetracycline_antibiotic	28	1191	1191	1.0	Unknown taxonomy (chromosome or plasmid)
barcode02_9Gb	contig_872	3534	4371	APH(6)-Id_aminoglycoside_antibiotic	32	837	837	1.0	Unknown taxonomy (chromosome or plasmid)
barcode02_9Gb	contig_8741	29032	29770	ErmB_macrolide_antibiotic;_lincosamide_antibiotic;_streptogramin_antibiotic;_streptogramin_A_antibiotic;_streptogramin_B_antibiotic	11	738	738	1.0	Unknown taxonomy (chromosome or plasmid)
barcode02_9Gb	contig_8751	166903	167158	rsmA_fluoroquinolone_antibiotic;_diaminopyrimidine_antibiotic;_phenicol_antibiotic	23	255	255	1.0	
barcode02_9Gb	contig_8757	2835	4026	tet(C)_tetracycline_antibiotic	30	1191	1191	1.0	Unknown taxonomy (chromosome or plasmid)
barcode02_9Gb	contig_8807	6362	7019	QnrS2_fluoroquinolone_antibiotic	12	657	657	1.0	Unknown taxonomy (chromosome or plasmid)
barcode02_9Gb	contig_882	16	808	aadA3_aminoglycoside_antibiotic	17	792	792	1.0	Unknown taxonomy (chromosome or plasmid)
barcode02_9Gb	contig_882	900	2160	cmlA4_phenicol_antibiotic	8	1260	1260	1.0	Unknown taxonomy (chromosome or plasmid)
barcode02_9Gb	contig_8847	17133	18117	PmrF_peptide_antibiotic	7	984	984	1.0	Citrobacter portucalensis (chromosome or plasmid)
barcode02_9Gb	contig_8847	20993	22205	ArnT_peptide_antibiotic	9	1212	1212	1.0	Citrobacter (chromosome)
barcode02_9Gb	contig_8863	22549	24472	tet(W)_tetracycline_antibiotic	22	1923	1923	1.0	Unknown taxonomy (chromosome or plasmid)
barcode02_9Gb	contig_8903	25484	27713	adeF_fluoroquinolone_antibiotic;_tetracycline_antibiotic	4	2229	2229	1.0	
barcode02_9Gb	contig_8942	23037	25455	Morganella morganii gyrB conferring resistance to fluoroquinolones_fluoroquinolone_antibiotic	13	2418	2418	1.0	Klebsiella (chromosome)
barcode02_9Gb	contig_9011	588	1470	KPC-2_monobactam;_carbapenem;_cephalosporin;_penam	60	882	882	1.0	Unknown taxonomy (chromosome or plasmid)
barcode02_9Gb	contig_9038	19402	20026	tetR_tetracycline_antibiotic	50	624	624	1.0	Unknown taxonomy (chromosome or plasmid)
barcode02_9Gb	contig_9038	20107	21313	tet(B)_tetracycline_antibiotic	48	1206	1206	1.0	Unknown taxonomy (chromosome or plasmid)
barcode02_9Gb	contig_9039	2538	3744	tet(B)_tetracycline_antibiotic	47	1206	1206	1.0	Unknown taxonomy (chromosome or plasmid)
barcode02_9Gb	contig_9039	3825	4449	tetR_tetracycline_antibiotic	54	624	624	1.0	Unknown taxonomy (chromosome or plasmid)
barcode02_9Gb	contig_9039	12702	13629	PER-2_monobactam;_carbapenem;_cephalosporin;_penam;_penem	37	927	927	1.0	Unknown taxonomy (plasmid)
barcode02_9Gb	contig_907	6872	8063	tet(C)_tetracycline_antibiotic	38	1191	1191	1.0	Unknown taxonomy (chromosome or plasmid)
barcode02_9Gb	contig_9075	130	892	ErmB_macrolide_antibiotic;_lincosamide_antibiotic;_streptogramin_antibiotic;_streptogramin_A_antibiotic;_streptogramin_B_antibiotic	13	762	762	1.0	Unknown taxonomy (chromosome or plasmid)
barcode02_9Gb	contig_9117	22219	23332	vanW gene in vanI cluster_glycopeptide_antibiotic	4	1113	1113	1.0	
barcode02_9Gb	contig_9242	147045	147375	qacG_disinfecting_agents_and_antiseptics	6	330	330	1.0	
barcode02_9Gb	contig_9322	69961	70147	rsmA_fluoroquinolone_antibiotic;_diaminopyrimidine_antibiotic;_phenicol_antibiotic	18	186	186	1.0	Unknown taxonomy (chromosome or plasmid)
barcode02_9Gb	contig_9322	79688	81227	emrB_fluoroquinolone_antibiotic	16	1539	1539	1.0	
barcode02_9Gb	contig_9322	82530	83061	emrR_fluoroquinolone_antibiotic	9	531	531	1.0	
barcode02_9Gb	contig_9382	60073	61729	ArnT_peptide_antibiotic	8	1656	1656	1.0	Klebsiella michiganensis (chromosome)
barcode02_9Gb	contig_9382	64609	65593	PmrF_peptide_antibiotic	17	984	984	1.0	Citrobacter amalonaticus (no genomic info)
barcode02_9Gb	contig_9442	114	588	dfrA6_diaminopyrimidine_antibiotic	5	474	474	1.0	Vibrio (chromosome or plasmid)
barcode02_9Gb	contig_947	35948	36284	qacG_disinfecting_agents_and_antiseptics	8	336	336	1.0	
barcode02_9Gb	contig_947	117281	120437	adeF_fluoroquinolone_antibiotic;_tetracycline_antibiotic	8	3156	3156	1.0	
barcode02_9Gb	contig_947	494134	496105	tet(O)_tetracycline_antibiotic	25	1971	1971	1.0	
barcode02_9Gb	contig_947	503015	504188	vanT gene in vanG cluster_glycopeptide_antibiotic	14	1173	1173	1.0	
barcode02_9Gb	contig_947	654887	656060	vanT gene in vanG cluster_glycopeptide_antibiotic	17	1173	1173	1.0	
barcode02_9Gb	contig_947	1198532	1201703	adeF_fluoroquinolone_antibiotic;_tetracycline_antibiotic	15	3171	3171	1.0	
barcode02_9Gb	contig_9499	90757	92200	vanW gene in vanI cluster_glycopeptide_antibiotic	15	1443	1443	1.0	
barcode02_9Gb	contig_9589	6162	6351	rsmA_fluoroquinolone_antibiotic;_diaminopyrimidine_antibiotic;_phenicol_antibiotic	139	189	189	1.0	
barcode02_9Gb	contig_9606	105035	106802	Haemophilus influenzae PBP3 conferring resistance to beta-lactam antibiotics_cephalosporin;_cephamycin;_penam	15	1767	1767	1.0	Enterobacter roggenkampii (chromosome or plasmid)
barcode02_9Gb	contig_9614	4576	6061	lsaE_lincosamide_antibiotic;_streptogramin_antibiotic;_pleuromutilin_antibiotic	14	1485	1485	1.0	Streptococcus (chromosome or plasmid)
barcode02_9Gb	contig_9614	6114	6918	lnuB_lincosamide_antibiotic	13	804	804	1.0	Unknown taxonomy (chromosome or plasmid)
barcode02_9Gb	contig_969	5607	6432	OXA-644_carbapenem;_penam	519	825	825	1.0	Acinetobacter johnsonii (chromosome)
barcode02_9Gb	contig_971	4618	5500	KPC-2_monobactam;_carbapenem;_cephalosporin;_penam	432	882	882	1.0	Unknown taxonomy (chromosome or plasmid)
barcode02_9Gb	contig_974	248	1004	TEM-216_monobactam;_cephalosporin;_penam;_penem	35	756	756	1.0	Unknown taxonomy (chromosome or plasmid)
barcode02_9Gb	contig_977	3701	4583	KPC-2_monobactam;_carbapenem;_cephalosporin;_penam	158	882	882	1.0	Unknown taxonomy (chromosome or plasmid)
barcode02_9Gb	contig_9783	28783	29623	vanH gene in vanA cluster_glycopeptide_antibiotic	5	840	840	1.0	
barcode02_9Gb	contig_9786	674	2597	vanG_glycopeptide_antibiotic	5	1923	1923	1.0	
barcode02_9Gb	contig_9815	8634	8823	rsmA_fluoroquinolone_antibiotic;_diaminopyrimidine_antibiotic;_phenicol_antibiotic	25	189	189	1.0	
barcode02_9Gb	contig_9839	131488	133255	Haemophilus influenzae PBP3 conferring resistance to beta-lactam antibiotics_cephalosporin;_cephamycin;_penam	53	1767	1767	1.0	Unknown taxonomy (chromosome or plasmid)
barcode02_9Gb	contig_9839	139356	140301	leuO_nucleoside_antibiotic;_disinfecting_agents_and_antiseptics	36	945	945	1.0	Unknown taxonomy (chromosome or plasmid)
barcode02_9Gb	contig_9839	309017	310250	mdtM_fluoroquinolone_antibiotic;_lincosamide_antibiotic;_nucleoside_antibiotic;_phenicol_antibiotic;_disinfecting_agents_and_antiseptics	52	1233	1233	1.0	Unknown taxonomy (chromosome or plasmid)
barcode02_9Gb	contig_9870	20537	20951	H-NS_macrolide_antibiotic;_fluoroquinolone_antibiotic;_cephalosporin;_cephamycin;_penam;_tetracycline_antibiotic	37	414	414	1.0	Unknown taxonomy (chromosome or plasmid)
barcode02_9Gb	contig_990	4513	5350	APH(6)-Id_aminoglycoside_antibiotic	67	837	837	1.0	Unknown taxonomy (chromosome or plasmid)
barcode02_9Gb	contig_990	10328	11528	tet(A)_tetracycline_antibiotic	44	1200	1200	1.0	Unknown taxonomy (chromosome or plasmid)
barcode02_9Gb	contig_990	18366	19146	aadA_aminoglycoside_antibiotic	38	780	780	1.0	Unknown taxonomy (chromosome or plasmid)
barcode02_9Gb	contig_990	19221	20022	OXA-101_cephalosporin;_penam	15	801	801	1.0	Unknown taxonomy (chromosome or plasmid)
barcode02_9Gb	contig_990	20581	21445	sul4_sulfonamide_antibiotic	12	864	864	1.0	Unknown taxonomy (chromosome or plasmid)
barcode02_9Gb	contig_990	75724	76561	APH(6)-Id_aminoglycoside_antibiotic	5	837	837	1.0	Escherichia coli (chromosome or plasmid)
barcode02_9Gb	contig_9922	27433	28675	mdtM_fluoroquinolone_antibiotic;_lincosamide_antibiotic;_nucleoside_antibiotic;_phenicol_antibiotic;_disinfecting_agents_and_antiseptics	9	1242	1242	1.0	
barcode02_9Gb	contig_9923	10892	12134	mdtM_fluoroquinolone_antibiotic;_lincosamide_antibiotic;_nucleoside_antibiotic;_phenicol_antibiotic;_disinfecting_agents_and_antiseptics	9	1242	1242	1.0	
barcode03_03Gb	contig_132	9385	10291	mphA_macrolide_antibiotic	8	906	906	1.0	Unknown taxonomy (chromosome or plasmid)
barcode03_03Gb	contig_132	10287	11526	Mrx_macrolide_antibiotic	8	1239	1239	1.0	Unknown taxonomy (chromosome or plasmid)
barcode03_03Gb	contig_164	8559	9795	vanW gene in vanI cluster_glycopeptide_antibiotic	10	1236	1236	1.0	
barcode03_03Gb	contig_179	302102	302357	rsmA_fluoroquinolone_antibiotic;_diaminopyrimidine_antibiotic;_phenicol_antibiotic	24	255	255	1.0	
barcode03_03Gb	contig_263	24782	25571	ANT(3'')-IIa_aminoglycoside_antibiotic	7	789	789	1.0	Acinetobacter baumannii (chromosome or plasmid)
barcode03_03Gb	contig_277	5350	6175	OXA-644_carbapenem;_penam	15	825	825	1.0	Acinetobacter johnsonii (chromosome)
barcode03_03Gb	contig_314	9176	11483	Acinetobacter baumannii parC conferring resistance to fluoroquinolones_fluoroquinolone_antibiotic	5	2307	2307	1.0	Acinetobacter baumannii (chromosome or plasmid)
barcode03_03Gb	contig_32	963	1743	APH(3')-VIa_aminoglycoside_antibiotic	6	780	780	1.0	Unknown taxonomy (chromosome or plasmid)
barcode03_03Gb	contig_32	4158	5040	KPC-2_monobactam;_carbapenem;_cephalosporin;_penam	7	882	882	1.0	Unknown taxonomy (chromosome or plasmid)
barcode03_03Gb	contig_382	11228	11735	nimK_nitroimidazole_antibiotic	15	507	507	1.0	
barcode03_03Gb	contig_41	5164	6046	KPC-2_monobactam;_carbapenem;_cephalosporin;_penam	17	882	882	1.0	Unknown taxonomy (chromosome or plasmid)
barcode03_03Gb	contig_432	19943	21395	vanT gene in vanG cluster_glycopeptide_antibiotic	7	1452	1452	1.0	
barcode03_03Gb	contig_441	7369	7699	abeS_macrolide_antibiotic;_aminocoumarin_antibiotic	5	330	330	1.0	Acinetobacter baumannii (chromosome or plasmid)
barcode03_03Gb	contig_441	11006	12020	adeL_fluoroquinolone_antibiotic;_tetracycline_antibiotic	3	1014	1014	1.0	Acinetobacter baumannii (chromosome or plasmid)
barcode03_03Gb	contig_441	12235	13456	adeG_fluoroquinolone_antibiotic;_tetracycline_antibiotic	4	1221	1221	1.0	Acinetobacter baumannii (chromosome or plasmid)
barcode03_03Gb	contig_5	119054	119969	vanW gene in vanG cluster_glycopeptide_antibiotic	24	915	915	1.0	Acinetobacter johnsonii (chromosome)
barcode03_03Gb	contig_582	67551	70743	adeF_fluoroquinolone_antibiotic;_tetracycline_antibiotic	13	3192	3192	1.0	
barcode03_03Gb	contig_599	27530	27719	rsmA_fluoroquinolone_antibiotic;_diaminopyrimidine_antibiotic;_phenicol_antibiotic	10	189	189	1.0	
barcode03_03Gb	contig_81	118822	119188	qacG_disinfecting_agents_and_antiseptics	11	366	366	1.0	Acinetobacter johnsonii (chromosome)
barcode03_05Gb	contig_1010	43624	44026	FosA8_phosphonic_acid_antibiotic	9	402	402	1.0	Aeromonas caviae (chromosome or plasmid)
barcode03_05Gb	contig_1013	40096	43444	adeF_fluoroquinolone_antibiotic;_tetracycline_antibiotic	3	3348	3348	1.0	
barcode03_05Gb	contig_13	18040	18922	KPC-2_monobactam;_carbapenem;_cephalosporin;_penam	23	882	882	1.0	Unknown taxonomy (chromosome or plasmid)
barcode03_05Gb	contig_188	9560	10385	OXA-644_carbapenem;_penam	44	825	825	1.0	Acinetobacter johnsonii (chromosome)
barcode03_05Gb	contig_207	446235	446490	rsmA_fluoroquinolone_antibiotic;_diaminopyrimidine_antibiotic;_phenicol_antibiotic	31	255	255	1.0	
barcode03_05Gb	contig_233	25803	26646	OXA-58_carbapenem;_penam	4	843	843	1.0	Unknown taxonomy (chromosome or plasmid)
barcode03_05Gb	contig_233	32444	33329	mphE_macrolide_antibiotic	21	885	885	1.0	Unknown taxonomy (chromosome or plasmid)
barcode03_05Gb	contig_233	33384	34860	msrE_macrolide_antibiotic;_streptogramin_antibiotic	22	1476	1476	1.0	Unknown taxonomy (chromosome or plasmid)
barcode03_05Gb	contig_24	6110	6890	aadA_aminoglycoside_antibiotic	14	780	780	1.0	Unknown taxonomy (chromosome or plasmid)
barcode03_05Gb	contig_24	7233	7581	qacEdelta1_disinfecting_agents_and_antiseptics	21	348	348	1.0	Unknown taxonomy (chromosome or plasmid)
barcode03_05Gb	contig_24	7574	8414	sul1_sulfonamide_antibiotic	24	840	840	1.0	Unknown taxonomy (chromosome or plasmid)
barcode03_05Gb	contig_24	12489	13728	Mrx_macrolide_antibiotic	22	1239	1239	1.0	Unknown taxonomy (chromosome or plasmid)
barcode03_05Gb	contig_24	13724	14630	mphA_macrolide_antibiotic	21	906	906	1.0	Unknown taxonomy (chromosome or plasmid)
barcode03_05Gb	contig_25	901	1681	APH(3')-VIa_aminoglycoside_antibiotic	21	780	780	1.0	Unknown taxonomy (chromosome or plasmid)
barcode03_05Gb	contig_251	40012	41200	tet(39)_tetracycline_antibiotic	9	1188	1188	1.0	Unknown taxonomy (plasmid)
barcode03_05Gb	contig_340	14845	15181	qacG_disinfecting_agents_and_antiseptics	3	336	336	1.0	
barcode03_05Gb	contig_344	40199	40388	rsmA_fluoroquinolone_antibiotic;_diaminopyrimidine_antibiotic;_phenicol_antibiotic	13	189	189	1.0	
barcode03_05Gb	contig_438	37731	39375	eptA_peptide_antibiotic	7	1644	1644	1.0	Escherichia coli (chromosome or plasmid)
barcode03_05Gb	contig_440	79334	81554	Acinetobacter baumannii parC conferring resistance to fluoroquinolones_fluoroquinolone_antibiotic	6	2220	2220	1.0	Acinetobacter baumannii (chromosome or plasmid)
barcode03_05Gb	contig_440	141098	141590	ANT(3'')-IIb_aminoglycoside_antibiotic	9	492	492	1.0	Acinetobacter baumannii (chromosome or plasmid)
barcode03_05Gb	contig_47	4320	5430	vanT gene in vanG cluster_glycopeptide_antibiotic	3	1110	1110	1.0	
barcode03_05Gb	contig_513	4650	5478	OXA-253_carbapenem;_penam	12	828	828	1.0	Acinetobacter baumannii (chromosome)
barcode03_05Gb	contig_52	95637	96489	OXA-652_carbapenem;_penam	13	852	852	1.0	Acinetobacter johnsonii (chromosome)
barcode03_05Gb	contig_573	11148	11943	OXA-504_penam	19	795	795	1.0	Aeromonas caviae (chromosome or plasmid)
barcode03_05Gb	contig_58	170778	171693	vanW gene in vanG cluster_glycopeptide_antibiotic	36	915	915	1.0	Acinetobacter johnsonii (chromosome)
barcode03_05Gb	contig_63	102481	102847	qacG_disinfecting_agents_and_antiseptics	24	366	366	1.0	Acinetobacter johnsonii (chromosome)
barcode03_05Gb	contig_684	7712	8537	OXA-441_carbapenem;_penam	6	825	825	1.0	Acinetobacter baumannii (chromosome or plasmid)
barcode03_05Gb	contig_793	6441	7245	APH(3'')-Ib_aminoglycoside_antibiotic	11	804	804	1.0	Unknown taxonomy (chromosome or plasmid)
barcode03_05Gb	contig_793	7244	8081	APH(6)-Id_aminoglycoside_antibiotic	10	837	837	1.0	Unknown taxonomy (chromosome or plasmid)
barcode03_05Gb	contig_8	147060	150252	adeF_fluoroquinolone_antibiotic;_tetracycline_antibiotic	14	3192	3192	1.0	
barcode03_05Gb	contig_8	396258	397368	vanT gene in vanG cluster_glycopeptide_antibiotic	17	1110	1110	1.0	
barcode03_05Gb	contig_80	657792	659028	vanW gene in vanI cluster_glycopeptide_antibiotic	16	1236	1236	1.0	
barcode03_05Gb	contig_80	1362634	1363141	nimK_nitroimidazole_antibiotic	13	507	507	1.0	
barcode03_05Gb	contig_809	4380	5538	mdtE_macrolide_antibiotic;_fluoroquinolone_antibiotic;_penam	7	1158	1158	1.0	Unknown taxonomy (chromosome)
barcode03_05Gb	contig_853	26730	27606	CTX-M-15_cephalosporin;_penam	6	876	876	1.0	Unknown taxonomy (chromosome or plasmid)
barcode03_05Gb	contig_982	363	816	vanW gene in vanI cluster_glycopeptide_antibiotic	2	453	453	1.0	
barcode03_1Gb	contig_1027	3079	3895	mphE_macrolide_antibiotic	10	816	816	1.0	Unknown taxonomy (chromosome or plasmid)
barcode03_1Gb	contig_1037	78173	79481	EC-15_cephalosporin	10	1308	1308	1.0	Escherichia coli (chromosome or plasmid)
barcode03_1Gb	contig_1138	64216	64582	qacG_disinfecting_agents_and_antiseptics	49	366	366	1.0	Acinetobacter johnsonii (chromosome)
barcode03_1Gb	contig_1139	5599	6415	sul2_sulfonamide_antibiotic	11	816	816	1.0	Unknown taxonomy (chromosome or plasmid)
barcode03_1Gb	contig_1145	382	1033	AAC(6')-Ib9_aminoglycoside_antibiotic	6	651	651	1.0	Unknown taxonomy (chromosome or plasmid)
barcode03_1Gb	contig_1145	1074	1938	GES-1_carbapenem;_cephalosporin;_penam	14	864	864	1.0	Unknown taxonomy (chromosome or plasmid)
barcode03_1Gb	contig_1210	24622	25780	mdtE_macrolide_antibiotic;_fluoroquinolone_antibiotic;_penam	6	1158	1158	1.0	Unknown taxonomy (chromosome)
barcode03_1Gb	contig_1210	30379	31204	gadX_macrolide_antibiotic;_fluoroquinolone_antibiotic;_penam	11	825	825	1.0	Unknown taxonomy (chromosome)
barcode03_1Gb	contig_1212	2371	3208	APH(6)-Id_aminoglycoside_antibiotic	19	837	837	1.0	Unknown taxonomy (chromosome or plasmid)
barcode03_1Gb	contig_1220	8922	9957	AcrE_fluoroquinolone_antibiotic;_cephalosporin;_cephamycin;_penam	13	1035	1035	1.0	Unknown taxonomy (chromosome or plasmid)
barcode03_1Gb	contig_1220	10355	11018	AcrS_fluoroquinolone_antibiotic;_cephalosporin;_glycylcycline;_cephamycin;_penam;_tetracycline_antibiotic;_rifamycin_antibiotic;_phenicol_antibiotic;_disinfecting_agents_and_antiseptics	9	663	663	1.0	Escherichia coli (chromosome or plasmid)
barcode03_1Gb	contig_1220	43973	44228	FosA8_phosphonic_acid_antibiotic	5	255	255	1.0	Enterobacter (chromosome)
barcode03_1Gb	contig_1232	496	1378	KPC-2_monobactam;_carbapenem;_cephalosporin;_penam	19	882	882	1.0	Unknown taxonomy (chromosome or plasmid)
barcode03_1Gb	contig_1233	1774	2554	APH(3')-VIa_aminoglycoside_antibiotic	14	780	780	1.0	Unknown taxonomy (chromosome or plasmid)
barcode03_1Gb	contig_1315	416	1037	AAC(6')-Ib9_aminoglycoside_antibiotic	6	621	621	1.0	Unknown taxonomy (chromosome or plasmid)
barcode03_1Gb	contig_1315	1117	1591	dfrA1_diaminopyrimidine_antibiotic	7	474	474	1.0	Unknown taxonomy (chromosome or plasmid)
barcode03_1Gb	contig_1315	2309	2657	qacEdelta1_disinfecting_agents_and_antiseptics	23	348	348	1.0	Unknown taxonomy (chromosome or plasmid)
barcode03_1Gb	contig_1315	2650	3490	sul1_sulfonamide_antibiotic	25	840	840	1.0	Unknown taxonomy (chromosome or plasmid)
barcode03_1Gb	contig_1323	9041	9869	OXA-253_carbapenem;_penam	17	828	828	1.0	Acinetobacter baumannii (chromosome)
barcode03_1Gb	contig_137	138602	139973	Escherichia coli UhpT with mutation conferring resistance to fosfomycin_phosphonic_acid_antibiotic	19	1371	1371	1.0	Unknown taxonomy (chromosome or plasmid)
barcode03_1Gb	contig_154	39916	40516	dfrA17_diaminopyrimidine_antibiotic	10	600	600	1.0	Unknown taxonomy (chromosome or plasmid)
barcode03_1Gb	contig_154	40646	41435	aadA5_aminoglycoside_antibiotic	9	789	789	1.0	Unknown taxonomy (chromosome or plasmid)
barcode03_1Gb	contig_154	41640	41988	qacEdelta1_disinfecting_agents_and_antiseptics	18	348	348	1.0	Unknown taxonomy (chromosome or plasmid)
barcode03_1Gb	contig_154	41981	42821	sul1_sulfonamide_antibiotic	21	840	840	1.0	Unknown taxonomy (chromosome or plasmid)
barcode03_1Gb	contig_154	44043	44949	mphA_macrolide_antibiotic	29	906	906	1.0	Unknown taxonomy (chromosome or plasmid)
barcode03_1Gb	contig_154	44945	46184	Mrx_macrolide_antibiotic	32	1239	1239	1.0	Unknown taxonomy (chromosome or plasmid)
barcode03_1Gb	contig_1558	157992	160212	Acinetobacter baumannii parC conferring resistance to fluoroquinolones_fluoroquinolone_antibiotic	14	2220	2220	1.0	Acinetobacter baumannii (chromosome or plasmid)
barcode03_1Gb	contig_1563	14141	14957	sul2_sulfonamide_antibiotic	11	816	816	1.0	Unknown taxonomy (chromosome or plasmid)
barcode03_1Gb	contig_1563	23070	23907	APH(6)-Id_aminoglycoside_antibiotic	12	837	837	1.0	Unknown taxonomy (chromosome or plasmid)
barcode03_1Gb	contig_1567	18036	19188	MOX-13_cephalosporin;_cephamycin;_penam	15	1152	1152	1.0	Aeromonas caviae (chromosome or plasmid)
barcode03_1Gb	contig_1594	10248	11388	mdtM_fluoroquinolone_antibiotic;_lincosamide_antibiotic;_nucleoside_antibiotic;_phenicol_antibiotic;_disinfecting_agents_and_antiseptics	10	1140	1140	1.0	Unknown taxonomy (chromosome or plasmid)
barcode03_1Gb	contig_1596	13881	15186	Acinetobacter baumannii AbaQ_fluoroquinolone_antibiotic	9	1305	1305	1.0	Acinetobacter baumannii (chromosome or plasmid)
barcode03_1Gb	contig_1624	20552	20807	rsmA_fluoroquinolone_antibiotic;_diaminopyrimidine_antibiotic;_phenicol_antibiotic	11	255	255	1.0	
barcode03_1Gb	contig_1629	6503	6977	dfrA6_diaminopyrimidine_antibiotic	13	474	474	1.0	Unknown taxonomy (chromosome or plasmid)
barcode03_1Gb	contig_1629	7135	7792	QnrVC1_fluoroquinolone_antibiotic	17	657	657	1.0	Unknown taxonomy (chromosome or plasmid)
barcode03_1Gb	contig_1661	5278	6589	Acinetobacter baumannii AbaQ_fluoroquinolone_antibiotic	3	1311	1311	1.0	Acinetobacter lwoffii (chromosome)
barcode03_1Gb	contig_1692	49570	50917	abeM_fluoroquinolone_antibiotic;_disinfecting_agents_and_antiseptics	8	1347	1347	1.0	Acinetobacter baumannii (chromosome or plasmid)
barcode03_1Gb	contig_1702	398	1136	ErmB_macrolide_antibiotic;_lincosamide_antibiotic;_streptogramin_antibiotic;_streptogramin_A_antibiotic;_streptogramin_B_antibiotic	3	738	738	1.0	Unknown taxonomy (chromosome or plasmid)
barcode03_1Gb	contig_1735	16032	17064	mdtN_nucleoside_antibiotic;_disinfecting_agents_and_antiseptics	8	1032	1032	1.0	Escherichia coli (chromosome or plasmid)
barcode03_1Gb	contig_178	25606	25861	rsmA_fluoroquinolone_antibiotic;_diaminopyrimidine_antibiotic;_phenicol_antibiotic	57	255	255	1.0	
barcode03_1Gb	contig_18	41009	41891	KPC-2_monobactam;_carbapenem;_cephalosporin;_penam	55	882	882	1.0	Unknown taxonomy (chromosome or plasmid)
barcode03_1Gb	contig_18	51738	52578	sul1_sulfonamide_antibiotic	30	840	840	1.0	Unknown taxonomy (chromosome or plasmid)
barcode03_1Gb	contig_18	52571	52919	qacEdelta1_disinfecting_agents_and_antiseptics	26	348	348	1.0	Unknown taxonomy (chromosome or plasmid)
barcode03_1Gb	contig_1815	4254	4581	qacG_disinfecting_agents_and_antiseptics	4	327	327	1.0	
barcode03_1Gb	contig_182	294709	295960	adeI_macrolide_antibiotic;_fluoroquinolone_antibiotic;_lincosamide_antibiotic;_carbapenem;_cephalosporin;_tetracycline_antibiotic;_rifamycin_antibiotic;_diaminopyrimidine_antibiotic;_phenicol_antibiotic;_penem	11	1251	1251	1.0	Acinetobacter baumannii (chromosome or plasmid)
barcode03_1Gb	contig_182	295972	299149	adeJ_macrolide_antibiotic;_fluoroquinolone_antibiotic;_lincosamide_antibiotic;_carbapenem;_cephalosporin;_tetracycline_antibiotic;_rifamycin_antibiotic;_diaminopyrimidine_antibiotic;_phenicol_antibiotic;_penem	10	3177	3177	1.0	Acinetobacter baumannii (chromosome or plasmid)
barcode03_1Gb	contig_2004	8855	9041	rsmA_fluoroquinolone_antibiotic;_diaminopyrimidine_antibiotic;_phenicol_antibiotic	11	186	186	1.0	Unknown taxonomy (chromosome or plasmid)
barcode03_1Gb	contig_2004	13896	15435	emrB_fluoroquinolone_antibiotic	15	1539	1539	1.0	Unknown taxonomy (chromosome or plasmid)
barcode03_1Gb	contig_2015	13423	14608	Escherichia coli EF-Tu mutants conferring resistance to Pulvomycin_elfamycin_antibiotic	22	1185	1185	1.0	Enterobacter roggenkampii (chromosome or plasmid)
barcode03_1Gb	contig_2031	24595	25582	vanH gene in vanO cluster_glycopeptide_antibiotic	6	987	987	1.0	
barcode03_1Gb	contig_2067	8123	8447	Escherichia coli soxS with mutation conferring antibiotic resistance_fluoroquinolone_antibiotic;_monobactam;_carbapenem;_cephalosporin;_glycylcycline;_cephamycin;_penam;_tetracycline_antibiotic;_rifamycin_antibiotic;_phenicol_antibiotic;_penem;_disinfecting_agents_and_antiseptics	4	324	324	1.0	Unknown taxonomy (chromosome or plasmid)
barcode03_1Gb	contig_2067	8534	8999	Escherichia coli soxR with mutation conferring antibiotic resistance_fluoroquinolone_antibiotic;_cephalosporin;_glycylcycline;_penam;_tetracycline_antibiotic;_rifamycin_antibiotic;_phenicol_antibiotic;_disinfecting_agents_and_antiseptics	6	465	465	1.0	Unknown taxonomy (chromosome or plasmid)
barcode03_1Gb	contig_2134	50771	53249	vanT gene in vanG cluster_glycopeptide_antibiotic	10	2478	2478	1.0	
barcode03_1Gb	contig_214	4535	5411	CTX-M-15_cephalosporin;_penam	5	876	876	1.0	Unknown taxonomy (chromosome or plasmid)
barcode03_1Gb	contig_2187	12505	13228	baeR_aminoglycoside_antibiotic;_aminocoumarin_antibiotic	15	723	723	1.0	Escherichia coli (chromosome or plasmid)
barcode03_1Gb	contig_219	8952	9516	lnuC_lincosamide_antibiotic	11	564	564	1.0	Unknown taxonomy (chromosome or plasmid)
barcode03_1Gb	contig_22	907	1792	mphE_macrolide_antibiotic	25	885	885	1.0	Unknown taxonomy (chromosome or plasmid)
barcode03_1Gb	contig_22	1847	3323	msrE_macrolide_antibiotic;_streptogramin_antibiotic	28	1476	1476	1.0	Unknown taxonomy (chromosome or plasmid)
barcode03_1Gb	contig_22	7077	7914	APH(6)-Id_aminoglycoside_antibiotic	23	837	837	1.0	Unknown taxonomy (chromosome or plasmid)
barcode03_1Gb	contig_22	7913	8717	APH(3'')-Ib_aminoglycoside_antibiotic	26	804	804	1.0	Unknown taxonomy (chromosome or plasmid)
barcode03_1Gb	contig_2204	5232	5865	CRP_macrolide_antibiotic;_fluoroquinolone_antibiotic;_penam	13	633	633	1.0	Escherichia coli (chromosome or plasmid)
barcode03_1Gb	contig_2204	20727	21912	Escherichia coli EF-Tu mutants conferring resistance to Pulvomycin_elfamycin_antibiotic	14	1185	1185	1.0	Unknown taxonomy (chromosome or plasmid)
barcode03_1Gb	contig_234	4047	5235	tet(39)_tetracycline_antibiotic	20	1188	1188	1.0	Unknown taxonomy (plasmid)
barcode03_1Gb	contig_235	18038	21203	adeF_fluoroquinolone_antibiotic;_tetracycline_antibiotic	6	3165	3165	1.0	Acinetobacter (chromosome or plasmid)
barcode03_1Gb	contig_25	190166	191351	Escherichia coli EF-Tu mutants conferring resistance to Pulvomycin_elfamycin_antibiotic	23	1185	1185	1.0	Aeromonas caviae (chromosome or plasmid)
barcode03_1Gb	contig_25	209373	210558	Escherichia coli EF-Tu mutants conferring resistance to Pulvomycin_elfamycin_antibiotic	28	1185	1185	1.0	Aeromonas caviae (chromosome or plasmid)
barcode03_1Gb	contig_251	97162	97987	OXA-644_carbapenem;_penam	111	825	825	1.0	Acinetobacter johnsonii (chromosome)
barcode03_1Gb	contig_3	8512	9727	floR_phenicol_antibiotic	7	1215	1215	1.0	Unknown taxonomy (chromosome or plasmid)
barcode03_1Gb	contig_30	104062	104857	OXA-504_penam	16	795	795	1.0	Aeromonas caviae (chromosome)
barcode03_1Gb	contig_30	624352	624541	rsmA_fluoroquinolone_antibiotic;_diaminopyrimidine_antibiotic;_phenicol_antibiotic	22	189	189	1.0	
barcode03_1Gb	contig_30	743469	743871	FosA8_phosphonic_acid_antibiotic	22	402	402	1.0	Aeromonas caviae (chromosome or plasmid)
barcode03_1Gb	contig_31	159575	160649	vanT gene in vanG cluster_glycopeptide_antibiotic	23	1074	1074	1.0	
barcode03_1Gb	contig_325	92983	94186	vanT gene in vanG cluster_glycopeptide_antibiotic	3	1203	1203	1.0	
barcode03_1Gb	contig_338	52107	53259	ADC-154_cephalosporin	7	1152	1152	1.0	Acinetobacter baumannii (chromosome or plasmid)
barcode03_1Gb	contig_338	156654	158103	adeH_fluoroquinolone_antibiotic;_tetracycline_antibiotic	11	1449	1449	1.0	Acinetobacter baumannii (chromosome or plasmid)
barcode03_1Gb	contig_338	158115	161295	adeF_fluoroquinolone_antibiotic;_tetracycline_antibiotic	9	3180	3180	1.0	Acinetobacter baumannii (chromosome or plasmid)
barcode03_1Gb	contig_338	161301	162522	adeG_fluoroquinolone_antibiotic;_tetracycline_antibiotic	10	1221	1221	1.0	Acinetobacter baumannii (chromosome or plasmid)
barcode03_1Gb	contig_338	162737	163751	adeL_fluoroquinolone_antibiotic;_tetracycline_antibiotic	10	1014	1014	1.0	Acinetobacter baumannii (chromosome or plasmid)
barcode03_1Gb	contig_338	167059	167389	abeS_macrolide_antibiotic;_aminocoumarin_antibiotic	9	330	330	1.0	Acinetobacter baumannii (chromosome or plasmid)
barcode03_1Gb	contig_343	44792	45581	ANT(3'')-IIa_aminoglycoside_antibiotic	10	789	789	1.0	Acinetobacter (chromosome or plasmid)
barcode03_1Gb	contig_392	15038	15899	AAC(3)-IIe_aminoglycoside_antibiotic	9	861	861	1.0	Unknown taxonomy (chromosome or plasmid)
barcode03_1Gb	contig_392	16040	16901	TEM-1_monobactam;_cephalosporin;_penam;_penem	13	861	861	1.0	Unknown taxonomy (chromosome or plasmid)
barcode03_1Gb	contig_394	1	736	AAC(6')-Ian_aminoglycoside_antibiotic	1	735	735	1.0	Unknown taxonomy (chromosome or plasmid)
barcode03_1Gb	contig_395	3325	4105	APH(3')-VIa_aminoglycoside_antibiotic	12	780	780	1.0	Unknown taxonomy (chromosome or plasmid)
barcode03_1Gb	contig_395	10385	11672	BRP(MBL)_glycopeptide_antibiotic	102	1287	1287	1.0	Acinetobacter baumannii (chromosome or plasmid)
barcode03_1Gb	contig_395	14308	15148	sul1_sulfonamide_antibiotic	36	840	840	1.0	Unknown taxonomy (chromosome or plasmid)
barcode03_1Gb	contig_395	15141	15489	qacEdelta1_disinfecting_agents_and_antiseptics	34	348	348	1.0	Unknown taxonomy (chromosome or plasmid)
barcode03_1Gb	contig_395	15657	16213	AAC(6')-Ib4_aminoglycoside_antibiotic	22	556	556	1.0	Unknown taxonomy (chromosome or plasmid)
barcode03_1Gb	contig_395	16352	16805	arr-3_rifamycin_antibiotic	22	453	453	1.0	Unknown taxonomy (chromosome or plasmid)
barcode03_1Gb	contig_398	2161	3001	sul1_sulfonamide_antibiotic	19	840	840	1.0	Unknown taxonomy (chromosome or plasmid)
barcode03_1Gb	contig_414	19942	21130	vanW gene in vanI cluster_glycopeptide_antibiotic	6	1188	1188	1.0	
barcode03_1Gb	contig_422	578057	579167	vanT gene in vanG cluster_glycopeptide_antibiotic	43	1110	1110	1.0	
barcode03_1Gb	contig_422	822668	825860	adeF_fluoroquinolone_antibiotic;_tetracycline_antibiotic	34	3192	3192	1.0	
barcode03_1Gb	contig_422	1081363	1081870	nimK_nitroimidazole_antibiotic	28	507	507	1.0	
barcode03_1Gb	contig_422	1783888	1785124	vanW gene in vanI cluster_glycopeptide_antibiotic	30	1236	1236	1.0	
barcode03_1Gb	contig_494	69379	70858	Acinetobacter baumannii AmvA_macrolide_antibiotic;_disinfecting_agents_and_antiseptics	8	1479	1479	1.0	Acinetobacter baumannii (chromosome or plasmid)
barcode03_1Gb	contig_514	4487	5267	APH(3')-VIa_aminoglycoside_antibiotic	16	780	780	1.0	Unknown taxonomy (chromosome or plasmid)
barcode03_1Gb	contig_514	13370	14234	GES-1_carbapenem;_cephalosporin;_penam	13	864	864	1.0	Unknown taxonomy (chromosome or plasmid)
barcode03_1Gb	contig_517	153620	154457	APH(6)-Id_aminoglycoside_antibiotic	14	837	837	1.0	Unknown taxonomy (chromosome or plasmid)
barcode03_1Gb	contig_517	157829	158339	dfrA8_diaminopyrimidine_antibiotic	10	510	510	1.0	Unknown taxonomy (chromosome or plasmid)
barcode03_1Gb	contig_518	167	1028	TEM-1_monobactam;_cephalosporin;_penam;_penem	9	861	861	1.0	Unknown taxonomy (chromosome or plasmid)
barcode03_1Gb	contig_543	1469	2126	QnrVC4_fluoroquinolone_antibiotic	4	657	657	1.0	Unknown taxonomy (chromosome or plasmid)
barcode03_1Gb	contig_543	2208	2847	AAC(6')-Ib9_aminoglycoside_antibiotic	5	639	639	1.0	Unknown taxonomy (chromosome or plasmid)
barcode03_1Gb	contig_543	3590	4223	catB3_phenicol_antibiotic	5	633	633	1.0	Unknown taxonomy (chromosome or plasmid)
barcode03_1Gb	contig_543	4379	4727	qacEdelta1_disinfecting_agents_and_antiseptics	8	348	348	1.0	Unknown taxonomy (chromosome or plasmid)
barcode03_1Gb	contig_60	9255	10101	aadA11_aminoglycoside_antibiotic	10	846	846	1.0	Unknown taxonomy (chromosome or plasmid)
barcode03_1Gb	contig_709	24486	25671	Escherichia coli EF-Tu mutants conferring resistance to Pulvomycin_elfamycin_antibiotic	24	1185	1185	1.0	Unknown taxonomy (chromosome or plasmid)
barcode03_1Gb	contig_735	4214	4766	tet(Q)_tetracycline_antibiotic	7	552	552	1.0	Unknown taxonomy (chromosome)
barcode03_1Gb	contig_735	4749	6189	tet(Q)_tetracycline_antibiotic	7	1440	1440	1.0	Unknown taxonomy (chromosome)
barcode03_1Gb	contig_737	1549	1795	vanW gene in vanI cluster_glycopeptide_antibiotic	2	246	246	1.0	
barcode03_1Gb	contig_741	3435	3969	ANT(2'')-Ia_aminoglycoside_antibiotic	21	534	534	1.0	Unknown taxonomy (chromosome or plasmid)
barcode03_1Gb	contig_741	4091	4955	GES-1_carbapenem;_cephalosporin;_penam	25	864	864	1.0	Unknown taxonomy (chromosome or plasmid)
barcode03_1Gb	contig_741	5028	5487	AAC(6')-Il_aminoglycoside_antibiotic	21	459	459	1.0	Unknown taxonomy (chromosome or plasmid)
barcode03_1Gb	contig_742	1320	1965	QnrB19_fluoroquinolone_antibiotic	16	645	645	1.0	Unknown taxonomy (chromosome or plasmid)
barcode03_1Gb	contig_8	23576	24764	tet(39)_tetracycline_antibiotic	24	1188	1188	1.0	Unknown taxonomy (plasmid)
barcode03_1Gb	contig_861	92332	93517	Escherichia coli EF-Tu mutants conferring resistance to Pulvomycin_elfamycin_antibiotic	16	1185	1185	1.0	Klebsiella michiganensis (chromosome or plasmid)
barcode03_1Gb	contig_861	170394	171768	cpxA_aminoglycoside_antibiotic;_aminocoumarin_antibiotic	12	1374	1374	1.0	Escherichia coli (chromosome or plasmid)
barcode03_1Gb	contig_930	17194	18019	OXA-441_carbapenem;_penam	6	825	825	1.0	Acinetobacter baumannii (chromosome or plasmid)
barcode03_1Gb	contig_942	7434	8112	kdpE_aminoglycoside_antibiotic	13	678	678	1.0	Unknown taxonomy (chromosome or plasmid)
barcode03_1Gb	contig_975	557	1337	aadA_aminoglycoside_antibiotic	15	780	780	1.0	Unknown taxonomy (chromosome or plasmid)
barcode03_1Gb	contig_98	105203	106085	vanW gene in vanG cluster_glycopeptide_antibiotic	80	882	882	1.0	Acinetobacter johnsonii (chromosome)
barcode03_1Gb	contig_987	17476	18682	tet(B)_tetracycline_antibiotic	6	1206	1206	1.0	Unknown taxonomy (chromosome or plasmid)
barcode03_1Gb	contig_987	25002	25455	arr-3_rifamycin_antibiotic	15	453	453	1.0	Unknown taxonomy (chromosome or plasmid)
barcode03_1Gb	contig_987	25636	26134	AAC(6')-Ib9_aminoglycoside_antibiotic	14	498	498	1.0	Unknown taxonomy (chromosome or plasmid)
barcode03_1Gb	contig_987	26303	26651	qacEdelta1_disinfecting_agents_and_antiseptics	23	348	348	1.0	Unknown taxonomy (chromosome or plasmid)
barcode03_1Gb	contig_987	26644	27484	sul1_sulfonamide_antibiotic	23	840	840	1.0	Unknown taxonomy (chromosome or plasmid)
barcode03_1Gb	contig_990	5165	5825	catA1_phenicol_antibiotic	6	660	660	1.0	Unknown taxonomy (chromosome or plasmid)
barcode03_1Gb	contig_990	8454	9645	tet(C)_tetracycline_antibiotic	23	1191	1191	1.0	Unknown taxonomy (chromosome or plasmid)
barcode03_3Gb	contig_1016	124510	125662	ADC-154_cephalosporin	27	1152	1152	1.0	Acinetobacter baumannii (chromosome or plasmid)
barcode03_3Gb	contig_1016	228892	230341	adeH_fluoroquinolone_antibiotic;_tetracycline_antibiotic	15	1449	1449	1.0	Acinetobacter baumannii (chromosome or plasmid)
barcode03_3Gb	contig_1016	230353	233533	adeF_fluoroquinolone_antibiotic;_tetracycline_antibiotic	15	3180	3180	1.0	Acinetobacter baumannii (chromosome or plasmid)
barcode03_3Gb	contig_1016	233539	234760	adeG_fluoroquinolone_antibiotic;_tetracycline_antibiotic	14	1221	1221	1.0	Acinetobacter baumannii (chromosome or plasmid)
barcode03_3Gb	contig_1016	234975	235989	adeL_fluoroquinolone_antibiotic;_tetracycline_antibiotic	15	1014	1014	1.0	Acinetobacter baumannii (chromosome or plasmid)
barcode03_3Gb	contig_1016	239297	239627	abeS_macrolide_antibiotic;_aminocoumarin_antibiotic	30	330	330	1.0	Acinetobacter baumannii (chromosome or plasmid)
barcode03_3Gb	contig_1016	499117	500596	Acinetobacter baumannii AmvA_macrolide_antibiotic;_disinfecting_agents_and_antiseptics	18	1479	1479	1.0	Acinetobacter baumannii (chromosome or plasmid)
barcode03_3Gb	contig_1183	9795	10269	dfrA6_diaminopyrimidine_antibiotic	22	474	474	1.0	Unknown taxonomy (chromosome or plasmid)
barcode03_3Gb	contig_1183	10427	11084	QnrVC1_fluoroquinolone_antibiotic	26	657	657	1.0	Unknown taxonomy (chromosome or plasmid)
barcode03_3Gb	contig_1186	129	960	APH(6)-Id_aminoglycoside_antibiotic	31	831	831	1.0	Unknown taxonomy (chromosome or plasmid)
barcode03_3Gb	contig_1186	965	1769	APH(3'')-Ib_aminoglycoside_antibiotic	32	804	804	1.0	Unknown taxonomy (chromosome or plasmid)
barcode03_3Gb	contig_1187	107	764	QnrVC1_fluoroquinolone_antibiotic	5	657	657	1.0	Unknown taxonomy (chromosome or plasmid)
barcode03_3Gb	contig_1214	4217	4676	AAC(6')-Il_aminoglycoside_antibiotic	15	459	459	1.0	Unknown taxonomy (chromosome or plasmid)
barcode03_3Gb	contig_1214	4807	5341	ANT(2'')-Ia_aminoglycoside_antibiotic	9	534	534	1.0	Unknown taxonomy (chromosome or plasmid)
barcode03_3Gb	contig_1215	8562	9762	tet(A)_tetracycline_antibiotic	30	1200	1200	1.0	Unknown taxonomy (chromosome or plasmid)
barcode03_3Gb	contig_1215	16604	17384	aadA_aminoglycoside_antibiotic	19	780	780	1.0	Unknown taxonomy (chromosome or plasmid)
barcode03_3Gb	contig_1215	18465	18939	dfrA6_diaminopyrimidine_antibiotic	5	474	474	1.0	Vibrio (chromosome or plasmid)
barcode03_3Gb	contig_1278	86547	89739	adeF_fluoroquinolone_antibiotic;_tetracycline_antibiotic	78	3192	3192	1.0	
barcode03_3Gb	contig_1278	345461	345968	nimK_nitroimidazole_antibiotic	101	507	507	1.0	
barcode03_3Gb	contig_1278	1049529	1050765	vanW gene in vanI cluster_glycopeptide_antibiotic	98	1236	1236	1.0	
barcode03_3Gb	contig_1278	2504041	2505151	vanT gene in vanG cluster_glycopeptide_antibiotic	101	1110	1110	1.0	
barcode03_3Gb	contig_1313	410	1316	mphA_macrolide_antibiotic	33	906	906	1.0	Unknown taxonomy (chromosome or plasmid)
barcode03_3Gb	contig_1313	2292	3108	APH(3')-Ia_aminoglycoside_antibiotic	39	816	816	1.0	Unknown taxonomy (chromosome or plasmid)
barcode03_3Gb	contig_1320	66	882	APH(3')-Ia_aminoglycoside_antibiotic	18	816	816	1.0	Unknown taxonomy (chromosome or plasmid)
barcode03_3Gb	contig_1322	14459	15698	Mrx_macrolide_antibiotic	50	1239	1239	1.0	Unknown taxonomy (chromosome or plasmid)
barcode03_3Gb	contig_1322	15694	16600	mphA_macrolide_antibiotic	49	906	906	1.0	Unknown taxonomy (chromosome or plasmid)
barcode03_3Gb	contig_1322	17667	18528	TEM-1_monobactam;_cephalosporin;_penam;_penem	23	861	861	1.0	Unknown taxonomy (chromosome or plasmid)
barcode03_3Gb	contig_1323	35438	36677	Mrx_macrolide_antibiotic	62	1239	1239	1.0	Unknown taxonomy (chromosome or plasmid)
barcode03_3Gb	contig_1323	36673	37579	mphA_macrolide_antibiotic	61	906	906	1.0	Unknown taxonomy (chromosome or plasmid)
barcode03_3Gb	contig_1323	38801	39641	sul1_sulfonamide_antibiotic	22	840	840	1.0	Unknown taxonomy (chromosome or plasmid)
barcode03_3Gb	contig_1323	39634	39982	qacEdelta1_disinfecting_agents_and_antiseptics	18	348	348	1.0	Unknown taxonomy (chromosome or plasmid)
barcode03_3Gb	contig_1323	40187	40976	aadA5_aminoglycoside_antibiotic	16	789	789	1.0	Unknown taxonomy (chromosome or plasmid)
barcode03_3Gb	contig_1323	41106	41706	dfrA17_diaminopyrimidine_antibiotic	15	600	600	1.0	Unknown taxonomy (chromosome or plasmid)
barcode03_3Gb	contig_1451	2528	2861	qacE_disinfecting_agents_and_antiseptics	15	333	333	1.0	Unknown taxonomy (chromosome or plasmid)
barcode03_3Gb	contig_1469	198296	199751	adeK_macrolide_antibiotic;_fluoroquinolone_antibiotic;_lincosamide_antibiotic;_carbapenem;_cephalosporin;_tetracycline_antibiotic;_rifamycin_antibiotic;_diaminopyrimidine_antibiotic;_phenicol_antibiotic;_penem	25	1455	1455	1.0	Acinetobacter baumannii (chromosome or plasmid)
barcode03_3Gb	contig_1469	199750	202927	adeJ_macrolide_antibiotic;_fluoroquinolone_antibiotic;_lincosamide_antibiotic;_carbapenem;_cephalosporin;_tetracycline_antibiotic;_rifamycin_antibiotic;_diaminopyrimidine_antibiotic;_phenicol_antibiotic;_penem	21	3177	3177	1.0	Acinetobacter baumannii (chromosome or plasmid)
barcode03_3Gb	contig_1469	202939	204190	adeI_macrolide_antibiotic;_fluoroquinolone_antibiotic;_lincosamide_antibiotic;_carbapenem;_cephalosporin;_tetracycline_antibiotic;_rifamycin_antibiotic;_diaminopyrimidine_antibiotic;_phenicol_antibiotic;_penem	22	1251	1251	1.0	Acinetobacter baumannii (chromosome or plasmid)
barcode03_3Gb	contig_1482	1852	3043	tet(C)_tetracycline_antibiotic	16	1191	1191	1.0	Unknown taxonomy (chromosome or plasmid)
barcode03_3Gb	contig_1482	6408	7068	catA1_phenicol_antibiotic	5	660	660	1.0	Unknown taxonomy (chromosome or plasmid)
barcode03_3Gb	contig_1483	701	1481	aadA2_aminoglycoside_antibiotic	28	780	780	1.0	Unknown taxonomy (chromosome or plasmid)
barcode03_3Gb	contig_1483	1644	1992	qacEdelta1_disinfecting_agents_and_antiseptics	40	348	348	1.0	Unknown taxonomy (chromosome or plasmid)
barcode03_3Gb	contig_1483	1985	2825	sul1_sulfonamide_antibiotic	44	840	840	1.0	Unknown taxonomy (chromosome or plasmid)
barcode03_3Gb	contig_1489	5509	5968	AAC(6')-Il_aminoglycoside_antibiotic	23	459	459	1.0	Unknown taxonomy (chromosome or plasmid)
barcode03_3Gb	contig_1489	6041	6905	GES-1_carbapenem;_cephalosporin;_penam	20	864	864	1.0	Unknown taxonomy (chromosome or plasmid)
barcode03_3Gb	contig_1493	1537	2194	QnrVC1_fluoroquinolone_antibiotic	14	657	657	1.0	Unknown taxonomy (chromosome or plasmid)
barcode03_3Gb	contig_1494	17031	17811	APH(3')-VIa_aminoglycoside_antibiotic	41	780	780	1.0	Unknown taxonomy (chromosome or plasmid)
barcode03_3Gb	contig_1494	28959	29739	APH(3')-VIa_aminoglycoside_antibiotic	31	780	780	1.0	Unknown taxonomy (chromosome or plasmid)
barcode03_3Gb	contig_1494	32154	33036	KPC-2_monobactam;_carbapenem;_cephalosporin;_penam	31	882	882	1.0	Unknown taxonomy (chromosome or plasmid)
barcode03_3Gb	contig_15	790255	791749	vanW gene in vanI cluster_glycopeptide_antibiotic	12	1494	1494	1.0	
barcode03_3Gb	contig_15	862480	863683	vanT gene in vanG cluster_glycopeptide_antibiotic	7	1203	1203	1.0	
barcode03_3Gb	contig_1561	18025	18853	OXA-253_carbapenem;_penam	38	828	828	1.0	Acinetobacter baumannii (chromosome)
barcode03_3Gb	contig_1657	293201	293948	vanY gene in vanG cluster_glycopeptide_antibiotic	7	747	747	1.0	
barcode03_3Gb	contig_1849	311566	311821	rsmA_fluoroquinolone_antibiotic;_diaminopyrimidine_antibiotic;_phenicol_antibiotic	25	255	255	1.0	
barcode03_3Gb	contig_1868	17170	18313	Acinetobacter baumannii AbaQ_fluoroquinolone_antibiotic	5	1143	1143	1.0	
barcode03_3Gb	contig_1903	18452	19109	QnrVC1_fluoroquinolone_antibiotic	13	657	657	1.0	Unknown taxonomy (chromosome or plasmid)
barcode03_3Gb	contig_1903	19269	20049	aadA_aminoglycoside_antibiotic	18	780	780	1.0	Unknown taxonomy (chromosome or plasmid)
barcode03_3Gb	contig_1936	168123	168948	OXA-441_carbapenem;_penam	24	825	825	1.0	Acinetobacter baumannii (chromosome or plasmid)
barcode03_3Gb	contig_1936	469972	471442	adeC_glycylcycline;_tetracycline_antibiotic	5	1470	1470	1.0	Acinetobacter baumannii (chromosome or plasmid)
barcode03_3Gb	contig_195	13822	15037	floR_phenicol_antibiotic	18	1215	1215	1.0	Unknown taxonomy (chromosome or plasmid)
barcode03_3Gb	contig_195	16990	17806	sul2_sulfonamide_antibiotic	28	816	816	1.0	Unknown taxonomy (chromosome or plasmid)
barcode03_3Gb	contig_195	23928	25404	msrE_macrolide_antibiotic;_streptogramin_antibiotic	46	1476	1476	1.0	Unknown taxonomy (chromosome or plasmid)
barcode03_3Gb	contig_195	25459	26344	mphE_macrolide_antibiotic	47	885	885	1.0	Unknown taxonomy (chromosome or plasmid)
barcode03_3Gb	contig_195	27304	28165	TEM-1_monobactam;_cephalosporin;_penam;_penem	21	861	861	1.0	Unknown taxonomy (chromosome or plasmid)
barcode03_3Gb	contig_195	28864	29689	OXA-9_penam	11	825	825	1.0	Unknown taxonomy (chromosome or plasmid)
barcode03_3Gb	contig_195	29748	30525	aadA_aminoglycoside_antibiotic	18	777	777	1.0	Unknown taxonomy (chromosome or plasmid)
barcode03_3Gb	contig_195	30606	31212	AAC(6')-Ib9_aminoglycoside_antibiotic	13	606	606	1.0	Unknown taxonomy (chromosome or plasmid)
barcode03_3Gb	contig_1979	7845	8730	mphE_macrolide_antibiotic	51	885	885	1.0	Unknown taxonomy (chromosome or plasmid)
barcode03_3Gb	contig_1979	8785	10261	msrE_macrolide_antibiotic;_streptogramin_antibiotic	50	1476	1476	1.0	Unknown taxonomy (chromosome or plasmid)
barcode03_3Gb	contig_1981	5862	6519	QnrVC4_fluoroquinolone_antibiotic	14	657	657	1.0	Unknown taxonomy (chromosome or plasmid)
barcode03_3Gb	contig_1981	6601	7240	AAC(6')-Ib9_aminoglycoside_antibiotic	18	639	639	1.0	Unknown taxonomy (chromosome or plasmid)
barcode03_3Gb	contig_1981	7454	8714	cmlA5_phenicol_antibiotic	29	1260	1260	1.0	Unknown taxonomy (chromosome or plasmid)
barcode03_3Gb	contig_1981	8832	9732	VEB-1_monobactam;_cephalosporin	12	900	900	1.0	Unknown taxonomy (chromosome or plasmid)
barcode03_3Gb	contig_1981	9876	10410	ANT(2'')-Ia_aminoglycoside_antibiotic	9	534	534	1.0	Unknown taxonomy (chromosome or plasmid)
barcode03_3Gb	contig_1981	11802	13278	msrE_macrolide_antibiotic;_streptogramin_antibiotic	25	1476	1476	1.0	Unknown taxonomy (chromosome or plasmid)
barcode03_3Gb	contig_1981	13333	14218	mphE_macrolide_antibiotic	23	885	885	1.0	Unknown taxonomy (chromosome or plasmid)
barcode03_3Gb	contig_1983	42052	43528	msrE_macrolide_antibiotic;_streptogramin_antibiotic	76	1476	1476	1.0	Unknown taxonomy (chromosome or plasmid)
barcode03_3Gb	contig_1983	43583	44468	mphE_macrolide_antibiotic	75	885	885	1.0	Unknown taxonomy (chromosome or plasmid)
barcode03_3Gb	contig_1985	43755	44640	mphE_macrolide_antibiotic	67	885	885	1.0	Unknown taxonomy (chromosome or plasmid)
barcode03_3Gb	contig_1985	44695	46171	msrE_macrolide_antibiotic;_streptogramin_antibiotic	72	1476	1476	1.0	Unknown taxonomy (chromosome or plasmid)
barcode03_3Gb	contig_1985	48438	49275	APH(6)-Id_aminoglycoside_antibiotic	62	837	837	1.0	Unknown taxonomy (chromosome or plasmid)
barcode03_3Gb	contig_1985	49274	50078	APH(3'')-Ib_aminoglycoside_antibiotic	67	804	804	1.0	Unknown taxonomy (chromosome or plasmid)
barcode03_3Gb	contig_1986	2919	3762	OXA-58_carbapenem;_penam	13	843	843	1.0	Unknown taxonomy (chromosome or plasmid)
barcode03_3Gb	contig_2054	32382	33540	mdtE_macrolide_antibiotic;_fluoroquinolone_antibiotic;_penam	15	1158	1158	1.0	Unknown taxonomy (chromosome)
barcode03_3Gb	contig_2054	33564	36678	mdtF_macrolide_antibiotic;_fluoroquinolone_antibiotic;_penam	13	3114	3114	1.0	Escherichia coli (chromosome)
barcode03_3Gb	contig_2054	38136	38961	gadX_macrolide_antibiotic;_fluoroquinolone_antibiotic;_penam	15	825	825	1.0	Unknown taxonomy (chromosome)
barcode03_3Gb	contig_2109	142389	143067	kdpE_aminoglycoside_antibiotic	17	678	678	1.0	Escherichia (chromosome or plasmid)
barcode03_3Gb	contig_2223	13174	14713	emrY_tetracycline_antibiotic	14	1539	1539	1.0	Unknown taxonomy (chromosome or plasmid)
barcode03_3Gb	contig_2223	14712	15768	emrK_tetracycline_antibiotic	11	1056	1056	1.0	Unknown taxonomy (chromosome or plasmid)
barcode03_3Gb	contig_2223	16291	16906	evgA_macrolide_antibiotic;_fluoroquinolone_antibiotic;_penam;_tetracycline_antibiotic	10	615	615	1.0	Unknown taxonomy (chromosome or plasmid)
barcode03_3Gb	contig_2223	123787	126901	acrD_aminoglycoside_antibiotic	13	3114	3114	1.0	Unknown taxonomy (chromosome or plasmid)
barcode03_3Gb	contig_2223	324122	324653	emrR_fluoroquinolone_antibiotic	14	531	531	1.0	Unknown taxonomy (chromosome or plasmid)
barcode03_3Gb	contig_2223	324779	325952	emrA_fluoroquinolone_antibiotic	15	1173	1173	1.0	Unknown taxonomy (chromosome or plasmid)
barcode03_3Gb	contig_2223	325968	327507	emrB_fluoroquinolone_antibiotic	18	1539	1539	1.0	Unknown taxonomy (chromosome or plasmid)
barcode03_3Gb	contig_2223	332447	332633	rsmA_fluoroquinolone_antibiotic;_diaminopyrimidine_antibiotic;_phenicol_antibiotic	16	186	186	1.0	Unknown taxonomy (chromosome or plasmid)
barcode03_3Gb	contig_2223	706050	707539	TolC_macrolide_antibiotic;_fluoroquinolone_antibiotic;_aminoglycoside_antibiotic;_carbapenem;_cephalosporin;_glycylcycline;_cephamycin;_penam;_tetracycline_antibiotic;_peptide_antibiotic;_aminocoumarin_antibiotic;_rifamycin_antibiotic;_phenicol_antibiotic;_penem;_disinfecting_agents_and_antiseptics	21	1489	1489	1.0	Unknown taxonomy (chromosome or plasmid)
barcode03_3Gb	contig_2223	729906	730728	bacA_peptide_antibiotic	24	822	822	1.0	Unknown taxonomy (chromosome or plasmid)
barcode03_3Gb	contig_2294	191751	192186	Escherichia coli AcrAB-TolC with MarR mutations conferring resistance to ciprofloxacin and tetracycline_fluoroquinolone_antibiotic;_cephalosporin;_glycylcycline;_penam;_tetracycline_antibiotic;_rifamycin_antibiotic;_phenicol_antibiotic;_disinfecting_agents_and_antiseptics	8	435	435	1.0	Unknown taxonomy (chromosome or plasmid)
barcode03_3Gb	contig_2294	192205	192589	marA_fluoroquinolone_antibiotic;_monobactam;_carbapenem;_cephalosporin;_glycylcycline;_cephamycin;_penam;_tetracycline_antibiotic;_rifamycin_antibiotic;_phenicol_antibiotic;_penem;_disinfecting_agents_and_antiseptics	9	384	384	1.0	Unknown taxonomy (chromosome or plasmid)
barcode03_3Gb	contig_2343	29475	30315	sul1_sulfonamide_antibiotic	6	840	840	1.0	Unknown taxonomy (chromosome or plasmid)
barcode03_3Gb	contig_2344	1272	1731	AAC(6')-Il_aminoglycoside_antibiotic	52	459	459	1.0	Unknown taxonomy (chromosome or plasmid)
barcode03_3Gb	contig_2344	1804	2668	GES-1_carbapenem;_cephalosporin;_penam	52	864	864	1.0	Unknown taxonomy (chromosome or plasmid)
barcode03_3Gb	contig_2344	2790	3324	ANT(2'')-Ia_aminoglycoside_antibiotic	41	534	534	1.0	Unknown taxonomy (chromosome or plasmid)
barcode03_3Gb	contig_2344	3439	3787	qacEdelta1_disinfecting_agents_and_antiseptics	50	348	348	1.0	Unknown taxonomy (chromosome or plasmid)
barcode03_3Gb	contig_2344	3780	4620	sul1_sulfonamide_antibiotic	57	840	840	1.0	Unknown taxonomy (chromosome or plasmid)
barcode03_3Gb	contig_2344	7446	8250	APH(3'')-Ib_aminoglycoside_antibiotic	28	804	804	1.0	Unknown taxonomy (chromosome or plasmid)
barcode03_3Gb	contig_2344	8249	9086	APH(6)-Id_aminoglycoside_antibiotic	33	837	837	1.0	Unknown taxonomy (chromosome or plasmid)
barcode03_3Gb	contig_2464	328578	329805	mdtG_phosphonic_acid_antibiotic	10	1227	1227	1.0	Unknown taxonomy (chromosome or plasmid)
barcode03_3Gb	contig_2464	338435	339644	mdtH_fluoroquinolone_antibiotic	15	1209	1209	1.0	Unknown taxonomy (chromosome or plasmid)
barcode03_3Gb	contig_249	25350	25983	CRP_macrolide_antibiotic;_fluoroquinolone_antibiotic;_penam	31	633	633	1.0	Escherichia coli (chromosome or plasmid)
barcode03_3Gb	contig_249	40774	41962	Escherichia coli EF-Tu mutants conferring resistance to Pulvomycin_elfamycin_antibiotic	17	1188	1188	1.0	Unknown taxonomy (chromosome or plasmid)
barcode03_3Gb	contig_2499	7	505	dfrA12_diaminopyrimidine_antibiotic	7	498	498	1.0	Unknown taxonomy (chromosome or plasmid)
barcode03_3Gb	contig_2499	924	1704	aadA2_aminoglycoside_antibiotic	10	780	780	1.0	Unknown taxonomy (chromosome or plasmid)
barcode03_3Gb	contig_2506	956	1736	APH(3')-VIa_aminoglycoside_antibiotic	20	780	780	1.0	Unknown taxonomy (chromosome or plasmid)
barcode03_3Gb	contig_2506	3013	3826	NDM-1_carbapenem;_cephalosporin;_cephamycin;_penam	14	813	813	1.0	Unknown taxonomy (chromosome or plasmid)
barcode03_3Gb	contig_2507	3782	4235	arr-3_rifamycin_antibiotic	37	453	453	1.0	Unknown taxonomy (chromosome or plasmid)
barcode03_3Gb	contig_2507	4307	4928	AAC(6')-Ib9_aminoglycoside_antibiotic	43	621	621	1.0	Unknown taxonomy (chromosome or plasmid)
barcode03_3Gb	contig_2507	5096	5444	qacEdelta1_disinfecting_agents_and_antiseptics	62	348	348	1.0	Unknown taxonomy (chromosome or plasmid)
barcode03_3Gb	contig_2507	5437	6277	sul1_sulfonamide_antibiotic	68	840	840	1.0	Unknown taxonomy (chromosome or plasmid)
barcode03_3Gb	contig_2509	2000	2840	sul1_sulfonamide_antibiotic	34	840	840	1.0	Unknown taxonomy (chromosome or plasmid)
barcode03_3Gb	contig_2509	2833	3181	qacEdelta1_disinfecting_agents_and_antiseptics	25	348	348	1.0	Unknown taxonomy (chromosome or plasmid)
barcode03_3Gb	contig_2517	31101	32334	mdtM_fluoroquinolone_antibiotic;_lincosamide_antibiotic;_nucleoside_antibiotic;_phenicol_antibiotic;_disinfecting_agents_and_antiseptics	25	1233	1233	1.0	Unknown taxonomy (chromosome or plasmid)
barcode03_3Gb	contig_2517	187580	188525	leuO_nucleoside_antibiotic;_disinfecting_agents_and_antiseptics	21	945	945	1.0	Unknown taxonomy (chromosome or plasmid)
barcode03_3Gb	contig_2517	194625	196392	Haemophilus influenzae PBP3 conferring resistance to beta-lactam antibiotics_cephalosporin;_cephamycin;_penam	17	1767	1767	1.0	Unknown taxonomy (chromosome or plasmid)
barcode03_3Gb	contig_2649	27436	30586	adeF_fluoroquinolone_antibiotic;_tetracycline_antibiotic	56	3150	3150	1.0	Aeromonas caviae (chromosome or plasmid)
barcode03_3Gb	contig_2652	1025	1931	mphA_macrolide_antibiotic	66	906	906	1.0	Unknown taxonomy (chromosome or plasmid)
barcode03_3Gb	contig_2652	1927	3166	Mrx_macrolide_antibiotic	69	1239	1239	1.0	Unknown taxonomy (chromosome or plasmid)
barcode03_3Gb	contig_2652	7241	8081	sul1_sulfonamide_antibiotic	60	840	840	1.0	Unknown taxonomy (chromosome or plasmid)
barcode03_3Gb	contig_2652	8074	8422	qacEdelta1_disinfecting_agents_and_antiseptics	54	348	348	1.0	Unknown taxonomy (chromosome or plasmid)
barcode03_3Gb	contig_2652	8713	9103	arr-3_rifamycin_antibiotic	18	390	390	1.0	Unknown taxonomy (chromosome or plasmid)
barcode03_3Gb	contig_2652	9199	9799	AAC(6')-Ib-cr6_fluoroquinolone_antibiotic;_aminoglycoside_antibiotic	18	600	600	1.0	Unknown taxonomy (chromosome or plasmid)
barcode03_3Gb	contig_2653	7676	8537	TEM-1_monobactam;_cephalosporin;_penam;_penem	27	861	861	1.0	Unknown taxonomy (chromosome or plasmid)
barcode03_3Gb	contig_2662	13923	15297	cpxA_aminoglycoside_antibiotic;_aminocoumarin_antibiotic	22	1374	1374	1.0	Unknown taxonomy (chromosome or plasmid)
barcode03_3Gb	contig_2701	426768	427584	sul2_sulfonamide_antibiotic	32	816	816	1.0	Unknown taxonomy (chromosome or plasmid)
barcode03_3Gb	contig_2701	428447	429284	APH(6)-Id_aminoglycoside_antibiotic	21	837	837	1.0	Unknown taxonomy (chromosome or plasmid)
barcode03_3Gb	contig_2701	430361	431561	tet(A)_tetracycline_antibiotic	18	1200	1200	1.0	Unknown taxonomy (chromosome or plasmid)
barcode03_3Gb	contig_2702	447	1662	floR_phenicol_antibiotic	16	1215	1215	1.0	Unknown taxonomy (chromosome or plasmid)
barcode03_3Gb	contig_2742	11657	12485	OXA-253_carbapenem;_penam	27	828	828	1.0	Acinetobacter baumannii (chromosome)
barcode03_3Gb	contig_2746	6772	7903	vanT gene in vanG cluster_glycopeptide_antibiotic	8	1131	1131	1.0	
barcode03_3Gb	contig_2794	116663	117764	LpsB_peptide_antibiotic	22	1101	1101	1.0	Acinetobacter baumannii (chromosome or plasmid)
barcode03_3Gb	contig_2794	164011	165358	abeM_fluoroquinolone_antibiotic;_disinfecting_agents_and_antiseptics	22	1347	1347	1.0	Acinetobacter baumannii (chromosome or plasmid)
barcode03_3Gb	contig_2817	23038	24787	msbA_nitroimidazole_antibiotic	17	1749	1749	1.0	Unknown taxonomy (chromosome)
barcode03_3Gb	contig_2829	132328	134299	tet(O)_tetracycline_antibiotic	10	1971	1971	1.0	
barcode03_3Gb	contig_2831	1673	4784	adeB_glycylcycline;_tetracycline_antibiotic	9	3111	3111	1.0	Acinetobacter baumannii (no genomic info)
barcode03_3Gb	contig_2942	22735	23635	VEB-3_monobactam;_cephalosporin	7	900	900	1.0	Unknown taxonomy (chromosome or plasmid)
barcode03_3Gb	contig_2942	26348	27188	sul1_sulfonamide_antibiotic	28	840	840	1.0	Unknown taxonomy (chromosome or plasmid)
barcode03_3Gb	contig_2942	27181	27529	qacEdelta1_disinfecting_agents_and_antiseptics	29	348	348	1.0	Unknown taxonomy (chromosome or plasmid)
barcode03_3Gb	contig_2942	29079	29907	OXA-21_cephalosporin;_penam	22	828	828	1.0	Unknown taxonomy (chromosome or plasmid)
barcode03_3Gb	contig_2942	29976	30531	AAC(6')-IIa_aminoglycoside_antibiotic	24	555	555	1.0	Unknown taxonomy (chromosome or plasmid)
barcode03_3Gb	contig_297	43532	45008	msrE_macrolide_antibiotic;_streptogramin_antibiotic	77	1476	1476	1.0	Unknown taxonomy (chromosome or plasmid)
barcode03_3Gb	contig_297	45063	45948	mphE_macrolide_antibiotic	73	885	885	1.0	Unknown taxonomy (chromosome or plasmid)
barcode03_3Gb	contig_297	72168	73095	PER-2_monobactam;_carbapenem;_cephalosporin;_penam;_penem	19	927	927	1.0	Unknown taxonomy (plasmid)
barcode03_3Gb	contig_297	81348	81975	tetR_tetracycline_antibiotic	23	627	627	1.0	Unknown taxonomy (chromosome or plasmid)
barcode03_3Gb	contig_297	82035	83259	tet(B)_tetracycline_antibiotic	20	1224	1224	1.0	Unknown taxonomy (chromosome or plasmid)
barcode03_3Gb	contig_2976	171466	174538	adeF_fluoroquinolone_antibiotic;_tetracycline_antibiotic	11	3072	3072	1.0	
barcode03_3Gb	contig_2996	226	1054	OXA-253_carbapenem;_penam	28	828	828	1.0	Acinetobacter baumannii (chromosome)
barcode03_3Gb	contig_3004	26571	26946	ramA_fluoroquinolone_antibiotic;_monobactam;_carbapenem;_cephalosporin;_glycylcycline;_cephamycin;_penam;_tetracycline_antibiotic;_rifamycin_antibiotic;_phenicol_antibiotic;_penem;_disinfecting_agents_and_antiseptics	6	375	375	1.0	Enterobacter cloacae (chromosome)
barcode03_3Gb	contig_3015	63626	64250	vanW gene in vanI cluster_glycopeptide_antibiotic	10	624	624	1.0	
barcode03_3Gb	contig_303	122077	122479	FosA8_phosphonic_acid_antibiotic	58	402	402	1.0	Aeromonas caviae (chromosome or plasmid)
barcode03_3Gb	contig_305	42359	43739	tet(W)_tetracycline_antibiotic	23	1380	1380	1.0	Unknown taxonomy (chromosome or plasmid)
barcode03_3Gb	contig_3138	38254	38728	dfrA1_diaminopyrimidine_antibiotic	20	474	474	1.0	Unknown taxonomy (chromosome or plasmid)
barcode03_3Gb	contig_3138	38832	39612	aadA_aminoglycoside_antibiotic	28	780	780	1.0	Unknown taxonomy (chromosome or plasmid)
barcode03_3Gb	contig_3138	39775	40123	qacEdelta1_disinfecting_agents_and_antiseptics	13	348	348	1.0	Unknown taxonomy (chromosome or plasmid)
barcode03_3Gb	contig_3138	41367	42183	sul2_sulfonamide_antibiotic	15	816	816	1.0	Unknown taxonomy (chromosome or plasmid)
barcode03_3Gb	contig_3138	53655	54507	CTX-M-117_cephalosporin	6	852	852	1.0	Unknown taxonomy (chromosome or plasmid)
barcode03_3Gb	contig_3139	36097	36754	QnrS1_fluoroquinolone_antibiotic	16	657	657	1.0	Unknown taxonomy (chromosome or plasmid)
barcode03_3Gb	contig_3139	41396	42269	CTX-M-154_cephalosporin	5	873	873	1.0	Unknown taxonomy (chromosome or plasmid)
barcode03_3Gb	contig_3164	43564	46714	acrB_fluoroquinolone_antibiotic;_cephalosporin;_glycylcycline;_penam;_tetracycline_antibiotic;_rifamycin_antibiotic;_phenicol_antibiotic;_disinfecting_agents_and_antiseptics	13	3150	3150	1.0	Unknown taxonomy (chromosome or plasmid)
barcode03_3Gb	contig_3164	46736	47930	Escherichia coli acrA_fluoroquinolone_antibiotic;_cephalosporin;_glycylcycline;_penam;_tetracycline_antibiotic;_rifamycin_antibiotic;_phenicol_antibiotic;_disinfecting_agents_and_antiseptics	11	1194	1194	1.0	Unknown taxonomy (chromosome or plasmid)
barcode03_3Gb	contig_3164	48071	48719	Escherichia coli AcrAB-TolC with AcrR mutation conferring resistance to ciprofloxacin, tetracycline, and ceftazidime_fluoroquinolone_antibiotic;_cephalosporin;_glycylcycline;_penam;_tetracycline_antibiotic;_rifamycin_antibiotic;_phenicol_antibiotic;_disinfecting_agents_and_antiseptics	13	648	648	1.0	Unknown taxonomy (chromosome or plasmid)
barcode03_3Gb	contig_3196	46497	47286	ANT(3'')-IIa_aminoglycoside_antibiotic	20	789	789	1.0	Acinetobacter baumannii (chromosome or plasmid)
barcode03_3Gb	contig_3204	9909	10509	AAC(6')-Ib-cr6_fluoroquinolone_antibiotic;_aminoglycoside_antibiotic	19	600	600	1.0	Unknown taxonomy (chromosome or plasmid)
barcode03_3Gb	contig_3204	10639	11470	OXA-1_cephalosporin;_penam	20	831	831	1.0	Unknown taxonomy (chromosome or plasmid)
barcode03_3Gb	contig_3204	11607	12315	catB3_phenicol_antibiotic	24	708	708	1.0	Unknown taxonomy (chromosome or plasmid)
barcode03_3Gb	contig_3204	13001	13349	qacEdelta1_disinfecting_agents_and_antiseptics	40	348	348	1.0	Unknown taxonomy (chromosome or plasmid)
barcode03_3Gb	contig_3204	13342	14182	sul1_sulfonamide_antibiotic	42	840	840	1.0	Unknown taxonomy (chromosome or plasmid)
barcode03_3Gb	contig_3209	77993	78182	rsmA_fluoroquinolone_antibiotic;_diaminopyrimidine_antibiotic;_phenicol_antibiotic	67	189	189	1.0	
barcode03_3Gb	contig_3352	23357	24458	vanG_glycopeptide_antibiotic	6	1101	1101	1.0	Enterobacter kobei (chromosome)
barcode03_3Gb	contig_3406	83355	85833	vanT gene in vanG cluster_glycopeptide_antibiotic	34	2478	2478	1.0	
barcode03_3Gb	contig_3426	760076	761063	vanH gene in vanO cluster_glycopeptide_antibiotic	16	987	987	1.0	
barcode03_3Gb	contig_3426	1342569	1343727	vanT gene in vanG cluster_glycopeptide_antibiotic	23	1158	1158	1.0	
barcode03_3Gb	contig_3492	53198	54317	vanT gene in vanG cluster_glycopeptide_antibiotic	4	1119	1119	1.0	
barcode03_3Gb	contig_3530	145525	146077	vanW gene in vanG cluster_glycopeptide_antibiotic	2	552	552	1.0	
barcode03_3Gb	contig_3565	70554	71208	adeN_macrolide_antibiotic;_fluoroquinolone_antibiotic;_lincosamide_antibiotic;_carbapenem;_cephalosporin;_tetracycline_antibiotic;_rifamycin_antibiotic;_diaminopyrimidine_antibiotic;_phenicol_antibiotic;_penem	19	654	654	1.0	Acinetobacter baumannii (chromosome or plasmid)
barcode03_3Gb	contig_3565	304190	305495	Acinetobacter baumannii AbaQ_fluoroquinolone_antibiotic	16	1305	1305	1.0	Acinetobacter baumannii (chromosome or plasmid)
barcode03_3Gb	contig_3574	66584	67307	baeR_aminoglycoside_antibiotic;_aminocoumarin_antibiotic	17	723	723	1.0	Unknown taxonomy (chromosome or plasmid)
barcode03_3Gb	contig_3574	70120	73198	mdtC_aminocoumarin_antibiotic	16	3078	3078	1.0	Escherichia coli (chromosome or plasmid)
barcode03_3Gb	contig_3574	76321	77569	mdtA_aminocoumarin_antibiotic	18	1248	1248	1.0	Escherichia coli (chromosome or plasmid)
barcode03_3Gb	contig_3588	85851	86106	rsmA_fluoroquinolone_antibiotic;_diaminopyrimidine_antibiotic;_phenicol_antibiotic	15	255	255	1.0	
barcode03_3Gb	contig_36	38972	39227	rsmA_fluoroquinolone_antibiotic;_diaminopyrimidine_antibiotic;_phenicol_antibiotic	174	255	255	1.0	
barcode03_3Gb	contig_3605	47997	50097	vanT gene in vanG cluster_glycopeptide_antibiotic	6	2100	2100	1.0	
barcode03_3Gb	contig_3680	8077	9592	aadT_macrolide_antibiotic;_tetracycline_antibiotic;_disinfecting_agents_and_antiseptics	8	1515	1515	1.0	
barcode03_3Gb	contig_3764	38386	41527	adeF_fluoroquinolone_antibiotic;_tetracycline_antibiotic	9	3141	3141	1.0	
barcode03_3Gb	contig_3764	235885	236998	vanT gene in vanG cluster_glycopeptide_antibiotic	4	1113	1113	1.0	
barcode03_3Gb	contig_3781	2419	3607	tet(39)_tetracycline_antibiotic	37	1188	1188	1.0	Unknown taxonomy (plasmid)
barcode03_3Gb	contig_3862	53405	54266	AAC(3)-IIe_aminoglycoside_antibiotic	18	861	861	1.0	Unknown taxonomy (chromosome or plasmid)
barcode03_3Gb	contig_3862	54407	55268	TEM-1_monobactam;_cephalosporin;_penam;_penem	16	861	861	1.0	Unknown taxonomy (chromosome or plasmid)
barcode03_3Gb	contig_3873	4293	4926	CRP_macrolide_antibiotic;_fluoroquinolone_antibiotic;_penam	8	633	633	1.0	Unknown taxonomy (chromosome)
barcode03_3Gb	contig_397	32263	33415	MOX-13_cephalosporin;_cephamycin;_penam	43	1152	1152	1.0	Aeromonas caviae (chromosome or plasmid)
barcode03_3Gb	contig_4011	21281	22466	Escherichia coli EF-Tu mutants conferring resistance to Pulvomycin_elfamycin_antibiotic	14	1185	1185	1.0	Enterobacter kobei (chromosome or plasmid)
barcode03_3Gb	contig_4034	1183	1963	APH(3')-VIa_aminoglycoside_antibiotic	16	780	780	1.0	Unknown taxonomy (chromosome or plasmid)
barcode03_3Gb	contig_4077	131082	131943	TEM-1_monobactam;_cephalosporin;_penam;_penem	12	861	861	1.0	Unknown taxonomy (chromosome or plasmid)
barcode03_3Gb	contig_4077	136916	137777	AAC(3)-IId_aminoglycoside_antibiotic	3	861	861	1.0	Unknown taxonomy (chromosome or plasmid)
barcode03_3Gb	contig_4101	20016	22236	Acinetobacter baumannii parC conferring resistance to fluoroquinolones_fluoroquinolone_antibiotic	32	2220	2220	1.0	Acinetobacter baumannii (chromosome or plasmid)
barcode03_3Gb	contig_4102	66374	69521	acrB_fluoroquinolone_antibiotic;_cephalosporin;_glycylcycline;_penam;_tetracycline_antibiotic;_rifamycin_antibiotic;_phenicol_antibiotic;_disinfecting_agents_and_antiseptics	14	3147	3147	1.0	Unknown taxonomy (chromosome)
barcode03_3Gb	contig_4104	1807	2152	qacG_disinfecting_agents_and_antiseptics	8	345	345	1.0	Unknown taxonomy (chromosome or plasmid)
barcode03_3Gb	contig_4104	92136	93120	PmrF_peptide_antibiotic	15	984	984	1.0	
barcode03_3Gb	contig_4106	31501	32260	vanY gene in vanB cluster_glycopeptide_antibiotic	7	759	759	1.0	
barcode03_3Gb	contig_4149	8237	8582	qacG_disinfecting_agents_and_antiseptics	4	345	345	1.0	Moraxella osloensis (chromosome)
barcode03_3Gb	contig_4153	156	501	qacG_disinfecting_agents_and_antiseptics	5	345	345	1.0	Unknown taxonomy (chromosome or plasmid)
barcode03_3Gb	contig_4158	22626	22971	qacG_disinfecting_agents_and_antiseptics	13	345	345	1.0	Unknown taxonomy (chromosome or plasmid)
barcode03_3Gb	contig_4162	28488	29673	Escherichia coli EF-Tu mutants conferring resistance to Pulvomycin_elfamycin_antibiotic	25	1185	1185	1.0	Enterobacter (chromosome or plasmid)
barcode03_3Gb	contig_4226	3485	5405	tet(O)_tetracycline_antibiotic	37	1920	1920	1.0	Unknown taxonomy (chromosome or plasmid)
barcode03_3Gb	contig_4228	76489	78142	ArnT_peptide_antibiotic	20	1653	1653	1.0	Unknown taxonomy (chromosome or plasmid)
barcode03_3Gb	contig_4228	81011	81980	PmrF_peptide_antibiotic	15	969	969	1.0	Unknown taxonomy (chromosome or plasmid)
barcode03_3Gb	contig_4228	92820	94179	Escherichia coli GlpT with mutation conferring resistance to fosfomycin_phosphonic_acid_antibiotic	19	1359	1359	1.0	Unknown taxonomy (chromosome or plasmid)
barcode03_3Gb	contig_4228	136511	138155	YojI_peptide_antibiotic	16	1644	1644	1.0	Escherichia coli (chromosome or plasmid)
barcode03_3Gb	contig_4318	29222	30017	OXA-504_penam	45	795	795	1.0	Aeromonas caviae (chromosome)
barcode03_3Gb	contig_4337	409	1615	Mef(En2)_macrolide_antibiotic;_lincosamide_antibiotic	7	1206	1206	1.0	Unknown taxonomy (chromosome)
barcode03_3Gb	contig_4348	3594	4854	EreB_macrolide_antibiotic	14	1260	1260	1.0	
barcode03_3Gb	contig_435	5064	6369	Acinetobacter baumannii AbaQ_fluoroquinolone_antibiotic	9	1305	1305	1.0	
barcode03_3Gb	contig_444	5347	5638	qacG_disinfecting_agents_and_antiseptics	1	291	291	1.0	
barcode03_3Gb	contig_4489	12343	12679	qacG_disinfecting_agents_and_antiseptics	9	336	336	1.0	
barcode03_3Gb	contig_4584	148071	149304	Escherichia coli mdfA_tetracycline_antibiotic;_disinfecting_agents_and_antiseptics	12	1233	1233	1.0	Unknown taxonomy (chromosome or plasmid)
barcode03_3Gb	contig_4623	8738	10505	Haemophilus influenzae PBP3 conferring resistance to beta-lactam antibiotics_cephalosporin;_cephamycin;_penam	5	1767	1767	1.0	Citrobacter (chromosome or plasmid)
barcode03_3Gb	contig_4625	1352	1847	lnuC_lincosamide_antibiotic	19	495	495	1.0	Unknown taxonomy (chromosome or plasmid)
barcode03_3Gb	contig_4632	53417	53873	emrR_fluoroquinolone_antibiotic	15	456	456	1.0	Unknown taxonomy (chromosome)
barcode03_3Gb	contig_4632	63871	64057	rsmA_fluoroquinolone_antibiotic;_diaminopyrimidine_antibiotic;_phenicol_antibiotic	20	186	186	1.0	Enterobacter cloacae (chromosome or plasmid)
barcode03_3Gb	contig_4635	7846	8191	qacG_disinfecting_agents_and_antiseptics	33	345	345	1.0	Acinetobacter (chromosome)
barcode03_3Gb	contig_468	24705	25587	KPC-2_monobactam;_carbapenem;_cephalosporin;_penam	144	882	882	1.0	Unknown taxonomy (chromosome or plasmid)
barcode03_3Gb	contig_4719	13146	16311	adeF_fluoroquinolone_antibiotic;_tetracycline_antibiotic	21	3165	3165	1.0	Acinetobacter (chromosome or plasmid)
barcode03_3Gb	contig_472	77826	79218	Escherichia coli UhpT with mutation conferring resistance to fosfomycin_phosphonic_acid_antibiotic	6	1392	1392	1.0	Enterobacter kobei (chromosome or plasmid)
barcode03_3Gb	contig_4733	14688	17859	adeF_fluoroquinolone_antibiotic;_tetracycline_antibiotic	11	3171	3171	1.0	
barcode03_3Gb	contig_475	3463	4036	AAC(6')-Ian_aminoglycoside_antibiotic	2	573	573	1.0	Unknown taxonomy (chromosome or plasmid)
barcode03_3Gb	contig_475	13181	13691	dfrA8_diaminopyrimidine_antibiotic	10	510	510	1.0	Unknown taxonomy (chromosome or plasmid)
barcode03_3Gb	contig_475	15132	15927	APH(3'')-Ib_aminoglycoside_antibiotic	10	795	795	1.0	Unknown taxonomy (chromosome or plasmid)
barcode03_3Gb	contig_475	16122	17064	APH(3'')-Ib_aminoglycoside_antibiotic	22	942	942	1.0	Pseudomonas aeruginosa (chromosome or plasmid)
barcode03_3Gb	contig_475	17063	17900	APH(6)-Id_aminoglycoside_antibiotic	26	837	837	1.0	Unknown taxonomy (chromosome or plasmid)
barcode03_3Gb	contig_4774	24345	26121	ACT-28_carbapenem;_cephalosporin;_cephamycin;_penam	12	1776	1776	1.0	Enterobacter kobei (chromosome)
barcode03_3Gb	contig_4847	35948	36278	Klebsiella pneumoniae KpnF_macrolide_antibiotic;_aminoglycoside_antibiotic;_cephalosporin;_tetracycline_antibiotic;_peptide_antibiotic;_rifamycin_antibiotic;_disinfecting_agents_and_antiseptics	19	330	330	1.0	Unknown taxonomy (chromosome or plasmid)
barcode03_3Gb	contig_4847	36264	36630	Klebsiella pneumoniae KpnE_macrolide_antibiotic;_aminoglycoside_antibiotic;_cephalosporin;_tetracycline_antibiotic;_peptide_antibiotic;_rifamycin_antibiotic;_disinfecting_agents_and_antiseptics	24	366	366	1.0	Unknown taxonomy (chromosome or plasmid)
barcode03_3Gb	contig_4917	1	1549	tet(Q)_tetracycline_antibiotic	5	1548	1548	1.0	Unknown taxonomy (chromosome)
barcode03_3Gb	contig_4922	11209	12037	OXA-2_carbapenem;_cephalosporin;_penam	9	828	828	1.0	Unknown taxonomy (chromosome or plasmid)
barcode03_3Gb	contig_4923	1978	3061	OXA-2_carbapenem;_cephalosporin;_penam	14	1083	1083	1.0	Unknown taxonomy (chromosome or plasmid)
barcode03_3Gb	contig_4923	12807	13587	APH(3')-VIa_aminoglycoside_antibiotic	30	780	780	1.0	Unknown taxonomy (chromosome or plasmid)
barcode03_3Gb	contig_4928	8193	9054	AAC(3)-IIe_aminoglycoside_antibiotic	14	861	861	1.0	Unknown taxonomy (chromosome or plasmid)
barcode03_3Gb	contig_4928	9195	10056	TEM-1_monobactam;_cephalosporin;_penam;_penem	12	861	861	1.0	Unknown taxonomy (chromosome or plasmid)
barcode03_3Gb	contig_4930	9148	9403	rsmA_fluoroquinolone_antibiotic;_diaminopyrimidine_antibiotic;_phenicol_antibiotic	7	255	255	1.0	
barcode03_3Gb	contig_4945	19	493	dfrA1_diaminopyrimidine_antibiotic	4	474	474	1.0	Unknown taxonomy (chromosome or plasmid)
barcode03_3Gb	contig_4945	988	1336	qacEdelta1_disinfecting_agents_and_antiseptics	8	348	348	1.0	Unknown taxonomy (chromosome or plasmid)
barcode03_3Gb	contig_4945	1329	2169	sul1_sulfonamide_antibiotic	11	840	840	1.0	Unknown taxonomy (chromosome or plasmid)
barcode03_3Gb	contig_4955	29957	30293	Escherichia coli emrE_macrolide_antibiotic	8	336	336	1.0	Unknown taxonomy (chromosome or plasmid)
barcode03_3Gb	contig_4986	18643	19828	Escherichia coli EF-Tu mutants conferring resistance to Pulvomycin_elfamycin_antibiotic	10	1185	1185	1.0	Unknown taxonomy (chromosome or plasmid)
barcode03_3Gb	contig_4988	7853	9038	Escherichia coli EF-Tu mutants conferring resistance to Pulvomycin_elfamycin_antibiotic	29	1185	1185	1.0	Unknown taxonomy (chromosome or plasmid)
barcode03_3Gb	contig_5056	11236	14350	acrD_aminoglycoside_antibiotic	8	3114	3114	1.0	
barcode03_3Gb	contig_5103	11981	12239	FosA8_phosphonic_acid_antibiotic	8	258	258	1.0	Enterobacter asburiae (chromosome)
barcode03_3Gb	contig_5151	9134	10295	vanL_glycopeptide_antibiotic	7	1161	1161	1.0	
barcode03_3Gb	contig_52	105094	105460	qacG_disinfecting_agents_and_antiseptics	121	366	366	1.0	Acinetobacter johnsonii (chromosome)
barcode03_3Gb	contig_5206	22185	22533	vanY gene in vanA cluster_glycopeptide_antibiotic	6	348	348	1.0	
barcode03_3Gb	contig_5211	13177	14104	CTX-M-79_cephalosporin	9	927	927	1.0	Unknown taxonomy (chromosome or plasmid)
barcode03_3Gb	contig_5241	1281	1938	QnrS1_fluoroquinolone_antibiotic	12	657	657	1.0	Unknown taxonomy (chromosome or plasmid)
barcode03_3Gb	contig_5241	6578	7454	CTX-M-15_cephalosporin;_penam	13	876	876	1.0	Unknown taxonomy (chromosome or plasmid)
barcode03_3Gb	contig_5272	17837	18740	vanH gene in vanO cluster_glycopeptide_antibiotic	4	903	903	1.0	
barcode03_3Gb	contig_534	233497	236689	adeF_fluoroquinolone_antibiotic;_tetracycline_antibiotic	24	3192	3192	1.0	
barcode03_3Gb	contig_534	1158361	1159471	vanT gene in vanG cluster_glycopeptide_antibiotic	29	1110	1110	1.0	
barcode03_3Gb	contig_539	2323	3508	Escherichia coli EF-Tu mutants conferring resistance to Pulvomycin_elfamycin_antibiotic	57	1185	1185	1.0	Aeromonas caviae (chromosome or plasmid)
barcode03_3Gb	contig_539	21528	22713	Escherichia coli EF-Tu mutants conferring resistance to Pulvomycin_elfamycin_antibiotic	68	1185	1185	1.0	Aeromonas caviae (chromosome or plasmid)
barcode03_3Gb	contig_5449	107489	108827	vanW gene in vanI cluster_glycopeptide_antibiotic	3	1338	1338	1.0	
barcode03_3Gb	contig_5457	22627	23800	vanT gene in vanG cluster_glycopeptide_antibiotic	5	1173	1173	1.0	
barcode03_3Gb	contig_546	42062	45239	adeF_fluoroquinolone_antibiotic;_tetracycline_antibiotic	12	3177	3177	1.0	Unknown taxonomy (chromosome)
barcode03_3Gb	contig_5587	13959	15474	aadT_macrolide_antibiotic;_tetracycline_antibiotic;_disinfecting_agents_and_antiseptics	5	1515	1515	1.0	
barcode03_3Gb	contig_5621	28363	28996	CRP_macrolide_antibiotic;_fluoroquinolone_antibiotic;_penam	17	633	633	1.0	Enterobacter cloacae (chromosome or plasmid)
barcode03_3Gb	contig_5694	4328	5678	Escherichia coli UhpT with mutation conferring resistance to fosfomycin_phosphonic_acid_antibiotic	18	1350	1350	1.0	Enterobacter (chromosome or plasmid)
barcode03_3Gb	contig_5780	50058	51807	msbA_nitroimidazole_antibiotic	17	1749	1749	1.0	Enterobacter (chromosome)
barcode03_3Gb	contig_5854	4810	6349	emrB_fluoroquinolone_antibiotic	7	1539	1539	1.0	Citrobacter werkmanii (chromosome)
barcode03_3Gb	contig_5854	7668	8199	emrR_fluoroquinolone_antibiotic	5	531	531	1.0	Citrobacter (chromosome or plasmid)
barcode03_3Gb	contig_5871	35038	36136	CMY-132_cephamycin	8	1098	1098	1.0	Citrobacter portucalensis (chromosome or plasmid)
barcode03_3Gb	contig_5872	189987	191982	lmrD_lincosamide_antibiotic	6	1995	1995	1.0	
barcode03_3Gb	contig_5933	1691	2072	marA_fluoroquinolone_antibiotic;_monobactam;_carbapenem;_cephalosporin;_glycylcycline;_cephamycin;_penam;_tetracycline_antibiotic;_rifamycin_antibiotic;_phenicol_antibiotic;_penem;_disinfecting_agents_and_antiseptics	13	381	381	1.0	Enterobacter (chromosome or plasmid)
barcode03_3Gb	contig_5973	354	1632	Acinetobacter baumannii AbaQ_fluoroquinolone_antibiotic	3	1278	1278	1.0	
barcode03_3Gb	contig_6001	6616	7606	vanH gene in vanB cluster_glycopeptide_antibiotic	6	990	990	1.0	
barcode03_3Gb	contig_6009	9775	10108	qacG_disinfecting_agents_and_antiseptics	6	333	333	1.0	
barcode03_3Gb	contig_6028	4269	5265	CfxA3_cephamycin	27	996	996	1.0	Unknown taxonomy (chromosome or plasmid)
barcode03_3Gb	contig_6163	36405	36828	rsmA_fluoroquinolone_antibiotic;_diaminopyrimidine_antibiotic;_phenicol_antibiotic	10	423	423	1.0	
barcode03_3Gb	contig_6271	10766	11333	fosA5_fluoroquinolone_antibiotic;_aminoglycoside_antibiotic;_phosphonic_acid_antibiotic	7	567	567	1.0	
barcode03_3Gb	contig_6291	3704	4049	qacG_disinfecting_agents_and_antiseptics	3	345	345	1.0	
barcode03_3Gb	contig_6297	4489	5587	vanG_glycopeptide_antibiotic	8	1098	1098	1.0	Klebsiella pneumoniae (chromosome)
barcode03_3Gb	contig_635	151102	151666	lnuC_lincosamide_antibiotic	38	564	564	1.0	Unknown taxonomy (chromosome or plasmid)
barcode03_3Gb	contig_635	986884	990037	adeF_fluoroquinolone_antibiotic;_tetracycline_antibiotic	10	3153	3153	1.0	
barcode03_3Gb	contig_635	1055850	1056414	lnuC_lincosamide_antibiotic	32	564	564	1.0	Unknown taxonomy (chromosome or plasmid)
barcode03_3Gb	contig_637	6540	8025	lsaE_lincosamide_antibiotic;_streptogramin_antibiotic;_pleuromutilin_antibiotic	9	1485	1485	1.0	Streptococcus (chromosome or plasmid)
barcode03_3Gb	contig_637	8078	8882	lnuB_lincosamide_antibiotic	8	804	804	1.0	Unknown taxonomy (chromosome or plasmid)
barcode03_3Gb	contig_6432	14293	14995	vanY gene in vanB cluster_glycopeptide_antibiotic	6	702	702	1.0	
barcode03_3Gb	contig_644	642	1524	KPC-2_monobactam;_carbapenem;_cephalosporin;_penam	52	882	882	1.0	Unknown taxonomy (chromosome or plasmid)
barcode03_3Gb	contig_645	1742	2579	APH(6)-Id_aminoglycoside_antibiotic	37	837	837	1.0	Unknown taxonomy (chromosome or plasmid)
barcode03_3Gb	contig_645	2578	3382	APH(3'')-Ib_aminoglycoside_antibiotic	36	804	804	1.0	Unknown taxonomy (chromosome or plasmid)
barcode03_3Gb	contig_6521	4116	4626	vanY gene in vanM cluster_glycopeptide_antibiotic	8	510	510	1.0	Faecalibacterium prausnitzii (no genomic info)
barcode03_3Gb	contig_6574	830	1289	AAC(6')-Il_aminoglycoside_antibiotic	10	459	459	1.0	Unknown taxonomy (chromosome or plasmid)
barcode03_3Gb	contig_6606	3191	3593	FosH_phosphonic_acid_antibiotic	3	402	402	1.0	
barcode03_3Gb	contig_6669	175009	176341	vanW gene in vanI cluster_glycopeptide_antibiotic	5	1332	1332	1.0	
barcode03_3Gb	contig_6682	16870	17692	bacA_peptide_antibiotic	5	822	822	1.0	
barcode03_3Gb	contig_671	4369	5845	msrE_macrolide_antibiotic;_streptogramin_antibiotic	29	1476	1476	1.0	Unknown taxonomy (chromosome or plasmid)
barcode03_3Gb	contig_671	5900	6785	mphE_macrolide_antibiotic	26	885	885	1.0	Unknown taxonomy (chromosome or plasmid)
barcode03_3Gb	contig_673	6670	7270	AAC(6')-Ib-cr6_fluoroquinolone_antibiotic;_aminoglycoside_antibiotic	31	600	600	1.0	Unknown taxonomy (chromosome or plasmid)
barcode03_3Gb	contig_673	7400	8231	OXA-1_cephalosporin;_penam	29	831	831	1.0	Unknown taxonomy (chromosome or plasmid)
barcode03_3Gb	contig_673	8368	9001	catB3_phenicol_antibiotic	32	633	633	1.0	Unknown taxonomy (chromosome or plasmid)
barcode03_3Gb	contig_673	9085	9538	arr-3_rifamycin_antibiotic	32	453	453	1.0	Unknown taxonomy (chromosome or plasmid)
barcode03_3Gb	contig_673	9760	10108	qacEdelta1_disinfecting_agents_and_antiseptics	65	348	348	1.0	Unknown taxonomy (chromosome or plasmid)
barcode03_3Gb	contig_673	10101	10941	sul1_sulfonamide_antibiotic	66	840	840	1.0	Unknown taxonomy (chromosome or plasmid)
barcode03_3Gb	contig_678	5179	5836	QnrVC1_fluoroquinolone_antibiotic	19	657	657	1.0	Unknown taxonomy (chromosome or plasmid)
barcode03_3Gb	contig_678	6640	7504	GES-1_carbapenem;_cephalosporin;_penam	26	864	864	1.0	Unknown taxonomy (chromosome or plasmid)
barcode03_3Gb	contig_678	7577	8036	AAC(6')-Il_aminoglycoside_antibiotic	23	459	459	1.0	Unknown taxonomy (chromosome or plasmid)
barcode03_3Gb	contig_6799	654	1560	mphA_macrolide_antibiotic	58	906	906	1.0	Unknown taxonomy (chromosome or plasmid)
barcode03_3Gb	contig_6799	1556	2795	Mrx_macrolide_antibiotic	61	1239	1239	1.0	Unknown taxonomy (chromosome or plasmid)
barcode03_3Gb	contig_6817	8301	9522	mdtG_phosphonic_acid_antibiotic	7	1221	1221	1.0	Citrobacter freundii (chromosome)
barcode03_3Gb	contig_6819	4966	5767	OXA-10_cephalosporin;_penam	10	801	801	1.0	Unknown taxonomy (chromosome or plasmid)
barcode03_3Gb	contig_6845	18101	19073	leuO_nucleoside_antibiotic;_disinfecting_agents_and_antiseptics	10	972	972	1.0	
barcode03_3Gb	contig_6861	45971	47066	vanG_glycopeptide_antibiotic	9	1095	1095	1.0	Escherichia coli (chromosome or plasmid)
barcode03_3Gb	contig_6914	5037	5832	OXA-504_penam	63	795	795	1.0	Aeromonas caviae (chromosome)
barcode03_3Gb	contig_6926	100278	100608	qacG_disinfecting_agents_and_antiseptics	2	330	330	1.0	
barcode03_3Gb	contig_7002	83785	85552	Haemophilus influenzae PBP3 conferring resistance to beta-lactam antibiotics_cephalosporin;_cephamycin;_penam	10	1767	1767	1.0	Enterobacter (chromosome or plasmid)
barcode03_3Gb	contig_7013	5521	6403	KPC-2_monobactam;_carbapenem;_cephalosporin;_penam	16	882	882	1.0	Unknown taxonomy (chromosome or plasmid)
barcode03_3Gb	contig_7014	1179	1836	QnrS2_fluoroquinolone_antibiotic	10	657	657	1.0	Unknown taxonomy (chromosome or plasmid)
barcode03_3Gb	contig_711	10932	14037	AcrF_fluoroquinolone_antibiotic;_cephalosporin;_cephamycin;_penam	20	3105	3105	1.0	Escherichia coli (chromosome or plasmid)
barcode03_3Gb	contig_711	14048	15206	AcrE_fluoroquinolone_antibiotic;_cephalosporin;_cephamycin;_penam	28	1158	1158	1.0	Unknown taxonomy (chromosome or plasmid)
barcode03_3Gb	contig_711	15604	16267	AcrS_fluoroquinolone_antibiotic;_cephalosporin;_glycylcycline;_cephamycin;_penam;_tetracycline_antibiotic;_rifamycin_antibiotic;_phenicol_antibiotic;_disinfecting_agents_and_antiseptics	27	663	663	1.0	Unknown taxonomy (chromosome or plasmid)
barcode03_3Gb	contig_715	74480	75665	Escherichia coli EF-Tu mutants conferring resistance to Pulvomycin_elfamycin_antibiotic	30	1185	1185	1.0	Unknown taxonomy (chromosome or plasmid)
barcode03_3Gb	contig_719	8216	9401	Escherichia coli EF-Tu mutants conferring resistance to Pulvomycin_elfamycin_antibiotic	11	1185	1185	1.0	Unknown taxonomy (chromosome or plasmid)
barcode03_3Gb	contig_782	43057	43939	vanW gene in vanG cluster_glycopeptide_antibiotic	234	882	882	1.0	Acinetobacter johnsonii (chromosome)
barcode03_3Gb	contig_790	4374	5199	OXA-644_carbapenem;_penam	277	825	825	1.0	Acinetobacter johnsonii (chromosome)
barcode03_3Gb	contig_888	1158	2022	APH(3'')-Ib_aminoglycoside_antibiotic	12	864	864	1.0	Unknown taxonomy (chromosome or plasmid)
barcode03_3Gb	contig_888	2021	2858	APH(6)-Id_aminoglycoside_antibiotic	16	837	837	1.0	Unknown taxonomy (chromosome or plasmid)
barcode03_3Gb	contig_888	10919	11735	sul2_sulfonamide_antibiotic	36	816	816	1.0	Unknown taxonomy (chromosome or plasmid)
barcode03_3Gb	contig_888	16840	17461	ANT(3'')-IIa_aminoglycoside_antibiotic	9	621	621	1.0	Acinetobacter (chromosome or plasmid)
barcode03_3Gb	contig_95	42536	44507	tet(Q)_tetracycline_antibiotic	23	1971	1971	1.0	Unknown taxonomy (chromosome)
barcode03_3Gb	contig_971	131331	132465	EC-14_cephalosporin	21	1134	1134	1.0	Unknown taxonomy (chromosome or plasmid)
barcode03_3Gb	contig_971	196492	198136	eptA_peptide_antibiotic	28	1644	1644	1.0	Escherichia coli (chromosome or plasmid)
barcode03_3Gb	contig_971	227545	228577	mdtN_nucleoside_antibiotic;_disinfecting_agents_and_antiseptics	26	1032	1032	1.0	Escherichia coli (chromosome or plasmid)
barcode03_3Gb	contig_971	253207	253672	Escherichia coli soxR with mutation conferring antibiotic resistance_fluoroquinolone_antibiotic;_cephalosporin;_glycylcycline;_penam;_tetracycline_antibiotic;_rifamycin_antibiotic;_phenicol_antibiotic;_disinfecting_agents_and_antiseptics	16	465	465	1.0	Unknown taxonomy (chromosome or plasmid)
barcode03_3Gb	contig_971	253757	254081	Escherichia coli soxS with mutation conferring antibiotic resistance_fluoroquinolone_antibiotic;_monobactam;_carbapenem;_cephalosporin;_glycylcycline;_cephamycin;_penam;_tetracycline_antibiotic;_rifamycin_antibiotic;_phenicol_antibiotic;_penem;_disinfecting_agents_and_antiseptics	17	324	324	1.0	Unknown taxonomy (chromosome or plasmid)
barcode03_6Gb	contig_10024	2231	2999	vanW gene in vanI cluster_glycopeptide_antibiotic	3	768	768	1.0	Anaerostipes hadrus (chromosome)
barcode03_6Gb	contig_10075	58480	60136	ArnT_peptide_antibiotic	8	1656	1656	1.0	Klebsiella michiganensis (chromosome)
barcode03_6Gb	contig_10075	63021	64005	PmrF_peptide_antibiotic	13	984	984	1.0	Citrobacter amalonaticus (no genomic info)
barcode03_6Gb	contig_10133	30426	31587	vanL_glycopeptide_antibiotic	7	1161	1161	1.0	
barcode03_6Gb	contig_10155	13606	14140	ANT(2'')-Ia_aminoglycoside_antibiotic	51	534	534	1.0	Unknown taxonomy (chromosome or plasmid)
barcode03_6Gb	contig_10155	14262	15126	GES-1_carbapenem;_cephalosporin;_penam	56	864	864	1.0	Unknown taxonomy (chromosome or plasmid)
barcode03_6Gb	contig_10161	16048	19210	adeF_fluoroquinolone_antibiotic;_tetracycline_antibiotic	13	3162	3162	1.0	Pseudomonas fluorescens (no genomic info)
barcode03_6Gb	contig_10165	31555	31810	rsmA_fluoroquinolone_antibiotic;_diaminopyrimidine_antibiotic;_phenicol_antibiotic	15	255	255	1.0	
barcode03_6Gb	contig_10247	13309	13942	CRP_macrolide_antibiotic;_fluoroquinolone_antibiotic;_penam	8	633	633	1.0	Klebsiella (chromosome)
barcode03_6Gb	contig_10263	11446	12310	GES-1_carbapenem;_cephalosporin;_penam	15	864	864	1.0	Unknown taxonomy (chromosome or plasmid)
barcode03_6Gb	contig_10263	12383	12842	AAC(6')-Il_aminoglycoside_antibiotic	18	459	459	1.0	Unknown taxonomy (chromosome or plasmid)
barcode03_6Gb	contig_10263	12859	13393	ANT(2'')-Ia_aminoglycoside_antibiotic	27	534	534	1.0	Unknown taxonomy (chromosome or plasmid)
barcode03_6Gb	contig_10263	14355	15210	ErmX_macrolide_antibiotic;_lincosamide_antibiotic;_streptogramin_antibiotic;_streptogramin_A_antibiotic;_streptogramin_B_antibiotic	18	855	855	1.0	Unknown taxonomy (chromosome or plasmid)
barcode03_6Gb	contig_10263	16502	17285	LCR-1_cephalosporin;_penam	8	783	783	1.0	Pseudomonas aeruginosa (chromosome or plasmid)
barcode03_6Gb	contig_10264	6015	6891	CTX-M-15_cephalosporin;_penam	35	876	876	1.0	Unknown taxonomy (chromosome or plasmid)
barcode03_6Gb	contig_10264	11531	12188	QnrS1_fluoroquinolone_antibiotic	28	657	657	1.0	Unknown taxonomy (chromosome or plasmid)
barcode03_6Gb	contig_10272	2430	2805	ramA_fluoroquinolone_antibiotic;_monobactam;_carbapenem;_cephalosporin;_glycylcycline;_cephamycin;_penam;_tetracycline_antibiotic;_rifamycin_antibiotic;_phenicol_antibiotic;_penem;_disinfecting_agents_and_antiseptics	10	375	375	1.0	Enterobacter cloacae (chromosome)
barcode03_6Gb	contig_10383	34256	35546	ArnT_peptide_antibiotic	14	1290	1290	1.0	Klebsiella pneumoniae (chromosome)
barcode03_6Gb	contig_10401	19397	19721	Escherichia coli soxS with mutation conferring antibiotic resistance_fluoroquinolone_antibiotic;_monobactam;_carbapenem;_cephalosporin;_glycylcycline;_cephamycin;_penam;_tetracycline_antibiotic;_rifamycin_antibiotic;_phenicol_antibiotic;_penem;_disinfecting_agents_and_antiseptics	12	324	324	1.0	Citrobacter freundii (chromosome)
barcode03_6Gb	contig_1046	40909	42398	TolC_macrolide_antibiotic;_fluoroquinolone_antibiotic;_aminoglycoside_antibiotic;_carbapenem;_cephalosporin;_glycylcycline;_cephamycin;_penam;_tetracycline_antibiotic;_peptide_antibiotic;_aminocoumarin_antibiotic;_rifamycin_antibiotic;_phenicol_antibiotic;_penem;_disinfecting_agents_and_antiseptics	47	1489	1489	1.0	Escherichia coli (chromosome or plasmid)
barcode03_6Gb	contig_1046	64805	65627	bacA_peptide_antibiotic	36	822	822	1.0	Unknown taxonomy (chromosome or plasmid)
barcode03_6Gb	contig_1046	276546	277209	AcrS_fluoroquinolone_antibiotic;_cephalosporin;_glycylcycline;_cephamycin;_penam;_tetracycline_antibiotic;_rifamycin_antibiotic;_phenicol_antibiotic;_disinfecting_agents_and_antiseptics	46	663	663	1.0	Unknown taxonomy (chromosome or plasmid)
barcode03_6Gb	contig_1046	277607	278765	AcrE_fluoroquinolone_antibiotic;_cephalosporin;_cephamycin;_penam	45	1158	1158	1.0	Unknown taxonomy (chromosome or plasmid)
barcode03_6Gb	contig_1046	278776	281881	AcrF_fluoroquinolone_antibiotic;_cephalosporin;_cephamycin;_penam	35	3105	3105	1.0	Escherichia coli (chromosome or plasmid)
barcode03_6Gb	contig_10512	68978	70244	ArnT_peptide_antibiotic	17	1266	1266	1.0	Enterobacter (chromosome)
barcode03_6Gb	contig_10535	120119	120842	baeR_aminoglycoside_antibiotic;_aminocoumarin_antibiotic	6	723	723	1.0	Enterobacter kobei (chromosome)
barcode03_6Gb	contig_10712	2096	2753	QnrS2_fluoroquinolone_antibiotic	25	657	657	1.0	Unknown taxonomy (chromosome or plasmid)
barcode03_6Gb	contig_10737	40903	44059	adeF_fluoroquinolone_antibiotic;_tetracycline_antibiotic	9	3156	3156	1.0	
barcode03_6Gb	contig_10856	8051	8396	qacG_disinfecting_agents_and_antiseptics	7	345	345	1.0	Acinetobacter (no genomic info)
barcode03_6Gb	contig_1088	7368	7557	rsmA_fluoroquinolone_antibiotic;_diaminopyrimidine_antibiotic;_phenicol_antibiotic	105	189	189	1.0	
barcode03_6Gb	contig_10889	15039	16224	Escherichia coli EF-Tu mutants conferring resistance to Pulvomycin_elfamycin_antibiotic	28	1185	1185	1.0	Klebsiella michiganensis (chromosome or plasmid)
barcode03_6Gb	contig_10906	7977	8304	Escherichia coli soxS with mutation conferring antibiotic resistance_fluoroquinolone_antibiotic;_monobactam;_carbapenem;_cephalosporin;_glycylcycline;_cephamycin;_penam;_tetracycline_antibiotic;_rifamycin_antibiotic;_phenicol_antibiotic;_penem;_disinfecting_agents_and_antiseptics	12	327	327	1.0	
barcode03_6Gb	contig_10969	38708	39548	sul1_sulfonamide_antibiotic	67	840	840	1.0	Unknown taxonomy (chromosome or plasmid)
barcode03_6Gb	contig_10969	39541	39889	qacEdelta1_disinfecting_agents_and_antiseptics	64	348	348	1.0	Unknown taxonomy (chromosome or plasmid)
barcode03_6Gb	contig_10969	40110	40974	GES-1_carbapenem;_cephalosporin;_penam	43	864	864	1.0	Unknown taxonomy (chromosome or plasmid)
barcode03_6Gb	contig_10969	41307	41640	qacL_disinfecting_agents_and_antiseptics	57	333	333	1.0	Unknown taxonomy (chromosome or plasmid)
barcode03_6Gb	contig_10969	41867	42731	GES-5_carbapenem;_cephalosporin;_penam	56	864	864	1.0	Unknown taxonomy (chromosome or plasmid)
barcode03_6Gb	contig_10981	9659	10625	tet(M)_tetracycline_antibiotic	9	966	966	1.0	Unknown taxonomy (chromosome or plasmid)
barcode03_6Gb	contig_10981	10624	11347	tet(M)_tetracycline_antibiotic	8	723	723	1.0	Streptococcus pyogenes (chromosome or plasmid)
barcode03_6Gb	contig_11009	19578	19908	qacG_disinfecting_agents_and_antiseptics	2	330	330	1.0	
barcode03_6Gb	contig_11169	12572	12902	qacG_disinfecting_agents_and_antiseptics	4	330	330	1.0	
barcode03_6Gb	contig_11308	8666	9641	Acinetobacter baumannii AbaQ_fluoroquinolone_antibiotic	13	975	975	1.0	Acinetobacter baumannii (chromosome or plasmid)
barcode03_6Gb	contig_11410	31145	31586	vanW gene in vanG cluster_glycopeptide_antibiotic	5	441	441	1.0	
barcode03_6Gb	contig_11410	31575	32034	vanW gene in vanG cluster_glycopeptide_antibiotic	8	459	459	1.0	
barcode03_6Gb	contig_11432	4948	6697	msbA_nitroimidazole_antibiotic	7	1749	1749	1.0	Unknown taxonomy (chromosome)
barcode03_6Gb	contig_11460	15353	17327	tet(Q)_tetracycline_antibiotic	32	1974	1974	1.0	Unknown taxonomy (chromosome)
barcode03_6Gb	contig_11496	1094	2207	vanT gene in vanG cluster_glycopeptide_antibiotic	6	1113	1113	1.0	
barcode03_6Gb	contig_11573	0	1008	vanW gene in vanI cluster_glycopeptide_antibiotic	3	1008	1008	1.0	
barcode03_6Gb	contig_11674	17709	18840	vanT gene in vanG cluster_glycopeptide_antibiotic	6	1131	1131	1.0	
barcode03_6Gb	contig_11679	60198	60453	rsmA_fluoroquinolone_antibiotic;_diaminopyrimidine_antibiotic;_phenicol_antibiotic	8	255	255	1.0	
barcode03_6Gb	contig_11683	14641	15517	CTX-M-95_cephalosporin	11	876	876	1.0	
barcode03_6Gb	contig_11811	28455	28986	emrR_fluoroquinolone_antibiotic	3	531	531	1.0	Citrobacter portucalensis (chromosome or plasmid)
barcode03_6Gb	contig_11811	29115	30288	emrA_fluoroquinolone_antibiotic	5	1173	1173	1.0	Citrobacter portucalensis (no genomic info)
barcode03_6Gb	contig_11811	30304	31843	emrB_fluoroquinolone_antibiotic	9	1539	1539	1.0	Citrobacter freundii (chromosome)
barcode03_6Gb	contig_11811	38332	38518	rsmA_fluoroquinolone_antibiotic;_diaminopyrimidine_antibiotic;_phenicol_antibiotic	12	186	186	1.0	Citrobacter (chromosome or plasmid)
barcode03_6Gb	contig_11867	102818	103919	vanG_glycopeptide_antibiotic	10	1101	1101	1.0	Enterobacter kobei (chromosome)
barcode03_6Gb	contig_11867	199190	202337	acrB_fluoroquinolone_antibiotic;_cephalosporin;_glycylcycline;_penam;_tetracycline_antibiotic;_rifamycin_antibiotic;_phenicol_antibiotic;_disinfecting_agents_and_antiseptics	18	3147	3147	1.0	Unknown taxonomy (chromosome)
barcode03_6Gb	contig_11867	202359	203553	Enterobacter cloacae acrA_fluoroquinolone_antibiotic;_cephalosporin;_glycylcycline;_penam;_tetracycline_antibiotic;_rifamycin_antibiotic;_phenicol_antibiotic;_disinfecting_agents_and_antiseptics	15	1194	1194	1.0	Enterobacter (chromosome)
barcode03_6Gb	contig_11879	26908	27736	vanY gene in vanB cluster_glycopeptide_antibiotic	11	828	828	1.0	Faecalibacterium prausnitzii (no genomic info)
barcode03_6Gb	contig_11886	48476	49466	vanH gene in vanB cluster_glycopeptide_antibiotic	12	990	990	1.0	
barcode03_6Gb	contig_11920	29526	29871	qacG_disinfecting_agents_and_antiseptics	26	345	345	1.0	Unknown taxonomy (chromosome or plasmid)
barcode03_6Gb	contig_11991	16834	18562	vanW gene in vanI cluster_glycopeptide_antibiotic	3	1728	1728	1.0	
barcode03_6Gb	contig_12058	42234	42420	rsmA_fluoroquinolone_antibiotic;_diaminopyrimidine_antibiotic;_phenicol_antibiotic	10	186	186	1.0	Unknown taxonomy (chromosome or plasmid)
barcode03_6Gb	contig_12058	53525	54485	emrR_fluoroquinolone_antibiotic	6	960	960	1.0	Klebsiella michiganensis (chromosome)
barcode03_6Gb	contig_12061	11018	11204	rsmA_fluoroquinolone_antibiotic;_diaminopyrimidine_antibiotic;_phenicol_antibiotic	6	186	186	1.0	Unknown taxonomy (chromosome or plasmid)
barcode03_6Gb	contig_12110	10656	11802	CMY-34_cephamycin	12	1146	1146	1.0	Citrobacter (chromosome or plasmid)
barcode03_6Gb	contig_12246	17621	19388	Haemophilus influenzae PBP3 conferring resistance to beta-lactam antibiotics_cephalosporin;_cephamycin;_penam	8	1767	1767	1.0	Citrobacter (chromosome or plasmid)
barcode03_6Gb	contig_12246	25502	26387	leuO_nucleoside_antibiotic;_disinfecting_agents_and_antiseptics	8	885	885	1.0	Citrobacter freundii (chromosome)
barcode03_6Gb	contig_12313	1799	2477	kdpE_aminoglycoside_antibiotic	9	678	678	1.0	Citrobacter portucalensis (chromosome)
barcode03_6Gb	contig_12332	41545	44668	mdtB_aminocoumarin_antibiotic	9	3123	3123	1.0	Citrobacter (chromosome)
barcode03_6Gb	contig_12332	44668	47749	mdtC_aminocoumarin_antibiotic	3	3081	3081	1.0	Citrobacter (chromosome)
barcode03_6Gb	contig_12332	50560	51283	baeR_aminoglycoside_antibiotic;_aminocoumarin_antibiotic	3	723	723	1.0	Citrobacter (chromosome)
barcode03_6Gb	contig_12370	8933	9614	QnrB76_fluoroquinolone_antibiotic	5	681	681	1.0	Citrobacter (chromosome or plasmid)
barcode03_6Gb	contig_12397	64747	67900	oqxB_fluoroquinolone_antibiotic;_glycylcycline;_tetracycline_antibiotic;_diaminopyrimidine_antibiotic;_nitrofuran_antibiotic	7	3153	3153	1.0	Enterobacter kobei (chromosome)
barcode03_6Gb	contig_12397	67924	69100	oqxA_fluoroquinolone_antibiotic;_glycylcycline;_tetracycline_antibiotic;_diaminopyrimidine_antibiotic;_nitrofuran_antibiotic	10	1176	1176	1.0	Enterobacter kobei (chromosome)
barcode03_6Gb	contig_12397	97099	97429	Klebsiella pneumoniae KpnF_macrolide_antibiotic;_aminoglycoside_antibiotic;_cephalosporin;_tetracycline_antibiotic;_peptide_antibiotic;_rifamycin_antibiotic;_disinfecting_agents_and_antiseptics	5	330	330	1.0	Enterobacter (chromosome)
barcode03_6Gb	contig_12397	97415	97778	Klebsiella pneumoniae KpnE_macrolide_antibiotic;_aminoglycoside_antibiotic;_cephalosporin;_tetracycline_antibiotic;_peptide_antibiotic;_rifamycin_antibiotic;_disinfecting_agents_and_antiseptics	6	363	363	1.0	Enterobacter kobei (chromosome)
barcode03_6Gb	contig_12480	6549	6894	qacG_disinfecting_agents_and_antiseptics	9	345	345	1.0	
barcode03_6Gb	contig_12632	26601	28011	Escherichia coli UhpT with mutation conferring resistance to fosfomycin_phosphonic_acid_antibiotic	6	1410	1410	1.0	Citrobacter freundii (chromosome or plasmid)
barcode03_6Gb	contig_12645	32003	32546	lnuC_lincosamide_antibiotic	12	543	543	1.0	Anaerostipes hadrus (chromosome or plasmid)
barcode03_6Gb	contig_12719	9832	10333	vanW gene in vanI cluster_glycopeptide_antibiotic	3	501	501	1.0	Roseburia hominis (no genomic info)
barcode03_6Gb	contig_1275	300330	301566	vanW gene in vanI cluster_glycopeptide_antibiotic	181	1236	1236	1.0	
barcode03_6Gb	contig_1275	1003576	1004083	nimK_nitroimidazole_antibiotic	195	507	507	1.0	
barcode03_6Gb	contig_1275	1259587	1262779	adeF_fluoroquinolone_antibiotic;_tetracycline_antibiotic	157	3192	3192	1.0	
barcode03_6Gb	contig_1275	1506192	1507302	vanT gene in vanG cluster_glycopeptide_antibiotic	205	1110	1110	1.0	
barcode03_6Gb	contig_12766	10206	11190	vanH gene in vanO cluster_glycopeptide_antibiotic	7	984	984	1.0	
barcode03_6Gb	contig_12859	1756	2401	QnrB19_fluoroquinolone_antibiotic	32	645	645	1.0	Unknown taxonomy (chromosome or plasmid)
barcode03_6Gb	contig_12859	4455	5100	QnrB19_fluoroquinolone_antibiotic	50	645	645	1.0	Unknown taxonomy (chromosome or plasmid)
barcode03_6Gb	contig_12863	400	1306	mphA_macrolide_antibiotic	28	906	906	1.0	Unknown taxonomy (chromosome or plasmid)
barcode03_6Gb	contig_12863	2373	3234	TEM-1_monobactam;_cephalosporin;_penam;_penem	27	861	861	1.0	Unknown taxonomy (chromosome or plasmid)
barcode03_6Gb	contig_12922	226	1054	OXA-253_carbapenem;_penam	58	828	828	1.0	Acinetobacter baumannii (chromosome)
barcode03_6Gb	contig_12925	3523	4363	sul1_sulfonamide_antibiotic	118	840	840	1.0	Unknown taxonomy (chromosome or plasmid)
barcode03_6Gb	contig_12925	4356	4704	qacEdelta1_disinfecting_agents_and_antiseptics	109	348	348	1.0	Unknown taxonomy (chromosome or plasmid)
barcode03_6Gb	contig_12925	5149	5929	aadA_aminoglycoside_antibiotic	46	780	780	1.0	Unknown taxonomy (chromosome or plasmid)
barcode03_6Gb	contig_12925	6089	6746	QnrVC1_fluoroquinolone_antibiotic	39	657	657	1.0	Unknown taxonomy (chromosome or plasmid)
barcode03_6Gb	contig_12961	26989	28192	vanT gene in vanG cluster_glycopeptide_antibiotic	15	1203	1203	1.0	
barcode03_6Gb	contig_13049	17994	19146	MOX-13_cephalosporin;_cephamycin;_penam	81	1152	1152	1.0	Aeromonas caviae (chromosome or plasmid)
barcode03_6Gb	contig_13061	311705	313700	lmrD_lincosamide_antibiotic	9	1995	1995	1.0	
barcode03_6Gb	contig_13095	3809	4670	TEM-176_monobactam;_cephalosporin;_penam;_penem	25	861	861	1.0	Unknown taxonomy (chromosome or plasmid)
barcode03_6Gb	contig_13129	55054	55240	rsmA_fluoroquinolone_antibiotic;_diaminopyrimidine_antibiotic;_phenicol_antibiotic	18	186	186	1.0	Enterobacter (chromosome or plasmid)
barcode03_6Gb	contig_13129	62224	63751	Klebsiella pneumoniae KpnH_macrolide_antibiotic;_fluoroquinolone_antibiotic;_aminoglycoside_antibiotic;_carbapenem;_cephalosporin;_penam;_peptide_antibiotic;_penem	19	1527	1527	1.0	Enterobacter cloacae (chromosome or plasmid)
barcode03_6Gb	contig_13129	63767	64940	emrA_fluoroquinolone_antibiotic	17	1173	1173	1.0	
barcode03_6Gb	contig_13129	65066	65597	emrR_fluoroquinolone_antibiotic	15	531	531	1.0	Enterobacter (chromosome)
barcode03_6Gb	contig_13168	1690	4840	adeF_fluoroquinolone_antibiotic;_tetracycline_antibiotic	55	3150	3150	1.0	Aeromonas caviae (chromosome or plasmid)
barcode03_6Gb	contig_13176	15178	15373	rsmA_fluoroquinolone_antibiotic;_diaminopyrimidine_antibiotic;_phenicol_antibiotic	13	195	195	1.0	
barcode03_6Gb	contig_13194	9399	10662	vanW gene in vanI cluster_glycopeptide_antibiotic	4	1263	1263	1.0	
barcode03_6Gb	contig_13215	48568	51046	vanT gene in vanG cluster_glycopeptide_antibiotic	8	2478	2478	1.0	
barcode03_6Gb	contig_13215	66807	67803	CfxA6_cephamycin	16	996	996	1.0	
barcode03_6Gb	contig_13229	146802	148035	Escherichia coli mdfA_tetracycline_antibiotic;_disinfecting_agents_and_antiseptics	32	1233	1233	1.0	Unknown taxonomy (chromosome or plasmid)
barcode03_6Gb	contig_13235	5974	6856	KPC-2_monobactam;_carbapenem;_cephalosporin;_penam	110	882	882	1.0	Unknown taxonomy (chromosome or plasmid)
barcode03_6Gb	contig_13290	1502	4652	adeF_fluoroquinolone_antibiotic;_tetracycline_antibiotic	68	3150	3150	1.0	Aeromonas caviae (chromosome or plasmid)
barcode03_6Gb	contig_13391	0	1176	tet(W)_tetracycline_antibiotic	4	1176	1176	1.0	Unknown taxonomy (chromosome or plasmid)
barcode03_6Gb	contig_13391	1323	1869	tet(32)_tetracycline_antibiotic	11	546	546	1.0	Unknown taxonomy (chromosome or plasmid)
barcode03_6Gb	contig_13404	63867	64053	rsmA_fluoroquinolone_antibiotic;_diaminopyrimidine_antibiotic;_phenicol_antibiotic	31	186	186	1.0	Unknown taxonomy (chromosome or plasmid)
barcode03_6Gb	contig_13404	68988	70527	emrB_fluoroquinolone_antibiotic	36	1539	1539	1.0	Unknown taxonomy (chromosome or plasmid)
barcode03_6Gb	contig_13404	70543	71716	emrA_fluoroquinolone_antibiotic	30	1173	1173	1.0	Unknown taxonomy (chromosome or plasmid)
barcode03_6Gb	contig_13404	71842	72373	emrR_fluoroquinolone_antibiotic	27	531	531	1.0	Unknown taxonomy (chromosome or plasmid)
barcode03_6Gb	contig_13408	21188	21533	qacG_disinfecting_agents_and_antiseptics	13	345	345	1.0	
barcode03_6Gb	contig_13409	48864	49602	ErmB_macrolide_antibiotic;_lincosamide_antibiotic;_streptogramin_antibiotic;_streptogramin_A_antibiotic;_streptogramin_B_antibiotic	25	738	738	1.0	Unknown taxonomy (chromosome or plasmid)
barcode03_6Gb	contig_13421	13994	14627	CRP_macrolide_antibiotic;_fluoroquinolone_antibiotic;_penam	12	633	633	1.0	Citrobacter (chromosome)
barcode03_6Gb	contig_13431	8540	8729	rsmA_fluoroquinolone_antibiotic;_diaminopyrimidine_antibiotic;_phenicol_antibiotic	22	189	189	1.0	Unknown taxonomy (chromosome)
barcode03_6Gb	contig_13434	89	3215	adeF_fluoroquinolone_antibiotic;_tetracycline_antibiotic	7	3126	3126	1.0	
barcode03_6Gb	contig_13440	10895	11552	QnrS1_fluoroquinolone_antibiotic	38	657	657	1.0	Unknown taxonomy (chromosome or plasmid)
barcode03_6Gb	contig_13440	16192	17068	CTX-M-15_cephalosporin;_penam	35	876	876	1.0	Unknown taxonomy (chromosome or plasmid)
barcode03_6Gb	contig_13470	28548	29148	tet(Q)_tetracycline_antibiotic	6	600	600	1.0	Unknown taxonomy (chromosome)
barcode03_6Gb	contig_13485	19739	20393	adeN_macrolide_antibiotic;_fluoroquinolone_antibiotic;_lincosamide_antibiotic;_carbapenem;_cephalosporin;_tetracycline_antibiotic;_rifamycin_antibiotic;_diaminopyrimidine_antibiotic;_phenicol_antibiotic;_penem	36	654	654	1.0	Acinetobacter baumannii (chromosome or plasmid)
barcode03_6Gb	contig_13536	4069	5311	mdtM_fluoroquinolone_antibiotic;_lincosamide_antibiotic;_nucleoside_antibiotic;_phenicol_antibiotic;_disinfecting_agents_and_antiseptics	7	1242	1242	1.0	
barcode03_6Gb	contig_13542	7462	8650	tet(39)_tetracycline_antibiotic	41	1188	1188	1.0	Unknown taxonomy (plasmid)
barcode03_6Gb	contig_13574	40428	41547	vanT gene in vanG cluster_glycopeptide_antibiotic	8	1119	1119	1.0	
barcode03_6Gb	contig_13589	70068	70401	qacG_disinfecting_agents_and_antiseptics	10	333	333	1.0	
barcode03_6Gb	contig_1361	672129	674091	tet(O)_tetracycline_antibiotic	15	1962	1962	1.0	
barcode03_6Gb	contig_1361	681010	682183	vanT gene in vanG cluster_glycopeptide_antibiotic	15	1173	1173	1.0	
barcode03_6Gb	contig_1361	832872	834066	vanT gene in vanG cluster_glycopeptide_antibiotic	7	1194	1194	1.0	
barcode03_6Gb	contig_13613	1431	1776	qacG_disinfecting_agents_and_antiseptics	1	345	345	1.0	
barcode03_6Gb	contig_13616	41865	42051	rsmA_fluoroquinolone_antibiotic;_diaminopyrimidine_antibiotic;_phenicol_antibiotic	10	186	186	1.0	Unknown taxonomy (chromosome or plasmid)
barcode03_6Gb	contig_13616	51615	53154	emrB_fluoroquinolone_antibiotic	7	1539	1539	1.0	
barcode03_6Gb	contig_1467	400	1306	mphA_macrolide_antibiotic	21	906	906	1.0	Unknown taxonomy (chromosome or plasmid)
barcode03_6Gb	contig_1467	5655	6228	AAC(6')-Ian_aminoglycoside_antibiotic	9	573	573	1.0	Unknown taxonomy (chromosome or plasmid)
barcode03_6Gb	contig_1467	8883	9810	PER-12_monobactam;_carbapenem;_cephalosporin;_penam;_penem	10	927	927	1.0	Unknown taxonomy (chromosome or plasmid)
barcode03_6Gb	contig_1467	15371	15881	dfrA8_diaminopyrimidine_antibiotic	23	510	510	1.0	Unknown taxonomy (chromosome or plasmid)
barcode03_6Gb	contig_1467	19253	20090	APH(6)-Id_aminoglycoside_antibiotic	43	837	837	1.0	Unknown taxonomy (chromosome or plasmid)
barcode03_6Gb	contig_1470	448	1288	sul1_sulfonamide_antibiotic	42	840	840	1.0	Unknown taxonomy (chromosome or plasmid)
barcode03_6Gb	contig_1476	97156	98395	Mrx_macrolide_antibiotic	200	1239	1239	1.0	Unknown taxonomy (chromosome or plasmid)
barcode03_6Gb	contig_1476	98391	99297	mphA_macrolide_antibiotic	182	906	906	1.0	Unknown taxonomy (chromosome or plasmid)
barcode03_6Gb	contig_1476	100519	101359	sul1_sulfonamide_antibiotic	44	840	840	1.0	Unknown taxonomy (chromosome or plasmid)
barcode03_6Gb	contig_1476	101352	101700	qacEdelta1_disinfecting_agents_and_antiseptics	43	348	348	1.0	Unknown taxonomy (chromosome or plasmid)
barcode03_6Gb	contig_1476	101905	102694	aadA5_aminoglycoside_antibiotic	35	789	789	1.0	Unknown taxonomy (chromosome or plasmid)
barcode03_6Gb	contig_1476	102824	103424	dfrA17_diaminopyrimidine_antibiotic	27	600	600	1.0	Unknown taxonomy (chromosome or plasmid)
barcode03_6Gb	contig_1477	279	1623	Mrx_macrolide_antibiotic	29	1344	1344	1.0	Unknown taxonomy (chromosome or plasmid)
barcode03_6Gb	contig_1477	1619	2525	mphA_macrolide_antibiotic	34	906	906	1.0	Unknown taxonomy (chromosome or plasmid)
barcode03_6Gb	contig_1480	6484	7264	aadA2_aminoglycoside_antibiotic	65	780	780	1.0	Unknown taxonomy (chromosome or plasmid)
barcode03_6Gb	contig_1480	7427	7775	qacEdelta1_disinfecting_agents_and_antiseptics	84	348	348	1.0	Unknown taxonomy (chromosome or plasmid)
barcode03_6Gb	contig_1480	7768	8608	sul1_sulfonamide_antibiotic	83	840	840	1.0	Unknown taxonomy (chromosome or plasmid)
barcode03_6Gb	contig_1484	21286	22147	TEM-1_monobactam;_cephalosporin;_penam;_penem	40	861	861	1.0	Unknown taxonomy (chromosome or plasmid)
barcode03_6Gb	contig_1486	43893	44730	APH(6)-Id_aminoglycoside_antibiotic	60	837	837	1.0	Unknown taxonomy (chromosome or plasmid)
barcode03_6Gb	contig_1486	54001	54841	sul1_sulfonamide_antibiotic	31	840	840	1.0	Unknown taxonomy (chromosome or plasmid)
barcode03_6Gb	contig_1489	13880	14486	AAC(6')-Ib9_aminoglycoside_antibiotic	22	606	606	1.0	Unknown taxonomy (chromosome or plasmid)
barcode03_6Gb	contig_1489	14567	15344	aadA_aminoglycoside_antibiotic	20	777	777	1.0	Unknown taxonomy (chromosome or plasmid)
barcode03_6Gb	contig_1489	15403	16228	OXA-9_penam	16	825	825	1.0	Unknown taxonomy (chromosome or plasmid)
barcode03_6Gb	contig_1489	16927	17788	TEM-1_monobactam;_cephalosporin;_penam;_penem	29	861	861	1.0	Unknown taxonomy (chromosome or plasmid)
barcode03_6Gb	contig_1489	18748	19633	mphE_macrolide_antibiotic	80	885	885	1.0	Unknown taxonomy (chromosome or plasmid)
barcode03_6Gb	contig_1489	19688	21164	msrE_macrolide_antibiotic;_streptogramin_antibiotic	79	1476	1476	1.0	Unknown taxonomy (chromosome or plasmid)
barcode03_6Gb	contig_1489	27286	28102	sul2_sulfonamide_antibiotic	47	816	816	1.0	Unknown taxonomy (chromosome or plasmid)
barcode03_6Gb	contig_1489	30053	31268	floR_phenicol_antibiotic	17	1215	1215	1.0	Unknown taxonomy (chromosome or plasmid)
barcode03_6Gb	contig_1502	2918	3758	sul1_sulfonamide_antibiotic	58	840	840	1.0	Unknown taxonomy (chromosome or plasmid)
barcode03_6Gb	contig_1502	3751	4099	qacEdelta1_disinfecting_agents_and_antiseptics	61	348	348	1.0	Unknown taxonomy (chromosome or plasmid)
barcode03_6Gb	contig_1502	4554	5382	OXA-2_carbapenem;_cephalosporin;_penam	48	828	828	1.0	Unknown taxonomy (chromosome or plasmid)
barcode03_6Gb	contig_1504	3035	4310	tet(A)_tetracycline_antibiotic	29	1275	1275	1.0	Unknown taxonomy (chromosome or plasmid)
barcode03_6Gb	contig_1512	5354	6194	sul1_sulfonamide_antibiotic	14	840	840	1.0	Unknown taxonomy (chromosome or plasmid)
barcode03_6Gb	contig_1512	26752	27589	APH(6)-Id_aminoglycoside_antibiotic	48	837	837	1.0	Unknown taxonomy (chromosome or plasmid)
barcode03_6Gb	contig_1516	400	1306	mphA_macrolide_antibiotic	45	906	906	1.0	Unknown taxonomy (chromosome or plasmid)
barcode03_6Gb	contig_1516	2282	3098	APH(3')-Ia_aminoglycoside_antibiotic	50	816	816	1.0	Unknown taxonomy (chromosome or plasmid)
barcode03_6Gb	contig_1518	882	2364	MCR-5.1_peptide_antibiotic	4	1482	1482	1.0	Unknown taxonomy (chromosome or plasmid)
barcode03_6Gb	contig_1519	250	1066	sul2_sulfonamide_antibiotic	43	816	816	1.0	Unknown taxonomy (chromosome or plasmid)
barcode03_6Gb	contig_1519	66323	67061	ANT(3'')-IIa_aminoglycoside_antibiotic	11	738	738	1.0	Acinetobacter (chromosome or plasmid)
barcode03_6Gb	contig_1522	3299	3833	ANT(2'')-Ia_aminoglycoside_antibiotic	5	534	534	1.0	Unknown taxonomy (chromosome or plasmid)
barcode03_6Gb	contig_1525	122	779	QnrVC1_fluoroquinolone_antibiotic	27	657	657	1.0	Unknown taxonomy (chromosome or plasmid)
barcode03_6Gb	contig_1525	2641	3505	GES-1_carbapenem;_cephalosporin;_penam	27	864	864	1.0	Unknown taxonomy (chromosome or plasmid)
barcode03_6Gb	contig_1525	3578	4037	AAC(6')-Il_aminoglycoside_antibiotic	26	459	459	1.0	Unknown taxonomy (chromosome or plasmid)
barcode03_6Gb	contig_1529	2375	3020	QnrB1_fluoroquinolone_antibiotic	3	645	645	1.0	Unknown taxonomy (chromosome or plasmid)
barcode03_6Gb	contig_1565	1094	1994	VEB-3_monobactam;_cephalosporin	5	900	900	1.0	Unknown taxonomy (chromosome or plasmid)
barcode03_6Gb	contig_1565	4708	5548	sul1_sulfonamide_antibiotic	52	840	840	1.0	Unknown taxonomy (chromosome or plasmid)
barcode03_6Gb	contig_1565	5541	5889	qacEdelta1_disinfecting_agents_and_antiseptics	54	348	348	1.0	Unknown taxonomy (chromosome or plasmid)
barcode03_6Gb	contig_1565	6650	7283	catB3_phenicol_antibiotic	44	633	633	1.0	Unknown taxonomy (chromosome or plasmid)
barcode03_6Gb	contig_1565	8401	9040	AAC(6')-Ib9_aminoglycoside_antibiotic	29	639	639	1.0	Unknown taxonomy (chromosome or plasmid)
barcode03_6Gb	contig_1565	10055	10649	AAC(6')-Ib9_aminoglycoside_antibiotic	10	594	594	1.0	Unknown taxonomy (chromosome or plasmid)
barcode03_6Gb	contig_1574	10935	11751	APH(3')-Ia_aminoglycoside_antibiotic	12	816	816	1.0	Unknown taxonomy (chromosome or plasmid)
barcode03_6Gb	contig_1579	4606	5812	tet(B)_tetracycline_antibiotic	38	1206	1206	1.0	Unknown taxonomy (chromosome or plasmid)
barcode03_6Gb	contig_1579	5893	6517	tetR_tetracycline_antibiotic	37	624	624	1.0	Unknown taxonomy (chromosome or plasmid)
barcode03_6Gb	contig_1579	14770	15697	PER-2_monobactam;_carbapenem;_cephalosporin;_penam;_penem	23	927	927	1.0	Unknown taxonomy (plasmid)
barcode03_6Gb	contig_1579	41911	42796	mphE_macrolide_antibiotic	136	885	885	1.0	Unknown taxonomy (chromosome or plasmid)
barcode03_6Gb	contig_1579	42851	44327	msrE_macrolide_antibiotic;_streptogramin_antibiotic	134	1476	1476	1.0	Unknown taxonomy (chromosome or plasmid)
barcode03_6Gb	contig_1579	46589	47426	APH(6)-Id_aminoglycoside_antibiotic	88	837	837	1.0	Unknown taxonomy (chromosome or plasmid)
barcode03_6Gb	contig_1579	47425	48229	APH(3'')-Ib_aminoglycoside_antibiotic	93	804	804	1.0	Unknown taxonomy (chromosome or plasmid)
barcode03_6Gb	contig_1585	979	2254	tet(A)_tetracycline_antibiotic	47	1275	1275	1.0	Unknown taxonomy (chromosome or plasmid)
barcode03_6Gb	contig_1592	8550	9150	AAC(6')-Ib-cr6_fluoroquinolone_antibiotic;_aminoglycoside_antibiotic	29	600	600	1.0	Unknown taxonomy (chromosome or plasmid)
barcode03_6Gb	contig_1592	9231	10011	aadA_aminoglycoside_antibiotic	28	780	780	1.0	Unknown taxonomy (chromosome or plasmid)
barcode03_6Gb	contig_1592	10039	10879	sul1_sulfonamide_antibiotic	34	840	840	1.0	Unknown taxonomy (chromosome or plasmid)
barcode03_6Gb	contig_1596	6367	7228	AAC(3)-IIe_aminoglycoside_antibiotic	6	861	861	1.0	Unknown taxonomy (chromosome or plasmid)
barcode03_6Gb	contig_1596	7462	8329	SCO-1_cephalosporin;_penam;_penem	6	867	867	1.0	Unknown taxonomy (chromosome or plasmid)
barcode03_6Gb	contig_1598	107	971	GES-1_carbapenem;_cephalosporin;_penam	37	864	864	1.0	Unknown taxonomy (chromosome or plasmid)
barcode03_6Gb	contig_1598	1044	1503	AAC(6')-Il_aminoglycoside_antibiotic	46	459	459	1.0	Unknown taxonomy (chromosome or plasmid)
barcode03_6Gb	contig_1600	13154	13970	sul2_sulfonamide_antibiotic	52	816	816	1.0	Unknown taxonomy (chromosome or plasmid)
barcode03_6Gb	contig_1600	16472	17687	floR_phenicol_antibiotic	25	1215	1215	1.0	Unknown taxonomy (chromosome or plasmid)
barcode03_6Gb	contig_1601	1406	2252	aadA11_aminoglycoside_antibiotic	14	846	846	1.0	Unknown taxonomy (chromosome or plasmid)
barcode03_6Gb	contig_1615	6018	6675	QnrVC1_fluoroquinolone_antibiotic	22	657	657	1.0	Unknown taxonomy (chromosome or plasmid)
barcode03_6Gb	contig_1672	11167	11962	OXA-504_penam	64	795	795	1.0	Aeromonas caviae (chromosome or plasmid)
barcode03_6Gb	contig_1716	3369	4809	AAC(6')-Ie-APH(2'')-Ia bifunctional protein_aminoglycoside_antibiotic	14	1440	1440	1.0	Unknown taxonomy (chromosome or plasmid)
barcode03_6Gb	contig_1716	5657	6917	EreB_macrolide_antibiotic	21	1260	1260	1.0	
barcode03_6Gb	contig_1725	659	1292	catB3_phenicol_antibiotic	8	633	633	1.0	Unknown taxonomy (chromosome or plasmid)
barcode03_6Gb	contig_1725	1429	2260	OXA-1_cephalosporin;_penam	6	831	831	1.0	Unknown taxonomy (chromosome or plasmid)
barcode03_6Gb	contig_1725	2390	2963	AAC(6')-Ib-cr4_fluoroquinolone_antibiotic;_aminoglycoside_antibiotic	8	573	573	1.0	Unknown taxonomy (chromosome or plasmid)
barcode03_6Gb	contig_1726	6498	7059	dfrA23_diaminopyrimidine_antibiotic	4	561	561	1.0	Unknown taxonomy (chromosome or plasmid)
barcode03_6Gb	contig_1726	10197	11037	sul1_sulfonamide_antibiotic	14	840	840	1.0	Unknown taxonomy (chromosome or plasmid)
barcode03_6Gb	contig_1726	11030	11378	qacEdelta1_disinfecting_agents_and_antiseptics	15	348	348	1.0	Unknown taxonomy (chromosome or plasmid)
barcode03_6Gb	contig_1727	8	542	ANT(2'')-Ia_aminoglycoside_antibiotic	23	534	534	1.0	Unknown taxonomy (chromosome or plasmid)
barcode03_6Gb	contig_1727	664	1528	GES-1_carbapenem;_cephalosporin;_penam	30	864	864	1.0	Unknown taxonomy (chromosome or plasmid)
barcode03_6Gb	contig_1727	1601	2060	AAC(6')-Il_aminoglycoside_antibiotic	36	459	459	1.0	Unknown taxonomy (chromosome or plasmid)
barcode03_6Gb	contig_1748	2005930	2006266	qacG_disinfecting_agents_and_antiseptics	18	336	336	1.0	
barcode03_6Gb	contig_1764	161531	162353	bacA_peptide_antibiotic	19	822	822	1.0	
barcode03_6Gb	contig_1965	3882	5082	tet(A)_tetracycline_antibiotic	33	1200	1200	1.0	Unknown taxonomy (chromosome or plasmid)
barcode03_6Gb	contig_206	28599	29424	OXA-644_carbapenem;_penam	584	825	825	1.0	Acinetobacter johnsonii (chromosome)
barcode03_6Gb	contig_2100	9963	11439	msrE_macrolide_antibiotic;_streptogramin_antibiotic	93	1476	1476	1.0	Unknown taxonomy (chromosome or plasmid)
barcode03_6Gb	contig_2100	11494	12379	mphE_macrolide_antibiotic	102	885	885	1.0	Unknown taxonomy (chromosome or plasmid)
barcode03_6Gb	contig_2144	90125	92657	vanT gene in vanG cluster_glycopeptide_antibiotic	66	2532	2532	1.0	
barcode03_6Gb	contig_2156	1346788	1347898	vanT gene in vanG cluster_glycopeptide_antibiotic	61	1110	1110	1.0	
barcode03_6Gb	contig_2156	2234409	2237601	adeF_fluoroquinolone_antibiotic;_tetracycline_antibiotic	51	3192	3192	1.0	
barcode03_6Gb	contig_2202	6216	6561	qacG_disinfecting_agents_and_antiseptics	20	345	345	1.0	Unknown taxonomy (chromosome or plasmid)
barcode03_6Gb	contig_2216	87471	87726	rsmA_fluoroquinolone_antibiotic;_diaminopyrimidine_antibiotic;_phenicol_antibiotic	14	255	255	1.0	
barcode03_6Gb	contig_2276	75311	76307	CfxA6_cephamycin	18	996	996	1.0	
barcode03_6Gb	contig_2286	20941	21817	CTX-M-55_cephalosporin	23	876	876	1.0	Unknown taxonomy (chromosome or plasmid)
barcode03_6Gb	contig_2295	43890	44853	leuO_nucleoside_antibiotic;_disinfecting_agents_and_antiseptics	14	963	963	1.0	Enterobacter roggenkampii (chromosome)
barcode03_6Gb	contig_2295	51022	52789	Haemophilus influenzae PBP3 conferring resistance to beta-lactam antibiotics_cephalosporin;_cephamycin;_penam	10	1767	1767	1.0	Enterobacter roggenkampii (chromosome or plasmid)
barcode03_6Gb	contig_2298	159448	160471	leuO_nucleoside_antibiotic;_disinfecting_agents_and_antiseptics	12	1023	1023	1.0	Enterobacter kobei (chromosome)
barcode03_6Gb	contig_2298	166633	168400	Haemophilus influenzae PBP3 conferring resistance to beta-lactam antibiotics_cephalosporin;_cephamycin;_penam	16	1767	1767	1.0	Enterobacter kobei (chromosome or plasmid)
barcode03_6Gb	contig_2448	32054	32480	FosA2_phosphonic_acid_antibiotic	9	426	426	1.0	Enterobacter kobei (chromosome)
barcode03_6Gb	contig_2448	249535	250909	cpxA_aminoglycoside_antibiotic;_aminocoumarin_antibiotic	47	1374	1374	1.0	Unknown taxonomy (chromosome or plasmid)
barcode03_6Gb	contig_2480	6662	7505	OXA-58_carbapenem;_penam	15	843	843	1.0	Unknown taxonomy (chromosome or plasmid)
barcode03_6Gb	contig_2584	1778	4919	adeF_fluoroquinolone_antibiotic;_tetracycline_antibiotic	16	3141	3141	1.0	
barcode03_6Gb	contig_2584	103965	105297	vanW gene in vanI cluster_glycopeptide_antibiotic	16	1332	1332	1.0	
barcode03_6Gb	contig_2584	2518441	2519818	vanW gene in vanI cluster_glycopeptide_antibiotic	16	1377	1377	1.0	
barcode03_6Gb	contig_2584	3460036	3461149	vanT gene in vanG cluster_glycopeptide_antibiotic	7	1113	1113	1.0	
barcode03_6Gb	contig_2609	15998	17390	Escherichia coli UhpT with mutation conferring resistance to fosfomycin_phosphonic_acid_antibiotic	13	1392	1392	1.0	Unknown taxonomy (chromosome or plasmid)
barcode03_6Gb	contig_2609	332452	333637	Escherichia coli EF-Tu mutants conferring resistance to Pulvomycin_elfamycin_antibiotic	30	1185	1185	1.0	Unknown taxonomy (chromosome or plasmid)
barcode03_6Gb	contig_2610	19397	20168	ACT-38_carbapenem;_cephalosporin;_cephamycin;_penam	15	771	771	1.0	Enterobacter cloacae (chromosome)
barcode03_6Gb	contig_2611	6538	7723	Escherichia coli EF-Tu mutants conferring resistance to Pulvomycin_elfamycin_antibiotic	23	1185	1185	1.0	Citrobacter (chromosome or plasmid)
barcode03_6Gb	contig_2618	21908	24641	adeF_fluoroquinolone_antibiotic;_tetracycline_antibiotic	4	2733	2733	1.0	Unknown taxonomy (chromosome or plasmid)
barcode03_6Gb	contig_2619	6480	7665	Escherichia coli EF-Tu mutants conferring resistance to Pulvomycin_elfamycin_antibiotic	17	1185	1185	1.0	Klebsiella michiganensis (chromosome or plasmid)
barcode03_6Gb	contig_2621	33574	33760	rsmA_fluoroquinolone_antibiotic;_diaminopyrimidine_antibiotic;_phenicol_antibiotic	21	186	186	1.0	Enterobacter (chromosome or plasmid)
barcode03_6Gb	contig_2621	40801	42349	emrB_fluoroquinolone_antibiotic	12	1548	1548	1.0	Enterobacter kobei (chromosome or plasmid)
barcode03_6Gb	contig_2621	42365	43538	emrA_fluoroquinolone_antibiotic	12	1173	1173	1.0	
barcode03_6Gb	contig_2621	43664	44195	emrR_fluoroquinolone_antibiotic	13	531	531	1.0	Enterobacter kobei (chromosome or plasmid)
barcode03_6Gb	contig_2621	306568	309682	acrD_aminoglycoside_antibiotic	15	3114	3114	1.0	Enterobacter (chromosome)
barcode03_6Gb	contig_2625	7695	10809	adeF_fluoroquinolone_antibiotic;_tetracycline_antibiotic	10	3114	3114	1.0	Enterobacter kobei (chromosome)
barcode03_6Gb	contig_2627	70313	71705	Escherichia coli UhpT with mutation conferring resistance to fosfomycin_phosphonic_acid_antibiotic	15	1392	1392	1.0	Enterobacter kobei (chromosome or plasmid)
barcode03_6Gb	contig_2627	214900	216085	Escherichia coli EF-Tu mutants conferring resistance to Pulvomycin_elfamycin_antibiotic	47	1185	1185	1.0	Enterobacter (chromosome or plasmid)
barcode03_6Gb	contig_2627	410537	411683	ACT-87_carbapenem;_cephalosporin;_cephamycin;_penam	16	1146	1146	1.0	Enterobacter kobei (chromosome)
barcode03_6Gb	contig_2632	30104	30398	FosA8_phosphonic_acid_antibiotic	8	294	294	1.0	Klebsiella quasipneumoniae (chromosome)
barcode03_6Gb	contig_2650	32011	33196	Escherichia coli EF-Tu mutants conferring resistance to Pulvomycin_elfamycin_antibiotic	44	1185	1185	1.0	Unknown taxonomy (chromosome or plasmid)
barcode03_6Gb	contig_2691	1038	4179	adeF_fluoroquinolone_antibiotic;_tetracycline_antibiotic	17	3141	3141	1.0	
barcode03_6Gb	contig_2695	9197	9452	rsmA_fluoroquinolone_antibiotic;_diaminopyrimidine_antibiotic;_phenicol_antibiotic	41	255	255	1.0	
barcode03_6Gb	contig_2695	443464	444289	OXA-441_carbapenem;_penam	48	825	825	1.0	Acinetobacter baumannii (chromosome or plasmid)
barcode03_6Gb	contig_2695	748167	751278	adeB_glycylcycline;_tetracycline_antibiotic	17	3111	3111	1.0	Acinetobacter baumannii (no genomic info)
barcode03_6Gb	contig_2695	819923	821228	Acinetobacter baumannii AbaQ_fluoroquinolone_antibiotic	38	1305	1305	1.0	Acinetobacter baumannii (chromosome or plasmid)
barcode03_6Gb	contig_2715	346	679	Escherichia coli emrE_macrolide_antibiotic	11	333	333	1.0	Escherichia coli (chromosome or plasmid)
barcode03_6Gb	contig_2715	358932	359298	Klebsiella pneumoniae KpnE_macrolide_antibiotic;_aminoglycoside_antibiotic;_cephalosporin;_tetracycline_antibiotic;_peptide_antibiotic;_rifamycin_antibiotic;_disinfecting_agents_and_antiseptics	24	366	366	1.0	Unknown taxonomy (chromosome or plasmid)
barcode03_6Gb	contig_2715	359284	359614	Klebsiella pneumoniae KpnF_macrolide_antibiotic;_aminoglycoside_antibiotic;_cephalosporin;_tetracycline_antibiotic;_peptide_antibiotic;_rifamycin_antibiotic;_disinfecting_agents_and_antiseptics	22	330	330	1.0	Unknown taxonomy (chromosome or plasmid)
barcode03_6Gb	contig_2715	398259	398643	marA_fluoroquinolone_antibiotic;_monobactam;_carbapenem;_cephalosporin;_glycylcycline;_cephamycin;_penam;_tetracycline_antibiotic;_rifamycin_antibiotic;_phenicol_antibiotic;_penem;_disinfecting_agents_and_antiseptics	18	384	384	1.0	Unknown taxonomy (chromosome or plasmid)
barcode03_6Gb	contig_2715	398662	399097	Escherichia coli AcrAB-TolC with MarR mutations conferring resistance to ciprofloxacin and tetracycline_fluoroquinolone_antibiotic;_cephalosporin;_glycylcycline;_penam;_tetracycline_antibiotic;_rifamycin_antibiotic;_phenicol_antibiotic;_disinfecting_agents_and_antiseptics	16	435	435	1.0	Unknown taxonomy (chromosome or plasmid)
barcode03_6Gb	contig_2734	480414	480978	lnuC_lincosamide_antibiotic	53	564	564	1.0	Unknown taxonomy (chromosome or plasmid)
barcode03_6Gb	contig_2734	549157	552310	adeF_fluoroquinolone_antibiotic;_tetracycline_antibiotic	30	3153	3153	1.0	
barcode03_6Gb	contig_2734	1388635	1389199	lnuC_lincosamide_antibiotic	58	564	564	1.0	Unknown taxonomy (chromosome or plasmid)
barcode03_6Gb	contig_2734	2317062	2318556	vanW gene in vanI cluster_glycopeptide_antibiotic	26	1494	1494	1.0	
barcode03_6Gb	contig_2764	7178	8063	mphE_macrolide_antibiotic	42	885	885	1.0	Unknown taxonomy (chromosome or plasmid)
barcode03_6Gb	contig_2764	8118	9594	msrE_macrolide_antibiotic;_streptogramin_antibiotic	32	1476	1476	1.0	Unknown taxonomy (chromosome or plasmid)
barcode03_6Gb	contig_2773	50347	51004	QnrVC4_fluoroquinolone_antibiotic	37	657	657	1.0	Unknown taxonomy (chromosome or plasmid)
barcode03_6Gb	contig_2773	51086	51725	AAC(6')-Ib9_aminoglycoside_antibiotic	38	639	639	1.0	Unknown taxonomy (chromosome or plasmid)
barcode03_6Gb	contig_2773	51939	53199	cmlA5_phenicol_antibiotic	36	1260	1260	1.0	Unknown taxonomy (chromosome or plasmid)
barcode03_6Gb	contig_2773	53317	54217	VEB-1_monobactam;_cephalosporin	17	900	900	1.0	Unknown taxonomy (chromosome or plasmid)
barcode03_6Gb	contig_2773	54361	54895	ANT(2'')-Ia_aminoglycoside_antibiotic	23	534	534	1.0	Unknown taxonomy (chromosome or plasmid)
barcode03_6Gb	contig_2773	56251	57727	msrE_macrolide_antibiotic;_streptogramin_antibiotic	32	1476	1476	1.0	Unknown taxonomy (chromosome or plasmid)
barcode03_6Gb	contig_2773	57782	58667	mphE_macrolide_antibiotic	37	885	885	1.0	Unknown taxonomy (chromosome or plasmid)
barcode03_6Gb	contig_2775	33643	34507	sul4_sulfonamide_antibiotic	13	864	864	1.0	Unknown taxonomy (chromosome or plasmid)
barcode03_6Gb	contig_2775	35066	35867	OXA-101_cephalosporin;_penam	15	801	801	1.0	Unknown taxonomy (chromosome or plasmid)
barcode03_6Gb	contig_2775	35935	36493	AAC(6')-IIa_aminoglycoside_antibiotic	17	558	558	1.0	Unknown taxonomy (chromosome or plasmid)
barcode03_6Gb	contig_2775	36573	37365	aadA_aminoglycoside_antibiotic	34	792	792	1.0	Unknown taxonomy (chromosome or plasmid)
barcode03_6Gb	contig_2798	4770	5448	kdpE_aminoglycoside_antibiotic	32	678	678	1.0	Escherichia coli (chromosome or plasmid)
barcode03_6Gb	contig_2805	2220	3696	msrE_macrolide_antibiotic;_streptogramin_antibiotic	84	1476	1476	1.0	Unknown taxonomy (chromosome or plasmid)
barcode03_6Gb	contig_2805	3751	4636	mphE_macrolide_antibiotic	93	885	885	1.0	Unknown taxonomy (chromosome or plasmid)
barcode03_6Gb	contig_2819	48	933	mphE_macrolide_antibiotic	12	885	885	1.0	Unknown taxonomy (chromosome or plasmid)
barcode03_6Gb	contig_2822	6034	7222	tet(39)_tetracycline_antibiotic	40	1188	1188	1.0	Unknown taxonomy (plasmid)
barcode03_6Gb	contig_2862	28856	30077	mdtG_phosphonic_acid_antibiotic	10	1221	1221	1.0	Citrobacter freundii (chromosome)
barcode03_6Gb	contig_2978	15411	16224	NDM-1_carbapenem;_cephalosporin;_cephamycin;_penam	26	813	813	1.0	Unknown taxonomy (chromosome or plasmid)
barcode03_6Gb	contig_2978	17501	18281	APH(3')-VIa_aminoglycoside_antibiotic	28	780	780	1.0	Unknown taxonomy (chromosome or plasmid)
barcode03_6Gb	contig_2979	32256	33732	msrE_macrolide_antibiotic;_streptogramin_antibiotic	123	1476	1476	1.0	Unknown taxonomy (chromosome or plasmid)
barcode03_6Gb	contig_2979	33787	34672	mphE_macrolide_antibiotic	128	885	885	1.0	Unknown taxonomy (chromosome or plasmid)
barcode03_6Gb	contig_2983	19497	20688	tet(C)_tetracycline_antibiotic	29	1191	1191	1.0	Unknown taxonomy (chromosome or plasmid)
barcode03_6Gb	contig_2984	236	1076	sul1_sulfonamide_antibiotic	24	840	840	1.0	Unknown taxonomy (chromosome or plasmid)
barcode03_6Gb	contig_2984	1069	1417	qacEdelta1_disinfecting_agents_and_antiseptics	24	348	348	1.0	Unknown taxonomy (chromosome or plasmid)
barcode03_6Gb	contig_2984	2512	4345	EreA_macrolide_antibiotic	19	1833	1833	1.0	Unknown taxonomy (chromosome or plasmid)
barcode03_6Gb	contig_2984	4609	5869	cmlA5_phenicol_antibiotic	18	1260	1260	1.0	Unknown taxonomy (chromosome or plasmid)
barcode03_6Gb	contig_3033	19452	19866	H-NS_macrolide_antibiotic;_fluoroquinolone_antibiotic;_cephalosporin;_cephamycin;_penam;_tetracycline_antibiotic	24	414	414	1.0	Unknown taxonomy (chromosome or plasmid)
barcode03_6Gb	contig_3033	169832	171041	mdtH_fluoroquinolone_antibiotic	25	1209	1209	1.0	Unknown taxonomy (chromosome or plasmid)
barcode03_6Gb	contig_3033	179671	180898	mdtG_phosphonic_acid_antibiotic	28	1227	1227	1.0	Unknown taxonomy (chromosome or plasmid)
barcode03_6Gb	contig_3042	128034	129783	msbA_nitroimidazole_antibiotic	28	1749	1749	1.0	Unknown taxonomy (chromosome)
barcode03_6Gb	contig_3080	31280	32795	aadT_macrolide_antibiotic;_tetracycline_antibiotic;_disinfecting_agents_and_antiseptics	21	1515	1515	1.0	
barcode03_6Gb	contig_3146	9133	9790	QnrVC1_fluoroquinolone_antibiotic	30	657	657	1.0	Unknown taxonomy (chromosome or plasmid)
barcode03_6Gb	contig_3146	9948	10422	dfrA6_diaminopyrimidine_antibiotic	26	474	474	1.0	Unknown taxonomy (chromosome or plasmid)
barcode03_6Gb	contig_3222	60947	62132	Escherichia coli EF-Tu mutants conferring resistance to Pulvomycin_elfamycin_antibiotic	22	1185	1185	1.0	Unknown taxonomy (chromosome or plasmid)
barcode03_6Gb	contig_3262	28783	29368	vanY gene in vanB cluster_glycopeptide_antibiotic	5	585	585	1.0	
barcode03_6Gb	contig_3303	6470	6929	AAC(6')-Il_aminoglycoside_antibiotic	15	459	459	1.0	Unknown taxonomy (chromosome or plasmid)
barcode03_6Gb	contig_3311	27009	28464	adeK_macrolide_antibiotic;_fluoroquinolone_antibiotic;_lincosamide_antibiotic;_carbapenem;_cephalosporin;_tetracycline_antibiotic;_rifamycin_antibiotic;_diaminopyrimidine_antibiotic;_phenicol_antibiotic;_penem	49	1455	1455	1.0	Acinetobacter baumannii (chromosome or plasmid)
barcode03_6Gb	contig_3311	28463	31640	adeJ_macrolide_antibiotic;_fluoroquinolone_antibiotic;_lincosamide_antibiotic;_carbapenem;_cephalosporin;_tetracycline_antibiotic;_rifamycin_antibiotic;_diaminopyrimidine_antibiotic;_phenicol_antibiotic;_penem	41	3177	3177	1.0	Acinetobacter baumannii (chromosome or plasmid)
barcode03_6Gb	contig_3311	31652	32903	adeI_macrolide_antibiotic;_fluoroquinolone_antibiotic;_lincosamide_antibiotic;_carbapenem;_cephalosporin;_tetracycline_antibiotic;_rifamycin_antibiotic;_diaminopyrimidine_antibiotic;_phenicol_antibiotic;_penem	41	1251	1251	1.0	Acinetobacter baumannii (chromosome or plasmid)
barcode03_6Gb	contig_3369	2630	3491	SHV-5_carbapenem;_cephalosporin;_penam	17	861	861	1.0	Unknown taxonomy (chromosome or plasmid)
barcode03_6Gb	contig_3372	17365	18202	APH(6)-Id_aminoglycoside_antibiotic	25	837	837	1.0	Unknown taxonomy (chromosome or plasmid)
barcode03_6Gb	contig_3372	18201	19005	APH(3'')-Ib_aminoglycoside_antibiotic	17	804	804	1.0	Unknown taxonomy (chromosome or plasmid)
barcode03_6Gb	contig_3394	9964	10744	APH(3')-VIa_aminoglycoside_antibiotic	46	780	780	1.0	Unknown taxonomy (chromosome or plasmid)
barcode03_6Gb	contig_3398	2157	3021	GES-5_carbapenem;_cephalosporin;_penam	7	864	864	1.0	Unknown taxonomy (chromosome or plasmid)
barcode03_6Gb	contig_3403	25899	26232	qacE_disinfecting_agents_and_antiseptics	21	333	333	1.0	Unknown taxonomy (chromosome or plasmid)
barcode03_6Gb	contig_3404	103	439	qacL_disinfecting_agents_and_antiseptics	7	336	336	1.0	Unknown taxonomy (chromosome or plasmid)
barcode03_6Gb	contig_349	58870	59752	vanW gene in vanG cluster_glycopeptide_antibiotic	467	882	882	1.0	Acinetobacter johnsonii (chromosome)
barcode03_6Gb	contig_3503	137037	140151	acrD_aminoglycoside_antibiotic	34	3114	3114	1.0	Unknown taxonomy (chromosome or plasmid)
barcode03_6Gb	contig_3503	237740	241334	evgS_macrolide_antibiotic;_fluoroquinolone_antibiotic;_penam;_tetracycline_antibiotic	18	3594	3594	1.0	Unknown taxonomy (chromosome or plasmid)
barcode03_6Gb	contig_3503	241338	241953	evgA_macrolide_antibiotic;_fluoroquinolone_antibiotic;_penam;_tetracycline_antibiotic	18	615	615	1.0	Unknown taxonomy (chromosome or plasmid)
barcode03_6Gb	contig_3503	242476	243532	emrK_tetracycline_antibiotic	16	1056	1056	1.0	Unknown taxonomy (chromosome or plasmid)
barcode03_6Gb	contig_3503	243531	245070	emrY_tetracycline_antibiotic	20	1539	1539	1.0	Unknown taxonomy (chromosome or plasmid)
barcode03_6Gb	contig_3534	55778	56153	ramA_fluoroquinolone_antibiotic;_monobactam;_carbapenem;_cephalosporin;_glycylcycline;_cephamycin;_penam;_tetracycline_antibiotic;_rifamycin_antibiotic;_phenicol_antibiotic;_penem;_disinfecting_agents_and_antiseptics	10	375	375	1.0	Enterobacter kobei (no genomic info)
barcode03_6Gb	contig_3637	140159	143315	adeF_fluoroquinolone_antibiotic;_tetracycline_antibiotic	16	3156	3156	1.0	
barcode03_6Gb	contig_370	4306	5149	OXA-58_carbapenem;_penam	6	843	843	1.0	Unknown taxonomy (chromosome or plasmid)
barcode03_6Gb	contig_3768	106304	106493	rsmA_fluoroquinolone_antibiotic;_diaminopyrimidine_antibiotic;_phenicol_antibiotic	91	189	189	1.0	
barcode03_6Gb	contig_3888	26670	27534	GES-5_carbapenem;_cephalosporin;_penam	14	864	864	1.0	Unknown taxonomy (chromosome or plasmid)
barcode03_6Gb	contig_3888	28263	29094	OXA-2_carbapenem;_cephalosporin;_penam	19	831	831	1.0	Unknown taxonomy (chromosome or plasmid)
barcode03_6Gb	contig_393	75684	76050	qacG_disinfecting_agents_and_antiseptics	245	366	366	1.0	Acinetobacter johnsonii (chromosome)
barcode03_6Gb	contig_3974	129162	130395	Escherichia coli mdfA_tetracycline_antibiotic;_disinfecting_agents_and_antiseptics	12	1233	1233	1.0	
barcode03_6Gb	contig_4006	7981	11146	adeF_fluoroquinolone_antibiotic;_tetracycline_antibiotic	32	3165	3165	1.0	Acinetobacter (chromosome or plasmid)
barcode03_6Gb	contig_4011	72463	72661	rsmA_fluoroquinolone_antibiotic;_diaminopyrimidine_antibiotic;_phenicol_antibiotic	10	198	198	1.0	
barcode03_6Gb	contig_4016	552621	554616	lmrD_lincosamide_antibiotic	12	1995	1995	1.0	
barcode03_6Gb	contig_4138	4546	5383	APH(6)-Id_aminoglycoside_antibiotic	62	837	837	1.0	Unknown taxonomy (chromosome or plasmid)
barcode03_6Gb	contig_4138	5382	6186	APH(3'')-Ib_aminoglycoside_antibiotic	75	804	804	1.0	Unknown taxonomy (chromosome or plasmid)
barcode03_6Gb	contig_4197	11558	12464	mphA_macrolide_antibiotic	54	906	906	1.0	Unknown taxonomy (chromosome or plasmid)
barcode03_6Gb	contig_4198	11073	11934	SHV-12_carbapenem;_cephalosporin;_penam	9	861	861	1.0	Unknown taxonomy (chromosome or plasmid)
barcode03_6Gb	contig_4198	14235	15015	aadA_aminoglycoside_antibiotic	11	780	780	1.0	Unknown taxonomy (chromosome or plasmid)
barcode03_6Gb	contig_4199	346	1207	AAC(3)-IIe_aminoglycoside_antibiotic	5	861	861	1.0	Unknown taxonomy (chromosome or plasmid)
barcode03_6Gb	contig_4199	1694	2339	QnrB19_fluoroquinolone_antibiotic	12	645	645	1.0	Unknown taxonomy (chromosome or plasmid)
barcode03_6Gb	contig_4206	114155	114629	dfrA6_diaminopyrimidine_antibiotic	17	474	474	1.0	Unknown taxonomy (chromosome or plasmid)
barcode03_6Gb	contig_4209	7	505	dfrA12_diaminopyrimidine_antibiotic	1	425	498	0.8534136	Unknown taxonomy (chromosome or plasmid)
barcode03_6Gb	contig_4210	1746	2514	APH(3')-VIa_aminoglycoside_antibiotic	29	768	768	1.0	Unknown taxonomy (chromosome or plasmid)
barcode03_6Gb	contig_4210	10617	11481	GES-1_carbapenem;_cephalosporin;_penam	46	864	864	1.0	Unknown taxonomy (chromosome or plasmid)
barcode03_6Gb	contig_4210	11522	12173	AAC(6')-Ib9_aminoglycoside_antibiotic	58	651	651	1.0	Unknown taxonomy (chromosome or plasmid)
barcode03_6Gb	contig_4210	12661	13009	qacEdelta1_disinfecting_agents_and_antiseptics	68	348	348	1.0	Unknown taxonomy (chromosome or plasmid)
barcode03_6Gb	contig_4210	13002	13842	sul1_sulfonamide_antibiotic	78	840	840	1.0	Unknown taxonomy (chromosome or plasmid)
barcode03_6Gb	contig_4216	2017	2650	catB2_phenicol_antibiotic	6	633	633	1.0	Unknown taxonomy (chromosome or plasmid)
barcode03_6Gb	contig_4217	5847	6627	APH(3')-VIa_aminoglycoside_antibiotic	36	780	780	1.0	Unknown taxonomy (chromosome or plasmid)
barcode03_6Gb	contig_4265	32971	33814	OXA-58_carbapenem;_penam	16	843	843	1.0	Unknown taxonomy (chromosome or plasmid)
barcode03_6Gb	contig_4277	19289	20768	Acinetobacter baumannii AmvA_macrolide_antibiotic;_disinfecting_agents_and_antiseptics	47	1479	1479	1.0	Acinetobacter baumannii (chromosome or plasmid)
barcode03_6Gb	contig_4277	279769	280099	abeS_macrolide_antibiotic;_aminocoumarin_antibiotic	46	330	330	1.0	Acinetobacter baumannii (chromosome or plasmid)
barcode03_6Gb	contig_4277	283407	284421	adeL_fluoroquinolone_antibiotic;_tetracycline_antibiotic	40	1014	1014	1.0	Acinetobacter baumannii (chromosome or plasmid)
barcode03_6Gb	contig_4277	284636	285857	adeG_fluoroquinolone_antibiotic;_tetracycline_antibiotic	35	1221	1221	1.0	Acinetobacter baumannii (chromosome or plasmid)
barcode03_6Gb	contig_4277	285863	289043	adeF_fluoroquinolone_antibiotic;_tetracycline_antibiotic	41	3180	3180	1.0	Acinetobacter baumannii (chromosome or plasmid)
barcode03_6Gb	contig_4277	289055	290504	adeH_fluoroquinolone_antibiotic;_tetracycline_antibiotic	40	1449	1449	1.0	Acinetobacter baumannii (chromosome or plasmid)
barcode03_6Gb	contig_4277	393660	394812	ADC-154_cephalosporin	43	1152	1152	1.0	Acinetobacter baumannii (chromosome or plasmid)
barcode03_6Gb	contig_4324	134902	135997	adeS_glycylcycline;_tetracycline_antibiotic	5	1095	1095	1.0	Acinetobacter baumannii (chromosome)
barcode03_6Gb	contig_4392	7642	8830	tet(39)_tetracycline_antibiotic	25	1188	1188	1.0	Unknown taxonomy (plasmid)
barcode03_6Gb	contig_4398	815	2003	tet(39)_tetracycline_antibiotic	18	1188	1188	1.0	Unknown taxonomy (plasmid)
barcode03_6Gb	contig_4436	1	763	aadA2_aminoglycoside_antibiotic	4	762	762	1.0	Unknown taxonomy (chromosome or plasmid)
barcode03_6Gb	contig_4436	1182	1572	arr-3_rifamycin_antibiotic	20	367	390	0.9410256	Unknown taxonomy (chromosome or plasmid)
barcode03_6Gb	contig_4436	3399	3993	AAC(6')-Ib-cr6_fluoroquinolone_antibiotic;_aminoglycoside_antibiotic	43	594	594	1.0	Unknown taxonomy (chromosome or plasmid)
barcode03_6Gb	contig_4439	13613	14559	TLA-1_monobactam;_cephalosporin	7	946	946	1.0	
barcode03_6Gb	contig_4460	2439	3279	sul1_sulfonamide_antibiotic	92	840	840	1.0	Unknown taxonomy (chromosome or plasmid)
barcode03_6Gb	contig_4460	3272	3620	qacEdelta1_disinfecting_agents_and_antiseptics	85	348	348	1.0	Unknown taxonomy (chromosome or plasmid)
barcode03_6Gb	contig_4460	3788	4409	AAC(6')-Ib9_aminoglycoside_antibiotic	65	621	621	1.0	Unknown taxonomy (chromosome or plasmid)
barcode03_6Gb	contig_4460	4481	4934	arr-3_rifamycin_antibiotic	57	453	453	1.0	Unknown taxonomy (chromosome or plasmid)
barcode03_6Gb	contig_4461	1411	2191	APH(3')-VIa_aminoglycoside_antibiotic	18	780	780	1.0	Unknown taxonomy (chromosome or plasmid)
barcode03_6Gb	contig_4470	51	936	mphE_macrolide_antibiotic	14	885	885	1.0	Unknown taxonomy (chromosome or plasmid)
barcode03_6Gb	contig_4472	48	933	mphE_macrolide_antibiotic	7	885	885	1.0	Unknown taxonomy (chromosome or plasmid)
barcode03_6Gb	contig_4558	7152	8016	aadS_aminoglycoside_antibiotic	28	864	864	1.0	Unknown taxonomy (chromosome or plasmid)
barcode03_6Gb	contig_4594	12056	13526	adeC_glycylcycline;_tetracycline_antibiotic	7	1470	1470	1.0	Acinetobacter baumannii (chromosome or plasmid)
barcode03_6Gb	contig_4614	1653	2559	aadA3_aminoglycoside_antibiotic	9	906	906	1.0	Unknown taxonomy (chromosome or plasmid)
barcode03_6Gb	contig_4614	2690	3512	linG_lincosamide_antibiotic	5	822	822	1.0	Escherichia coli (chromosome or plasmid)
barcode03_6Gb	contig_4614	6441	7233	sul3_sulfonamide_antibiotic	7	792	792	1.0	Unknown taxonomy (chromosome or plasmid)
barcode03_6Gb	contig_4614	8412	8745	qacL_disinfecting_agents_and_antiseptics	12	333	333	1.0	Unknown taxonomy (chromosome or plasmid)
barcode03_6Gb	contig_4614	8914	9706	aadA_aminoglycoside_antibiotic	18	792	792	1.0	Unknown taxonomy (chromosome or plasmid)
barcode03_6Gb	contig_4615	3545	5021	msrE_macrolide_antibiotic;_streptogramin_antibiotic	41	1476	1476	1.0	Unknown taxonomy (chromosome or plasmid)
barcode03_6Gb	contig_4615	5076	5961	mphE_macrolide_antibiotic	42	885	885	1.0	Unknown taxonomy (chromosome or plasmid)
barcode03_6Gb	contig_4650	3352	4519	vanT gene in vanG cluster_glycopeptide_antibiotic	6	1167	1167	1.0	
barcode03_6Gb	contig_4755	10714	12634	tet(W)_tetracycline_antibiotic	30	1920	1920	1.0	Unknown taxonomy (chromosome or plasmid)
barcode03_6Gb	contig_4775	30645	31800	Acinetobacter baumannii AbaQ_fluoroquinolone_antibiotic	11	1155	1155	1.0	
barcode03_6Gb	contig_4815	5894	6821	PER-3_monobactam;_carbapenem;_cephalosporin;_penam;_penem	10	927	927	1.0	Unknown taxonomy (chromosome or plasmid)
barcode03_6Gb	contig_4816	299	1115	aadA_aminoglycoside_antibiotic	26	816	816	1.0	Unknown taxonomy (chromosome or plasmid)
barcode03_6Gb	contig_4816	1107	1908	OXA-10_cephalosporin;_penam	19	801	801	1.0	Unknown taxonomy (chromosome or plasmid)
barcode03_6Gb	contig_4816	2172	3432	cmlA5_phenicol_antibiotic	22	1260	1260	1.0	Unknown taxonomy (chromosome or plasmid)
barcode03_6Gb	contig_4816	3752	4205	arr-2_rifamycin_antibiotic	16	453	453	1.0	Unknown taxonomy (chromosome or plasmid)
barcode03_6Gb	contig_4816	4289	4805	ANT(2'')-Ia_aminoglycoside_antibiotic	20	516	516	1.0	Unknown taxonomy (chromosome or plasmid)
barcode03_6Gb	contig_4817	2770	3916	vanT gene in vanG cluster_glycopeptide_antibiotic	5	1146	1146	1.0	
barcode03_6Gb	contig_4827	136910	138041	vanT gene in vanG cluster_glycopeptide_antibiotic	14	1131	1131	1.0	
barcode03_6Gb	contig_4843	3713	4997	tet(E)_tetracycline_antibiotic	19	1284	1284	1.0	Aeromonas veronii (chromosome)
barcode03_6Gb	contig_4849	20346	23424	mdtC_aminocoumarin_antibiotic	12	3078	3078	1.0	Citrobacter amalonaticus (chromosome)
barcode03_6Gb	contig_4849	26290	27013	baeR_aminoglycoside_antibiotic;_aminocoumarin_antibiotic	8	723	723	1.0	
barcode03_6Gb	contig_4897	1340	2555	floR_phenicol_antibiotic	24	1215	1215	1.0	Unknown taxonomy (chromosome or plasmid)
barcode03_6Gb	contig_4897	3154	4354	tet(A)_tetracycline_antibiotic	34	1200	1200	1.0	Unknown taxonomy (chromosome or plasmid)
barcode03_6Gb	contig_4897	5431	6268	APH(6)-Id_aminoglycoside_antibiotic	35	837	837	1.0	Unknown taxonomy (chromosome or plasmid)
barcode03_6Gb	contig_4897	7131	7947	sul2_sulfonamide_antibiotic	42	816	816	1.0	Unknown taxonomy (chromosome or plasmid)
barcode03_6Gb	contig_4919	21091	21724	CRP_macrolide_antibiotic;_fluoroquinolone_antibiotic;_penam	24	633	633	1.0	Enterobacter (chromosome or plasmid)
barcode03_6Gb	contig_4919	44864	46049	Escherichia coli EF-Tu mutants conferring resistance to Pulvomycin_elfamycin_antibiotic	40	1185	1185	1.0	Unknown taxonomy (chromosome or plasmid)
barcode03_6Gb	contig_4964	4507	5695	tet(39)_tetracycline_antibiotic	26	1188	1188	1.0	Unknown taxonomy (plasmid)
barcode03_6Gb	contig_5006	460605	461352	vanY gene in vanG cluster_glycopeptide_antibiotic	12	747	747	1.0	
barcode03_6Gb	contig_5006	620923	621253	qacG_disinfecting_agents_and_antiseptics	11	330	330	1.0	
barcode03_6Gb	contig_5036	1346	3986	Escherichia coli gyrA conferring resistance to fluoroquinolones_fluoroquinolone_antibiotic	6	2640	2640	1.0	Citrobacter freundii (chromosome or plasmid)
barcode03_6Gb	contig_5098	1272791	1273538	vanY gene in vanG cluster_glycopeptide_antibiotic	12	747	747	1.0	
barcode03_6Gb	contig_5156	26743	26998	rsmA_fluoroquinolone_antibiotic;_diaminopyrimidine_antibiotic;_phenicol_antibiotic	362	255	255	1.0	
barcode03_6Gb	contig_5181	303833	307004	adeF_fluoroquinolone_antibiotic;_tetracycline_antibiotic	14	3171	3171	1.0	
barcode03_6Gb	contig_5262	6383	6728	qacG_disinfecting_agents_and_antiseptics	78	345	345	1.0	Acinetobacter (chromosome)
barcode03_6Gb	contig_5415	6015	6675	catA1_phenicol_antibiotic	7	660	660	1.0	Unknown taxonomy (chromosome or plasmid)
barcode03_6Gb	contig_5415	10035	11226	tet(C)_tetracycline_antibiotic	34	1191	1191	1.0	Unknown taxonomy (chromosome or plasmid)
barcode03_6Gb	contig_5417	7333	7993	catA1_phenicol_antibiotic	5	660	660	1.0	Unknown taxonomy (chromosome or plasmid)
barcode03_6Gb	contig_5456	97674	99318	YojI_peptide_antibiotic	28	1644	1644	1.0	Escherichia coli (chromosome or plasmid)
barcode03_6Gb	contig_5456	141657	143016	Escherichia coli GlpT with mutation conferring resistance to fosfomycin_phosphonic_acid_antibiotic	31	1359	1359	1.0	Unknown taxonomy (chromosome or plasmid)
barcode03_6Gb	contig_5456	157716	158685	PmrF_peptide_antibiotic	27	969	969	1.0	Unknown taxonomy (chromosome or plasmid)
barcode03_6Gb	contig_5456	161554	163207	ArnT_peptide_antibiotic	35	1653	1653	1.0	Unknown taxonomy (chromosome or plasmid)
barcode03_6Gb	contig_5475	11933	13682	msbA_nitroimidazole_antibiotic	15	1749	1749	1.0	Enterobacter kobei (chromosome)
barcode03_6Gb	contig_5484	7854	9603	msbA_nitroimidazole_antibiotic	8	1749	1749	1.0	Citrobacter freundii (chromosome)
barcode03_6Gb	contig_549	75994	78988	adeF_fluoroquinolone_antibiotic;_tetracycline_antibiotic	31	2994	2994	1.0	
barcode03_6Gb	contig_5503	150494	151679	Escherichia coli EF-Tu mutants conferring resistance to Pulvomycin_elfamycin_antibiotic	130	1185	1185	1.0	Aeromonas caviae (chromosome or plasmid)
barcode03_6Gb	contig_5503	169699	170884	Escherichia coli EF-Tu mutants conferring resistance to Pulvomycin_elfamycin_antibiotic	106	1185	1185	1.0	Aeromonas caviae (chromosome or plasmid)
barcode03_6Gb	contig_555	21107	22292	Escherichia coli EF-Tu mutants conferring resistance to Pulvomycin_elfamycin_antibiotic	40	1185	1185	1.0	Unknown taxonomy (chromosome or plasmid)
barcode03_6Gb	contig_555	37083	37716	CRP_macrolide_antibiotic;_fluoroquinolone_antibiotic;_penam	49	633	633	1.0	Unknown taxonomy (chromosome or plasmid)
barcode03_6Gb	contig_555	205590	206748	mdtE_macrolide_antibiotic;_fluoroquinolone_antibiotic;_penam	35	1158	1158	1.0	Unknown taxonomy (chromosome)
barcode03_6Gb	contig_555	211346	212171	gadX_macrolide_antibiotic;_fluoroquinolone_antibiotic;_penam	47	825	825	1.0	Escherichia coli (chromosome)
barcode03_6Gb	contig_5678	3377	5792	Morganella morganii gyrB conferring resistance to fluoroquinolones_fluoroquinolone_antibiotic	11	2415	2415	1.0	Klebsiella michiganensis (chromosome)
barcode03_6Gb	contig_5784	4471	5299	OXA-253_carbapenem;_penam	91	828	828	1.0	Acinetobacter baumannii (chromosome)
barcode03_6Gb	contig_5796	98	443	qacG_disinfecting_agents_and_antiseptics	19	345	345	1.0	Unknown taxonomy (chromosome or plasmid)
barcode03_6Gb	contig_5799	2768	3596	OXA-253_carbapenem;_penam	67	828	828	1.0	Acinetobacter baumannii (chromosome)
barcode03_6Gb	contig_5849	763901	764888	vanH gene in vanO cluster_glycopeptide_antibiotic	30	987	987	1.0	
barcode03_6Gb	contig_5849	1346299	1347457	vanT gene in vanG cluster_glycopeptide_antibiotic	39	1158	1158	1.0	
barcode03_6Gb	contig_5882	677	1457	APH(3')-VIa_aminoglycoside_antibiotic	17	780	780	1.0	Unknown taxonomy (chromosome or plasmid)
barcode03_6Gb	contig_5913	21854	22592	ErmB_macrolide_antibiotic;_lincosamide_antibiotic;_streptogramin_antibiotic;_streptogramin_A_antibiotic;_streptogramin_B_antibiotic	26	738	738	1.0	Unknown taxonomy (chromosome or plasmid)
barcode03_6Gb	contig_5922	73304	73685	marA_fluoroquinolone_antibiotic;_monobactam;_carbapenem;_cephalosporin;_glycylcycline;_cephamycin;_penam;_tetracycline_antibiotic;_rifamycin_antibiotic;_phenicol_antibiotic;_penem;_disinfecting_agents_and_antiseptics	18	381	381	1.0	Enterobacter (chromosome)
barcode03_6Gb	contig_6014	108506	108830	Escherichia coli soxS with mutation conferring antibiotic resistance_fluoroquinolone_antibiotic;_monobactam;_carbapenem;_cephalosporin;_glycylcycline;_cephamycin;_penam;_tetracycline_antibiotic;_rifamycin_antibiotic;_phenicol_antibiotic;_penem;_disinfecting_agents_and_antiseptics	34	324	324	1.0	Unknown taxonomy (chromosome or plasmid)
barcode03_6Gb	contig_6014	108915	109380	Escherichia coli soxR with mutation conferring antibiotic resistance_fluoroquinolone_antibiotic;_cephalosporin;_glycylcycline;_penam;_tetracycline_antibiotic;_rifamycin_antibiotic;_phenicol_antibiotic;_disinfecting_agents_and_antiseptics	39	465	465	1.0	Unknown taxonomy (chromosome or plasmid)
barcode03_6Gb	contig_6014	130446	131913	mdtP_nucleoside_antibiotic;_disinfecting_agents_and_antiseptics	37	1467	1467	1.0	Unknown taxonomy (chromosome or plasmid)
barcode03_6Gb	contig_6014	133961	134993	mdtN_nucleoside_antibiotic;_disinfecting_agents_and_antiseptics	48	1032	1032	1.0	Escherichia coli (chromosome or plasmid)
barcode03_6Gb	contig_6014	162063	163707	eptA_peptide_antibiotic	51	1644	1644	1.0	Unknown taxonomy (chromosome or plasmid)
barcode03_6Gb	contig_6014	226439	227573	EC-14_cephalosporin	31	1134	1134	1.0	Unknown taxonomy (chromosome or plasmid)
barcode03_6Gb	contig_6064	12091	12952	TEM-1_monobactam;_cephalosporin;_penam;_penem	26	861	861	1.0	Unknown taxonomy (chromosome or plasmid)
barcode03_6Gb	contig_6064	13093	13954	AAC(3)-IIe_aminoglycoside_antibiotic	19	861	861	1.0	Unknown taxonomy (chromosome or plasmid)
barcode03_6Gb	contig_6122	51102	51825	baeR_aminoglycoside_antibiotic;_aminocoumarin_antibiotic	32	723	723	1.0	Unknown taxonomy (chromosome or plasmid)
barcode03_6Gb	contig_6122	54638	57716	mdtC_aminocoumarin_antibiotic	28	3078	3078	1.0	Escherichia coli (chromosome or plasmid)
barcode03_6Gb	contig_6122	57716	60839	mdtB_aminocoumarin_antibiotic	24	3123	3123	1.0	Unknown taxonomy (chromosome or plasmid)
barcode03_6Gb	contig_6122	60838	62086	mdtA_aminocoumarin_antibiotic	25	1248	1248	1.0	Unknown taxonomy (chromosome or plasmid)
barcode03_6Gb	contig_6135	38787	40761	tet(Q)_tetracycline_antibiotic	50	1974	1974	1.0	Unknown taxonomy (chromosome)
barcode03_6Gb	contig_6150	10352	11465	vanT gene in vanG cluster_glycopeptide_antibiotic	24	1113	1113	1.0	
barcode03_6Gb	contig_6175	300606	301410	lnuB_lincosamide_antibiotic	18	804	804	1.0	Unknown taxonomy (chromosome or plasmid)
barcode03_6Gb	contig_6175	301463	302948	lsaE_lincosamide_antibiotic;_streptogramin_antibiotic;_pleuromutilin_antibiotic	21	1485	1485	1.0	Streptococcus (chromosome or plasmid)
barcode03_6Gb	contig_6178	90637	92260	vanW gene in vanI cluster_glycopeptide_antibiotic	13	1623	1623	1.0	
barcode03_6Gb	contig_6219	5935	7570	tet(32)_tetracycline_antibiotic	8	1635	1635	1.0	Erysipelatoclostridium ramosum (chromosome or plasmid)
barcode03_6Gb	contig_6220	2410	3670	cmlA5_phenicol_antibiotic	14	1260	1260	1.0	Unknown taxonomy (chromosome or plasmid)
barcode03_6Gb	contig_6220	3990	4464	dfrA6_diaminopyrimidine_antibiotic	14	474	474	1.0	Vibrio (chromosome or plasmid)
barcode03_6Gb	contig_6290	23303	24098	OXA-504_penam	115	795	795	1.0	Aeromonas caviae (chromosome or plasmid)
barcode03_6Gb	contig_6291	7503	8298	OXA-504_penam	107	795	795	1.0	Aeromonas caviae (chromosome)
barcode03_6Gb	contig_6293	8478	9273	OXA-504_penam	110	795	795	1.0	Aeromonas caviae (chromosome)
barcode03_6Gb	contig_6318	21226	21865	CRP_macrolide_antibiotic;_fluoroquinolone_antibiotic;_penam	11	639	639	1.0	
barcode03_6Gb	contig_6404	429	1311	KPC-2_monobactam;_carbapenem;_cephalosporin;_penam	255	882	882	1.0	Unknown taxonomy (chromosome or plasmid)
barcode03_6Gb	contig_6404	3726	4506	APH(3')-VIa_aminoglycoside_antibiotic	50	780	780	1.0	Unknown taxonomy (chromosome or plasmid)
barcode03_6Gb	contig_6463	80986	81808	bacA_peptide_antibiotic	16	822	822	1.0	
barcode03_6Gb	contig_647	3682	4987	Acinetobacter baumannii AbaQ_fluoroquinolone_antibiotic	23	1305	1305	1.0	
barcode03_6Gb	contig_6527	10932	12852	tet(O)_tetracycline_antibiotic	38	1920	1920	1.0	Unknown taxonomy (chromosome or plasmid)
barcode03_6Gb	contig_6735	3132	3480	qacEdelta1_disinfecting_agents_and_antiseptics	41	348	348	1.0	Unknown taxonomy (chromosome or plasmid)
barcode03_6Gb	contig_6735	3473	4313	sul1_sulfonamide_antibiotic	48	840	840	1.0	Unknown taxonomy (chromosome or plasmid)
barcode03_6Gb	contig_6736	3059	4250	tet(C)_tetracycline_antibiotic	15	1191	1191	1.0	Unknown taxonomy (chromosome or plasmid)
barcode03_6Gb	contig_6736	5756	6947	tet(C)_tetracycline_antibiotic	26	1191	1191	1.0	Unknown taxonomy (chromosome or plasmid)
barcode03_6Gb	contig_6784	2268	3120	sul1_sulfonamide_antibiotic	18	852	852	1.0	Unknown taxonomy (chromosome or plasmid)
barcode03_6Gb	contig_6788	14755	16312	vanW gene in vanI cluster_glycopeptide_antibiotic	12	1557	1557	1.0	
barcode03_6Gb	contig_6913	11461	12622	vanT gene in vanG cluster_glycopeptide_antibiotic	9	1161	1161	1.0	
barcode03_6Gb	contig_7173	43118	43751	CRP_macrolide_antibiotic;_fluoroquinolone_antibiotic;_penam	8	633	633	1.0	Unknown taxonomy (chromosome)
barcode03_6Gb	contig_7174	1583	2768	Escherichia coli EF-Tu mutants conferring resistance to Pulvomycin_elfamycin_antibiotic	26	1185	1185	1.0	Enterobacter (chromosome or plasmid)
barcode03_6Gb	contig_7174	26055	26688	CRP_macrolide_antibiotic;_fluoroquinolone_antibiotic;_penam	20	633	633	1.0	Enterobacter roggenkampii (chromosome or plasmid)
barcode03_6Gb	contig_7175	1636	2821	Escherichia coli EF-Tu mutants conferring resistance to Pulvomycin_elfamycin_antibiotic	23	1185	1185	1.0	Enterobacter asburiae (chromosome or plasmid)
barcode03_6Gb	contig_7239	2205	3066	AAC(3)-IId_aminoglycoside_antibiotic	12	861	861	1.0	Unknown taxonomy (chromosome or plasmid)
barcode03_6Gb	contig_7239	8037	8898	TEM-1_monobactam;_cephalosporin;_penam;_penem	22	861	861	1.0	Unknown taxonomy (chromosome or plasmid)
barcode03_6Gb	contig_7239	143636	144440	APH(3'')-Ib_aminoglycoside_antibiotic	74	804	804	1.0	Unknown taxonomy (chromosome or plasmid)
barcode03_6Gb	contig_7239	144439	145276	APH(6)-Id_aminoglycoside_antibiotic	71	837	837	1.0	Unknown taxonomy (chromosome or plasmid)
barcode03_6Gb	contig_7271	28957	29923	CfxA3_cephamycin	20	966	966	1.0	Unknown taxonomy (chromosome or plasmid)
barcode03_6Gb	contig_7335	73601	74795	vanT gene in vanG cluster_glycopeptide_antibiotic	6	1194	1194	1.0	
barcode03_6Gb	contig_7358	349	1099	OXA-2_carbapenem;_cephalosporin;_penam	15	750	750	1.0	Unknown taxonomy (chromosome or plasmid)
barcode03_6Gb	contig_7401	18856	21076	Acinetobacter baumannii parC conferring resistance to fluoroquinolones_fluoroquinolone_antibiotic	47	2220	2220	1.0	Acinetobacter baumannii (chromosome or plasmid)
barcode03_6Gb	contig_7422	30228	30906	kdpE_aminoglycoside_antibiotic	5	678	678	1.0	
barcode03_6Gb	contig_7439	1455	3396	tet(W)_tetracycline_antibiotic	19	1941	1941	1.0	Unknown taxonomy (chromosome or plasmid)
barcode03_6Gb	contig_7444	105454	106555	LpsB_peptide_antibiotic	44	1101	1101	1.0	Acinetobacter baumannii (chromosome or plasmid)
barcode03_6Gb	contig_7444	152113	153460	abeM_fluoroquinolone_antibiotic;_disinfecting_agents_and_antiseptics	50	1347	1347	1.0	Acinetobacter baumannii (chromosome or plasmid)
barcode03_6Gb	contig_7444	359699	361919	Acinetobacter baumannii parC conferring resistance to fluoroquinolones_fluoroquinolone_antibiotic	52	2220	2220	1.0	Acinetobacter baumannii (chromosome or plasmid)
barcode03_6Gb	contig_7467	10463	11348	mphE_macrolide_antibiotic	117	885	885	1.0	Unknown taxonomy (chromosome or plasmid)
barcode03_6Gb	contig_7467	11403	12879	msrE_macrolide_antibiotic;_streptogramin_antibiotic	116	1476	1476	1.0	Unknown taxonomy (chromosome or plasmid)
barcode03_6Gb	contig_7506	5712	5967	rsmA_fluoroquinolone_antibiotic;_diaminopyrimidine_antibiotic;_phenicol_antibiotic	9	255	255	1.0	
barcode03_6Gb	contig_7574	294754	295513	vanY gene in vanB cluster_glycopeptide_antibiotic	11	759	759	1.0	
barcode03_6Gb	contig_7617	2587	3755	tet(X3)_glycylcycline;_tetracycline_antibiotic	6	1168	1168	1.0	Unknown taxonomy (chromosome or plasmid)
barcode03_6Gb	contig_7651	4131	6606	vanT gene in vanG cluster_glycopeptide_antibiotic	3	2475	2475	1.0	
barcode03_6Gb	contig_7711	30963	32196	mdtM_fluoroquinolone_antibiotic;_lincosamide_antibiotic;_nucleoside_antibiotic;_phenicol_antibiotic;_disinfecting_agents_and_antiseptics	36	1233	1233	1.0	Unknown taxonomy (chromosome or plasmid)
barcode03_6Gb	contig_7711	187488	188433	leuO_nucleoside_antibiotic;_disinfecting_agents_and_antiseptics	34	945	945	1.0	Unknown taxonomy (chromosome or plasmid)
barcode03_6Gb	contig_7711	194533	196300	Haemophilus influenzae PBP3 conferring resistance to beta-lactam antibiotics_cephalosporin;_cephamycin;_penam	33	1767	1767	1.0	Unknown taxonomy (chromosome or plasmid)
barcode03_6Gb	contig_7746	11128	11383	FosA8_phosphonic_acid_antibiotic	9	255	255	1.0	Enterobacter roggenkampii (chromosome)
barcode03_6Gb	contig_777	182745	183147	FosA8_phosphonic_acid_antibiotic	122	402	402	1.0	Aeromonas caviae (chromosome or plasmid)
barcode03_6Gb	contig_8166	480	1276	APH(3')-IIIa_aminoglycoside_antibiotic	13	796	796	1.0	Unknown taxonomy (chromosome or plasmid)
barcode03_6Gb	contig_8265	116441	117230	ANT(3'')-IIa_aminoglycoside_antibiotic	43	789	789	1.0	Acinetobacter baumannii (chromosome or plasmid)
barcode03_6Gb	contig_831	74090	74483	nimJ_nitroimidazole_antibiotic	4	393	393	1.0	
barcode03_6Gb	contig_8330	65285	66677	Escherichia coli UhpT with mutation conferring resistance to fosfomycin_phosphonic_acid_antibiotic	21	1392	1392	1.0	Enterobacter (chromosome or plasmid)
barcode03_6Gb	contig_8333	6618	7101	dfrA14_diaminopyrimidine_antibiotic	8	483	483	1.0	Unknown taxonomy (chromosome or plasmid)
barcode03_6Gb	contig_8336	3828	4158	qacG_disinfecting_agents_and_antiseptics	4	330	330	1.0	
barcode03_6Gb	contig_8337	172529	173654	mdeA_fluoroquinolone_antibiotic;_aminoglycoside_antibiotic;_penam;_tetracycline_antibiotic;_disinfecting_agents_and_antiseptics	4	1125	1125	1.0	
barcode03_6Gb	contig_8348	27776	28874	vanG_glycopeptide_antibiotic	8	1098	1098	1.0	Klebsiella pneumoniae (chromosome)
barcode03_6Gb	contig_8518	92918	93251	qacJ_disinfecting_agents_and_antiseptics	12	333	333	1.0	
barcode03_6Gb	contig_8551	12776	14291	aadT_macrolide_antibiotic;_tetracycline_antibiotic;_disinfecting_agents_and_antiseptics	15	1515	1515	1.0	
barcode03_6Gb	contig_8571	9252	10410	vanW gene in vanI cluster_glycopeptide_antibiotic	10	1158	1158	1.0	
barcode03_6Gb	contig_8652	76828	79321	vanT gene in vanG cluster_glycopeptide_antibiotic	10	2493	2493	1.0	
barcode03_6Gb	contig_8704	53264	53912	Escherichia coli AcrAB-TolC with AcrR mutation conferring resistance to ciprofloxacin, tetracycline, and ceftazidime_fluoroquinolone_antibiotic;_cephalosporin;_glycylcycline;_penam;_tetracycline_antibiotic;_rifamycin_antibiotic;_phenicol_antibiotic;_disinfecting_agents_and_antiseptics	24	648	648	1.0	Unknown taxonomy (chromosome or plasmid)
barcode03_6Gb	contig_8704	54053	55247	Escherichia coli acrA_fluoroquinolone_antibiotic;_cephalosporin;_glycylcycline;_penam;_tetracycline_antibiotic;_rifamycin_antibiotic;_phenicol_antibiotic;_disinfecting_agents_and_antiseptics	20	1194	1194	1.0	Unknown taxonomy (chromosome or plasmid)
barcode03_6Gb	contig_8704	55269	58419	acrB_fluoroquinolone_antibiotic;_cephalosporin;_glycylcycline;_penam;_tetracycline_antibiotic;_rifamycin_antibiotic;_phenicol_antibiotic;_disinfecting_agents_and_antiseptics	23	3150	3150	1.0	Escherichia coli (chromosome or plasmid)
barcode03_6Gb	contig_8704	140972	142067	vanG_glycopeptide_antibiotic	31	1095	1095	1.0	Unknown taxonomy (chromosome or plasmid)
barcode03_6Gb	contig_8758	43717	46153	vanT gene in vanG cluster_glycopeptide_antibiotic	15	2436	2436	1.0	Phocaeicola (chromosome)
barcode03_6Gb	contig_8773	38490	38964	dfrA1_diaminopyrimidine_antibiotic	34	474	474	1.0	Unknown taxonomy (chromosome or plasmid)
barcode03_6Gb	contig_8773	39068	39848	aadA_aminoglycoside_antibiotic	38	780	780	1.0	Unknown taxonomy (chromosome or plasmid)
barcode03_6Gb	contig_8773	40011	40359	qacEdelta1_disinfecting_agents_and_antiseptics	20	348	348	1.0	Unknown taxonomy (chromosome or plasmid)
barcode03_6Gb	contig_8773	41603	42419	sul2_sulfonamide_antibiotic	39	816	816	1.0	Unknown taxonomy (chromosome or plasmid)
barcode03_6Gb	contig_8914	1591	2434	OXA-58_carbapenem;_penam	13	843	843	1.0	Unknown taxonomy (chromosome or plasmid)
barcode03_6Gb	contig_9066	11632	12256	tetR_tetracycline_antibiotic	22	624	624	1.0	Unknown taxonomy (chromosome or plasmid)
barcode03_6Gb	contig_9280	53354	55010	ArnT_peptide_antibiotic	17	1656	1656	1.0	Enterobacter kobei (chromosome)
barcode03_6Gb	contig_9280	57884	58868	PmrF_peptide_antibiotic	18	984	984	1.0	
barcode03_6Gb	contig_9312	1122	1725	vanY gene in vanB cluster_glycopeptide_antibiotic	3	603	603	1.0	
barcode03_6Gb	contig_9370	69044	70700	ArnT_peptide_antibiotic	6	1656	1656	1.0	Escherichia coli (no genomic info)
barcode03_6Gb	contig_9370	73580	74561	PmrF_peptide_antibiotic	11	981	981	1.0	
barcode03_6Gb	contig_9399	104370	104697	qacG_disinfecting_agents_and_antiseptics	15	327	327	1.0	
barcode03_6Gb	contig_9402	8882	10094	tet(O)_tetracycline_antibiotic	24	1212	1212	1.0	Enterococcus hirae (chromosome or plasmid)
barcode03_6Gb	contig_9402	10068	10803	tet(O)_tetracycline_antibiotic	17	735	735	1.0	Unknown taxonomy (chromosome or plasmid)
barcode03_6Gb	contig_9433	32144	32486	Klebsiella pneumoniae KpnF_macrolide_antibiotic;_aminoglycoside_antibiotic;_cephalosporin;_tetracycline_antibiotic;_peptide_antibiotic;_rifamycin_antibiotic;_disinfecting_agents_and_antiseptics	13	342	342	1.0	Enterobacter (chromosome)
barcode03_6Gb	contig_9435	1846	2296	qacG_disinfecting_agents_and_antiseptics	5	450	450	1.0	
barcode03_6Gb	contig_9494	4604	4967	vanY gene in vanM cluster_glycopeptide_antibiotic	2	363	363	1.0	Streptococcus gallolyticus (chromosome)
barcode03_6Gb	contig_9524	33063	33252	rsmA_fluoroquinolone_antibiotic;_diaminopyrimidine_antibiotic;_phenicol_antibiotic	6	189	189	1.0	
barcode03_6Gb	contig_9565	143	800	QnrVC1_fluoroquinolone_antibiotic	10	657	657	1.0	Unknown taxonomy (chromosome or plasmid)
barcode03_6Gb	contig_9656	26129	27368	tet(40)_tetracycline_antibiotic	13	1239	1239	1.0	Faecalibacterium prausnitzii (chromosome)
barcode03_6Gb	contig_9656	27419	28115	tet(O)_tetracycline_antibiotic	13	696	696	1.0	Unknown taxonomy (chromosome or plasmid)
barcode03_6Gb	contig_9672	154	613	AAC(6')-Il_aminoglycoside_antibiotic	7	459	459	1.0	Unknown taxonomy (chromosome or plasmid)
barcode03_6Gb	contig_9672	760	1315	AAC(6')-IIa_aminoglycoside_antibiotic	5	555	555	1.0	Unknown taxonomy (chromosome or plasmid)
barcode03_6Gb	contig_9759	4037	4682	QnrB19_fluoroquinolone_antibiotic	11	645	645	1.0	Unknown taxonomy (chromosome or plasmid)
barcode03_6Gb	contig_9802	27823	29749	tet(Q)_tetracycline_antibiotic	7	1926	1926	1.0	Unknown taxonomy (chromosome)
barcode03_6Gb	contig_9802	30486	31623	tet(X)_glycylcycline;_tetracycline_antibiotic	16	1137	1137	1.0	Unknown taxonomy (chromosome or plasmid)
barcode03_6Gb	contig_9802	31835	32636	ErmF_macrolide_antibiotic;_lincosamide_antibiotic;_streptogramin_antibiotic;_streptogramin_A_antibiotic;_streptogramin_B_antibiotic	37	801	801	1.0	Unknown taxonomy (chromosome or plasmid)
barcode03_6Gb	contig_9852	12425	14345	tet(W)_tetracycline_antibiotic	26	1920	1920	1.0	Unknown taxonomy (chromosome or plasmid)
barcode03_9Gb	contig_10114	42718	43960	mdtM_fluoroquinolone_antibiotic;_lincosamide_antibiotic;_nucleoside_antibiotic;_phenicol_antibiotic;_disinfecting_agents_and_antiseptics	10	1242	1242	1.0	
barcode03_9Gb	contig_10117	2912	3347	Escherichia coli AcrAB-TolC with MarR mutations conferring resistance to ciprofloxacin and tetracycline_fluoroquinolone_antibiotic;_cephalosporin;_glycylcycline;_penam;_tetracycline_antibiotic;_rifamycin_antibiotic;_phenicol_antibiotic;_disinfecting_agents_and_antiseptics	11	435	435	1.0	Enterobacter asburiae (chromosome)
barcode03_9Gb	contig_10117	3368	3749	marA_fluoroquinolone_antibiotic;_monobactam;_carbapenem;_cephalosporin;_glycylcycline;_cephamycin;_penam;_tetracycline_antibiotic;_rifamycin_antibiotic;_phenicol_antibiotic;_penem;_disinfecting_agents_and_antiseptics	14	381	381	1.0	Enterobacter roggenkampii (chromosome)
barcode03_9Gb	contig_10152	33987	35148	vanL_glycopeptide_antibiotic	13	1161	1161	1.0	
barcode03_9Gb	contig_10277	0	675	tet(M)_tetracycline_antibiotic	14	675	675	1.0	Unknown taxonomy (chromosome or plasmid)
barcode03_9Gb	contig_10277	908	1397	tet(M)_tetracycline_antibiotic	12	489	489	1.0	Streptococcus pyogenes (chromosome or plasmid)
barcode03_9Gb	contig_10316	16090	17221	vanT gene in vanG cluster_glycopeptide_antibiotic	7	1131	1131	1.0	
barcode03_9Gb	contig_1032	1195	1852	QnrS1_fluoroquinolone_antibiotic	7	657	657	1.0	Unknown taxonomy (chromosome or plasmid)
barcode03_9Gb	contig_1032	9851	11051	tet(A)_tetracycline_antibiotic	32	1200	1200	1.0	Unknown taxonomy (chromosome or plasmid)
barcode03_9Gb	contig_1041	1212299	1213457	vanT gene in vanG cluster_glycopeptide_antibiotic	44	1158	1158	1.0	
barcode03_9Gb	contig_1041	1794866	1795853	vanH gene in vanO cluster_glycopeptide_antibiotic	39	987	987	1.0	
barcode03_9Gb	contig_10430	19740	20394	adeN_macrolide_antibiotic;_fluoroquinolone_antibiotic;_lincosamide_antibiotic;_carbapenem;_cephalosporin;_tetracycline_antibiotic;_rifamycin_antibiotic;_diaminopyrimidine_antibiotic;_phenicol_antibiotic;_penem	46	654	654	1.0	Acinetobacter baumannii (chromosome or plasmid)
barcode03_9Gb	contig_1083	32425	33265	sul1_sulfonamide_antibiotic	54	840	840	1.0	Unknown taxonomy (chromosome or plasmid)
barcode03_9Gb	contig_1083	33293	34073	aadA_aminoglycoside_antibiotic	39	780	780	1.0	Unknown taxonomy (chromosome or plasmid)
barcode03_9Gb	contig_1083	34154	34754	AAC(6')-Ib-cr6_fluoroquinolone_antibiotic;_aminoglycoside_antibiotic	38	600	600	1.0	Unknown taxonomy (chromosome or plasmid)
barcode03_9Gb	contig_1084	6245	7082	APH(6)-Id_aminoglycoside_antibiotic	74	837	837	1.0	Unknown taxonomy (chromosome or plasmid)
barcode03_9Gb	contig_10904	16134	17025	vanG_glycopeptide_antibiotic	5	891	891	1.0	
barcode03_9Gb	contig_10904	17089	17842	vanXY gene in vanG cluster_glycopeptide_antibiotic	5	753	753	1.0	
barcode03_9Gb	contig_10904	17828	19910	vanT gene in vanG cluster_glycopeptide_antibiotic	3	2082	2082	1.0	
barcode03_9Gb	contig_10976	16126	19279	adeF_fluoroquinolone_antibiotic;_tetracycline_antibiotic	7	3153	3153	1.0	
barcode03_9Gb	contig_10978	2199	3948	msbA_nitroimidazole_antibiotic	8	1749	1749	1.0	Citrobacter freundii (chromosome)
barcode03_9Gb	contig_11046	0	1008	vanW gene in vanI cluster_glycopeptide_antibiotic	3	1008	1008	1.0	
barcode03_9Gb	contig_11249	20130	21129	ACT-8_carbapenem;_cephalosporin;_cephamycin;_penam	4	999	999	1.0	Enterobacter hormaechei (chromosome)
barcode03_9Gb	contig_11261	10594	10921	Escherichia coli soxS with mutation conferring antibiotic resistance_fluoroquinolone_antibiotic;_monobactam;_carbapenem;_cephalosporin;_glycylcycline;_cephamycin;_penam;_tetracycline_antibiotic;_rifamycin_antibiotic;_phenicol_antibiotic;_penem;_disinfecting_agents_and_antiseptics	13	327	327	1.0	
barcode03_9Gb	contig_11264	21593	22124	emrR_fluoroquinolone_antibiotic	6	531	531	1.0	
barcode03_9Gb	contig_11264	23427	24966	emrB_fluoroquinolone_antibiotic	8	1539	1539	1.0	Enterobacter hormaechei (chromosome)
barcode03_9Gb	contig_11264	34519	34705	rsmA_fluoroquinolone_antibiotic;_diaminopyrimidine_antibiotic;_phenicol_antibiotic	9	186	186	1.0	Unknown taxonomy (chromosome or plasmid)
barcode03_9Gb	contig_11381	6799	7414	tet(W/N/W)_tetracycline_antibiotic	1	615	615	1.0	Unknown taxonomy (chromosome)
barcode03_9Gb	contig_11390	34888	35731	OXA-58_carbapenem;_penam	19	843	843	1.0	Unknown taxonomy (chromosome or plasmid)
barcode03_9Gb	contig_11425	1707	2802	adeS_glycylcycline;_tetracycline_antibiotic	6	1095	1095	1.0	Acinetobacter baumannii (chromosome)
barcode03_9Gb	contig_11545	4306	5290	PmrF_peptide_antibiotic	14	984	984	1.0	
barcode03_9Gb	contig_11545	8556	9825	ArnT_peptide_antibiotic	15	1269	1269	1.0	Enterobacter roggenkampii (chromosome)
barcode03_9Gb	contig_11603	2231	2999	vanW gene in vanI cluster_glycopeptide_antibiotic	3	768	768	1.0	Anaerostipes hadrus (chromosome)
barcode03_9Gb	contig_11611	6653	7376	baeR_aminoglycoside_antibiotic;_aminocoumarin_antibiotic	3	723	723	1.0	Citrobacter (chromosome)
barcode03_9Gb	contig_11611	10187	13268	mdtC_aminocoumarin_antibiotic	3	3081	3081	1.0	Citrobacter (chromosome)
barcode03_9Gb	contig_11611	13268	16391	mdtB_aminocoumarin_antibiotic	9	3123	3123	1.0	Citrobacter (chromosome)
barcode03_9Gb	contig_11645	43963	44803	sul1_sulfonamide_antibiotic	73	840	840	1.0	Unknown taxonomy (chromosome or plasmid)
barcode03_9Gb	contig_11645	44796	45144	qacEdelta1_disinfecting_agents_and_antiseptics	65	348	348	1.0	Unknown taxonomy (chromosome or plasmid)
barcode03_9Gb	contig_11645	45365	46229	GES-5_carbapenem;_cephalosporin;_penam	45	864	864	1.0	Unknown taxonomy (chromosome or plasmid)
barcode03_9Gb	contig_11645	46710	47574	GES-5_carbapenem;_cephalosporin;_penam	52	864	864	1.0	Unknown taxonomy (chromosome or plasmid)
barcode03_9Gb	contig_11681	6522	7815	mef(C)_macrolide_antibiotic;_tetracycline_antibiotic	17	1293	1293	1.0	
barcode03_9Gb	contig_11728	4232	5450	tet(E)_tetracycline_antibiotic	13	1218	1218	1.0	Aeromonas veronii (chromosome)
barcode03_9Gb	contig_11838	26559	26745	rsmA_fluoroquinolone_antibiotic;_diaminopyrimidine_antibiotic;_phenicol_antibiotic	7	186	186	1.0	Unknown taxonomy (chromosome or plasmid)
barcode03_9Gb	contig_1188	3605	4551	TLA-1_monobactam;_cephalosporin	8	946	946	1.0	
barcode03_9Gb	contig_1193	1054	2254	tet(A)_tetracycline_antibiotic	28	1200	1200	1.0	Unknown taxonomy (chromosome or plasmid)
barcode03_9Gb	contig_12055	28651	30577	tet(Q)_tetracycline_antibiotic	8	1926	1926	1.0	Unknown taxonomy (chromosome)
barcode03_9Gb	contig_12055	31314	32451	tet(X)_glycylcycline;_tetracycline_antibiotic	19	1137	1137	1.0	Unknown taxonomy (chromosome or plasmid)
barcode03_9Gb	contig_12055	32663	33464	ErmF_macrolide_antibiotic;_lincosamide_antibiotic;_streptogramin_antibiotic;_streptogramin_A_antibiotic;_streptogramin_B_antibiotic	25	801	801	1.0	Unknown taxonomy (chromosome or plasmid)
barcode03_9Gb	contig_12066	1212	2487	tet(A)_tetracycline_antibiotic	30	1275	1275	1.0	Unknown taxonomy (chromosome or plasmid)
barcode03_9Gb	contig_12071	4612	4975	vanY gene in vanM cluster_glycopeptide_antibiotic	2	363	363	1.0	Streptococcus gallolyticus (chromosome)
barcode03_9Gb	contig_12088	3189	3591	FosH_phosphonic_acid_antibiotic	3	402	402	1.0	
barcode03_9Gb	contig_12149	27994	29722	vanW gene in vanI cluster_glycopeptide_antibiotic	4	1728	1728	1.0	
barcode03_9Gb	contig_12234	1872	2889	vanY gene in vanM cluster_glycopeptide_antibiotic	3	1017	1017	1.0	
barcode03_9Gb	contig_1229	63268	63649	marA_fluoroquinolone_antibiotic;_monobactam;_carbapenem;_cephalosporin;_glycylcycline;_cephamycin;_penam;_tetracycline_antibiotic;_rifamycin_antibiotic;_phenicol_antibiotic;_penem;_disinfecting_agents_and_antiseptics	10	381	381	1.0	Enterobacter (chromosome or plasmid)
barcode03_9Gb	contig_1229	63668	64103	Escherichia coli AcrAB-TolC with MarR mutations conferring resistance to ciprofloxacin and tetracycline_fluoroquinolone_antibiotic;_cephalosporin;_glycylcycline;_penam;_tetracycline_antibiotic;_rifamycin_antibiotic;_phenicol_antibiotic;_disinfecting_agents_and_antiseptics	10	435	435	1.0	Enterobacter (chromosome)
barcode03_9Gb	contig_12319	354	1632	Acinetobacter baumannii AbaQ_fluoroquinolone_antibiotic	3	1278	1278	1.0	
barcode03_9Gb	contig_12455	47663	50840	adeF_fluoroquinolone_antibiotic;_tetracycline_antibiotic	19	3177	3177	1.0	Unknown taxonomy (chromosome)
barcode03_9Gb	contig_1246	3521	4403	KPC-2_monobactam;_carbapenem;_cephalosporin;_penam	395	882	882	1.0	Unknown taxonomy (chromosome or plasmid)
barcode03_9Gb	contig_1246	14241	15081	sul1_sulfonamide_antibiotic	98	840	840	1.0	Unknown taxonomy (chromosome or plasmid)
barcode03_9Gb	contig_1246	15074	15422	qacEdelta1_disinfecting_agents_and_antiseptics	92	348	348	1.0	Unknown taxonomy (chromosome or plasmid)
barcode03_9Gb	contig_1246	15537	16071	ANT(2'')-Ia_aminoglycoside_antibiotic	76	534	534	1.0	Unknown taxonomy (chromosome or plasmid)
barcode03_9Gb	contig_1246	16193	17057	GES-1_carbapenem;_cephalosporin;_penam	75	864	864	1.0	Unknown taxonomy (chromosome or plasmid)
barcode03_9Gb	contig_1248	420	1200	APH(3')-VIa_aminoglycoside_antibiotic	29	780	780	1.0	Unknown taxonomy (chromosome or plasmid)
barcode03_9Gb	contig_1248	2477	3290	NDM-1_carbapenem;_cephalosporin;_cephamycin;_penam	22	813	813	1.0	Unknown taxonomy (chromosome or plasmid)
barcode03_9Gb	contig_1248	3293	3659	BRP(MBL)_glycopeptide_antibiotic	27	366	366	1.0	Unknown taxonomy (chromosome or plasmid)
barcode03_9Gb	contig_12493	30296	31280	vanH gene in vanO cluster_glycopeptide_antibiotic	8	984	984	1.0	
barcode03_9Gb	contig_12566	15008	15203	rsmA_fluoroquinolone_antibiotic;_diaminopyrimidine_antibiotic;_phenicol_antibiotic	7	195	195	1.0	
barcode03_9Gb	contig_12604	39648	40833	Escherichia coli EF-Tu mutants conferring resistance to Pulvomycin_elfamycin_antibiotic	20	1185	1185	1.0	Unknown taxonomy (chromosome)
barcode03_9Gb	contig_12604	60790	61975	Escherichia coli EF-Tu mutants conferring resistance to Pulvomycin_elfamycin_antibiotic	29	1185	1185	1.0	Unknown taxonomy (chromosome or plasmid)
barcode03_9Gb	contig_1270	107	944	APH(6)-Id_aminoglycoside_antibiotic	55	837	837	1.0	Unknown taxonomy (chromosome or plasmid)
barcode03_9Gb	contig_1270	943	1747	APH(3'')-Ib_aminoglycoside_antibiotic	57	804	804	1.0	Unknown taxonomy (chromosome or plasmid)
barcode03_9Gb	contig_12721	466	652	rsmA_fluoroquinolone_antibiotic;_diaminopyrimidine_antibiotic;_phenicol_antibiotic	1	186	186	1.0	Unknown taxonomy (chromosome or plasmid)
barcode03_9Gb	contig_12764	81257	82079	bacA_peptide_antibiotic	14	822	822	1.0	
barcode03_9Gb	contig_1279	88576	89482	mphA_macrolide_antibiotic	203	906	906	1.0	Unknown taxonomy (chromosome or plasmid)
barcode03_9Gb	contig_1279	89478	90717	Mrx_macrolide_antibiotic	211	1239	1239	1.0	Unknown taxonomy (chromosome or plasmid)
barcode03_9Gb	contig_1279	94792	95632	sul1_sulfonamide_antibiotic	106	840	840	1.0	Unknown taxonomy (chromosome or plasmid)
barcode03_9Gb	contig_1279	95625	95973	qacEdelta1_disinfecting_agents_and_antiseptics	96	348	348	1.0	Unknown taxonomy (chromosome or plasmid)
barcode03_9Gb	contig_1279	96535	97186	AAC(6')-Ib9_aminoglycoside_antibiotic	55	651	651	1.0	Unknown taxonomy (chromosome or plasmid)
barcode03_9Gb	contig_1279	97227	98091	GES-1_carbapenem;_cephalosporin;_penam	54	864	864	1.0	Unknown taxonomy (chromosome or plasmid)
barcode03_9Gb	contig_12825	22777	23923	ACT-87_carbapenem;_cephalosporin;_cephamycin;_penam	15	1146	1146	1.0	Enterobacter kobei (chromosome)
barcode03_9Gb	contig_12830	79764	81156	Escherichia coli UhpT with mutation conferring resistance to fosfomycin_phosphonic_acid_antibiotic	10	1392	1392	1.0	Klebsiella michiganensis (chromosome)
barcode03_9Gb	contig_1284	3398	3872	dfrA6_diaminopyrimidine_antibiotic	14	474	474	1.0	Vibrio parahaemolyticus (chromosome or plasmid)
barcode03_9Gb	contig_1284	4030	4687	QnrVC1_fluoroquinolone_antibiotic	20	657	657	1.0	Unknown taxonomy (chromosome or plasmid)
barcode03_9Gb	contig_1288	3353	4253	VEB-3_monobactam;_cephalosporin	12	900	900	1.0	Unknown taxonomy (chromosome or plasmid)
barcode03_9Gb	contig_1288	6966	7806	sul1_sulfonamide_antibiotic	32	840	840	1.0	Unknown taxonomy (chromosome or plasmid)
barcode03_9Gb	contig_1288	7799	8147	qacEdelta1_disinfecting_agents_and_antiseptics	26	348	348	1.0	Unknown taxonomy (chromosome or plasmid)
barcode03_9Gb	contig_1288	8303	8936	catB3_phenicol_antibiotic	22	633	633	1.0	Unknown taxonomy (chromosome or plasmid)
barcode03_9Gb	contig_1288	9616	10192	AAC(6')-Ib9_aminoglycoside_antibiotic	15	576	576	1.0	Unknown taxonomy (chromosome or plasmid)
barcode03_9Gb	contig_1289	36727	37591	sul4_sulfonamide_antibiotic	44	864	864	1.0	Unknown taxonomy (chromosome or plasmid)
barcode03_9Gb	contig_1289	38150	38951	OXA-101_cephalosporin;_penam	49	801	801	1.0	Unknown taxonomy (chromosome or plasmid)
barcode03_9Gb	contig_1289	39026	39806	aadA_aminoglycoside_antibiotic	75	780	780	1.0	Unknown taxonomy (chromosome or plasmid)
barcode03_9Gb	contig_1289	46644	47844	tet(A)_tetracycline_antibiotic	59	1200	1200	1.0	Unknown taxonomy (chromosome or plasmid)
barcode03_9Gb	contig_1289	52822	53659	APH(6)-Id_aminoglycoside_antibiotic	49	837	837	1.0	Unknown taxonomy (chromosome or plasmid)
barcode03_9Gb	contig_1289	53658	54462	APH(3'')-Ib_aminoglycoside_antibiotic	61	804	804	1.0	Unknown taxonomy (chromosome or plasmid)
barcode03_9Gb	contig_12892	1781	2405	Campylobacter coli chloramphenicol acetyltransferase_phenicol_antibiotic	6	624	624	1.0	Unknown taxonomy (chromosome)
barcode03_9Gb	contig_12892	5078	5909	OXA-4_cephalosporin;_penam	9	831	831	1.0	Klebsiella quasipneumoniae (chromosome or plasmid)
barcode03_9Gb	contig_12892	6120	6468	qacEdelta1_disinfecting_agents_and_antiseptics	9	348	348	1.0	Unknown taxonomy (chromosome or plasmid)
barcode03_9Gb	contig_12892	6461	7499	sul1_sulfonamide_antibiotic	12	1038	1038	1.0	Escherichia coli (chromosome or plasmid)
barcode03_9Gb	contig_12892	9384	10575	tet(C)_tetracycline_antibiotic	22	1191	1191	1.0	Unknown taxonomy (chromosome or plasmid)
barcode03_9Gb	contig_1301	18883	19591	TEM-245_monobactam;_cephalosporin;_penam;_penem	9	708	708	1.0	Unknown taxonomy (chromosome or plasmid)
barcode03_9Gb	contig_13030	29031	29361	qacG_disinfecting_agents_and_antiseptics	5	330	330	1.0	
barcode03_9Gb	contig_1308	12035	12875	sul1_sulfonamide_antibiotic	78	840	840	1.0	Unknown taxonomy (chromosome or plasmid)
barcode03_9Gb	contig_1308	12868	13216	qacEdelta1_disinfecting_agents_and_antiseptics	77	348	348	1.0	Unknown taxonomy (chromosome or plasmid)
barcode03_9Gb	contig_1308	13965	14745	aadA_aminoglycoside_antibiotic	69	780	780	1.0	Unknown taxonomy (chromosome or plasmid)
barcode03_9Gb	contig_1308	14905	15562	QnrVC1_fluoroquinolone_antibiotic	61	657	657	1.0	Unknown taxonomy (chromosome or plasmid)
barcode03_9Gb	contig_1311	56	962	aadA3_aminoglycoside_antibiotic	11	906	906	1.0	Unknown taxonomy (chromosome or plasmid)
barcode03_9Gb	contig_13119	23986	24805	bacA_peptide_antibiotic	8	819	819	1.0	
barcode03_9Gb	contig_1324	46174	49351	adeF_fluoroquinolone_antibiotic;_tetracycline_antibiotic	22	3177	3177	1.0	Unknown taxonomy (chromosome)
barcode03_9Gb	contig_13257	15187	16345	vanW gene in vanI cluster_glycopeptide_antibiotic	11	1158	1158	1.0	
barcode03_9Gb	contig_1329	187461	188652	tet(C)_tetracycline_antibiotic	28	1191	1191	1.0	Unknown taxonomy (chromosome or plasmid)
barcode03_9Gb	contig_1329	216954	218145	tet(C)_tetracycline_antibiotic	33	1191	1191	1.0	Unknown taxonomy (chromosome or plasmid)
barcode03_9Gb	contig_1329	237543	238017	dfrA1_diaminopyrimidine_antibiotic	8	474	474	1.0	Unknown taxonomy (chromosome or plasmid)
barcode03_9Gb	contig_13313	13349	15269	tet(W)_tetracycline_antibiotic	28	1920	1920	1.0	Unknown taxonomy (chromosome or plasmid)
barcode03_9Gb	contig_13316	1743	2931	tet(39)_tetracycline_antibiotic	33	1188	1188	1.0	Unknown taxonomy (plasmid)
barcode03_9Gb	contig_13340	10301	10583	rsmA_fluoroquinolone_antibiotic;_diaminopyrimidine_antibiotic;_phenicol_antibiotic	3	282	282	1.0	
barcode03_9Gb	contig_13356	18699	19095	FosA8_phosphonic_acid_antibiotic	7	396	396	1.0	Klebsiella michiganensis (chromosome)
barcode03_9Gb	contig_1338	2244	3720	msrE_macrolide_antibiotic;_streptogramin_antibiotic	10	1476	1476	1.0	Unknown taxonomy (chromosome or plasmid)
barcode03_9Gb	contig_1338	5076	5610	ANT(2'')-Ia_aminoglycoside_antibiotic	21	534	534	1.0	Unknown taxonomy (chromosome or plasmid)
barcode03_9Gb	contig_1338	5754	6654	VEB-1_monobactam;_cephalosporin	23	900	900	1.0	Unknown taxonomy (chromosome or plasmid)
barcode03_9Gb	contig_1338	6772	8032	cmlA5_phenicol_antibiotic	39	1260	1260	1.0	Unknown taxonomy (chromosome or plasmid)
barcode03_9Gb	contig_1338	8246	8885	AAC(6')-Ib9_aminoglycoside_antibiotic	36	639	639	1.0	Unknown taxonomy (chromosome or plasmid)
barcode03_9Gb	contig_1338	8967	9624	QnrVC4_fluoroquinolone_antibiotic	36	657	657	1.0	Unknown taxonomy (chromosome or plasmid)
barcode03_9Gb	contig_13427	65991	66954	leuO_nucleoside_antibiotic;_disinfecting_agents_and_antiseptics	18	963	963	1.0	Enterobacter roggenkampii (chromosome)
barcode03_9Gb	contig_13427	73122	74889	Haemophilus influenzae PBP3 conferring resistance to beta-lactam antibiotics_cephalosporin;_cephamycin;_penam	12	1767	1767	1.0	Enterobacter (chromosome or plasmid)
barcode03_9Gb	contig_1343	3901	4762	TEM-1_monobactam;_cephalosporin;_penam;_penem	17	861	861	1.0	Unknown taxonomy (chromosome or plasmid)
barcode03_9Gb	contig_1343	5420	6200	aadA_aminoglycoside_antibiotic	13	780	780	1.0	Unknown taxonomy (chromosome or plasmid)
barcode03_9Gb	contig_1343	8503	9364	SHV-12_carbapenem;_cephalosporin;_penam	9	861	861	1.0	Unknown taxonomy (chromosome or plasmid)
barcode03_9Gb	contig_1343	18493	19354	AAC(3)-IIe_aminoglycoside_antibiotic	5	861	861	1.0	Unknown taxonomy (chromosome or plasmid)
barcode03_9Gb	contig_1343	19841	20486	QnrB19_fluoroquinolone_antibiotic	19	645	645	1.0	Unknown taxonomy (chromosome or plasmid)
barcode03_9Gb	contig_13477	6548	6893	qacG_disinfecting_agents_and_antiseptics	9	345	345	1.0	
barcode03_9Gb	contig_13478	82661	83363	vanY gene in vanB cluster_glycopeptide_antibiotic	11	702	702	1.0	
barcode03_9Gb	contig_13543	41223	42429	tet(B)_tetracycline_antibiotic	43	1206	1206	1.0	Unknown taxonomy (chromosome or plasmid)
barcode03_9Gb	contig_13543	42510	43134	tetR_tetracycline_antibiotic	42	624	624	1.0	Unknown taxonomy (chromosome or plasmid)
barcode03_9Gb	contig_13569	7146	8010	aadS_aminoglycoside_antibiotic	13	864	864	1.0	Unknown taxonomy (chromosome or plasmid)
barcode03_9Gb	contig_13609	3930	5667	vanT gene in vanG cluster_glycopeptide_antibiotic	2	1737	1737	1.0	
barcode03_9Gb	contig_1361	59996	60857	TEM-1_monobactam;_cephalosporin;_penam;_penem	40	861	861	1.0	Unknown taxonomy (chromosome or plasmid)
barcode03_9Gb	contig_1361	61924	62830	mphA_macrolide_antibiotic	103	906	906	1.0	Unknown taxonomy (chromosome or plasmid)
barcode03_9Gb	contig_1361	62826	64065	Mrx_macrolide_antibiotic	105	1239	1239	1.0	Unknown taxonomy (chromosome or plasmid)
barcode03_9Gb	contig_1367	3491	4331	sul1_sulfonamide_antibiotic	84	840	840	1.0	Unknown taxonomy (chromosome or plasmid)
barcode03_9Gb	contig_1367	4324	4672	qacEdelta1_disinfecting_agents_and_antiseptics	81	348	348	1.0	Unknown taxonomy (chromosome or plasmid)
barcode03_9Gb	contig_1367	5700	6564	GES-5_carbapenem;_cephalosporin;_penam	65	864	864	1.0	Unknown taxonomy (chromosome or plasmid)
barcode03_9Gb	contig_1370	79	985	mphA_macrolide_antibiotic	140	906	906	1.0	Unknown taxonomy (chromosome or plasmid)
barcode03_9Gb	contig_1370	981	2220	Mrx_macrolide_antibiotic	163	1239	1239	1.0	Unknown taxonomy (chromosome or plasmid)
barcode03_9Gb	contig_1370	6295	7135	sul1_sulfonamide_antibiotic	86	840	840	1.0	Unknown taxonomy (chromosome or plasmid)
barcode03_9Gb	contig_1370	7128	7476	qacEdelta1_disinfecting_agents_and_antiseptics	79	348	348	1.0	Unknown taxonomy (chromosome or plasmid)
barcode03_9Gb	contig_1370	7698	8151	arr-3_rifamycin_antibiotic	43	453	453	1.0	Unknown taxonomy (chromosome or plasmid)
barcode03_9Gb	contig_1370	8235	8868	catB3_phenicol_antibiotic	35	633	633	1.0	Unknown taxonomy (chromosome or plasmid)
barcode03_9Gb	contig_1370	9005	9836	OXA-1_cephalosporin;_penam	28	831	831	1.0	Unknown taxonomy (chromosome or plasmid)
barcode03_9Gb	contig_1370	9966	10566	AAC(6')-Ib-cr6_fluoroquinolone_antibiotic;_aminoglycoside_antibiotic	20	600	600	1.0	Unknown taxonomy (chromosome or plasmid)
barcode03_9Gb	contig_1392	2140	3784	MCR-5.1_peptide_antibiotic	6	1644	1644	1.0	Unknown taxonomy (chromosome or plasmid)
barcode03_9Gb	contig_13939	13327	14977	ArnT_peptide_antibiotic	11	1650	1650	1.0	Pseudomonas fluorescens (no genomic info)
barcode03_9Gb	contig_14005	44636	45995	Escherichia coli GlpT with mutation conferring resistance to fosfomycin_phosphonic_acid_antibiotic	9	1359	1359	1.0	Citrobacter freundii (chromosome or plasmid)
barcode03_9Gb	contig_14024	8028	8217	rsmA_fluoroquinolone_antibiotic;_diaminopyrimidine_antibiotic;_phenicol_antibiotic	8	189	189	1.0	
barcode03_9Gb	contig_1408	40617	41274	QnrVC1_fluoroquinolone_antibiotic	22	657	657	1.0	Unknown taxonomy (chromosome or plasmid)
barcode03_9Gb	contig_1408	41432	41906	dfrA6_diaminopyrimidine_antibiotic	19	474	474	1.0	Unknown taxonomy (chromosome or plasmid)
barcode03_9Gb	contig_1408	43683	44544	TEM-1_monobactam;_cephalosporin;_penam;_penem	21	861	861	1.0	Unknown taxonomy (chromosome or plasmid)
barcode03_9Gb	contig_1408	49515	50376	AAC(3)-IId_aminoglycoside_antibiotic	14	861	861	1.0	Unknown taxonomy (chromosome or plasmid)
barcode03_9Gb	contig_1408	52630	53230	AAC(6')-Ib-cr6_fluoroquinolone_antibiotic;_aminoglycoside_antibiotic	47	600	600	1.0	Unknown taxonomy (chromosome or plasmid)
barcode03_9Gb	contig_1408	53360	54191	OXA-1_cephalosporin;_penam	54	831	831	1.0	Unknown taxonomy (chromosome or plasmid)
barcode03_9Gb	contig_1408	54328	54961	catB3_phenicol_antibiotic	56	633	633	1.0	Unknown taxonomy (chromosome or plasmid)
barcode03_9Gb	contig_1408	55045	55429	arr-3_rifamycin_antibiotic	58	384	384	1.0	Unknown taxonomy (chromosome or plasmid)
barcode03_9Gb	contig_1408	55721	56069	qacEdelta1_disinfecting_agents_and_antiseptics	67	348	348	1.0	Unknown taxonomy (chromosome or plasmid)
barcode03_9Gb	contig_1408	56062	56902	sul1_sulfonamide_antibiotic	64	840	840	1.0	Unknown taxonomy (chromosome or plasmid)
barcode03_9Gb	contig_14084	19721	20543	bacA_peptide_antibiotic	7	822	822	1.0	
barcode03_9Gb	contig_14098	9628	10891	vanW gene in vanI cluster_glycopeptide_antibiotic	4	1263	1263	1.0	
barcode03_9Gb	contig_14102	37409	40556	acrB_fluoroquinolone_antibiotic;_cephalosporin;_glycylcycline;_penam;_tetracycline_antibiotic;_rifamycin_antibiotic;_phenicol_antibiotic;_disinfecting_agents_and_antiseptics	9	3147	3147	1.0	Unknown taxonomy (chromosome)
barcode03_9Gb	contig_14102	40578	41772	Shigella flexneri acrA_fluoroquinolone_antibiotic;_cephalosporin;_glycylcycline;_penam;_tetracycline_antibiotic;_rifamycin_antibiotic;_phenicol_antibiotic;_disinfecting_agents_and_antiseptics	8	1194	1194	1.0	Unknown taxonomy (chromosome)
barcode03_9Gb	contig_14179	3124	3961	APH(6)-Id_aminoglycoside_antibiotic	9	837	837	1.0	Unknown taxonomy (chromosome or plasmid)
barcode03_9Gb	contig_14179	3960	4764	APH(3'')-Ib_aminoglycoside_antibiotic	8	804	804	1.0	Unknown taxonomy (chromosome or plasmid)
barcode03_9Gb	contig_14183	26972	28661	eptB_peptide_antibiotic	8	1689	1689	1.0	Klebsiella michiganensis (chromosome)
barcode03_9Gb	contig_14205	19984	23098	acrD_aminoglycoside_antibiotic	9	3114	3114	1.0	
barcode03_9Gb	contig_14225	16388	16724	qacG_disinfecting_agents_and_antiseptics	7	336	336	1.0	
barcode03_9Gb	contig_14296	23216	24389	vanY gene in vanF cluster_glycopeptide_antibiotic	6	1173	1173	1.0	
barcode03_9Gb	contig_14403	3028	4117	vanG_glycopeptide_antibiotic	7	1089	1089	1.0	Klebsiella michiganensis (chromosome)
barcode03_9Gb	contig_14442	164	1277	vanG_glycopeptide_antibiotic	12	1113	1113	1.0	Citrobacter freundii (chromosome or plasmid)
barcode03_9Gb	contig_14459	4989	5184	rsmA_fluoroquinolone_antibiotic;_diaminopyrimidine_antibiotic;_phenicol_antibiotic	6	195	195	1.0	
barcode03_9Gb	contig_14536	11371	13720	LptD_carbapenem;_peptide_antibiotic;_aminocoumarin_antibiotic;_rifamycin_antibiotic	6	2349	2349	1.0	Klebsiella pneumoniae (chromosome)
barcode03_9Gb	contig_14546	35753	36737	PmrF_peptide_antibiotic	6	984	984	1.0	Citrobacter (chromosome or plasmid)
barcode03_9Gb	contig_14574	3828	4158	qacG_disinfecting_agents_and_antiseptics	6	330	330	1.0	
barcode03_9Gb	contig_14600	42551	42737	rsmA_fluoroquinolone_antibiotic;_diaminopyrimidine_antibiotic;_phenicol_antibiotic	10	186	186	1.0	Unknown taxonomy (chromosome or plasmid)
barcode03_9Gb	contig_14600	53703	54234	emrR_fluoroquinolone_antibiotic	7	531	531	1.0	Klebsiella michiganensis (chromosome)
barcode03_9Gb	contig_14646	33219	34038	bacA_peptide_antibiotic	8	819	819	1.0	Escherichia coli (no genomic info)
barcode03_9Gb	contig_14711	5468	6974	vanT gene in vanG cluster_glycopeptide_antibiotic	15	1506	1506	1.0	
barcode03_9Gb	contig_14889	2330	2888	vanY gene in vanB cluster_glycopeptide_antibiotic	3	558	558	1.0	
barcode03_9Gb	contig_14933	4067	4712	QnrB19_fluoroquinolone_antibiotic	18	645	645	1.0	Unknown taxonomy (chromosome or plasmid)
barcode03_9Gb	contig_14944	19918	21076	vanW gene in vanI cluster_glycopeptide_antibiotic	4	1158	1158	1.0	Roseburia hominis (no genomic info)
barcode03_9Gb	contig_14971	22211	23960	msbA_nitroimidazole_antibiotic	10	1749	1749	1.0	Unknown taxonomy (chromosome)
barcode03_9Gb	contig_151	6835	7024	rsmA_fluoroquinolone_antibiotic;_diaminopyrimidine_antibiotic;_phenicol_antibiotic	24	189	189	1.0	
barcode03_9Gb	contig_15109	800	3914	acrD_aminoglycoside_antibiotic	4	3114	3114	1.0	Klebsiella michiganensis (chromosome)
barcode03_9Gb	contig_15241	104227	104560	qacJ_disinfecting_agents_and_antiseptics	13	333	333	1.0	
barcode03_9Gb	contig_15392	7186	7966	APH(3')-VIa_aminoglycoside_antibiotic	60	780	780	1.0	Unknown taxonomy (chromosome or plasmid)
barcode03_9Gb	contig_1540	12593	12848	rsmA_fluoroquinolone_antibiotic;_diaminopyrimidine_antibiotic;_phenicol_antibiotic	60	255	255	1.0	
barcode03_9Gb	contig_1540	220696	221848	Acinetobacter baumannii AbaF_phosphonic_acid_antibiotic	22	1152	1152	1.0	Acinetobacter baumannii (chromosome or plasmid)
barcode03_9Gb	contig_1540	473400	474225	OXA-441_carbapenem;_penam	59	825	825	1.0	Acinetobacter baumannii (chromosome or plasmid)
barcode03_9Gb	contig_15401	56	836	aadA2_aminoglycoside_antibiotic	22	780	780	1.0	Unknown taxonomy (chromosome or plasmid)
barcode03_9Gb	contig_15401	1255	1753	dfrA12_diaminopyrimidine_antibiotic	17	498	498	1.0	Unknown taxonomy (chromosome or plasmid)
barcode03_9Gb	contig_15406	268	841	AAC(6')-Ian_aminoglycoside_antibiotic	14	573	573	1.0	Unknown taxonomy (chromosome or plasmid)
barcode03_9Gb	contig_15406	3496	4423	PER-12_monobactam;_carbapenem;_cephalosporin;_penam;_penem	13	927	927	1.0	Unknown taxonomy (chromosome or plasmid)
barcode03_9Gb	contig_15406	9984	10494	dfrA8_diaminopyrimidine_antibiotic	25	510	510	1.0	Unknown taxonomy (chromosome or plasmid)
barcode03_9Gb	contig_15406	11935	12730	APH(3'')-Ib_aminoglycoside_antibiotic	20	795	795	1.0	Unknown taxonomy (chromosome or plasmid)
barcode03_9Gb	contig_15406	12925	13867	APH(3'')-Ib_aminoglycoside_antibiotic	31	942	942	1.0	Pseudomonas aeruginosa (chromosome or plasmid)
barcode03_9Gb	contig_15406	13866	14703	APH(6)-Id_aminoglycoside_antibiotic	46	837	837	1.0	Unknown taxonomy (chromosome or plasmid)
barcode03_9Gb	contig_15408	77430	78576	MIR-10_monobactam;_cephalosporin	13	1146	1146	1.0	Enterobacter cloacae (chromosome)
barcode03_9Gb	contig_15415	3255	4116	TEM-1_monobactam;_cephalosporin;_penam;_penem	26	861	861	1.0	Unknown taxonomy (chromosome or plasmid)
barcode03_9Gb	contig_15415	4257	5118	AAC(3)-IIe_aminoglycoside_antibiotic	21	861	861	1.0	Unknown taxonomy (chromosome or plasmid)
barcode03_9Gb	contig_15421	985	2203	tet(E)_tetracycline_antibiotic	8	1218	1218	1.0	Aeromonas (chromosome)
barcode03_9Gb	contig_15440	5530	8635	AcrF_fluoroquinolone_antibiotic;_cephalosporin;_cephamycin;_penam	45	3105	3105	1.0	Unknown taxonomy (chromosome or plasmid)
barcode03_9Gb	contig_15440	8646	9804	AcrE_fluoroquinolone_antibiotic;_cephalosporin;_cephamycin;_penam	56	1158	1158	1.0	Unknown taxonomy (chromosome or plasmid)
barcode03_9Gb	contig_15440	10202	10865	AcrS_fluoroquinolone_antibiotic;_cephalosporin;_glycylcycline;_cephamycin;_penam;_tetracycline_antibiotic;_rifamycin_antibiotic;_phenicol_antibiotic;_disinfecting_agents_and_antiseptics	57	663	663	1.0	Unknown taxonomy (chromosome or plasmid)
barcode03_9Gb	contig_15460	1550	3470	tet(O)_tetracycline_antibiotic	64	1920	1920	1.0	Unknown taxonomy (chromosome or plasmid)
barcode03_9Gb	contig_15473	34445	34988	lnuC_lincosamide_antibiotic	11	543	543	1.0	Anaerostipes hadrus (chromosome or plasmid)
barcode03_9Gb	contig_15528	24176	25361	Escherichia coli EF-Tu mutants conferring resistance to Pulvomycin_elfamycin_antibiotic	22	1185	1185	1.0	Unknown taxonomy (chromosome or plasmid)
barcode03_9Gb	contig_15533	5594	6521	PER-2_monobactam;_carbapenem;_cephalosporin;_penam;_penem	26	927	927	1.0	Unknown taxonomy (plasmid)
barcode03_9Gb	contig_15544	1746	2391	QnrB19_fluoroquinolone_antibiotic	38	645	645	1.0	Unknown taxonomy (chromosome or plasmid)
barcode03_9Gb	contig_15544	4445	5090	QnrB19_fluoroquinolone_antibiotic	64	645	645	1.0	Unknown taxonomy (chromosome or plasmid)
barcode03_9Gb	contig_1557	279160	279916	TEM-234_monobactam;_cephalosporin;_penam;_penem	31	756	756	1.0	Unknown taxonomy (chromosome or plasmid)
barcode03_9Gb	contig_1557	280163	281024	AAC(3)-IIe_aminoglycoside_antibiotic	27	861	861	1.0	Unknown taxonomy (chromosome or plasmid)
barcode03_9Gb	contig_1559	1093	1438	qacG_disinfecting_agents_and_antiseptics	25	345	345	1.0	Unknown taxonomy (chromosome or plasmid)
barcode03_9Gb	contig_1560	15067	15928	TEM-1_monobactam;_cephalosporin;_penam;_penem	19	861	861	1.0	Unknown taxonomy (chromosome or plasmid)
barcode03_9Gb	contig_1560	16069	16930	AAC(3)-IIe_aminoglycoside_antibiotic	11	861	861	1.0	Unknown taxonomy (chromosome or plasmid)
barcode03_9Gb	contig_1561	25798	27313	aadT_macrolide_antibiotic;_tetracycline_antibiotic;_disinfecting_agents_and_antiseptics	23	1515	1515	1.0	
barcode03_9Gb	contig_15615	1106	1901	OXA-504_penam	61	795	795	1.0	Aeromonas caviae (chromosome)
barcode03_9Gb	contig_15642	28847	29525	kdpE_aminoglycoside_antibiotic	6	678	678	1.0	
barcode03_9Gb	contig_15662	20131	21007	CTX-M-95_cephalosporin	14	876	876	1.0	
barcode03_9Gb	contig_15689	196529	198278	msbA_nitroimidazole_antibiotic	16	1749	1749	1.0	Enterobacter (chromosome)
barcode03_9Gb	contig_15722	14495	15323	OXA-253_carbapenem;_penam	87	828	828	1.0	Acinetobacter baumannii (chromosome)
barcode03_9Gb	contig_15833	4875	5670	OXA-917_carbapenem;_penam	10	795	795	1.0	Klebsiella pneumoniae (no genomic info)
barcode03_9Gb	contig_15835	3478	4135	QnrS2_fluoroquinolone_antibiotic	18	657	657	1.0	Unknown taxonomy (chromosome or plasmid)
barcode03_9Gb	contig_15866	47611	50332	adeF_fluoroquinolone_antibiotic;_tetracycline_antibiotic	16	2721	2721	1.0	
barcode03_9Gb	contig_15910	6954	7140	rsmA_fluoroquinolone_antibiotic;_diaminopyrimidine_antibiotic;_phenicol_antibiotic	12	186	186	1.0	Citrobacter (chromosome or plasmid)
barcode03_9Gb	contig_15910	13469	15008	emrB_fluoroquinolone_antibiotic	15	1539	1539	1.0	Citrobacter freundii (chromosome)
barcode03_9Gb	contig_15910	15024	16197	emrA_fluoroquinolone_antibiotic	9	1173	1173	1.0	Citrobacter portucalensis (no genomic info)
barcode03_9Gb	contig_15910	16326	16857	emrR_fluoroquinolone_antibiotic	9	531	531	1.0	Citrobacter (chromosome or plasmid)
barcode03_9Gb	contig_16011	1520	2402	KPC-2_monobactam;_carbapenem;_cephalosporin;_penam	92	882	882	1.0	Unknown taxonomy (chromosome or plasmid)
barcode03_9Gb	contig_16016	6201	6858	QnrS2_fluoroquinolone_antibiotic	7	657	657	1.0	Unknown taxonomy (chromosome or plasmid)
barcode03_9Gb	contig_16062	7369	7558	rsmA_fluoroquinolone_antibiotic;_diaminopyrimidine_antibiotic;_phenicol_antibiotic	137	189	189	1.0	
barcode03_9Gb	contig_16101	72182	73835	ArnT_peptide_antibiotic	36	1653	1653	1.0	Unknown taxonomy (chromosome or plasmid)
barcode03_9Gb	contig_16101	76704	77673	PmrF_peptide_antibiotic	30	969	969	1.0	Unknown taxonomy (chromosome or plasmid)
barcode03_9Gb	contig_16101	88512	89871	Escherichia coli GlpT with mutation conferring resistance to fosfomycin_phosphonic_acid_antibiotic	31	1359	1359	1.0	Unknown taxonomy (chromosome or plasmid)
barcode03_9Gb	contig_16101	130798	132442	YojI_peptide_antibiotic	31	1644	1644	1.0	Escherichia coli (chromosome or plasmid)
barcode03_9Gb	contig_16156	22485	23682	Shigella flexneri acrA_fluoroquinolone_antibiotic;_cephalosporin;_glycylcycline;_penam;_tetracycline_antibiotic;_rifamycin_antibiotic;_phenicol_antibiotic;_disinfecting_agents_and_antiseptics	6	1197	1197	1.0	Unknown taxonomy (chromosome)
barcode03_9Gb	contig_16180	2180	2736	AAC(6')-IIa_aminoglycoside_antibiotic	8	556	556	1.0	Unknown taxonomy (chromosome or plasmid)
barcode03_9Gb	contig_16188	60342	60975	CRP_macrolide_antibiotic;_fluoroquinolone_antibiotic;_penam	5	633	633	1.0	Klebsiella pneumoniae (chromosome)
barcode03_9Gb	contig_16195	18050	19040	vanH gene in vanB cluster_glycopeptide_antibiotic	15	990	990	1.0	
barcode03_9Gb	contig_16210	17071	17794	baeR_aminoglycoside_antibiotic;_aminocoumarin_antibiotic	8	723	723	1.0	
barcode03_9Gb	contig_16210	20660	23738	mdtC_aminocoumarin_antibiotic	12	3078	3078	1.0	Citrobacter amalonaticus (chromosome)
barcode03_9Gb	contig_16222	11939	12398	AAC(6')-Il_aminoglycoside_antibiotic	11	459	459	1.0	Unknown taxonomy (chromosome or plasmid)
barcode03_9Gb	contig_16264	17772	18207	Escherichia coli AcrAB-TolC with MarR mutations conferring resistance to ciprofloxacin and tetracycline_fluoroquinolone_antibiotic;_cephalosporin;_glycylcycline;_penam;_tetracycline_antibiotic;_rifamycin_antibiotic;_phenicol_antibiotic;_disinfecting_agents_and_antiseptics	17	435	435	1.0	Unknown taxonomy (chromosome or plasmid)
barcode03_9Gb	contig_16264	18226	18610	marA_fluoroquinolone_antibiotic;_monobactam;_carbapenem;_cephalosporin;_glycylcycline;_cephamycin;_penam;_tetracycline_antibiotic;_rifamycin_antibiotic;_phenicol_antibiotic;_penem;_disinfecting_agents_and_antiseptics	19	384	384	1.0	Unknown taxonomy (chromosome or plasmid)
barcode03_9Gb	contig_16273	7803	10218	Morganella morganii gyrB conferring resistance to fluoroquinolones_fluoroquinolone_antibiotic	17	2415	2415	1.0	Klebsiella michiganensis (chromosome)
barcode03_9Gb	contig_16294	10454	10799	qacG_disinfecting_agents_and_antiseptics	7	345	345	1.0	Acinetobacter (no genomic info)
barcode03_9Gb	contig_16297	522	1350	OXA-253_carbapenem;_penam	53	828	828	1.0	Acinetobacter baumannii (chromosome)
barcode03_9Gb	contig_16316	11798	12053	FosA8_phosphonic_acid_antibiotic	12	255	255	1.0	Enterobacter (chromosome)
barcode03_9Gb	contig_16316	12027	12225	FosA8_phosphonic_acid_antibiotic	11	198	198	1.0	Enterobacter (chromosome)
barcode03_9Gb	contig_16321	48367	48622	rsmA_fluoroquinolone_antibiotic;_diaminopyrimidine_antibiotic;_phenicol_antibiotic	6	255	255	1.0	
barcode03_9Gb	contig_16323	21223	21568	qacG_disinfecting_agents_and_antiseptics	16	345	345	1.0	
barcode03_9Gb	contig_16325	1475	2471	CfxA6_cephamycin	19	996	996	1.0	
barcode03_9Gb	contig_16384	66321	67305	PmrF_peptide_antibiotic	17	984	984	1.0	Citrobacter amalonaticus (no genomic info)
barcode03_9Gb	contig_16384	70595	71843	ArnT_peptide_antibiotic	9	1248	1248	1.0	Klebsiella michiganensis (chromosome)
barcode03_9Gb	contig_16387	43551	43896	qacG_disinfecting_agents_and_antiseptics	31	345	345	1.0	Unknown taxonomy (chromosome or plasmid)
barcode03_9Gb	contig_1735	6598	7705	vanT gene in vanG cluster_glycopeptide_antibiotic	7	1107	1107	1.0	
barcode03_9Gb	contig_1890	72821	73352	emrR_fluoroquinolone_antibiotic	33	531	531	1.0	Unknown taxonomy (chromosome or plasmid)
barcode03_9Gb	contig_1890	73478	74651	emrA_fluoroquinolone_antibiotic	36	1173	1173	1.0	Unknown taxonomy (chromosome or plasmid)
barcode03_9Gb	contig_1890	74667	76206	emrB_fluoroquinolone_antibiotic	42	1539	1539	1.0	Unknown taxonomy (chromosome or plasmid)
barcode03_9Gb	contig_1890	81146	81332	rsmA_fluoroquinolone_antibiotic;_diaminopyrimidine_antibiotic;_phenicol_antibiotic	33	186	186	1.0	Unknown taxonomy (chromosome or plasmid)
barcode03_9Gb	contig_1894	348799	349432	CRP_macrolide_antibiotic;_fluoroquinolone_antibiotic;_penam	25	633	633	1.0	Enterobacter (chromosome or plasmid)
barcode03_9Gb	contig_1894	372643	373828	Escherichia coli EF-Tu mutants conferring resistance to Pulvomycin_elfamycin_antibiotic	35	1185	1185	1.0	Enterobacter (chromosome or plasmid)
barcode03_9Gb	contig_1897	40420	41605	Escherichia coli EF-Tu mutants conferring resistance to Pulvomycin_elfamycin_antibiotic	21	1185	1185	1.0	Citrobacter (chromosome or plasmid)
barcode03_9Gb	contig_1901	134862	137976	acrD_aminoglycoside_antibiotic	39	3114	3114	1.0	Unknown taxonomy (chromosome or plasmid)
barcode03_9Gb	contig_1901	239022	242616	evgS_macrolide_antibiotic;_fluoroquinolone_antibiotic;_penam;_tetracycline_antibiotic	22	3594	3594	1.0	Escherichia coli (chromosome or plasmid)
barcode03_9Gb	contig_1901	242620	243235	evgA_macrolide_antibiotic;_fluoroquinolone_antibiotic;_penam;_tetracycline_antibiotic	22	615	615	1.0	Unknown taxonomy (chromosome or plasmid)
barcode03_9Gb	contig_1901	243758	244814	emrK_tetracycline_antibiotic	22	1056	1056	1.0	Unknown taxonomy (chromosome or plasmid)
barcode03_9Gb	contig_1901	244813	246352	emrY_tetracycline_antibiotic	29	1539	1539	1.0	Unknown taxonomy (chromosome or plasmid)
barcode03_9Gb	contig_1904	100237	101338	vanG_glycopeptide_antibiotic	9	1101	1101	1.0	Enterobacter (chromosome)
barcode03_9Gb	contig_1909	4535	5720	Escherichia coli EF-Tu mutants conferring resistance to Pulvomycin_elfamycin_antibiotic	15	1185	1185	1.0	Klebsiella michiganensis (chromosome or plasmid)
barcode03_9Gb	contig_1913	103420	104791	Haemophilus influenzae PBP3 conferring resistance to beta-lactam antibiotics_cephalosporin;_cephamycin;_penam	10	1371	1371	1.0	Unknown taxonomy (chromosome or plasmid)
barcode03_9Gb	contig_1927	30695	31880	Escherichia coli EF-Tu mutants conferring resistance to Pulvomycin_elfamycin_antibiotic	46	1185	1185	1.0	Unknown taxonomy (chromosome or plasmid)
barcode03_9Gb	contig_1935	260782	262549	Haemophilus influenzae PBP3 conferring resistance to beta-lactam antibiotics_cephalosporin;_cephamycin;_penam	40	1767	1767	1.0	Escherichia coli (chromosome or plasmid)
barcode03_9Gb	contig_1935	268649	269594	leuO_nucleoside_antibiotic;_disinfecting_agents_and_antiseptics	48	945	945	1.0	Unknown taxonomy (chromosome or plasmid)
barcode03_9Gb	contig_1937	160002	161187	Escherichia coli EF-Tu mutants conferring resistance to Pulvomycin_elfamycin_antibiotic	21	1185	1185	1.0	Unknown taxonomy (chromosome or plasmid)
barcode03_9Gb	contig_1937	474441	475833	Escherichia coli UhpT with mutation conferring resistance to fosfomycin_phosphonic_acid_antibiotic	21	1392	1392	1.0	Unknown taxonomy (chromosome or plasmid)
barcode03_9Gb	contig_1938	180274	181459	Escherichia coli EF-Tu mutants conferring resistance to Pulvomycin_elfamycin_antibiotic	34	1185	1185	1.0	Enterobacter (chromosome or plasmid)
barcode03_9Gb	contig_1938	326395	327787	Escherichia coli UhpT with mutation conferring resistance to fosfomycin_phosphonic_acid_antibiotic	17	1392	1392	1.0	Enterobacter kobei (chromosome or plasmid)
barcode03_9Gb	contig_1961	21075	21960	mphE_macrolide_antibiotic	119	885	885	1.0	Unknown taxonomy (chromosome or plasmid)
barcode03_9Gb	contig_1961	22015	23491	msrE_macrolide_antibiotic;_streptogramin_antibiotic	101	1476	1476	1.0	Unknown taxonomy (chromosome or plasmid)
barcode03_9Gb	contig_2003	807040	808372	vanW gene in vanI cluster_glycopeptide_antibiotic	18	1332	1332	1.0	
barcode03_9Gb	contig_2003	907418	910559	adeF_fluoroquinolone_antibiotic;_tetracycline_antibiotic	26	3141	3141	1.0	
barcode03_9Gb	contig_2003	1104847	1105960	vanT gene in vanG cluster_glycopeptide_antibiotic	12	1113	1113	1.0	
barcode03_9Gb	contig_2003	2046165	2047542	vanW gene in vanI cluster_glycopeptide_antibiotic	18	1377	1377	1.0	
barcode03_9Gb	contig_2014	1869	2328	AAC(6')-Il_aminoglycoside_antibiotic	66	459	459	1.0	Unknown taxonomy (chromosome or plasmid)
barcode03_9Gb	contig_2014	2401	3265	GES-1_carbapenem;_cephalosporin;_penam	65	864	864	1.0	Unknown taxonomy (chromosome or plasmid)
barcode03_9Gb	contig_2014	3387	3921	ANT(2'')-Ia_aminoglycoside_antibiotic	62	534	534	1.0	Unknown taxonomy (chromosome or plasmid)
barcode03_9Gb	contig_2023	5413	6070	QnrVC1_fluoroquinolone_antibiotic	26	657	657	1.0	Unknown taxonomy (chromosome or plasmid)
barcode03_9Gb	contig_2023	7788	8262	dfrA6_diaminopyrimidine_antibiotic	20	474	474	1.0	Unknown taxonomy (chromosome or plasmid)
barcode03_9Gb	contig_2023	8499	9363	GES-1_carbapenem;_cephalosporin;_penam	31	864	864	1.0	Unknown taxonomy (chromosome or plasmid)
barcode03_9Gb	contig_2023	9436	9895	AAC(6')-Il_aminoglycoside_antibiotic	38	459	459	1.0	Unknown taxonomy (chromosome or plasmid)
barcode03_9Gb	contig_2023	58574	59435	TEM-71_monobactam;_cephalosporin;_penam;_penem	27	861	861	1.0	Providencia stuartii (chromosome or plasmid)
barcode03_9Gb	contig_2024	1489	1948	AAC(6')-Il_aminoglycoside_antibiotic	8	459	459	1.0	Unknown taxonomy (chromosome or plasmid)
barcode03_9Gb	contig_2024	2021	2885	GES-1_carbapenem;_cephalosporin;_penam	6	864	864	1.0	Unknown taxonomy (chromosome or plasmid)
barcode03_9Gb	contig_2024	3214	3871	QnrVC1_fluoroquinolone_antibiotic	14	657	657	1.0	Unknown taxonomy (chromosome or plasmid)
barcode03_9Gb	contig_2069	8571	11697	adeF_fluoroquinolone_antibiotic;_tetracycline_antibiotic	7	3126	3126	1.0	
barcode03_9Gb	contig_2085	13161	14046	mphE_macrolide_antibiotic	159	885	885	1.0	Unknown taxonomy (chromosome or plasmid)
barcode03_9Gb	contig_2085	14101	15577	msrE_macrolide_antibiotic;_streptogramin_antibiotic	167	1476	1476	1.0	Unknown taxonomy (chromosome or plasmid)
barcode03_9Gb	contig_2091	12079	13555	msrE_macrolide_antibiotic;_streptogramin_antibiotic	111	1476	1476	1.0	Unknown taxonomy (chromosome or plasmid)
barcode03_9Gb	contig_2091	13610	14495	mphE_macrolide_antibiotic	128	885	885	1.0	Unknown taxonomy (chromosome or plasmid)
barcode03_9Gb	contig_2094	13792	14980	tet(39)_tetracycline_antibiotic	32	1188	1188	1.0	Unknown taxonomy (plasmid)
barcode03_9Gb	contig_2131	34534	37459	adeF_fluoroquinolone_antibiotic;_tetracycline_antibiotic	9	2925	2925	1.0	Unknown taxonomy (chromosome or plasmid)
barcode03_9Gb	contig_22	310750	312745	lmrD_lincosamide_antibiotic	13	1995	1995	1.0	
barcode03_9Gb	contig_22	970679	971426	vanY gene in vanG cluster_glycopeptide_antibiotic	12	747	747	1.0	
barcode03_9Gb	contig_22	1130995	1131325	qacG_disinfecting_agents_and_antiseptics	13	330	330	1.0	
barcode03_9Gb	contig_2266	58636	59710	vanT gene in vanG cluster_glycopeptide_antibiotic	108	1074	1074	1.0	
barcode03_9Gb	contig_2371	11448	12561	Escherichia coli EF-Tu mutants conferring resistance to Pulvomycin_elfamycin_antibiotic	11	1113	1113	1.0	Unknown taxonomy (chromosome or plasmid)
barcode03_9Gb	contig_2486	117825	118080	rsmA_fluoroquinolone_antibiotic;_diaminopyrimidine_antibiotic;_phenicol_antibiotic	17	255	255	1.0	
barcode03_9Gb	contig_2492	6270	6525	rsmA_fluoroquinolone_antibiotic;_diaminopyrimidine_antibiotic;_phenicol_antibiotic	4	255	255	1.0	
barcode03_9Gb	contig_2493	18974	19229	rsmA_fluoroquinolone_antibiotic;_diaminopyrimidine_antibiotic;_phenicol_antibiotic	9	255	255	1.0	
barcode03_9Gb	contig_25	47203	47677	dfrA1_diaminopyrimidine_antibiotic	46	474	474	1.0	Unknown taxonomy (chromosome or plasmid)
barcode03_9Gb	contig_25	47781	48561	aadA_aminoglycoside_antibiotic	51	780	780	1.0	Unknown taxonomy (chromosome or plasmid)
barcode03_9Gb	contig_25	48724	49072	qacEdelta1_disinfecting_agents_and_antiseptics	30	348	348	1.0	Unknown taxonomy (chromosome or plasmid)
barcode03_9Gb	contig_25	50316	51132	sul2_sulfonamide_antibiotic	36	816	816	1.0	Unknown taxonomy (chromosome or plasmid)
barcode03_9Gb	contig_25	57237	57894	QnrS1_fluoroquinolone_antibiotic	27	657	657	1.0	Unknown taxonomy (chromosome or plasmid)
barcode03_9Gb	contig_25	62534	63410	CTX-M-55_cephalosporin	20	876	876	1.0	Unknown taxonomy (chromosome or plasmid)
barcode03_9Gb	contig_2521	128330	129443	vanT gene in vanG cluster_glycopeptide_antibiotic	26	1113	1113	1.0	
barcode03_9Gb	contig_26	722	1322	dfrA17_diaminopyrimidine_antibiotic	31	600	600	1.0	Unknown taxonomy (chromosome or plasmid)
barcode03_9Gb	contig_26	1452	2241	aadA5_aminoglycoside_antibiotic	40	789	789	1.0	Unknown taxonomy (chromosome or plasmid)
barcode03_9Gb	contig_26	2446	2794	qacEdelta1_disinfecting_agents_and_antiseptics	38	348	348	1.0	Unknown taxonomy (chromosome or plasmid)
barcode03_9Gb	contig_26	2787	3627	sul1_sulfonamide_antibiotic	40	840	840	1.0	Unknown taxonomy (chromosome or plasmid)
barcode03_9Gb	contig_26	4849	5755	mphA_macrolide_antibiotic	125	906	906	1.0	Unknown taxonomy (chromosome or plasmid)
barcode03_9Gb	contig_26	5751	6990	Mrx_macrolide_antibiotic	131	1239	1239	1.0	Unknown taxonomy (chromosome or plasmid)
barcode03_9Gb	contig_2617	14874	15219	qacJ_disinfecting_agents_and_antiseptics	4	345	345	1.0	Unknown taxonomy (chromosome or plasmid)
barcode03_9Gb	contig_2617	79913	81173	cmlA5_phenicol_antibiotic	33	1260	1260	1.0	Unknown taxonomy (chromosome or plasmid)
barcode03_9Gb	contig_2617	81437	82238	OXA-10_cephalosporin;_penam	33	801	801	1.0	Unknown taxonomy (chromosome or plasmid)
barcode03_9Gb	contig_2617	82230	83094	aadA_aminoglycoside_antibiotic	40	864	864	1.0	Unknown taxonomy (chromosome or plasmid)
barcode03_9Gb	contig_2617	83210	83558	qacEdelta1_disinfecting_agents_and_antiseptics	33	348	348	1.0	Unknown taxonomy (chromosome or plasmid)
barcode03_9Gb	contig_2617	83551	84391	sul1_sulfonamide_antibiotic	34	840	840	1.0	Unknown taxonomy (chromosome or plasmid)
barcode03_9Gb	contig_2621	7089	7869	APH(3')-VIa_aminoglycoside_antibiotic	75	780	780	1.0	Unknown taxonomy (chromosome or plasmid)
barcode03_9Gb	contig_2622	184	517	qacE_disinfecting_agents_and_antiseptics	15	333	333	1.0	Unknown taxonomy (chromosome or plasmid)
barcode03_9Gb	contig_2765	1846	2296	qacG_disinfecting_agents_and_antiseptics	5	450	450	1.0	
barcode03_9Gb	contig_2767	124090	124402	Klebsiella pneumoniae KpnF_macrolide_antibiotic;_aminoglycoside_antibiotic;_cephalosporin;_tetracycline_antibiotic;_peptide_antibiotic;_rifamycin_antibiotic;_disinfecting_agents_and_antiseptics	15	312	312	1.0	Enterobacter roggenkampii (chromosome)
barcode03_9Gb	contig_2778	998	2186	tet(39)_tetracycline_antibiotic	9	1188	1188	1.0	Unknown taxonomy (plasmid)
barcode03_9Gb	contig_2778	3144	3987	OXA-58_carbapenem;_penam	17	843	843	1.0	Unknown taxonomy (chromosome or plasmid)
barcode03_9Gb	contig_2831	105274	105610	qacG_disinfecting_agents_and_antiseptics	21	336	336	1.0	
barcode03_9Gb	contig_2873	638972	640208	vanW gene in vanI cluster_glycopeptide_antibiotic	226	1236	1236	1.0	
barcode03_9Gb	contig_2873	1342218	1342725	nimK_nitroimidazole_antibiotic	252	507	507	1.0	
barcode03_9Gb	contig_2873	1598381	1601573	adeF_fluoroquinolone_antibiotic;_tetracycline_antibiotic	195	3192	3192	1.0	
barcode03_9Gb	contig_2873	1844913	1846023	vanT gene in vanG cluster_glycopeptide_antibiotic	245	1110	1110	1.0	
barcode03_9Gb	contig_2908	17879	18764	mphE_macrolide_antibiotic	122	885	885	1.0	Unknown taxonomy (chromosome or plasmid)
barcode03_9Gb	contig_2908	18819	20295	msrE_macrolide_antibiotic;_streptogramin_antibiotic	101	1476	1476	1.0	Unknown taxonomy (chromosome or plasmid)
barcode03_9Gb	contig_2913	12577	13462	mphE_macrolide_antibiotic	54	885	885	1.0	Unknown taxonomy (chromosome or plasmid)
barcode03_9Gb	contig_2913	13517	14993	msrE_macrolide_antibiotic;_streptogramin_antibiotic	57	1476	1476	1.0	Unknown taxonomy (chromosome or plasmid)
barcode03_9Gb	contig_2929	5736	6564	OXA-253_carbapenem;_penam	47	828	828	1.0	Acinetobacter baumannii (chromosome)
barcode03_9Gb	contig_2932	5560	6388	OXA-253_carbapenem;_penam	49	828	828	1.0	Acinetobacter baumannii (chromosome)
barcode03_9Gb	contig_2963	28369	29686	Acinetobacter baumannii AbaQ_fluoroquinolone_antibiotic	11	1317	1317	1.0	
barcode03_9Gb	contig_3022	16749	19914	adeF_fluoroquinolone_antibiotic;_tetracycline_antibiotic	44	3165	3165	1.0	Acinetobacter (chromosome or plasmid)
barcode03_9Gb	contig_3045	1813	2650	APH(6)-Id_aminoglycoside_antibiotic	87	837	837	1.0	Unknown taxonomy (chromosome or plasmid)
barcode03_9Gb	contig_3045	2649	3453	APH(3'')-Ib_aminoglycoside_antibiotic	98	804	804	1.0	Unknown taxonomy (chromosome or plasmid)
barcode03_9Gb	contig_3048	7390	8578	tet(39)_tetracycline_antibiotic	51	1188	1188	1.0	Unknown taxonomy (plasmid)
barcode03_9Gb	contig_3159	5271	6582	Acinetobacter baumannii AbaQ_fluoroquinolone_antibiotic	5	1311	1311	1.0	Acinetobacter lwoffii (chromosome)
barcode03_9Gb	contig_3247	20860	22045	Escherichia coli EF-Tu mutants conferring resistance to Pulvomycin_elfamycin_antibiotic	27	1185	1185	1.0	Enterobacter kobei (chromosome or plasmid)
barcode03_9Gb	contig_3247	45185	45818	CRP_macrolide_antibiotic;_fluoroquinolone_antibiotic;_penam	28	633	633	1.0	Enterobacter (chromosome or plasmid)
barcode03_9Gb	contig_3247	120254	121910	ArnT_peptide_antibiotic	19	1656	1656	1.0	Enterobacter kobei (chromosome)
barcode03_9Gb	contig_3247	124784	125768	PmrF_peptide_antibiotic	24	984	984	1.0	
barcode03_9Gb	contig_3248	9072	10257	Escherichia coli EF-Tu mutants conferring resistance to Pulvomycin_elfamycin_antibiotic	36	1185	1185	1.0	Unknown taxonomy (chromosome or plasmid)
barcode03_9Gb	contig_3249	8934	10119	Escherichia coli EF-Tu mutants conferring resistance to Pulvomycin_elfamycin_antibiotic	22	1185	1185	1.0	Citrobacter (chromosome or plasmid)
barcode03_9Gb	contig_3249	28522	29155	CRP_macrolide_antibiotic;_fluoroquinolone_antibiotic;_penam	16	633	633	1.0	Citrobacter (chromosome)
barcode03_9Gb	contig_3250	8322	9507	Escherichia coli EF-Tu mutants conferring resistance to Pulvomycin_elfamycin_antibiotic	23	1185	1185	1.0	Klebsiella michiganensis (chromosome or plasmid)
barcode03_9Gb	contig_3250	27750	28383	CRP_macrolide_antibiotic;_fluoroquinolone_antibiotic;_penam	8	633	633	1.0	Klebsiella michiganensis (chromosome)
barcode03_9Gb	contig_3251	16030	16663	CRP_macrolide_antibiotic;_fluoroquinolone_antibiotic;_penam	57	633	633	1.0	Unknown taxonomy (chromosome or plasmid)
barcode03_9Gb	contig_3288	11633	12257	tetR_tetracycline_antibiotic	32	624	624	1.0	Unknown taxonomy (chromosome or plasmid)
barcode03_9Gb	contig_3292	2225	3065	sul1_sulfonamide_antibiotic	126	840	840	1.0	Unknown taxonomy (chromosome or plasmid)
barcode03_9Gb	contig_3292	3058	3406	qacEdelta1_disinfecting_agents_and_antiseptics	119	348	348	1.0	Unknown taxonomy (chromosome or plasmid)
barcode03_9Gb	contig_3292	3574	4162	AAC(6')-Ib9_aminoglycoside_antibiotic	94	588	588	1.0	Unknown taxonomy (chromosome or plasmid)
barcode03_9Gb	contig_3292	4267	4720	arr-3_rifamycin_antibiotic	84	453	453	1.0	Unknown taxonomy (chromosome or plasmid)
barcode03_9Gb	contig_3317	66452	67256	APH(3'')-Ib_aminoglycoside_antibiotic	13	804	804	1.0	Unknown taxonomy (chromosome or plasmid)
barcode03_9Gb	contig_3317	67255	68092	APH(6)-Id_aminoglycoside_antibiotic	18	837	837	1.0	Unknown taxonomy (chromosome or plasmid)
barcode03_9Gb	contig_3336	18000	19152	MOX-13_cephalosporin;_cephamycin;_penam	90	1152	1152	1.0	Aeromonas caviae (chromosome or plasmid)
barcode03_9Gb	contig_3347	2373	3018	QnrB1_fluoroquinolone_antibiotic	3	645	645	1.0	Unknown taxonomy (chromosome or plasmid)
barcode03_9Gb	contig_3361	144685	144874	rsmA_fluoroquinolone_antibiotic;_diaminopyrimidine_antibiotic;_phenicol_antibiotic	118	189	189	1.0	
barcode03_9Gb	contig_3364	11511	12111	AAC(6')-Ib-cr6_fluoroquinolone_antibiotic;_aminoglycoside_antibiotic	24	600	600	1.0	Unknown taxonomy (chromosome or plasmid)
barcode03_9Gb	contig_3364	12207	12660	arr-3_rifamycin_antibiotic	29	453	453	1.0	Unknown taxonomy (chromosome or plasmid)
barcode03_9Gb	contig_3364	12882	13230	qacEdelta1_disinfecting_agents_and_antiseptics	58	348	348	1.0	Unknown taxonomy (chromosome or plasmid)
barcode03_9Gb	contig_3364	13223	14063	sul1_sulfonamide_antibiotic	66	840	840	1.0	Unknown taxonomy (chromosome or plasmid)
barcode03_9Gb	contig_3367	15164	15764	AAC(6')-Ib-cr6_fluoroquinolone_antibiotic;_aminoglycoside_antibiotic	48	600	600	1.0	Unknown taxonomy (chromosome or plasmid)
barcode03_9Gb	contig_3367	15894	16725	OXA-1_cephalosporin;_penam	52	831	831	1.0	Unknown taxonomy (chromosome or plasmid)
barcode03_9Gb	contig_3367	16862	17495	catB3_phenicol_antibiotic	53	633	633	1.0	Unknown taxonomy (chromosome or plasmid)
barcode03_9Gb	contig_3367	17579	18032	arr-3_rifamycin_antibiotic	53	453	453	1.0	Unknown taxonomy (chromosome or plasmid)
barcode03_9Gb	contig_3367	18254	18602	qacEdelta1_disinfecting_agents_and_antiseptics	65	348	348	1.0	Unknown taxonomy (chromosome or plasmid)
barcode03_9Gb	contig_3367	18595	19435	sul1_sulfonamide_antibiotic	71	840	840	1.0	Unknown taxonomy (chromosome or plasmid)
barcode03_9Gb	contig_3377	8366	9206	sul1_sulfonamide_antibiotic	96	840	840	1.0	Unknown taxonomy (chromosome or plasmid)
barcode03_9Gb	contig_3377	9199	9547	qacEdelta1_disinfecting_agents_and_antiseptics	91	348	348	1.0	Unknown taxonomy (chromosome or plasmid)
barcode03_9Gb	contig_3377	9769	10222	arr-3_rifamycin_antibiotic	67	453	453	1.0	Unknown taxonomy (chromosome or plasmid)
barcode03_9Gb	contig_3377	10306	10939	catB3_phenicol_antibiotic	68	633	633	1.0	Unknown taxonomy (chromosome or plasmid)
barcode03_9Gb	contig_3377	11076	11907	OXA-1_cephalosporin;_penam	69	831	831	1.0	Unknown taxonomy (chromosome or plasmid)
barcode03_9Gb	contig_3377	12037	12637	AAC(6')-Ib-cr6_fluoroquinolone_antibiotic;_aminoglycoside_antibiotic	69	600	600	1.0	Unknown taxonomy (chromosome or plasmid)
barcode03_9Gb	contig_3386	155779	157153	cpxA_aminoglycoside_antibiotic;_aminocoumarin_antibiotic	67	1374	1374	1.0	Unknown taxonomy (chromosome or plasmid)
barcode03_9Gb	contig_341	27750	28575	OXA-644_carbapenem;_penam	511	825	825	1.0	Acinetobacter johnsonii (chromosome)
barcode03_9Gb	contig_3428	166484	167141	QnrVC1_fluoroquinolone_antibiotic	35	657	657	1.0	Unknown taxonomy (chromosome or plasmid)
barcode03_9Gb	contig_3428	167299	167773	dfrA6_diaminopyrimidine_antibiotic	26	474	474	1.0	Unknown taxonomy (chromosome or plasmid)
barcode03_9Gb	contig_3438	56692	59803	adeB_glycylcycline;_tetracycline_antibiotic	24	3111	3111	1.0	Acinetobacter baumannii (no genomic info)
barcode03_9Gb	contig_3441	13149	14619	adeC_glycylcycline;_tetracycline_antibiotic	9	1470	1470	1.0	Acinetobacter baumannii (chromosome or plasmid)
barcode03_9Gb	contig_3447	11463	12624	vanT gene in vanG cluster_glycopeptide_antibiotic	10	1161	1161	1.0	
barcode03_9Gb	contig_3452	124992	127485	vanT gene in vanG cluster_glycopeptide_antibiotic	12	2493	2493	1.0	
barcode03_9Gb	contig_3458	73310	73874	lnuC_lincosamide_antibiotic	67	564	564	1.0	Unknown taxonomy (chromosome or plasmid)
barcode03_9Gb	contig_3458	142054	145207	adeF_fluoroquinolone_antibiotic;_tetracycline_antibiotic	33	3153	3153	1.0	
barcode03_9Gb	contig_3458	981528	982092	lnuC_lincosamide_antibiotic	78	564	564	1.0	Unknown taxonomy (chromosome or plasmid)
barcode03_9Gb	contig_3458	1911370	1912864	vanW gene in vanI cluster_glycopeptide_antibiotic	31	1494	1494	1.0	
barcode03_9Gb	contig_3516	310	1192	KPC-2_monobactam;_carbapenem;_cephalosporin;_penam	78	882	882	1.0	Unknown taxonomy (chromosome or plasmid)
barcode03_9Gb	contig_3516	3607	4387	APH(3')-VIa_aminoglycoside_antibiotic	80	780	780	1.0	Unknown taxonomy (chromosome or plasmid)
barcode03_9Gb	contig_3594	124860	127326	vanT gene in vanG cluster_glycopeptide_antibiotic	19	2466	2466	1.0	Phocaeicola (chromosome)
barcode03_9Gb	contig_3642	323264	324416	ADC-154_cephalosporin	50	1152	1152	1.0	Acinetobacter baumannii (chromosome or plasmid)
barcode03_9Gb	contig_3642	427572	429021	adeH_fluoroquinolone_antibiotic;_tetracycline_antibiotic	47	1449	1449	1.0	Acinetobacter baumannii (chromosome or plasmid)
barcode03_9Gb	contig_3642	429033	432213	adeF_fluoroquinolone_antibiotic;_tetracycline_antibiotic	51	3180	3180	1.0	Acinetobacter baumannii (chromosome or plasmid)
barcode03_9Gb	contig_3642	432219	433440	adeG_fluoroquinolone_antibiotic;_tetracycline_antibiotic	43	1221	1221	1.0	Acinetobacter baumannii (chromosome or plasmid)
barcode03_9Gb	contig_3642	433655	434669	adeL_fluoroquinolone_antibiotic;_tetracycline_antibiotic	49	1014	1014	1.0	Acinetobacter baumannii (chromosome or plasmid)
barcode03_9Gb	contig_3642	437977	438307	abeS_macrolide_antibiotic;_aminocoumarin_antibiotic	58	330	330	1.0	Acinetobacter baumannii (chromosome or plasmid)
barcode03_9Gb	contig_3642	696953	698432	Acinetobacter baumannii AmvA_macrolide_antibiotic;_disinfecting_agents_and_antiseptics	55	1479	1479	1.0	Acinetobacter baumannii (chromosome or plasmid)
barcode03_9Gb	contig_3648	2188	2374	rsmA_fluoroquinolone_antibiotic;_diaminopyrimidine_antibiotic;_phenicol_antibiotic	8	186	186	1.0	Citrobacter (chromosome)
barcode03_9Gb	contig_3678	6093	7281	tet(39)_tetracycline_antibiotic	39	1188	1188	1.0	Unknown taxonomy (plasmid)
barcode03_9Gb	contig_3700	36893	37775	vanW gene in vanG cluster_glycopeptide_antibiotic	557	882	882	1.0	Acinetobacter johnsonii (chromosome)
barcode03_9Gb	contig_3741	6482	7673	tet(C)_tetracycline_antibiotic	37	1191	1191	1.0	Unknown taxonomy (chromosome or plasmid)
barcode03_9Gb	contig_3741	10800	11460	catA1_phenicol_antibiotic	8	660	660	1.0	Unknown taxonomy (chromosome or plasmid)
barcode03_9Gb	contig_3786	822	1602	APH(3')-VIa_aminoglycoside_antibiotic	33	780	780	1.0	Unknown taxonomy (chromosome or plasmid)
barcode03_9Gb	contig_3786	2879	3692	NDM-1_carbapenem;_cephalosporin;_cephamycin;_penam	18	813	813	1.0	Unknown taxonomy (chromosome or plasmid)
barcode03_9Gb	contig_3794	125977	126655	kdpE_aminoglycoside_antibiotic	38	678	678	1.0	Escherichia coli (chromosome or plasmid)
barcode03_9Gb	contig_3794	286307	287540	Escherichia coli mdfA_tetracycline_antibiotic;_disinfecting_agents_and_antiseptics	35	1233	1233	1.0	Unknown taxonomy (chromosome or plasmid)
barcode03_9Gb	contig_3809	37291	38029	ErmB_macrolide_antibiotic;_lincosamide_antibiotic;_streptogramin_antibiotic;_streptogramin_A_antibiotic;_streptogramin_B_antibiotic	30	738	738	1.0	Unknown taxonomy (chromosome or plasmid)
barcode03_9Gb	contig_3861	369231	370431	tet(A)_tetracycline_antibiotic	34	1200	1200	1.0	Unknown taxonomy (chromosome or plasmid)
barcode03_9Gb	contig_3861	371508	372345	APH(6)-Id_aminoglycoside_antibiotic	40	837	837	1.0	Unknown taxonomy (chromosome or plasmid)
barcode03_9Gb	contig_3861	373208	374024	sul2_sulfonamide_antibiotic	44	816	816	1.0	Unknown taxonomy (chromosome or plasmid)
barcode03_9Gb	contig_3883	18853	21073	Acinetobacter baumannii parC conferring resistance to fluoroquinolones_fluoroquinolone_antibiotic	79	2220	2220	1.0	Acinetobacter baumannii (chromosome or plasmid)
barcode03_9Gb	contig_3883	228202	229549	abeM_fluoroquinolone_antibiotic;_disinfecting_agents_and_antiseptics	63	1347	1347	1.0	Acinetobacter baumannii (chromosome or plasmid)
barcode03_9Gb	contig_3883	276586	277687	LpsB_peptide_antibiotic	50	1101	1101	1.0	Acinetobacter baumannii (chromosome or plasmid)
barcode03_9Gb	contig_3902	113955	114447	ANT(3'')-IIb_aminoglycoside_antibiotic	54	492	492	1.0	Acinetobacter baumannii (chromosome or plasmid)
barcode03_9Gb	contig_3934	7745	8540	OXA-504_penam	154	795	795	1.0	Aeromonas caviae (chromosome)
barcode03_9Gb	contig_3938	2171	2828	QnrVC1_fluoroquinolone_antibiotic	23	657	657	1.0	Unknown taxonomy (chromosome or plasmid)
barcode03_9Gb	contig_3938	50210	51026	sul2_sulfonamide_antibiotic	16	816	816	1.0	Unknown taxonomy (chromosome or plasmid)
barcode03_9Gb	contig_3939	7897	8557	catA1_phenicol_antibiotic	7	660	660	1.0	Unknown taxonomy (chromosome or plasmid)
barcode03_9Gb	contig_3982	395823	396282	vanW gene in vanG cluster_glycopeptide_antibiotic	8	459	459	1.0	
barcode03_9Gb	contig_3982	396271	396712	vanW gene in vanG cluster_glycopeptide_antibiotic	6	441	441	1.0	
barcode03_9Gb	contig_3982	1264879	1265134	rsmA_fluoroquinolone_antibiotic;_diaminopyrimidine_antibiotic;_phenicol_antibiotic	9	255	255	1.0	
barcode03_9Gb	contig_4000	75095	75293	rsmA_fluoroquinolone_antibiotic;_diaminopyrimidine_antibiotic;_phenicol_antibiotic	12	198	198	1.0	
barcode03_9Gb	contig_4006	76002	76368	qacG_disinfecting_agents_and_antiseptics	317	366	366	1.0	Acinetobacter johnsonii (chromosome)
barcode03_9Gb	contig_4055	94919	95741	bacA_peptide_antibiotic	41	822	822	1.0	Unknown taxonomy (chromosome or plasmid)
barcode03_9Gb	contig_4055	118142	119631	TolC_macrolide_antibiotic;_fluoroquinolone_antibiotic;_aminoglycoside_antibiotic;_carbapenem;_cephalosporin;_glycylcycline;_cephamycin;_penam;_tetracycline_antibiotic;_peptide_antibiotic;_aminocoumarin_antibiotic;_rifamycin_antibiotic;_phenicol_antibiotic;_penem;_disinfecting_agents_and_antiseptics	52	1489	1489	1.0	Unknown taxonomy (chromosome or plasmid)
barcode03_9Gb	contig_4241	1164	1980	sul2_sulfonamide_antibiotic	35	816	816	1.0	Unknown taxonomy (chromosome or plasmid)
barcode03_9Gb	contig_4241	4482	5697	floR_phenicol_antibiotic	33	1215	1215	1.0	Unknown taxonomy (chromosome or plasmid)
barcode03_9Gb	contig_4242	4954	5839	mphE_macrolide_antibiotic	20	885	885	1.0	Unknown taxonomy (chromosome or plasmid)
barcode03_9Gb	contig_4242	5894	7370	msrE_macrolide_antibiotic;_streptogramin_antibiotic	16	1476	1476	1.0	Unknown taxonomy (chromosome or plasmid)
barcode03_9Gb	contig_4244	288	1104	sul2_sulfonamide_antibiotic	43	816	816	1.0	Unknown taxonomy (chromosome or plasmid)
barcode03_9Gb	contig_4308	133215	134520	Acinetobacter baumannii AbaQ_fluoroquinolone_antibiotic	43	1305	1305	1.0	Acinetobacter baumannii (chromosome or plasmid)
barcode03_9Gb	contig_4317	27067	28270	vanT gene in vanG cluster_glycopeptide_antibiotic	17	1203	1203	1.0	
barcode03_9Gb	contig_4333	103670	104045	ramA_fluoroquinolone_antibiotic;_monobactam;_carbapenem;_cephalosporin;_glycylcycline;_cephamycin;_penam;_tetracycline_antibiotic;_rifamycin_antibiotic;_phenicol_antibiotic;_penem;_disinfecting_agents_and_antiseptics	14	375	375	1.0	Enterobacter kobei (no genomic info)
barcode03_9Gb	contig_4345	237401	238595	vanT gene in vanG cluster_glycopeptide_antibiotic	9	1194	1194	1.0	
barcode03_9Gb	contig_4345	389284	390457	vanT gene in vanG cluster_glycopeptide_antibiotic	20	1173	1173	1.0	
barcode03_9Gb	contig_4345	397376	399338	tet(O)_tetracycline_antibiotic	16	1962	1962	1.0	
barcode03_9Gb	contig_4346	308052	311223	adeF_fluoroquinolone_antibiotic;_tetracycline_antibiotic	17	3171	3171	1.0	
barcode03_9Gb	contig_4346	930821	932375	vanW gene in vanI cluster_glycopeptide_antibiotic	13	1554	1554	1.0	
barcode03_9Gb	contig_4347	1620124	1620928	lnuB_lincosamide_antibiotic	19	804	804	1.0	Unknown taxonomy (chromosome or plasmid)
barcode03_9Gb	contig_4347	1620981	1622466	lsaE_lincosamide_antibiotic;_streptogramin_antibiotic;_pleuromutilin_antibiotic	22	1485	1485	1.0	Streptococcus (chromosome or plasmid)
barcode03_9Gb	contig_4350	6279	8253	tet(Q)_tetracycline_antibiotic	65	1974	1974	1.0	Unknown taxonomy (chromosome)
barcode03_9Gb	contig_4391	898	2083	Escherichia coli EF-Tu mutants conferring resistance to Pulvomycin_elfamycin_antibiotic	125	1185	1185	1.0	Aeromonas caviae (chromosome or plasmid)
barcode03_9Gb	contig_4391	20104	21289	Escherichia coli EF-Tu mutants conferring resistance to Pulvomycin_elfamycin_antibiotic	154	1185	1185	1.0	Aeromonas caviae (chromosome or plasmid)
barcode03_9Gb	contig_4434	243595	245050	adeK_macrolide_antibiotic;_fluoroquinolone_antibiotic;_lincosamide_antibiotic;_carbapenem;_cephalosporin;_tetracycline_antibiotic;_rifamycin_antibiotic;_diaminopyrimidine_antibiotic;_phenicol_antibiotic;_penem	65	1455	1455	1.0	Acinetobacter baumannii (chromosome or plasmid)
barcode03_9Gb	contig_4434	245049	248226	adeJ_macrolide_antibiotic;_fluoroquinolone_antibiotic;_lincosamide_antibiotic;_carbapenem;_cephalosporin;_tetracycline_antibiotic;_rifamycin_antibiotic;_diaminopyrimidine_antibiotic;_phenicol_antibiotic;_penem	59	3177	3177	1.0	Acinetobacter baumannii (chromosome or plasmid)
barcode03_9Gb	contig_4434	248238	249489	adeI_macrolide_antibiotic;_fluoroquinolone_antibiotic;_lincosamide_antibiotic;_carbapenem;_cephalosporin;_tetracycline_antibiotic;_rifamycin_antibiotic;_diaminopyrimidine_antibiotic;_phenicol_antibiotic;_penem	56	1251	1251	1.0	Acinetobacter baumannii (chromosome or plasmid)
barcode03_9Gb	contig_4555	43438	44632	Escherichia coli acrA_fluoroquinolone_antibiotic;_cephalosporin;_glycylcycline;_penam;_tetracycline_antibiotic;_rifamycin_antibiotic;_phenicol_antibiotic;_disinfecting_agents_and_antiseptics	6	1194	1194	1.0	Citrobacter freundii (chromosome or plasmid)
barcode03_9Gb	contig_4555	44654	47804	acrB_fluoroquinolone_antibiotic;_cephalosporin;_glycylcycline;_penam;_tetracycline_antibiotic;_rifamycin_antibiotic;_phenicol_antibiotic;_disinfecting_agents_and_antiseptics	9	3150	3150	1.0	Citrobacter (chromosome or plasmid)
barcode03_9Gb	contig_4580	916	1780	GES-1_carbapenem;_cephalosporin;_penam	31	864	864	1.0	Unknown taxonomy (chromosome or plasmid)
barcode03_9Gb	contig_4580	1951	2725	AAC(6')-Ib9_aminoglycoside_antibiotic	39	774	774	1.0	Unknown taxonomy (chromosome or plasmid)
barcode03_9Gb	contig_4580	2806	3634	OXA-2_carbapenem;_cephalosporin;_penam	48	828	828	1.0	Unknown taxonomy (chromosome or plasmid)
barcode03_9Gb	contig_4580	4591	5419	OXA-2_carbapenem;_cephalosporin;_penam	44	828	828	1.0	Unknown taxonomy (chromosome or plasmid)
barcode03_9Gb	contig_4580	5874	6222	qacEdelta1_disinfecting_agents_and_antiseptics	81	348	348	1.0	Unknown taxonomy (chromosome or plasmid)
barcode03_9Gb	contig_4580	6215	7055	sul1_sulfonamide_antibiotic	85	840	840	1.0	Unknown taxonomy (chromosome or plasmid)
barcode03_9Gb	contig_4580	11130	12369	Mrx_macrolide_antibiotic	149	1239	1239	1.0	Unknown taxonomy (chromosome or plasmid)
barcode03_9Gb	contig_4647	35678	37070	Escherichia coli UhpT with mutation conferring resistance to fosfomycin_phosphonic_acid_antibiotic	25	1392	1392	1.0	Enterobacter (chromosome or plasmid)
barcode03_9Gb	contig_4647	170537	171722	Escherichia coli EF-Tu mutants conferring resistance to Pulvomycin_elfamycin_antibiotic	16	1185	1185	1.0	Enterobacter roggenkampii (chromosome or plasmid)
barcode03_9Gb	contig_4668	24048	25215	ugd_peptide_antibiotic	21	1167	1167	1.0	Escherichia coli (chromosome or plasmid)
barcode03_9Gb	contig_4668	74521	75769	mdtA_aminocoumarin_antibiotic	31	1248	1248	1.0	Unknown taxonomy (chromosome or plasmid)
barcode03_9Gb	contig_4668	78892	81970	mdtC_aminocoumarin_antibiotic	33	3078	3078	1.0	Escherichia coli (chromosome or plasmid)
barcode03_9Gb	contig_4668	84783	85506	baeR_aminoglycoside_antibiotic;_aminocoumarin_antibiotic	41	723	723	1.0	Unknown taxonomy (chromosome or plasmid)
barcode03_9Gb	contig_4760	3776	4190	H-NS_macrolide_antibiotic;_fluoroquinolone_antibiotic;_cephalosporin;_cephamycin;_penam;_tetracycline_antibiotic	8	414	414	1.0	Citrobacter freundii (chromosome)
barcode03_9Gb	contig_4766	41249	42596	vanW gene in vanI cluster_glycopeptide_antibiotic	12	1347	1347	1.0	
barcode03_9Gb	contig_4767	9203	9698	lnuC_lincosamide_antibiotic	39	495	495	1.0	Unknown taxonomy (chromosome or plasmid)
barcode03_9Gb	contig_4804	1270	3211	tet(W)_tetracycline_antibiotic	25	1941	1941	1.0	Unknown taxonomy (chromosome or plasmid)
barcode03_9Gb	contig_4833	44300	45956	ArnT_peptide_antibiotic	19	1656	1656	1.0	Klebsiella pneumoniae (chromosome)
barcode03_9Gb	contig_4955	7904	8741	APH(6)-Id_aminoglycoside_antibiotic	46	837	837	1.0	Unknown taxonomy (chromosome or plasmid)
barcode03_9Gb	contig_4955	29297	30137	sul1_sulfonamide_antibiotic	15	840	840	1.0	Unknown taxonomy (chromosome or plasmid)
barcode03_9Gb	contig_4957	195	1122	PER-3_monobactam;_carbapenem;_cephalosporin;_penam;_penem	12	927	927	1.0	Unknown taxonomy (chromosome or plasmid)
barcode03_9Gb	contig_4957	7106	7946	sul1_sulfonamide_antibiotic	45	840	840	1.0	Unknown taxonomy (chromosome or plasmid)
barcode03_9Gb	contig_4957	12021	13260	Mrx_macrolide_antibiotic	156	1239	1239	1.0	Unknown taxonomy (chromosome or plasmid)
barcode03_9Gb	contig_4957	13256	14162	mphA_macrolide_antibiotic	137	906	906	1.0	Unknown taxonomy (chromosome or plasmid)
barcode03_9Gb	contig_4979	728	1568	sul1_sulfonamide_antibiotic	14	840	840	1.0	Unknown taxonomy (chromosome or plasmid)
barcode03_9Gb	contig_4979	1561	1909	qacEdelta1_disinfecting_agents_and_antiseptics	12	348	348	1.0	Unknown taxonomy (chromosome or plasmid)
barcode03_9Gb	contig_4979	2069	2909	OXA-35_cephalosporin;_penam	10	840	840	1.0	Unknown taxonomy (chromosome or plasmid)
barcode03_9Gb	contig_4979	2898	3402	AAC(6')-Ib9_aminoglycoside_antibiotic	8	504	504	1.0	Unknown taxonomy (chromosome or plasmid)
barcode03_9Gb	contig_4979	3554	4775	EreA_macrolide_antibiotic	12	1221	1221	1.0	Unknown taxonomy (chromosome or plasmid)
barcode03_9Gb	contig_4979	6016	7276	cmlA5_phenicol_antibiotic	15	1260	1260	1.0	Unknown taxonomy (chromosome or plasmid)
barcode03_9Gb	contig_4980	3413	3761	qacEdelta1_disinfecting_agents_and_antiseptics	21	348	348	1.0	Unknown taxonomy (chromosome or plasmid)
barcode03_9Gb	contig_4980	3754	4594	sul1_sulfonamide_antibiotic	29	840	840	1.0	Unknown taxonomy (chromosome or plasmid)
barcode03_9Gb	contig_4982	1731	2616	mphE_macrolide_antibiotic	48	885	885	1.0	Unknown taxonomy (chromosome or plasmid)
barcode03_9Gb	contig_4982	2671	4147	msrE_macrolide_antibiotic;_streptogramin_antibiotic	47	1476	1476	1.0	Unknown taxonomy (chromosome or plasmid)
barcode03_9Gb	contig_4983	7490	8966	msrE_macrolide_antibiotic;_streptogramin_antibiotic	35	1476	1476	1.0	Unknown taxonomy (chromosome or plasmid)
barcode03_9Gb	contig_4983	9021	9906	mphE_macrolide_antibiotic	44	885	885	1.0	Unknown taxonomy (chromosome or plasmid)
barcode03_9Gb	contig_4998	43302	44511	mdtH_fluoroquinolone_antibiotic	27	1209	1209	1.0	Unknown taxonomy (chromosome or plasmid)
barcode03_9Gb	contig_4998	53141	54368	mdtG_phosphonic_acid_antibiotic	29	1227	1227	1.0	Unknown taxonomy (chromosome or plasmid)
barcode03_9Gb	contig_4998	199267	201016	msbA_nitroimidazole_antibiotic	34	1749	1749	1.0	Unknown taxonomy (chromosome)
barcode03_9Gb	contig_5166	73664	74195	emrR_fluoroquinolone_antibiotic	15	531	531	1.0	Enterobacter roggenkampii (chromosome)
barcode03_9Gb	contig_5166	74321	75494	emrA_fluoroquinolone_antibiotic	18	1173	1173	1.0	
barcode03_9Gb	contig_5166	75510	77058	emrB_fluoroquinolone_antibiotic	19	1548	1548	1.0	Enterobacter roggenkampii (chromosome or plasmid)
barcode03_9Gb	contig_5166	84035	84221	rsmA_fluoroquinolone_antibiotic;_diaminopyrimidine_antibiotic;_phenicol_antibiotic	19	186	186	1.0	Enterobacter (chromosome or plasmid)
barcode03_9Gb	contig_5171	105869	109022	oqxB_fluoroquinolone_antibiotic;_glycylcycline;_tetracycline_antibiotic;_diaminopyrimidine_antibiotic;_nitrofuran_antibiotic	8	3153	3153	1.0	Enterobacter kobei (chromosome)
barcode03_9Gb	contig_5171	109046	110222	oqxA_fluoroquinolone_antibiotic;_glycylcycline;_tetracycline_antibiotic;_diaminopyrimidine_antibiotic;_nitrofuran_antibiotic	13	1176	1176	1.0	Enterobacter kobei (chromosome)
barcode03_9Gb	contig_5171	138177	138507	Klebsiella pneumoniae KpnF_macrolide_antibiotic;_aminoglycoside_antibiotic;_cephalosporin;_tetracycline_antibiotic;_peptide_antibiotic;_rifamycin_antibiotic;_disinfecting_agents_and_antiseptics	7	330	330	1.0	Enterobacter kobei (chromosome)
barcode03_9Gb	contig_5171	138493	138856	Klebsiella pneumoniae KpnE_macrolide_antibiotic;_aminoglycoside_antibiotic;_cephalosporin;_tetracycline_antibiotic;_peptide_antibiotic;_rifamycin_antibiotic;_disinfecting_agents_and_antiseptics	8	363	363	1.0	Enterobacter kobei (chromosome)
barcode03_9Gb	contig_521	106363	107878	aadT_macrolide_antibiotic;_tetracycline_antibiotic;_disinfecting_agents_and_antiseptics	19	1515	1515	1.0	
barcode03_9Gb	contig_5256	98006	98537	emrR_fluoroquinolone_antibiotic	17	531	531	1.0	Enterobacter kobei (chromosome or plasmid)
barcode03_9Gb	contig_5256	98663	99836	emrA_fluoroquinolone_antibiotic	17	1173	1173	1.0	
barcode03_9Gb	contig_5256	99852	101400	emrB_fluoroquinolone_antibiotic	17	1548	1548	1.0	Enterobacter kobei (chromosome or plasmid)
barcode03_9Gb	contig_5256	108441	108627	rsmA_fluoroquinolone_antibiotic;_diaminopyrimidine_antibiotic;_phenicol_antibiotic	24	186	186	1.0	Enterobacter (chromosome or plasmid)
barcode03_9Gb	contig_5288	280765	281131	Klebsiella pneumoniae KpnE_macrolide_antibiotic;_aminoglycoside_antibiotic;_cephalosporin;_tetracycline_antibiotic;_peptide_antibiotic;_rifamycin_antibiotic;_disinfecting_agents_and_antiseptics	26	366	366	1.0	Unknown taxonomy (chromosome or plasmid)
barcode03_9Gb	contig_5288	281117	281447	Klebsiella pneumoniae KpnF_macrolide_antibiotic;_aminoglycoside_antibiotic;_cephalosporin;_tetracycline_antibiotic;_peptide_antibiotic;_rifamycin_antibiotic;_disinfecting_agents_and_antiseptics	24	330	330	1.0	Unknown taxonomy (chromosome or plasmid)
barcode03_9Gb	contig_5306	9243	10071	OXA-253_carbapenem;_penam	83	828	828	1.0	Acinetobacter baumannii (chromosome)
barcode03_9Gb	contig_5318	2018	2846	OXA-253_carbapenem;_penam	65	828	828	1.0	Acinetobacter baumannii (chromosome)
barcode03_9Gb	contig_5370	18638	20021	mdeA_fluoroquinolone_antibiotic;_aminoglycoside_antibiotic;_penam;_tetracycline_antibiotic;_disinfecting_agents_and_antiseptics	6	1383	1383	1.0	
barcode03_9Gb	contig_5370	728942	730073	vanT gene in vanG cluster_glycopeptide_antibiotic	15	1131	1131	1.0	
barcode03_9Gb	contig_5370	1161450	1162209	vanY gene in vanB cluster_glycopeptide_antibiotic	12	759	759	1.0	
barcode03_9Gb	contig_5407	8407	8737	qacG_disinfecting_agents_and_antiseptics	4	330	330	1.0	
barcode03_9Gb	contig_5411	20417	20612	rsmA_fluoroquinolone_antibiotic;_diaminopyrimidine_antibiotic;_phenicol_antibiotic	5	195	195	1.0	
barcode03_9Gb	contig_5468	57306	60420	acrD_aminoglycoside_antibiotic	11	3114	3114	1.0	Enterobacter (chromosome)
barcode03_9Gb	contig_5471	3263	4130	SCO-1_cephalosporin;_penam;_penem	9	867	867	1.0	Unknown taxonomy (chromosome or plasmid)
barcode03_9Gb	contig_5471	4364	5225	AAC(3)-IIe_aminoglycoside_antibiotic	8	861	861	1.0	Unknown taxonomy (chromosome or plasmid)
barcode03_9Gb	contig_5499	40090	41311	mdtG_phosphonic_acid_antibiotic	9	1221	1221	1.0	Citrobacter freundii (chromosome)
barcode03_9Gb	contig_5521	21841	24319	vanT gene in vanG cluster_glycopeptide_antibiotic	87	2478	2478	1.0	
barcode03_9Gb	contig_5585	11438	12302	GES-1_carbapenem;_cephalosporin;_penam	17	864	864	1.0	Unknown taxonomy (chromosome or plasmid)
barcode03_9Gb	contig_5585	12375	12834	AAC(6')-Il_aminoglycoside_antibiotic	22	459	459	1.0	Unknown taxonomy (chromosome or plasmid)
barcode03_9Gb	contig_5585	12851	13385	ANT(2'')-Ia_aminoglycoside_antibiotic	27	534	534	1.0	Unknown taxonomy (chromosome or plasmid)
barcode03_9Gb	contig_5585	14347	15202	ErmX_macrolide_antibiotic;_lincosamide_antibiotic;_streptogramin_antibiotic;_streptogramin_A_antibiotic;_streptogramin_B_antibiotic	18	855	855	1.0	Unknown taxonomy (chromosome or plasmid)
barcode03_9Gb	contig_5618	61528	62185	QnrS1_fluoroquinolone_antibiotic	46	657	657	1.0	Unknown taxonomy (chromosome or plasmid)
barcode03_9Gb	contig_5618	66825	67701	CTX-M-15_cephalosporin;_penam	43	876	876	1.0	Unknown taxonomy (chromosome or plasmid)
barcode03_9Gb	contig_5626	8130	8505	ramA_fluoroquinolone_antibiotic;_monobactam;_carbapenem;_cephalosporin;_glycylcycline;_cephamycin;_penam;_tetracycline_antibiotic;_rifamycin_antibiotic;_phenicol_antibiotic;_penem;_disinfecting_agents_and_antiseptics	15	375	375	1.0	Enterobacter (chromosome)
barcode03_9Gb	contig_5648	16457	17114	QnrVC1_fluoroquinolone_antibiotic	19	657	657	1.0	Unknown taxonomy (chromosome or plasmid)
barcode03_9Gb	contig_5670	40595	41333	ErmB_macrolide_antibiotic;_lincosamide_antibiotic;_streptogramin_antibiotic;_streptogramin_A_antibiotic;_streptogramin_B_antibiotic	28	738	738	1.0	Unknown taxonomy (chromosome or plasmid)
barcode03_9Gb	contig_5775	73592	74843	vanT gene in vanG cluster_glycopeptide_antibiotic	9	1251	1251	1.0	
barcode03_9Gb	contig_5981	714157	715267	vanT gene in vanG cluster_glycopeptide_antibiotic	76	1110	1110	1.0	
barcode03_9Gb	contig_6038	67437	67770	Escherichia coli emrE_macrolide_antibiotic	13	333	333	1.0	Escherichia coli (chromosome or plasmid)
barcode03_9Gb	contig_6091	317401	318520	vanT gene in vanG cluster_glycopeptide_antibiotic	8	1119	1119	1.0	
barcode03_9Gb	contig_6099	305993	307988	lmrD_lincosamide_antibiotic	10	1995	1995	1.0	
barcode03_9Gb	contig_6099	982027	982774	vanY gene in vanG cluster_glycopeptide_antibiotic	15	747	747	1.0	
barcode03_9Gb	contig_6131	141869	145025	adeF_fluoroquinolone_antibiotic;_tetracycline_antibiotic	20	3156	3156	1.0	
barcode03_9Gb	contig_6139	160609	163801	adeF_fluoroquinolone_antibiotic;_tetracycline_antibiotic	60	3192	3192	1.0	
barcode03_9Gb	contig_6285	12830	13796	CfxA3_cephamycin	27	966	966	1.0	Unknown taxonomy (chromosome or plasmid)
barcode03_9Gb	contig_6343	4656	5484	OXA-72_carbapenem;_penam	18	828	828	1.0	Unknown taxonomy (chromosome or plasmid)
barcode03_9Gb	contig_6344	100	445	qacG_disinfecting_agents_and_antiseptics	23	345	345	1.0	Unknown taxonomy (chromosome or plasmid)
barcode03_9Gb	contig_6406	10082	10904	tet(O)_tetracycline_antibiotic	19	822	822	1.0	Unknown taxonomy (chromosome or plasmid)
barcode03_9Gb	contig_6406	11043	11877	tet(O)_tetracycline_antibiotic	22	834	834	1.0	Unknown taxonomy (chromosome or plasmid)
barcode03_9Gb	contig_649	8202	9417	floR_phenicol_antibiotic	20	1215	1215	1.0	Unknown taxonomy (chromosome or plasmid)
barcode03_9Gb	contig_649	11368	12184	sul2_sulfonamide_antibiotic	40	816	816	1.0	Unknown taxonomy (chromosome or plasmid)
barcode03_9Gb	contig_649	19354	20830	msrE_macrolide_antibiotic;_streptogramin_antibiotic	86	1476	1476	1.0	Unknown taxonomy (chromosome or plasmid)
barcode03_9Gb	contig_649	20885	21770	mphE_macrolide_antibiotic	103	885	885	1.0	Unknown taxonomy (chromosome or plasmid)
barcode03_9Gb	contig_649	22730	23591	TEM-1_monobactam;_cephalosporin;_penam;_penem	59	861	861	1.0	Unknown taxonomy (chromosome or plasmid)
barcode03_9Gb	contig_649	24290	25115	OXA-9_penam	51	825	825	1.0	Unknown taxonomy (chromosome or plasmid)
barcode03_9Gb	contig_649	25174	25951	aadA_aminoglycoside_antibiotic	56	777	777	1.0	Unknown taxonomy (chromosome or plasmid)
barcode03_9Gb	contig_649	26032	26638	AAC(6')-Ib9_aminoglycoside_antibiotic	55	606	606	1.0	Unknown taxonomy (chromosome or plasmid)
barcode03_9Gb	contig_6553	50454	51279	OXA-644_carbapenem;_penam	376	825	825	1.0	Acinetobacter johnsonii (chromosome)
barcode03_9Gb	contig_6594	75219	77583	vanT gene in vanG cluster_glycopeptide_antibiotic	11	2364	2364	1.0	
barcode03_9Gb	contig_6698	2769	3915	vanT gene in vanG cluster_glycopeptide_antibiotic	5	1146	1146	1.0	
barcode03_9Gb	contig_6701	3156	5076	tet(W)_tetracycline_antibiotic	36	1920	1920	1.0	Unknown taxonomy (chromosome or plasmid)
barcode03_9Gb	contig_6701	6806	8027	tet(40)_tetracycline_antibiotic	9	1221	1221	1.0	Unknown taxonomy (chromosome)
barcode03_9Gb	contig_6702	9985	11905	tet(32)_tetracycline_antibiotic	11	1920	1920	1.0	Unknown taxonomy (chromosome or plasmid)
barcode03_9Gb	contig_6735	32049	33693	eptA_peptide_antibiotic	57	1644	1644	1.0	Unknown taxonomy (chromosome or plasmid)
barcode03_9Gb	contig_6735	57492	58524	mdtN_nucleoside_antibiotic;_disinfecting_agents_and_antiseptics	58	1032	1032	1.0	Escherichia coli (chromosome or plasmid)
barcode03_9Gb	contig_6735	60572	62039	mdtP_nucleoside_antibiotic;_disinfecting_agents_and_antiseptics	53	1467	1467	1.0	Unknown taxonomy (chromosome or plasmid)
barcode03_9Gb	contig_6735	83105	83570	Escherichia coli soxR with mutation conferring antibiotic resistance_fluoroquinolone_antibiotic;_cephalosporin;_glycylcycline;_penam;_tetracycline_antibiotic;_rifamycin_antibiotic;_phenicol_antibiotic;_disinfecting_agents_and_antiseptics	49	465	465	1.0	Unknown taxonomy (chromosome or plasmid)
barcode03_9Gb	contig_6735	83655	83979	Escherichia coli soxS with mutation conferring antibiotic resistance_fluoroquinolone_antibiotic;_monobactam;_carbapenem;_cephalosporin;_glycylcycline;_cephamycin;_penam;_tetracycline_antibiotic;_rifamycin_antibiotic;_phenicol_antibiotic;_penem;_disinfecting_agents_and_antiseptics	45	324	324	1.0	Unknown taxonomy (chromosome or plasmid)
barcode03_9Gb	contig_6775	10119	11004	mphE_macrolide_antibiotic	151	885	885	1.0	Unknown taxonomy (chromosome or plasmid)
barcode03_9Gb	contig_6775	11059	12535	msrE_macrolide_antibiotic;_streptogramin_antibiotic	152	1476	1476	1.0	Unknown taxonomy (chromosome or plasmid)
barcode03_9Gb	contig_6799	2080	3340	EreB_macrolide_antibiotic	19	1260	1260	1.0	
barcode03_9Gb	contig_6800	4743	6003	EreB_macrolide_antibiotic	18	1260	1260	1.0	
barcode03_9Gb	contig_6970	6730	7990	EreB_macrolide_antibiotic	18	1260	1260	1.0	
barcode03_9Gb	contig_6970	8838	10278	AAC(6')-Ie-APH(2'')-Ia bifunctional protein_aminoglycoside_antibiotic	15	1440	1440	1.0	Unknown taxonomy (chromosome or plasmid)
barcode03_9Gb	contig_7002	1852	2644	aadA_aminoglycoside_antibiotic	23	792	792	1.0	Unknown taxonomy (chromosome or plasmid)
barcode03_9Gb	contig_7002	2813	3146	qacL_disinfecting_agents_and_antiseptics	12	333	333	1.0	Unknown taxonomy (chromosome or plasmid)
barcode03_9Gb	contig_7002	4325	5117	sul3_sulfonamide_antibiotic	9	792	792	1.0	Unknown taxonomy (chromosome or plasmid)
barcode03_9Gb	contig_7002	13823	14684	TEM-176_monobactam;_cephalosporin;_penam;_penem	34	861	861	1.0	Unknown taxonomy (chromosome or plasmid)
barcode03_9Gb	contig_7003	2132	2606	dfrA14_diaminopyrimidine_antibiotic	8	474	474	1.0	Unknown taxonomy (chromosome or plasmid)
barcode03_9Gb	contig_7034	1761	2403	catII_phenicol_antibiotic	8	642	642	1.0	Unknown taxonomy (chromosome or plasmid)
barcode03_9Gb	contig_710	3063	3852	ANT(3'')-IIa_aminoglycoside_antibiotic	20	789	789	1.0	Acinetobacter (chromosome or plasmid)
barcode03_9Gb	contig_710	69057	69873	sul2_sulfonamide_antibiotic	58	816	816	1.0	Unknown taxonomy (chromosome or plasmid)
barcode03_9Gb	contig_7162	6028	6463	Escherichia coli AcrAB-TolC with MarR mutations conferring resistance to ciprofloxacin and tetracycline_fluoroquinolone_antibiotic;_cephalosporin;_glycylcycline;_penam;_tetracycline_antibiotic;_rifamycin_antibiotic;_phenicol_antibiotic;_disinfecting_agents_and_antiseptics	5	435	435	1.0	
barcode03_9Gb	contig_7166	30934	32167	mdtM_fluoroquinolone_antibiotic;_lincosamide_antibiotic;_nucleoside_antibiotic;_phenicol_antibiotic;_disinfecting_agents_and_antiseptics	45	1233	1233	1.0	Unknown taxonomy (chromosome or plasmid)
barcode03_9Gb	contig_7170	5245	6436	tet(C)_tetracycline_antibiotic	24	1191	1191	1.0	Unknown taxonomy (chromosome or plasmid)
barcode03_9Gb	contig_7172	7815	9291	msrE_macrolide_antibiotic;_streptogramin_antibiotic	19	1476	1476	1.0	Unknown taxonomy (chromosome or plasmid)
barcode03_9Gb	contig_7172	9346	10231	mphE_macrolide_antibiotic	24	885	885	1.0	Unknown taxonomy (chromosome or plasmid)
barcode03_9Gb	contig_7183	20539	20953	H-NS_macrolide_antibiotic;_fluoroquinolone_antibiotic;_cephalosporin;_cephamycin;_penam;_tetracycline_antibiotic	31	414	414	1.0	Unknown taxonomy (chromosome or plasmid)
barcode03_9Gb	contig_7322	117329	119096	Haemophilus influenzae PBP3 conferring resistance to beta-lactam antibiotics_cephalosporin;_cephamycin;_penam	21	1767	1767	1.0	Enterobacter kobei (chromosome or plasmid)
barcode03_9Gb	contig_7322	125258	126281	leuO_nucleoside_antibiotic;_disinfecting_agents_and_antiseptics	17	1023	1023	1.0	Enterobacter kobei (chromosome)
barcode03_9Gb	contig_7322	310730	311156	FosA2_phosphonic_acid_antibiotic	9	426	426	1.0	Enterobacter kobei (chromosome)
barcode03_9Gb	contig_7386	5337	6813	msrE_macrolide_antibiotic;_streptogramin_antibiotic	41	1476	1476	1.0	Unknown taxonomy (chromosome or plasmid)
barcode03_9Gb	contig_7386	6868	7753	mphE_macrolide_antibiotic	44	885	885	1.0	Unknown taxonomy (chromosome or plasmid)
barcode03_9Gb	contig_7486	8064	8904	OXA-164_carbapenem;_penam	13	840	840	1.0	Unknown taxonomy (chromosome or plasmid)
barcode03_9Gb	contig_7489	497	1610	vanT gene in vanG cluster_glycopeptide_antibiotic	7	1113	1113	1.0	
barcode03_9Gb	contig_751	9869	10733	APH(3'')-Ib_aminoglycoside_antibiotic	22	864	864	1.0	Unknown taxonomy (chromosome or plasmid)
barcode03_9Gb	contig_751	10732	11569	APH(6)-Id_aminoglycoside_antibiotic	33	837	837	1.0	Unknown taxonomy (chromosome or plasmid)
barcode03_9Gb	contig_751	19629	20445	sul2_sulfonamide_antibiotic	40	816	816	1.0	Unknown taxonomy (chromosome or plasmid)
barcode03_9Gb	contig_7556	123317	124550	Escherichia coli mdfA_tetracycline_antibiotic;_disinfecting_agents_and_antiseptics	12	1233	1233	1.0	
barcode03_9Gb	contig_7556	235482	237231	msbA_nitroimidazole_antibiotic	18	1749	1749	1.0	Enterobacter kobei (chromosome)
barcode03_9Gb	contig_76	183127	184285	mdtE_macrolide_antibiotic;_fluoroquinolone_antibiotic;_penam	43	1158	1158	1.0	Unknown taxonomy (chromosome)
barcode03_9Gb	contig_76	188883	189708	gadX_macrolide_antibiotic;_fluoroquinolone_antibiotic;_penam	54	825	825	1.0	Escherichia coli (chromosome)
barcode03_9Gb	contig_7638	27902	29000	vanG_glycopeptide_antibiotic	10	1098	1098	1.0	Klebsiella pneumoniae (chromosome)
barcode03_9Gb	contig_7639	31884	32139	rsmA_fluoroquinolone_antibiotic;_diaminopyrimidine_antibiotic;_phenicol_antibiotic	15	255	255	1.0	
barcode03_9Gb	contig_7698	34796	35942	CMY-34_cephamycin	12	1146	1146	1.0	Citrobacter portucalensis (chromosome or plasmid)
barcode03_9Gb	contig_772	5699	6887	tet(39)_tetracycline_antibiotic	38	1188	1188	1.0	Unknown taxonomy (plasmid)
barcode03_9Gb	contig_7750	10650	11070	FosA6_phosphonic_acid_antibiotic	9	420	420	1.0	Unknown taxonomy (chromosome or plasmid)
barcode03_9Gb	contig_7790	73300	74296	CfxA6_cephamycin	20	996	996	1.0	
barcode03_9Gb	contig_8102	7300	8101	ErmF_macrolide_antibiotic;_lincosamide_antibiotic;_streptogramin_antibiotic;_streptogramin_A_antibiotic;_streptogramin_B_antibiotic	26	801	801	1.0	Unknown taxonomy (chromosome or plasmid)
barcode03_9Gb	contig_8102	9343	10207	aadS_aminoglycoside_antibiotic	26	864	864	1.0	Unknown taxonomy (chromosome or plasmid)
barcode03_9Gb	contig_821	2277	3120	OXA-58_carbapenem;_penam	17	843	843	1.0	Unknown taxonomy (chromosome or plasmid)
barcode03_9Gb	contig_8255	14227	17377	adeF_fluoroquinolone_antibiotic;_tetracycline_antibiotic	93	3150	3150	1.0	Aeromonas caviae (chromosome or plasmid)
barcode03_9Gb	contig_832	51905	53210	Acinetobacter baumannii AbaQ_fluoroquinolone_antibiotic	21	1305	1305	1.0	
barcode03_9Gb	contig_8360	40298	40946	Escherichia coli AcrAB-TolC with AcrR mutation conferring resistance to ciprofloxacin, tetracycline, and ceftazidime_fluoroquinolone_antibiotic;_cephalosporin;_glycylcycline;_penam;_tetracycline_antibiotic;_rifamycin_antibiotic;_phenicol_antibiotic;_disinfecting_agents_and_antiseptics	27	648	648	1.0	Unknown taxonomy (chromosome or plasmid)
barcode03_9Gb	contig_8360	41087	42281	Escherichia coli acrA_fluoroquinolone_antibiotic;_cephalosporin;_glycylcycline;_penam;_tetracycline_antibiotic;_rifamycin_antibiotic;_phenicol_antibiotic;_disinfecting_agents_and_antiseptics	23	1194	1194	1.0	Unknown taxonomy (chromosome or plasmid)
barcode03_9Gb	contig_8360	42303	45453	acrB_fluoroquinolone_antibiotic;_cephalosporin;_glycylcycline;_penam;_tetracycline_antibiotic;_rifamycin_antibiotic;_phenicol_antibiotic;_disinfecting_agents_and_antiseptics	26	3150	3150	1.0	Escherichia coli (chromosome or plasmid)
barcode03_9Gb	contig_8360	128016	129111	vanG_glycopeptide_antibiotic	47	1095	1095	1.0	Unknown taxonomy (chromosome or plasmid)
barcode03_9Gb	contig_8379	113920	115054	EC-14_cephalosporin	41	1134	1134	1.0	Unknown taxonomy (chromosome or plasmid)
barcode03_9Gb	contig_8449	11	599	dfrA17_diaminopyrimidine_antibiotic	3	588	588	1.0	Unknown taxonomy (chromosome or plasmid)
barcode03_9Gb	contig_8585	20578	22765	vanT gene in vanG cluster_glycopeptide_antibiotic	4	2187	2187	1.0	
barcode03_9Gb	contig_8592	2904	3249	qacG_disinfecting_agents_and_antiseptics	4	345	345	1.0	Moraxella osloensis (chromosome)
barcode03_9Gb	contig_8596	4760	5621	SHV-5_carbapenem;_cephalosporin;_penam	19	861	861	1.0	Unknown taxonomy (chromosome or plasmid)
barcode03_9Gb	contig_8596	46664	47501	APH(6)-Id_aminoglycoside_antibiotic	18	837	837	1.0	Unknown taxonomy (chromosome or plasmid)
barcode03_9Gb	contig_8649	114211	115312	vanG_glycopeptide_antibiotic	15	1101	1101	1.0	Enterobacter kobei (chromosome)
barcode03_9Gb	contig_8649	210564	213711	acrB_fluoroquinolone_antibiotic;_cephalosporin;_glycylcycline;_penam;_tetracycline_antibiotic;_rifamycin_antibiotic;_phenicol_antibiotic;_disinfecting_agents_and_antiseptics	19	3147	3147	1.0	Unknown taxonomy (chromosome)
barcode03_9Gb	contig_8649	213733	214927	Enterobacter cloacae acrA_fluoroquinolone_antibiotic;_cephalosporin;_glycylcycline;_penam;_tetracycline_antibiotic;_rifamycin_antibiotic;_phenicol_antibiotic;_disinfecting_agents_and_antiseptics	14	1194	1194	1.0	Enterobacter (chromosome)
barcode03_9Gb	contig_8700	21674	22355	QnrB76_fluoroquinolone_antibiotic	6	681	681	1.0	Citrobacter (chromosome or plasmid)
barcode03_9Gb	contig_8754	9918	10392	dfrA1_diaminopyrimidine_antibiotic	9	474	474	1.0	Unknown taxonomy (chromosome or plasmid)
barcode03_9Gb	contig_8871	4396	4720	Escherichia coli soxS with mutation conferring antibiotic resistance_fluoroquinolone_antibiotic;_monobactam;_carbapenem;_cephalosporin;_glycylcycline;_cephamycin;_penam;_tetracycline_antibiotic;_rifamycin_antibiotic;_phenicol_antibiotic;_penem;_disinfecting_agents_and_antiseptics	14	324	324	1.0	Citrobacter freundii (chromosome)
barcode03_9Gb	contig_9010	152079	152472	nimJ_nitroimidazole_antibiotic	4	393	393	1.0	
barcode03_9Gb	contig_9033	3368	4205	APH(6)-Id_aminoglycoside_antibiotic	69	837	837	1.0	Unknown taxonomy (chromosome or plasmid)
barcode03_9Gb	contig_9033	4204	5008	APH(3'')-Ib_aminoglycoside_antibiotic	81	804	804	1.0	Unknown taxonomy (chromosome or plasmid)
barcode03_9Gb	contig_9121	24794	25049	rsmA_fluoroquinolone_antibiotic;_diaminopyrimidine_antibiotic;_phenicol_antibiotic	440	255	255	1.0	
barcode03_9Gb	contig_9258	10510	12430	tet(W)_tetracycline_antibiotic	37	1920	1920	1.0	Unknown taxonomy (chromosome or plasmid)
barcode03_9Gb	contig_9308	9027	9828	ErmF_macrolide_antibiotic;_lincosamide_antibiotic;_streptogramin_antibiotic;_streptogramin_A_antibiotic;_streptogramin_B_antibiotic	18	801	801	1.0	Unknown taxonomy (chromosome or plasmid)
barcode03_9Gb	contig_9367	8925	10110	Escherichia coli EF-Tu mutants conferring resistance to Pulvomycin_elfamycin_antibiotic	26	1185	1185	1.0	Unknown taxonomy (chromosome or plasmid)
barcode03_9Gb	contig_9367	33415	34048	CRP_macrolide_antibiotic;_fluoroquinolone_antibiotic;_penam	11	633	633	1.0	Unknown taxonomy (chromosome)
barcode03_9Gb	contig_9367	140847	142503	ArnT_peptide_antibiotic	7	1656	1656	1.0	Escherichia coli (no genomic info)
barcode03_9Gb	contig_9367	145383	146364	PmrF_peptide_antibiotic	10	981	981	1.0	
barcode03_9Gb	contig_9513	22990	24757	Haemophilus influenzae PBP3 conferring resistance to beta-lactam antibiotics_cephalosporin;_cephamycin;_penam	6	1767	1767	1.0	Enterobacter (chromosome or plasmid)
barcode03_9Gb	contig_9566	17640	19407	Haemophilus influenzae PBP3 conferring resistance to beta-lactam antibiotics_cephalosporin;_cephamycin;_penam	11	1767	1767	1.0	Citrobacter (chromosome or plasmid)
barcode03_9Gb	contig_9566	25521	26469	leuO_nucleoside_antibiotic;_disinfecting_agents_and_antiseptics	10	948	948	1.0	Citrobacter freundii (chromosome)
barcode03_9Gb	contig_9609	10101	10929	vanY gene in vanB cluster_glycopeptide_antibiotic	5	828	828	1.0	
barcode03_9Gb	contig_9702	6537	7419	KPC-2_monobactam;_carbapenem;_cephalosporin;_penam	43	882	882	1.0	Unknown taxonomy (chromosome or plasmid)
barcode03_9Gb	contig_9715	53743	54565	bacA_peptide_antibiotic	18	822	822	1.0	
barcode03_9Gb	contig_9753	2538	3390	sul1_sulfonamide_antibiotic	32	852	852	1.0	Unknown taxonomy (chromosome or plasmid)
barcode03_9Gb	contig_9907	5709	8823	adeF_fluoroquinolone_antibiotic;_tetracycline_antibiotic	19	3114	3114	1.0	Enterobacter kobei (chromosome)
barcode03_9Gb	contig_9935	265597	265924	qacG_disinfecting_agents_and_antiseptics	18	327	327	1.0	
barcode03_9Gb	contig_9974	64979	65312	qacG_disinfecting_agents_and_antiseptics	11	333	333	1.0	
barcode03_9Gb	contig_998	216826	217228	FosA8_phosphonic_acid_antibiotic	132	402	402	1.0	Aeromonas caviae (chromosome or plasmid)
barcode04_03Gb	contig_10	94847	95321	vanW gene in vanI cluster_glycopeptide_antibiotic	4	474	474	1.0	
barcode04_03Gb	contig_120	10476	11577	LpsB_peptide_antibiotic	6	1101	1101	1.0	Acinetobacter baumannii (chromosome or plasmid)
barcode04_03Gb	contig_135	10983	11865	KPC-2_monobactam;_carbapenem;_cephalosporin;_penam	20	882	882	1.0	Unknown taxonomy (chromosome or plasmid)
barcode04_03Gb	contig_137	6508	7390	KPC-2_monobactam;_carbapenem;_cephalosporin;_penam	10	882	882	1.0	Unknown taxonomy (chromosome or plasmid)
barcode04_03Gb	contig_137	9805	10585	APH(3')-VIa_aminoglycoside_antibiotic	11	780	780	1.0	Unknown taxonomy (chromosome or plasmid)
barcode04_03Gb	contig_258	482064	483174	vanT gene in vanG cluster_glycopeptide_antibiotic	12	1110	1110	1.0	
barcode04_03Gb	contig_290	20637	21039	FosA8_phosphonic_acid_antibiotic	5	402	402	1.0	Aeromonas caviae (chromosome or plasmid)
barcode04_03Gb	contig_3	111556	112471	vanW gene in vanG cluster_glycopeptide_antibiotic	21	915	915	1.0	Acinetobacter johnsonii (chromosome)
barcode04_03Gb	contig_337	1576	2371	OXA-504_penam	12	795	795	1.0	Aeromonas caviae (chromosome)
barcode04_03Gb	contig_359	1059	1554	lnuC_lincosamide_antibiotic	4	495	495	1.0	Unknown taxonomy (chromosome or plasmid)
barcode04_03Gb	contig_39	2348	3824	msrE_macrolide_antibiotic;_streptogramin_antibiotic	12	1476	1476	1.0	Unknown taxonomy (chromosome or plasmid)
barcode04_03Gb	contig_39	3879	4764	mphE_macrolide_antibiotic	13	885	885	1.0	Unknown taxonomy (chromosome or plasmid)
barcode04_03Gb	contig_401	4574	4763	rsmA_fluoroquinolone_antibiotic;_diaminopyrimidine_antibiotic;_phenicol_antibiotic	3	189	189	1.0	
barcode04_03Gb	contig_534	32589	33096	nimK_nitroimidazole_antibiotic	11	507	507	1.0	
barcode04_03Gb	contig_557	10126	11362	vanT gene in vanG cluster_glycopeptide_antibiotic	7	1236	1236	1.0	
barcode04_03Gb	contig_75	80537	81362	OXA-644_carbapenem;_penam	31	825	825	1.0	Acinetobacter johnsonii (chromosome)
barcode04_03Gb	contig_81	150479	150824	qacG_disinfecting_agents_and_antiseptics	17	345	345	1.0	Acinetobacter johnsonii (chromosome)
barcode04_03Gb	contig_81	574296	574551	rsmA_fluoroquinolone_antibiotic;_diaminopyrimidine_antibiotic;_phenicol_antibiotic	23	255	255	1.0	
barcode04_03Gb	contig_89	11671	12475	ANT(3'')-IIa_aminoglycoside_antibiotic	3	804	804	1.0	Acinetobacter baumannii (chromosome or plasmid)
barcode04_05Gb	contig_1008	9373	10153	APH(3')-VIa_aminoglycoside_antibiotic	16	780	780	1.0	Unknown taxonomy (chromosome or plasmid)
barcode04_05Gb	contig_1008	12568	13450	KPC-2_monobactam;_carbapenem;_cephalosporin;_penam	10	882	882	1.0	Unknown taxonomy (chromosome or plasmid)
barcode04_05Gb	contig_1009	5471	6311	sul1_sulfonamide_antibiotic	19	840	840	1.0	Unknown taxonomy (chromosome or plasmid)
barcode04_05Gb	contig_1009	6304	6652	qacEdelta1_disinfecting_agents_and_antiseptics	20	348	348	1.0	Unknown taxonomy (chromosome or plasmid)
barcode04_05Gb	contig_1009	6767	7301	ANT(2'')-Ia_aminoglycoside_antibiotic	10	534	534	1.0	Unknown taxonomy (chromosome or plasmid)
barcode04_05Gb	contig_1032	3524	4349	OXA-217_carbapenem;_penam	3	825	825	1.0	Acinetobacter baumannii (chromosome or plasmid)
barcode04_05Gb	contig_1037	26867	27122	rsmA_fluoroquinolone_antibiotic;_diaminopyrimidine_antibiotic;_phenicol_antibiotic	8	255	255	1.0	
barcode04_05Gb	contig_120	53858	54662	APH(3'')-Ib_aminoglycoside_antibiotic	15	804	804	1.0	Unknown taxonomy (chromosome or plasmid)
barcode04_05Gb	contig_120	54661	55498	APH(6)-Id_aminoglycoside_antibiotic	19	837	837	1.0	Unknown taxonomy (chromosome or plasmid)
barcode04_05Gb	contig_120	57750	59226	msrE_macrolide_antibiotic;_streptogramin_antibiotic	27	1476	1476	1.0	Unknown taxonomy (chromosome or plasmid)
barcode04_05Gb	contig_120	59281	60166	mphE_macrolide_antibiotic	27	885	885	1.0	Unknown taxonomy (chromosome or plasmid)
barcode04_05Gb	contig_166	9225	10050	OXA-644_carbapenem;_penam	46	825	825	1.0	Acinetobacter johnsonii (chromosome)
barcode04_05Gb	contig_181	14340	15222	KPC-2_monobactam;_carbapenem;_cephalosporin;_penam	19	882	882	1.0	Unknown taxonomy (chromosome or plasmid)
barcode04_05Gb	contig_182	17452	18313	AAC(3)-IIe_aminoglycoside_antibiotic	7	861	861	1.0	Unknown taxonomy (chromosome or plasmid)
barcode04_05Gb	contig_182	20567	21167	AAC(6')-Ib-cr6_fluoroquinolone_antibiotic;_aminoglycoside_antibiotic	9	600	600	1.0	Unknown taxonomy (chromosome or plasmid)
barcode04_05Gb	contig_182	22282	22915	catB3_phenicol_antibiotic	11	633	633	1.0	Unknown taxonomy (chromosome or plasmid)
barcode04_05Gb	contig_182	23071	23419	qacEdelta1_disinfecting_agents_and_antiseptics	17	348	348	1.0	Unknown taxonomy (chromosome or plasmid)
barcode04_05Gb	contig_182	23412	24252	sul1_sulfonamide_antibiotic	12	840	840	1.0	Unknown taxonomy (chromosome or plasmid)
barcode04_05Gb	contig_182	28327	29566	Mrx_macrolide_antibiotic	31	1239	1239	1.0	Unknown taxonomy (chromosome or plasmid)
barcode04_05Gb	contig_182	29562	30468	mphA_macrolide_antibiotic	26	906	906	1.0	Unknown taxonomy (chromosome or plasmid)
barcode04_05Gb	contig_182	37668	38529	TEM-1_monobactam;_cephalosporin;_penam;_penem	17	861	861	1.0	Unknown taxonomy (chromosome or plasmid)
barcode04_05Gb	contig_184	34463	35345	KPC-2_monobactam;_carbapenem;_cephalosporin;_penam	14	882	882	1.0	Unknown taxonomy (chromosome or plasmid)
barcode04_05Gb	contig_186	7370	7829	AAC(6')-Il_aminoglycoside_antibiotic	7	459	459	1.0	Unknown taxonomy (chromosome or plasmid)
barcode04_05Gb	contig_186	7902	8766	GES-1_carbapenem;_cephalosporin;_penam	9	864	864	1.0	Unknown taxonomy (chromosome or plasmid)
barcode04_05Gb	contig_186	8888	9422	ANT(2'')-Ia_aminoglycoside_antibiotic	7	534	534	1.0	Unknown taxonomy (chromosome or plasmid)
barcode04_05Gb	contig_201	43876	45061	Escherichia coli EF-Tu mutants conferring resistance to Pulvomycin_elfamycin_antibiotic	12	1185	1185	1.0	Aeromonas caviae (chromosome or plasmid)
barcode04_05Gb	contig_210	148569	149484	vanW gene in vanG cluster_glycopeptide_antibiotic	38	915	915	1.0	Acinetobacter johnsonii (chromosome)
barcode04_05Gb	contig_217	3956	5066	vanT gene in vanG cluster_glycopeptide_antibiotic	7	1110	1110	1.0	
barcode04_05Gb	contig_221	446159	446414	rsmA_fluoroquinolone_antibiotic;_diaminopyrimidine_antibiotic;_phenicol_antibiotic	27	255	255	1.0	
barcode04_05Gb	contig_221	867529	867874	qacG_disinfecting_agents_and_antiseptics	35	345	345	1.0	Acinetobacter johnsonii (chromosome)
barcode04_05Gb	contig_246	115486	115675	rsmA_fluoroquinolone_antibiotic;_diaminopyrimidine_antibiotic;_phenicol_antibiotic	13	189	189	1.0	
barcode04_05Gb	contig_307	15686	16475	ANT(3'')-IIa_aminoglycoside_antibiotic	3	789	789	1.0	Acinetobacter baumannii (chromosome or plasmid)
barcode04_05Gb	contig_307	75722	77942	Acinetobacter baumannii parC conferring resistance to fluoroquinolones_fluoroquinolone_antibiotic	4	2220	2220	1.0	Acinetobacter baumannii (chromosome or plasmid)
barcode04_05Gb	contig_435	14137	14467	qacG_disinfecting_agents_and_antiseptics	5	330	330	1.0	
barcode04_05Gb	contig_473	1852	3037	Escherichia coli EF-Tu mutants conferring resistance to Pulvomycin_elfamycin_antibiotic	12	1185	1185	1.0	Enterobacter kobei (chromosome or plasmid)
barcode04_05Gb	contig_516	1169	1793	tetR_tetracycline_antibiotic	4	624	624	1.0	Unknown taxonomy (chromosome or plasmid)
barcode04_05Gb	contig_516	1874	3080	tet(B)_tetracycline_antibiotic	6	1206	1206	1.0	Unknown taxonomy (chromosome or plasmid)
barcode04_05Gb	contig_516	11831	12284	arr-3_rifamycin_antibiotic	10	453	453	1.0	Unknown taxonomy (chromosome or plasmid)
barcode04_05Gb	contig_516	12389	12977	AAC(6')-Ib9_aminoglycoside_antibiotic	13	588	588	1.0	Unknown taxonomy (chromosome or plasmid)
barcode04_05Gb	contig_516	13145	13493	qacEdelta1_disinfecting_agents_and_antiseptics	17	348	348	1.0	Unknown taxonomy (chromosome or plasmid)
barcode04_05Gb	contig_516	13486	14326	sul1_sulfonamide_antibiotic	18	840	840	1.0	Unknown taxonomy (chromosome or plasmid)
barcode04_05Gb	contig_57	300871	302107	vanW gene in vanI cluster_glycopeptide_antibiotic	21	1236	1236	1.0	
barcode04_05Gb	contig_580	174489	174891	FosA8_phosphonic_acid_antibiotic	7	402	402	1.0	Aeromonas caviae (chromosome or plasmid)
barcode04_05Gb	contig_60	90167	93359	adeF_fluoroquinolone_antibiotic;_tetracycline_antibiotic	30	3192	3192	1.0	
barcode04_05Gb	contig_60	347340	347847	nimK_nitroimidazole_antibiotic	10	507	507	1.0	
barcode04_05Gb	contig_61	630325	631435	vanT gene in vanG cluster_glycopeptide_antibiotic	22	1110	1110	1.0	
barcode04_05Gb	contig_671	2913	3741	OXA-253_carbapenem;_penam	8	828	828	1.0	Acinetobacter baumannii (chromosome)
barcode04_05Gb	contig_713	52696	53848	ADC-154_cephalosporin	7	1152	1152	1.0	Acinetobacter baumannii (chromosome or plasmid)
barcode04_05Gb	contig_824	40004	42482	vanT gene in vanG cluster_glycopeptide_antibiotic	9	2478	2478	1.0	
barcode04_05Gb	contig_845	8465	9920	adeK_macrolide_antibiotic;_fluoroquinolone_antibiotic;_lincosamide_antibiotic;_carbapenem;_cephalosporin;_tetracycline_antibiotic;_rifamycin_antibiotic;_diaminopyrimidine_antibiotic;_phenicol_antibiotic;_penem	11	1455	1455	1.0	Acinetobacter baumannii (chromosome or plasmid)
barcode04_05Gb	contig_9	99293	100088	OXA-504_penam	13	795	795	1.0	Aeromonas caviae (chromosome)
barcode04_05Gb	contig_982	2576	3140	lnuC_lincosamide_antibiotic	13	564	564	1.0	Unknown taxonomy (chromosome or plasmid)
barcode04_1Gb	contig_1005	149	1010	TEM-1_monobactam;_cephalosporin;_penam;_penem	34	861	861	1.0	Unknown taxonomy (chromosome or plasmid)
barcode04_1Gb	contig_1006	4671	5514	OXA-58_carbapenem;_penam	5	843	843	1.0	Unknown taxonomy (chromosome or plasmid)
barcode04_1Gb	contig_1046	111489	113967	vanT gene in vanG cluster_glycopeptide_antibiotic	21	2478	2478	1.0	
barcode04_1Gb	contig_1062	85436	86588	ADC-154_cephalosporin	8	1152	1152	1.0	Acinetobacter baumannii (chromosome or plasmid)
barcode04_1Gb	contig_1062	441501	442752	adeI_macrolide_antibiotic;_fluoroquinolone_antibiotic;_lincosamide_antibiotic;_carbapenem;_cephalosporin;_tetracycline_antibiotic;_rifamycin_antibiotic;_diaminopyrimidine_antibiotic;_phenicol_antibiotic;_penem	8	1251	1251	1.0	Acinetobacter baumannii (chromosome or plasmid)
barcode04_1Gb	contig_1062	442764	445941	adeJ_macrolide_antibiotic;_fluoroquinolone_antibiotic;_lincosamide_antibiotic;_carbapenem;_cephalosporin;_tetracycline_antibiotic;_rifamycin_antibiotic;_diaminopyrimidine_antibiotic;_phenicol_antibiotic;_penem	11	3177	3177	1.0	Acinetobacter baumannii (chromosome or plasmid)
barcode04_1Gb	contig_1062	445940	447395	adeK_macrolide_antibiotic;_fluoroquinolone_antibiotic;_lincosamide_antibiotic;_carbapenem;_cephalosporin;_tetracycline_antibiotic;_rifamycin_antibiotic;_diaminopyrimidine_antibiotic;_phenicol_antibiotic;_penem	7	1455	1455	1.0	Acinetobacter baumannii (chromosome or plasmid)
barcode04_1Gb	contig_1123	68382	69846	Acinetobacter baumannii AmvA_macrolide_antibiotic;_disinfecting_agents_and_antiseptics	5	1464	1464	1.0	Acinetobacter baumannii (chromosome or plasmid)
barcode04_1Gb	contig_1137	116612	117260	Escherichia coli AcrAB-TolC with AcrR mutation conferring resistance to ciprofloxacin, tetracycline, and ceftazidime_fluoroquinolone_antibiotic;_cephalosporin;_glycylcycline;_penam;_tetracycline_antibiotic;_rifamycin_antibiotic;_phenicol_antibiotic;_disinfecting_agents_and_antiseptics	9	648	648	1.0	Unknown taxonomy (chromosome or plasmid)
barcode04_1Gb	contig_1150	9437	9932	lnuC_lincosamide_antibiotic	15	495	495	1.0	Unknown taxonomy (chromosome or plasmid)
barcode04_1Gb	contig_1153	1965	2781	sul2_sulfonamide_antibiotic	9	816	816	1.0	Unknown taxonomy (chromosome or plasmid)
barcode04_1Gb	contig_1189	3085	3619	ANT(2'')-Ia_aminoglycoside_antibiotic	11	534	534	1.0	Unknown taxonomy (chromosome or plasmid)
barcode04_1Gb	contig_119	2870	4058	tet(39)_tetracycline_antibiotic	26	1188	1188	1.0	Unknown taxonomy (plasmid)
barcode04_1Gb	contig_121	1046	2231	Escherichia coli EF-Tu mutants conferring resistance to Pulvomycin_elfamycin_antibiotic	33	1185	1185	1.0	Aeromonas caviae (chromosome or plasmid)
barcode04_1Gb	contig_121	20252	21437	Escherichia coli EF-Tu mutants conferring resistance to Pulvomycin_elfamycin_antibiotic	31	1185	1185	1.0	Aeromonas caviae (chromosome or plasmid)
barcode04_1Gb	contig_1230	3603	4827	tet(B)_tetracycline_antibiotic	7	1224	1224	1.0	Unknown taxonomy (chromosome or plasmid)
barcode04_1Gb	contig_1230	4887	5514	tetR_tetracycline_antibiotic	7	627	627	1.0	Unknown taxonomy (chromosome or plasmid)
barcode04_1Gb	contig_1230	15381	16296	PER-2_monobactam;_carbapenem;_cephalosporin;_penam;_penem	6	915	915	1.0	Unknown taxonomy (plasmid)
barcode04_1Gb	contig_1230	160143	161004	AAC(3)-IId_aminoglycoside_antibiotic	8	861	861	1.0	Unknown taxonomy (chromosome or plasmid)
barcode04_1Gb	contig_1339	11515	12148	CRP_macrolide_antibiotic;_fluoroquinolone_antibiotic;_penam	19	633	633	1.0	Unknown taxonomy (chromosome or plasmid)
barcode04_1Gb	contig_1357	7561	9046	APH(3'')-Ib_aminoglycoside_antibiotic	20	1485	1485	1.0	Pseudomonas aeruginosa (chromosome or plasmid)
barcode04_1Gb	contig_1357	9045	9882	APH(6)-Id_aminoglycoside_antibiotic	21	837	837	1.0	Unknown taxonomy (chromosome or plasmid)
barcode04_1Gb	contig_137	578136	579246	vanT gene in vanG cluster_glycopeptide_antibiotic	10	1110	1110	1.0	
barcode04_1Gb	contig_1375	14578	14764	rsmA_fluoroquinolone_antibiotic;_diaminopyrimidine_antibiotic;_phenicol_antibiotic	12	186	186	1.0	Enterobacter (chromosome or plasmid)
barcode04_1Gb	contig_1492	16737	17976	mdtM_fluoroquinolone_antibiotic;_lincosamide_antibiotic;_nucleoside_antibiotic;_phenicol_antibiotic;_disinfecting_agents_and_antiseptics	7	1239	1239	1.0	Escherichia coli (chromosome or plasmid)
barcode04_1Gb	contig_1523	93249	94071	bacA_peptide_antibiotic	13	822	822	1.0	Escherichia coli (chromosome or plasmid)
barcode04_1Gb	contig_1649	19536	20736	tet(A)_tetracycline_antibiotic	19	1200	1200	1.0	Unknown taxonomy (chromosome or plasmid)
barcode04_1Gb	contig_17	13221	14202	APH(6)-Id_aminoglycoside_antibiotic	21	981	981	1.0	Unknown taxonomy (chromosome or plasmid)
barcode04_1Gb	contig_1744	7674	8862	tet(39)_tetracycline_antibiotic	27	1188	1188	1.0	Unknown taxonomy (plasmid)
barcode04_1Gb	contig_178	53210	54368	vanT gene in vanG cluster_glycopeptide_antibiotic	11	1158	1158	1.0	
barcode04_1Gb	contig_1811	3442	5014	mdtP_nucleoside_antibiotic;_disinfecting_agents_and_antiseptics	6	1572	1572	1.0	Escherichia coli (chromosome or plasmid)
barcode04_1Gb	contig_1811	7063	8095	mdtN_nucleoside_antibiotic;_disinfecting_agents_and_antiseptics	6	1032	1032	1.0	Escherichia coli (chromosome or plasmid)
barcode04_1Gb	contig_1821	61085	61409	Escherichia coli soxS with mutation conferring antibiotic resistance_fluoroquinolone_antibiotic;_monobactam;_carbapenem;_cephalosporin;_glycylcycline;_cephamycin;_penam;_tetracycline_antibiotic;_rifamycin_antibiotic;_phenicol_antibiotic;_penem;_disinfecting_agents_and_antiseptics	12	324	324	1.0	Unknown taxonomy (chromosome or plasmid)
barcode04_1Gb	contig_1821	61494	61959	Escherichia coli soxR with mutation conferring antibiotic resistance_fluoroquinolone_antibiotic;_cephalosporin;_glycylcycline;_penam;_tetracycline_antibiotic;_rifamycin_antibiotic;_phenicol_antibiotic;_disinfecting_agents_and_antiseptics	12	465	465	1.0	Unknown taxonomy (chromosome or plasmid)
barcode04_1Gb	contig_184	4429	5614	Escherichia coli EF-Tu mutants conferring resistance to Pulvomycin_elfamycin_antibiotic	8	1185	1185	1.0	Klebsiella (chromosome or plasmid)
barcode04_1Gb	contig_1874	32489	33623	vanW gene in vanI cluster_glycopeptide_antibiotic	2	1134	1134	1.0	
barcode04_1Gb	contig_1897	1079	2267	tet(39)_tetracycline_antibiotic	21	1188	1188	1.0	Unknown taxonomy (plasmid)
barcode04_1Gb	contig_1910	3368	3623	rsmA_fluoroquinolone_antibiotic;_diaminopyrimidine_antibiotic;_phenicol_antibiotic	9	255	255	1.0	
barcode04_1Gb	contig_1920	10231	11197	CfxA3_cephamycin	8	966	966	1.0	Unknown taxonomy (chromosome or plasmid)
barcode04_1Gb	contig_1977	10959	11754	OXA-504_penam	33	795	795	1.0	Aeromonas caviae (chromosome)
barcode04_1Gb	contig_2008	12807	14283	msrE_macrolide_antibiotic;_streptogramin_antibiotic	24	1476	1476	1.0	Unknown taxonomy (chromosome or plasmid)
barcode04_1Gb	contig_2008	14338	15223	mphE_macrolide_antibiotic	16	885	885	1.0	Unknown taxonomy (chromosome or plasmid)
barcode04_1Gb	contig_2033	12069	13518	adeH_fluoroquinolone_antibiotic;_tetracycline_antibiotic	10	1449	1449	1.0	Acinetobacter baumannii (chromosome or plasmid)
barcode04_1Gb	contig_2033	13530	16710	adeF_fluoroquinolone_antibiotic;_tetracycline_antibiotic	11	3180	3180	1.0	Acinetobacter baumannii (chromosome or plasmid)
barcode04_1Gb	contig_2033	16716	17937	adeG_fluoroquinolone_antibiotic;_tetracycline_antibiotic	7	1221	1221	1.0	Acinetobacter baumannii (chromosome or plasmid)
barcode04_1Gb	contig_2033	18152	19166	adeL_fluoroquinolone_antibiotic;_tetracycline_antibiotic	8	1014	1014	1.0	Acinetobacter baumannii (chromosome or plasmid)
barcode04_1Gb	contig_2033	22474	22804	abeS_macrolide_antibiotic;_aminocoumarin_antibiotic	6	330	330	1.0	Acinetobacter baumannii (chromosome or plasmid)
barcode04_1Gb	contig_2035	125717	126869	MOX-13_cephalosporin;_cephamycin;_penam	15	1152	1152	1.0	Aeromonas caviae (chromosome or plasmid)
barcode04_1Gb	contig_2046	381	1032	AAC(6')-Ib9_aminoglycoside_antibiotic	11	651	651	1.0	Unknown taxonomy (chromosome or plasmid)
barcode04_1Gb	contig_2046	1073	1937	GES-1_carbapenem;_cephalosporin;_penam	25	864	864	1.0	Unknown taxonomy (chromosome or plasmid)
barcode04_1Gb	contig_2046	10042	10822	APH(3')-VIa_aminoglycoside_antibiotic	8	780	780	1.0	Unknown taxonomy (chromosome or plasmid)
barcode04_1Gb	contig_2046	16578	17178	AAC(6')-Ib-cr6_fluoroquinolone_antibiotic;_aminoglycoside_antibiotic	11	600	600	1.0	Unknown taxonomy (chromosome or plasmid)
barcode04_1Gb	contig_2046	17453	18110	QnrVC4_fluoroquinolone_antibiotic	6	657	657	1.0	Unknown taxonomy (chromosome or plasmid)
barcode04_1Gb	contig_2046	18192	18654	AAC(6')-Ib9_aminoglycoside_antibiotic	7	462	462	1.0	Unknown taxonomy (chromosome or plasmid)
barcode04_1Gb	contig_2079	6446	7328	KPC-2_monobactam;_carbapenem;_cephalosporin;_penam	12	882	882	1.0	Unknown taxonomy (chromosome or plasmid)
barcode04_1Gb	contig_2097	31748	33236	vanW gene in vanI cluster_glycopeptide_antibiotic	4	1488	1488	1.0	
barcode04_1Gb	contig_214	13982	14171	rsmA_fluoroquinolone_antibiotic;_diaminopyrimidine_antibiotic;_phenicol_antibiotic	26	189	189	1.0	
barcode04_1Gb	contig_214	137765	138167	FosA8_phosphonic_acid_antibiotic	19	402	402	1.0	Aeromonas caviae (chromosome or plasmid)
barcode04_1Gb	contig_23	4088	4745	QnrS1_fluoroquinolone_antibiotic	11	657	657	1.0	Unknown taxonomy (chromosome or plasmid)
barcode04_1Gb	contig_281	6895	7801	mphA_macrolide_antibiotic	26	906	906	1.0	Unknown taxonomy (chromosome or plasmid)
barcode04_1Gb	contig_281	7797	9036	Mrx_macrolide_antibiotic	32	1239	1239	1.0	Unknown taxonomy (chromosome or plasmid)
barcode04_1Gb	contig_281	13111	13951	sul1_sulfonamide_antibiotic	28	840	840	1.0	Unknown taxonomy (chromosome or plasmid)
barcode04_1Gb	contig_281	13944	14292	qacEdelta1_disinfecting_agents_and_antiseptics	30	348	348	1.0	Unknown taxonomy (chromosome or plasmid)
barcode04_1Gb	contig_281	14457	15396	aadA2_aminoglycoside_antibiotic	19	939	939	1.0	Klebsiella pneumoniae (chromosome or plasmid)
barcode04_1Gb	contig_35	189802	190717	vanW gene in vanG cluster_glycopeptide_antibiotic	62	915	915	1.0	Acinetobacter johnsonii (chromosome)
barcode04_1Gb	contig_413	1150803	1151913	vanT gene in vanG cluster_glycopeptide_antibiotic	36	1110	1110	1.0	
barcode04_1Gb	contig_413	1654465	1654972	nimK_nitroimidazole_antibiotic	40	507	507	1.0	
barcode04_1Gb	contig_413	2355413	2356649	vanW gene in vanI cluster_glycopeptide_antibiotic	32	1236	1236	1.0	
barcode04_1Gb	contig_426	4497	5358	SHV-5_carbapenem;_cephalosporin;_penam	7	861	861	1.0	Unknown taxonomy (chromosome or plasmid)
barcode04_1Gb	contig_449	37915	39220	Acinetobacter baumannii AbaQ_fluoroquinolone_antibiotic	11	1305	1305	1.0	Acinetobacter baumannii (chromosome or plasmid)
barcode04_1Gb	contig_473	794	1934	emrK_tetracycline_antibiotic	3	1140	1140	1.0	Unknown taxonomy (chromosome or plasmid)
barcode04_1Gb	contig_473	1965	3504	emrY_tetracycline_antibiotic	4	1539	1539	1.0	Unknown taxonomy (chromosome or plasmid)
barcode04_1Gb	contig_480	81666	82032	qacG_disinfecting_agents_and_antiseptics	43	366	366	1.0	Acinetobacter johnsonii (chromosome)
barcode04_1Gb	contig_486	16314	17094	APH(3')-VIa_aminoglycoside_antibiotic	18	780	780	1.0	Acinetobacter baumannii (chromosome or plasmid)
barcode04_1Gb	contig_487	13050	13890	sul1_sulfonamide_antibiotic	32	840	840	1.0	Unknown taxonomy (chromosome or plasmid)
barcode04_1Gb	contig_487	13883	14231	qacEdelta1_disinfecting_agents_and_antiseptics	30	348	348	1.0	Unknown taxonomy (chromosome or plasmid)
barcode04_1Gb	contig_487	14453	14906	arr-3_rifamycin_antibiotic	13	453	453	1.0	Unknown taxonomy (chromosome or plasmid)
barcode04_1Gb	contig_487	15763	16594	OXA-1_cephalosporin;_penam	10	831	831	1.0	Unknown taxonomy (chromosome or plasmid)
barcode04_1Gb	contig_487	16724	17324	AAC(6')-Ib-cr6_fluoroquinolone_antibiotic;_aminoglycoside_antibiotic	13	600	600	1.0	Unknown taxonomy (chromosome or plasmid)
barcode04_1Gb	contig_506	3149	4031	KPC-2_monobactam;_carbapenem;_cephalosporin;_penam	57	882	882	1.0	Unknown taxonomy (chromosome or plasmid)
barcode04_1Gb	contig_59	12043	13519	msrE_macrolide_antibiotic;_streptogramin_antibiotic	40	1476	1476	1.0	Unknown taxonomy (chromosome or plasmid)
barcode04_1Gb	contig_59	13574	14459	mphE_macrolide_antibiotic	34	885	885	1.0	Unknown taxonomy (chromosome or plasmid)
barcode04_1Gb	contig_59	15424	16285	TEM-1_monobactam;_cephalosporin;_penam;_penem	18	861	861	1.0	Unknown taxonomy (chromosome or plasmid)
barcode04_1Gb	contig_59	16984	17809	OXA-9_penam	10	825	825	1.0	Unknown taxonomy (chromosome or plasmid)
barcode04_1Gb	contig_59	17839	18646	aadA_aminoglycoside_antibiotic	14	807	807	1.0	Unknown taxonomy (chromosome or plasmid)
barcode04_1Gb	contig_59	18899	19334	AAC(6')-Ib9_aminoglycoside_antibiotic	11	435	435	1.0	Unknown taxonomy (chromosome or plasmid)
barcode04_1Gb	contig_654	7985	11150	adeF_fluoroquinolone_antibiotic;_tetracycline_antibiotic	7	3165	3165	1.0	Acinetobacter (chromosome or plasmid)
barcode04_1Gb	contig_663	12294	13119	OXA-644_carbapenem;_penam	79	825	825	1.0	Acinetobacter johnsonii (chromosome)
barcode04_1Gb	contig_688	7170	8058	vanW gene in vanG cluster_glycopeptide_antibiotic	5	888	888	1.0	
barcode04_1Gb	contig_691	78823	79648	gadX_macrolide_antibiotic;_fluoroquinolone_antibiotic;_penam	5	825	825	1.0	Escherichia coli (chromosome)
barcode04_1Gb	contig_691	81107	84221	mdtF_macrolide_antibiotic;_fluoroquinolone_antibiotic;_penam	6	3114	3114	1.0	Escherichia coli (chromosome)
barcode04_1Gb	contig_721	17298	17733	Escherichia coli AcrAB-TolC with MarR mutations conferring resistance to ciprofloxacin and tetracycline_fluoroquinolone_antibiotic;_cephalosporin;_glycylcycline;_penam;_tetracycline_antibiotic;_rifamycin_antibiotic;_phenicol_antibiotic;_disinfecting_agents_and_antiseptics	13	435	435	1.0	Unknown taxonomy (chromosome or plasmid)
barcode04_1Gb	contig_721	17752	18136	marA_fluoroquinolone_antibiotic;_monobactam;_carbapenem;_cephalosporin;_glycylcycline;_cephamycin;_penam;_tetracycline_antibiotic;_rifamycin_antibiotic;_phenicol_antibiotic;_penem;_disinfecting_agents_and_antiseptics	13	384	384	1.0	Escherichia coli (chromosome or plasmid)
barcode04_1Gb	contig_735	18542	19643	LpsB_peptide_antibiotic	5	1101	1101	1.0	Acinetobacter baumannii (chromosome or plasmid)
barcode04_1Gb	contig_737	42277	43624	abeM_fluoroquinolone_antibiotic;_disinfecting_agents_and_antiseptics	9	1347	1347	1.0	Acinetobacter baumannii (chromosome or plasmid)
barcode04_1Gb	contig_737	254313	256533	Acinetobacter baumannii parC conferring resistance to fluoroquinolones_fluoroquinolone_antibiotic	5	2220	2220	1.0	Acinetobacter baumannii (chromosome or plasmid)
barcode04_1Gb	contig_783	120619	121753	Escherichia coli ampC beta-lactamase_cephalosporin;_penam	22	1134	1134	1.0	Unknown taxonomy (chromosome or plasmid)
barcode04_1Gb	contig_786	53912	54167	rsmA_fluoroquinolone_antibiotic;_diaminopyrimidine_antibiotic;_phenicol_antibiotic	58	255	255	1.0	
barcode04_1Gb	contig_819	1322	2525	vanT gene in vanG cluster_glycopeptide_antibiotic	4	1203	1203	1.0	
barcode04_1Gb	contig_877	75845	76508	AcrS_fluoroquinolone_antibiotic;_cephalosporin;_glycylcycline;_cephamycin;_penam;_tetracycline_antibiotic;_rifamycin_antibiotic;_phenicol_antibiotic;_disinfecting_agents_and_antiseptics	9	663	663	1.0	Unknown taxonomy (chromosome or plasmid)
barcode04_1Gb	contig_88	17311	18100	ANT(3'')-IIa_aminoglycoside_antibiotic	16	789	789	1.0	Acinetobacter baumannii (chromosome or plasmid)
barcode04_1Gb	contig_904	496	1378	KPC-2_monobactam;_carbapenem;_cephalosporin;_penam	17	882	882	1.0	Unknown taxonomy (chromosome or plasmid)
barcode04_1Gb	contig_904	3793	4573	APH(3')-VIa_aminoglycoside_antibiotic	7	780	780	1.0	Unknown taxonomy (chromosome or plasmid)
barcode04_1Gb	contig_906	2721	3174	arr-3_rifamycin_antibiotic	20	453	453	1.0	Unknown taxonomy (chromosome or plasmid)
barcode04_1Gb	contig_906	3246	3933	AAC(6')-Ib9_aminoglycoside_antibiotic	22	687	687	1.0	Unknown taxonomy (chromosome or plasmid)
barcode04_1Gb	contig_906	4037	4385	qacEdelta1_disinfecting_agents_and_antiseptics	37	348	348	1.0	Unknown taxonomy (chromosome or plasmid)
barcode04_1Gb	contig_906	4378	5218	sul1_sulfonamide_antibiotic	39	840	840	1.0	Unknown taxonomy (chromosome or plasmid)
barcode04_1Gb	contig_916	13362	13548	rsmA_fluoroquinolone_antibiotic;_diaminopyrimidine_antibiotic;_phenicol_antibiotic	9	186	186	1.0	Unknown taxonomy (chromosome or plasmid)
barcode04_1Gb	contig_918	16428	17244	sul2_sulfonamide_antibiotic	13	816	816	1.0	Unknown taxonomy (chromosome or plasmid)
barcode04_3Gb	contig_1	85598	86672	vanT gene in vanG cluster_glycopeptide_antibiotic	40	1074	1074	1.0	
barcode04_3Gb	contig_1018	299624	299990	Klebsiella pneumoniae KpnE_macrolide_antibiotic;_aminoglycoside_antibiotic;_cephalosporin;_tetracycline_antibiotic;_peptide_antibiotic;_rifamycin_antibiotic;_disinfecting_agents_and_antiseptics	13	366	366	1.0	Unknown taxonomy (chromosome or plasmid)
barcode04_3Gb	contig_1018	299976	300306	Klebsiella pneumoniae KpnF_macrolide_antibiotic;_aminoglycoside_antibiotic;_cephalosporin;_tetracycline_antibiotic;_peptide_antibiotic;_rifamycin_antibiotic;_disinfecting_agents_and_antiseptics	14	330	330	1.0	Unknown taxonomy (chromosome or plasmid)
barcode04_3Gb	contig_102	2348	3275	PER-3_monobactam;_carbapenem;_cephalosporin;_penam;_penem	9	927	927	1.0	Unknown taxonomy (chromosome or plasmid)
barcode04_3Gb	contig_102	10803	11643	sul1_sulfonamide_antibiotic	10	840	840	1.0	Unknown taxonomy (chromosome or plasmid)
barcode04_3Gb	contig_102	13543	13909	BRP(MBL)_glycopeptide_antibiotic	15	366	366	1.0	Unknown taxonomy (chromosome or plasmid)
barcode04_3Gb	contig_102	13912	14725	NDM-1_carbapenem;_cephalosporin;_cephamycin;_penam	14	813	813	1.0	Unknown taxonomy (chromosome or plasmid)
barcode04_3Gb	contig_102	18324	19164	sul1_sulfonamide_antibiotic	27	840	840	1.0	Unknown taxonomy (chromosome or plasmid)
barcode04_3Gb	contig_102	19157	19505	qacEdelta1_disinfecting_agents_and_antiseptics	29	348	348	1.0	Unknown taxonomy (chromosome or plasmid)
barcode04_3Gb	contig_102	19727	20180	arr-3_rifamycin_antibiotic	28	453	453	1.0	Unknown taxonomy (chromosome or plasmid)
barcode04_3Gb	contig_102	20264	20897	catB3_phenicol_antibiotic	32	633	633	1.0	Unknown taxonomy (chromosome or plasmid)
barcode04_3Gb	contig_102	21034	21865	OXA-1_cephalosporin;_penam	32	831	831	1.0	Unknown taxonomy (chromosome or plasmid)
barcode04_3Gb	contig_102	21995	22490	AAC(6')-Ib-cr4_fluoroquinolone_antibiotic;_aminoglycoside_antibiotic	22	495	495	1.0	Unknown taxonomy (chromosome or plasmid)
barcode04_3Gb	contig_102	28713	29913	tet(A)_tetracycline_antibiotic	22	1200	1200	1.0	Unknown taxonomy (chromosome or plasmid)
barcode04_3Gb	contig_102	34891	35728	APH(6)-Id_aminoglycoside_antibiotic	28	837	837	1.0	Unknown taxonomy (chromosome or plasmid)
barcode04_3Gb	contig_1054	629646	632178	vanT gene in vanG cluster_glycopeptide_antibiotic	40	2532	2532	1.0	
barcode04_3Gb	contig_1064	31199	32075	CTX-M-15_cephalosporin;_penam	22	876	876	1.0	Unknown taxonomy (chromosome or plasmid)
barcode04_3Gb	contig_1064	36715	37372	QnrS1_fluoroquinolone_antibiotic	27	657	657	1.0	Unknown taxonomy (chromosome or plasmid)
barcode04_3Gb	contig_1065	32961	33435	dfrA1_diaminopyrimidine_antibiotic	15	474	474	1.0	Unknown taxonomy (chromosome or plasmid)
barcode04_3Gb	contig_1065	33539	34319	aadA_aminoglycoside_antibiotic	16	780	780	1.0	Unknown taxonomy (chromosome or plasmid)
barcode04_3Gb	contig_1065	34482	34830	qacEdelta1_disinfecting_agents_and_antiseptics	21	348	348	1.0	Unknown taxonomy (chromosome or plasmid)
barcode04_3Gb	contig_1065	34823	35663	sul1_sulfonamide_antibiotic	15	840	840	1.0	Unknown taxonomy (chromosome or plasmid)
barcode04_3Gb	contig_1073	12736	13975	Mrx_macrolide_antibiotic	54	1239	1239	1.0	Unknown taxonomy (chromosome or plasmid)
barcode04_3Gb	contig_1073	13971	14877	mphA_macrolide_antibiotic	59	906	906	1.0	Unknown taxonomy (chromosome or plasmid)
barcode04_3Gb	contig_1073	15944	16805	TEM-1_monobactam;_cephalosporin;_penam;_penem	34	861	861	1.0	Unknown taxonomy (chromosome or plasmid)
barcode04_3Gb	contig_1103	2066	2540	dfrA6_diaminopyrimidine_antibiotic	18	474	474	1.0	Unknown taxonomy (chromosome or plasmid)
barcode04_3Gb	contig_1103	2698	3355	QnrVC1_fluoroquinolone_antibiotic	17	657	657	1.0	Unknown taxonomy (chromosome or plasmid)
barcode04_3Gb	contig_1135	317768	318353	lnuC_lincosamide_antibiotic	25	585	585	1.0	Unknown taxonomy (chromosome or plasmid)
barcode04_3Gb	contig_1135	383222	386375	adeF_fluoroquinolone_antibiotic;_tetracycline_antibiotic	12	3153	3153	1.0	
barcode04_3Gb	contig_1136	27724	29278	vanW gene in vanI cluster_glycopeptide_antibiotic	9	1554	1554	1.0	
barcode04_3Gb	contig_116	1195	2380	Escherichia coli EF-Tu mutants conferring resistance to Pulvomycin_elfamycin_antibiotic	60	1185	1185	1.0	Aeromonas caviae (chromosome or plasmid)
barcode04_3Gb	contig_116	20406	21591	Escherichia coli EF-Tu mutants conferring resistance to Pulvomycin_elfamycin_antibiotic	53	1185	1185	1.0	Aeromonas caviae (chromosome or plasmid)
barcode04_3Gb	contig_1163	16179	18171	ArnT_peptide_antibiotic	6	1992	1992	1.0	Enterobacter kobei (chromosome)
barcode04_3Gb	contig_1176	9529	9784	rsmA_fluoroquinolone_antibiotic;_diaminopyrimidine_antibiotic;_phenicol_antibiotic	28	255	255	1.0	
barcode04_3Gb	contig_1226	838	1723	mphE_macrolide_antibiotic	44	885	885	1.0	Unknown taxonomy (chromosome or plasmid)
barcode04_3Gb	contig_1226	1778	3254	msrE_macrolide_antibiotic;_streptogramin_antibiotic	52	1476	1476	1.0	Unknown taxonomy (chromosome or plasmid)
barcode04_3Gb	contig_132	730600	731164	lnuC_lincosamide_antibiotic	38	564	564	1.0	Unknown taxonomy (chromosome or plasmid)
barcode04_3Gb	contig_132	1261608	1263102	vanW gene in vanI cluster_glycopeptide_antibiotic	14	1494	1494	1.0	
barcode04_3Gb	contig_132	1332484	1333687	vanT gene in vanG cluster_glycopeptide_antibiotic	9	1203	1203	1.0	
barcode04_3Gb	contig_1330	4873	6058	Escherichia coli EF-Tu mutants conferring resistance to Pulvomycin_elfamycin_antibiotic	10	1185	1185	1.0	Unknown taxonomy (chromosome or plasmid)
barcode04_3Gb	contig_1332	27163	28402	Mrx_macrolide_antibiotic	60	1239	1239	1.0	Unknown taxonomy (chromosome or plasmid)
barcode04_3Gb	contig_1332	28398	29304	mphA_macrolide_antibiotic	66	906	906	1.0	Unknown taxonomy (chromosome or plasmid)
barcode04_3Gb	contig_1332	30526	31366	sul1_sulfonamide_antibiotic	18	840	840	1.0	Unknown taxonomy (chromosome or plasmid)
barcode04_3Gb	contig_1332	31359	31707	qacEdelta1_disinfecting_agents_and_antiseptics	19	348	348	1.0	Unknown taxonomy (chromosome or plasmid)
barcode04_3Gb	contig_1332	31912	32701	aadA5_aminoglycoside_antibiotic	16	789	789	1.0	Unknown taxonomy (chromosome or plasmid)
barcode04_3Gb	contig_1332	32831	33431	dfrA17_diaminopyrimidine_antibiotic	13	600	600	1.0	Unknown taxonomy (chromosome or plasmid)
barcode04_3Gb	contig_1446	2164	3379	floR_phenicol_antibiotic	10	1215	1215	1.0	Unknown taxonomy (chromosome or plasmid)
barcode04_3Gb	contig_150	3614	4874	cmlA5_phenicol_antibiotic	20	1260	1260	1.0	Unknown taxonomy (chromosome or plasmid)
barcode04_3Gb	contig_150	5138	5939	OXA-10_cephalosporin;_penam	19	801	801	1.0	Unknown taxonomy (chromosome or plasmid)
barcode04_3Gb	contig_150	5931	6984	aadA_aminoglycoside_antibiotic	18	1053	1053	1.0	Unknown taxonomy (chromosome or plasmid)
barcode04_3Gb	contig_150	7254	8094	sul1_sulfonamide_antibiotic	48	840	840	1.0	Unknown taxonomy (chromosome or plasmid)
barcode04_3Gb	contig_1509	180231	183345	acrD_aminoglycoside_antibiotic	11	3114	3114	1.0	Escherichia coli (chromosome or plasmid)
barcode04_3Gb	contig_1509	274012	277606	evgS_macrolide_antibiotic;_fluoroquinolone_antibiotic;_penam;_tetracycline_antibiotic	10	3594	3594	1.0	Unknown taxonomy (chromosome or plasmid)
barcode04_3Gb	contig_1509	277610	278225	evgA_macrolide_antibiotic;_fluoroquinolone_antibiotic;_penam;_tetracycline_antibiotic	10	615	615	1.0	Unknown taxonomy (chromosome or plasmid)
barcode04_3Gb	contig_1509	278748	279804	emrK_tetracycline_antibiotic	11	1056	1056	1.0	Unknown taxonomy (chromosome or plasmid)
barcode04_3Gb	contig_1509	279803	281342	emrY_tetracycline_antibiotic	12	1539	1539	1.0	Unknown taxonomy (chromosome or plasmid)
barcode04_3Gb	contig_152	5218	6058	sul1_sulfonamide_antibiotic	44	840	840	1.0	Unknown taxonomy (chromosome or plasmid)
barcode04_3Gb	contig_152	6051	6399	qacEdelta1_disinfecting_agents_and_antiseptics	45	348	348	1.0	Unknown taxonomy (chromosome or plasmid)
barcode04_3Gb	contig_152	6562	7342	aadA2_aminoglycoside_antibiotic	24	780	780	1.0	Unknown taxonomy (chromosome or plasmid)
barcode04_3Gb	contig_152	7761	8259	dfrA12_diaminopyrimidine_antibiotic	18	498	498	1.0	Unknown taxonomy (chromosome or plasmid)
barcode04_3Gb	contig_152	16193	17033	OXA-2_carbapenem;_cephalosporin;_penam	16	840	840	1.0	Unknown taxonomy (chromosome or plasmid)
barcode04_3Gb	contig_152	17050	17842	aadA_aminoglycoside_antibiotic	10	792	792	1.0	Unknown taxonomy (chromosome or plasmid)
barcode04_3Gb	contig_152	19278	20142	sul4_sulfonamide_antibiotic	5	864	864	1.0	Unknown taxonomy (chromosome or plasmid)
barcode04_3Gb	contig_155	159852	160965	vanT gene in vanG cluster_glycopeptide_antibiotic	10	1113	1113	1.0	
barcode04_3Gb	contig_158	22793	23984	tet(C)_tetracycline_antibiotic	21	1191	1191	1.0	Unknown taxonomy (chromosome or plasmid)
barcode04_3Gb	contig_1677	21756	22584	OXA-253_carbapenem;_penam	39	828	828	1.0	Acinetobacter baumannii (chromosome)
barcode04_3Gb	contig_183	47906	50465	adeF_fluoroquinolone_antibiotic;_tetracycline_antibiotic	15	2559	2559	1.0	Unknown taxonomy (chromosome)
barcode04_3Gb	contig_1861	3723	4527	APH(3'')-Ib_aminoglycoside_antibiotic	34	804	804	1.0	Unknown taxonomy (chromosome or plasmid)
barcode04_3Gb	contig_1861	4526	5363	APH(6)-Id_aminoglycoside_antibiotic	36	837	837	1.0	Unknown taxonomy (chromosome or plasmid)
barcode04_3Gb	contig_1863	721	2197	msrE_macrolide_antibiotic;_streptogramin_antibiotic	93	1476	1476	1.0	Unknown taxonomy (chromosome or plasmid)
barcode04_3Gb	contig_1863	2252	3137	mphE_macrolide_antibiotic	96	885	885	1.0	Unknown taxonomy (chromosome or plasmid)
barcode04_3Gb	contig_1870	5208	6414	tet(B)_tetracycline_antibiotic	22	1206	1206	1.0	Unknown taxonomy (chromosome or plasmid)
barcode04_3Gb	contig_1870	6495	7119	tetR_tetracycline_antibiotic	18	624	624	1.0	Unknown taxonomy (chromosome or plasmid)
barcode04_3Gb	contig_1870	16463	17390	PER-2_monobactam;_carbapenem;_cephalosporin;_penam;_penem	13	927	927	1.0	Unknown taxonomy (plasmid)
barcode04_3Gb	contig_1870	43604	44489	mphE_macrolide_antibiotic	111	885	885	1.0	Unknown taxonomy (chromosome or plasmid)
barcode04_3Gb	contig_1870	44544	46020	msrE_macrolide_antibiotic;_streptogramin_antibiotic	103	1476	1476	1.0	Unknown taxonomy (chromosome or plasmid)
barcode04_3Gb	contig_1870	48282	49119	APH(6)-Id_aminoglycoside_antibiotic	41	837	837	1.0	Unknown taxonomy (chromosome or plasmid)
barcode04_3Gb	contig_1870	49118	49922	APH(3'')-Ib_aminoglycoside_antibiotic	40	804	804	1.0	Unknown taxonomy (chromosome or plasmid)
barcode04_3Gb	contig_1871	6170	7112	APH(3'')-Ib_aminoglycoside_antibiotic	15	942	942	1.0	Pseudomonas aeruginosa (chromosome or plasmid)
barcode04_3Gb	contig_1871	7307	8102	APH(3'')-Ib_aminoglycoside_antibiotic	8	795	795	1.0	Unknown taxonomy (chromosome or plasmid)
barcode04_3Gb	contig_1961	108527	109415	vanW gene in vanG cluster_glycopeptide_antibiotic	10	888	888	1.0	
barcode04_3Gb	contig_1995	50599	51889	vanT gene in vanG cluster_glycopeptide_antibiotic	5	1290	1290	1.0	
barcode04_3Gb	contig_2050	36920	37658	ErmB_macrolide_antibiotic;_lincosamide_antibiotic;_streptogramin_antibiotic;_streptogramin_A_antibiotic;_streptogramin_B_antibiotic	14	738	738	1.0	Unknown taxonomy (chromosome or plasmid)
barcode04_3Gb	contig_2056	140	956	APH(3')-Ia_aminoglycoside_antibiotic	23	816	816	1.0	Unknown taxonomy (chromosome or plasmid)
barcode04_3Gb	contig_2068	4480	4897	FosA3_phosphonic_acid_antibiotic	6	417	417	1.0	Unknown taxonomy (chromosome or plasmid)
barcode04_3Gb	contig_2070	19320	20520	tet(A)_tetracycline_antibiotic	18	1200	1200	1.0	Unknown taxonomy (chromosome or plasmid)
barcode04_3Gb	contig_2070	21597	22434	APH(6)-Id_aminoglycoside_antibiotic	22	837	837	1.0	Unknown taxonomy (chromosome or plasmid)
barcode04_3Gb	contig_2070	23297	24113	sul2_sulfonamide_antibiotic	24	816	816	1.0	Unknown taxonomy (chromosome or plasmid)
barcode04_3Gb	contig_2074	18124	18457	qacE_disinfecting_agents_and_antiseptics	13	333	333	1.0	Unknown taxonomy (chromosome or plasmid)
barcode04_3Gb	contig_2075	2644	3505	SHV-2_carbapenem;_cephalosporin;_penam	13	861	861	1.0	Unknown taxonomy (chromosome or plasmid)
barcode04_3Gb	contig_2144	124037	124862	gadX_macrolide_antibiotic;_fluoroquinolone_antibiotic;_penam	27	825	825	1.0	Escherichia coli (chromosome)
barcode04_3Gb	contig_2144	126321	129435	mdtF_macrolide_antibiotic;_fluoroquinolone_antibiotic;_penam	28	3114	3114	1.0	Escherichia coli (chromosome)
barcode04_3Gb	contig_2144	129459	130617	mdtE_macrolide_antibiotic;_fluoroquinolone_antibiotic;_penam	29	1158	1158	1.0	Unknown taxonomy (chromosome)
barcode04_3Gb	contig_2179	122000	122345	qacG_disinfecting_agents_and_antiseptics	131	345	345	1.0	Acinetobacter johnsonii (chromosome)
barcode04_3Gb	contig_2180	21506	22310	APH(3'')-Ib_aminoglycoside_antibiotic	30	804	804	1.0	Unknown taxonomy (chromosome or plasmid)
barcode04_3Gb	contig_2181	7804	9280	msrE_macrolide_antibiotic;_streptogramin_antibiotic	110	1476	1476	1.0	Unknown taxonomy (chromosome or plasmid)
barcode04_3Gb	contig_2181	9335	10220	mphE_macrolide_antibiotic	112	885	885	1.0	Unknown taxonomy (chromosome or plasmid)
barcode04_3Gb	contig_22	112566	112968	FosA8_phosphonic_acid_antibiotic	53	402	402	1.0	Aeromonas caviae (chromosome or plasmid)
barcode04_3Gb	contig_2204	128	1316	tet(39)_tetracycline_antibiotic	42	1188	1188	1.0	Unknown taxonomy (plasmid)
barcode04_3Gb	contig_2234	64373	65606	Escherichia coli mdfA_tetracycline_antibiotic;_disinfecting_agents_and_antiseptics	17	1233	1233	1.0	Unknown taxonomy (chromosome or plasmid)
barcode04_3Gb	contig_2234	225229	225907	kdpE_aminoglycoside_antibiotic	19	678	678	1.0	Escherichia coli (chromosome or plasmid)
barcode04_3Gb	contig_2360	1723	4888	adeF_fluoroquinolone_antibiotic;_tetracycline_antibiotic	15	3165	3165	1.0	Acinetobacter (chromosome or plasmid)
barcode04_3Gb	contig_2377	27442	30592	adeF_fluoroquinolone_antibiotic;_tetracycline_antibiotic	36	3150	3150	1.0	Aeromonas caviae (chromosome or plasmid)
barcode04_3Gb	contig_2379	1918	2107	rsmA_fluoroquinolone_antibiotic;_diaminopyrimidine_antibiotic;_phenicol_antibiotic	38	189	189	1.0	
barcode04_3Gb	contig_2451	50	533	dfrA14_diaminopyrimidine_antibiotic	6	483	483	1.0	Unknown taxonomy (chromosome or plasmid)
barcode04_3Gb	contig_2452	10049	10829	APH(3')-VIa_aminoglycoside_antibiotic	36	780	780	1.0	Unknown taxonomy (chromosome or plasmid)
barcode04_3Gb	contig_2452	18932	19796	GES-1_carbapenem;_cephalosporin;_penam	47	864	864	1.0	Unknown taxonomy (chromosome or plasmid)
barcode04_3Gb	contig_2452	20003	20621	AAC(6')-Ib9_aminoglycoside_antibiotic	42	618	618	1.0	Unknown taxonomy (chromosome or plasmid)
barcode04_3Gb	contig_2452	22647	22995	qacEdelta1_disinfecting_agents_and_antiseptics	63	348	348	1.0	Unknown taxonomy (chromosome or plasmid)
barcode04_3Gb	contig_2452	22988	23828	sul1_sulfonamide_antibiotic	60	840	840	1.0	Unknown taxonomy (chromosome or plasmid)
barcode04_3Gb	contig_2452	27903	29142	Mrx_macrolide_antibiotic	79	1239	1239	1.0	Unknown taxonomy (chromosome or plasmid)
barcode04_3Gb	contig_2452	29138	30044	mphA_macrolide_antibiotic	77	906	906	1.0	Unknown taxonomy (chromosome or plasmid)
barcode04_3Gb	contig_2454	10	856	aadA11_aminoglycoside_antibiotic	9	846	846	1.0	Unknown taxonomy (chromosome or plasmid)
barcode04_3Gb	contig_2456	3780	4233	arr-3_rifamycin_antibiotic	34	453	453	1.0	Unknown taxonomy (chromosome or plasmid)
barcode04_3Gb	contig_2456	4338	4926	AAC(6')-Ib9_aminoglycoside_antibiotic	40	588	588	1.0	Unknown taxonomy (chromosome or plasmid)
barcode04_3Gb	contig_2456	5435	6275	sul1_sulfonamide_antibiotic	58	840	840	1.0	Unknown taxonomy (chromosome or plasmid)
barcode04_3Gb	contig_2456	19263	20043	APH(3')-VIa_aminoglycoside_antibiotic	39	780	780	1.0	Unknown taxonomy (chromosome or plasmid)
barcode04_3Gb	contig_2505	11436	11937	emrR_fluoroquinolone_antibiotic	5	501	501	1.0	Klebsiella (chromosome or plasmid)
barcode04_3Gb	contig_2505	12062	13235	Klebsiella pneumoniae KpnG_macrolide_antibiotic;_fluoroquinolone_antibiotic;_aminoglycoside_antibiotic;_carbapenem;_cephalosporin;_penam;_peptide_antibiotic;_penem	4	1173	1173	1.0	Klebsiella pneumoniae (chromosome or plasmid)
barcode04_3Gb	contig_2593	2785	3625	sul1_sulfonamide_antibiotic	20	840	840	1.0	Unknown taxonomy (chromosome or plasmid)
barcode04_3Gb	contig_2593	3618	3966	qacEdelta1_disinfecting_agents_and_antiseptics	20	348	348	1.0	Unknown taxonomy (chromosome or plasmid)
barcode04_3Gb	contig_2593	4717	5494	aadA_aminoglycoside_antibiotic	10	777	777	1.0	Unknown taxonomy (chromosome or plasmid)
barcode04_3Gb	contig_2593	5654	6311	QnrVC1_fluoroquinolone_antibiotic	17	657	657	1.0	Unknown taxonomy (chromosome or plasmid)
barcode04_3Gb	contig_2594	6736	7576	sul1_sulfonamide_antibiotic	60	840	840	1.0	Unknown taxonomy (chromosome or plasmid)
barcode04_3Gb	contig_2594	7569	7917	qacEdelta1_disinfecting_agents_and_antiseptics	64	348	348	1.0	Unknown taxonomy (chromosome or plasmid)
barcode04_3Gb	contig_2594	8139	8592	arr-3_rifamycin_antibiotic	39	453	453	1.0	Unknown taxonomy (chromosome or plasmid)
barcode04_3Gb	contig_2594	8676	9309	catB3_phenicol_antibiotic	42	633	633	1.0	Unknown taxonomy (chromosome or plasmid)
barcode04_3Gb	contig_2594	9446	10277	OXA-1_cephalosporin;_penam	41	831	831	1.0	Unknown taxonomy (chromosome or plasmid)
barcode04_3Gb	contig_2594	10407	11007	AAC(6')-Ib-cr6_fluoroquinolone_antibiotic;_aminoglycoside_antibiotic	32	600	600	1.0	Unknown taxonomy (chromosome or plasmid)
barcode04_3Gb	contig_2594	13261	14188	AAC(3)-IIc_aminoglycoside_antibiotic	7	927	927	1.0	Unknown taxonomy (chromosome or plasmid)
barcode04_3Gb	contig_2594	19609	20470	TEM-1_monobactam;_cephalosporin;_penam;_penem	30	861	861	1.0	Unknown taxonomy (chromosome or plasmid)
barcode04_3Gb	contig_2605	20539	20953	H-NS_macrolide_antibiotic;_fluoroquinolone_antibiotic;_cephalosporin;_cephamycin;_penam;_tetracycline_antibiotic	11	414	414	1.0	Unknown taxonomy (chromosome or plasmid)
barcode04_3Gb	contig_2637	5514	5973	AAC(6')-Il_aminoglycoside_antibiotic	21	459	459	1.0	Unknown taxonomy (chromosome or plasmid)
barcode04_3Gb	contig_2637	6046	6910	GES-1_carbapenem;_cephalosporin;_penam	18	864	864	1.0	Unknown taxonomy (chromosome or plasmid)
barcode04_3Gb	contig_2677	81732	83463	msbA_nitroimidazole_antibiotic	14	1731	1731	1.0	Enterobacter kobei (chromosome)
barcode04_3Gb	contig_2704	4637	6722	vanT gene in vanG cluster_glycopeptide_antibiotic	4	2085	2085	1.0	
barcode04_3Gb	contig_2704	6708	7461	vanXY gene in vanG cluster_glycopeptide_antibiotic	3	753	753	1.0	
barcode04_3Gb	contig_2752	9619	10153	emrR_fluoroquinolone_antibiotic	3	534	534	1.0	Klebsiella michiganensis (chromosome)
barcode04_3Gb	contig_278	19951	20776	OXA-644_carbapenem;_penam	271	825	825	1.0	Acinetobacter johnsonii (chromosome)
barcode04_3Gb	contig_2834	30784	31969	Escherichia coli EF-Tu mutants conferring resistance to Pulvomycin_elfamycin_antibiotic	21	1185	1185	1.0	Enterobacter (chromosome or plasmid)
barcode04_3Gb	contig_2836	40247	41432	Escherichia coli EF-Tu mutants conferring resistance to Pulvomycin_elfamycin_antibiotic	16	1185	1185	1.0	Enterobacter kobei (chromosome or plasmid)
barcode04_3Gb	contig_2836	64727	65360	CRP_macrolide_antibiotic;_fluoroquinolone_antibiotic;_penam	13	633	633	1.0	Enterobacter (chromosome or plasmid)
barcode04_3Gb	contig_3005	128	473	qacG_disinfecting_agents_and_antiseptics	8	345	345	1.0	Unknown taxonomy (chromosome or plasmid)
barcode04_3Gb	contig_3006	76433	77294	TEM-1_monobactam;_cephalosporin;_penam;_penem	24	861	861	1.0	Unknown taxonomy (chromosome or plasmid)
barcode04_3Gb	contig_3006	77345	78296	AAC(3)-IIe_aminoglycoside_antibiotic	19	951	951	1.0	Acinetobacter baumannii (chromosome or plasmid)
barcode04_3Gb	contig_3048	100029	101238	mdtH_fluoroquinolone_antibiotic	16	1209	1209	1.0	Unknown taxonomy (chromosome or plasmid)
barcode04_3Gb	contig_3048	109871	111098	mdtG_phosphonic_acid_antibiotic	26	1227	1227	1.0	Escherichia coli (chromosome or plasmid)
barcode04_3Gb	contig_3048	255820	257569	msbA_nitroimidazole_antibiotic	13	1749	1749	1.0	Unknown taxonomy (chromosome)
barcode04_3Gb	contig_3059	8798	9983	Escherichia coli EF-Tu mutants conferring resistance to Pulvomycin_elfamycin_antibiotic	11	1185	1185	1.0	Unknown taxonomy (chromosome or plasmid)
barcode04_3Gb	contig_3059	30037	31222	Escherichia coli EF-Tu mutants conferring resistance to Pulvomycin_elfamycin_antibiotic	20	1185	1185	1.0	Unknown taxonomy (chromosome)
barcode04_3Gb	contig_3150	13217	14723	Haemophilus influenzae PBP3 conferring resistance to beta-lactam antibiotics_cephalosporin;_cephamycin;_penam	21	1506	1506	1.0	Unknown taxonomy (chromosome or plasmid)
barcode04_3Gb	contig_3161	80784	82273	TolC_macrolide_antibiotic;_fluoroquinolone_antibiotic;_aminoglycoside_antibiotic;_carbapenem;_cephalosporin;_glycylcycline;_cephamycin;_penam;_tetracycline_antibiotic;_peptide_antibiotic;_aminocoumarin_antibiotic;_rifamycin_antibiotic;_phenicol_antibiotic;_penem;_disinfecting_agents_and_antiseptics	17	1489	1489	1.0	Unknown taxonomy (chromosome or plasmid)
barcode04_3Gb	contig_3161	310851	311514	AcrS_fluoroquinolone_antibiotic;_cephalosporin;_glycylcycline;_cephamycin;_penam;_tetracycline_antibiotic;_rifamycin_antibiotic;_phenicol_antibiotic;_disinfecting_agents_and_antiseptics	19	663	663	1.0	Unknown taxonomy (chromosome or plasmid)
barcode04_3Gb	contig_3161	311912	313070	AcrE_fluoroquinolone_antibiotic;_cephalosporin;_cephamycin;_penam	21	1158	1158	1.0	Unknown taxonomy (chromosome or plasmid)
barcode04_3Gb	contig_3161	313081	316186	AcrF_fluoroquinolone_antibiotic;_cephalosporin;_cephamycin;_penam	23	3105	3105	1.0	Unknown taxonomy (chromosome or plasmid)
barcode04_3Gb	contig_3161	353123	354308	Escherichia coli EF-Tu mutants conferring resistance to Pulvomycin_elfamycin_antibiotic	34	1185	1185	1.0	Unknown taxonomy (chromosome or plasmid)
barcode04_3Gb	contig_3231	2081	3341	EreB_macrolide_antibiotic	10	1260	1260	1.0	
barcode04_3Gb	contig_3241	1040	1376	qacG_disinfecting_agents_and_antiseptics	7	336	336	1.0	
barcode04_3Gb	contig_3278	27012	28467	adeK_macrolide_antibiotic;_fluoroquinolone_antibiotic;_lincosamide_antibiotic;_carbapenem;_cephalosporin;_tetracycline_antibiotic;_rifamycin_antibiotic;_diaminopyrimidine_antibiotic;_phenicol_antibiotic;_penem	27	1455	1455	1.0	Acinetobacter baumannii (chromosome or plasmid)
barcode04_3Gb	contig_3278	28466	31643	adeJ_macrolide_antibiotic;_fluoroquinolone_antibiotic;_lincosamide_antibiotic;_carbapenem;_cephalosporin;_tetracycline_antibiotic;_rifamycin_antibiotic;_diaminopyrimidine_antibiotic;_phenicol_antibiotic;_penem	25	3177	3177	1.0	Acinetobacter baumannii (chromosome or plasmid)
barcode04_3Gb	contig_3278	31655	32906	adeI_macrolide_antibiotic;_fluoroquinolone_antibiotic;_lincosamide_antibiotic;_carbapenem;_cephalosporin;_tetracycline_antibiotic;_rifamycin_antibiotic;_diaminopyrimidine_antibiotic;_phenicol_antibiotic;_penem	23	1251	1251	1.0	Acinetobacter baumannii (chromosome or plasmid)
barcode04_3Gb	contig_3278	388838	389990	ADC-154_cephalosporin	19	1152	1152	1.0	Acinetobacter baumannii (chromosome or plasmid)
barcode04_3Gb	contig_3278	491041	492490	adeH_fluoroquinolone_antibiotic;_tetracycline_antibiotic	32	1449	1449	1.0	Acinetobacter baumannii (chromosome or plasmid)
barcode04_3Gb	contig_3278	492502	495682	adeF_fluoroquinolone_antibiotic;_tetracycline_antibiotic	31	3180	3180	1.0	Acinetobacter baumannii (chromosome or plasmid)
barcode04_3Gb	contig_3278	495688	496909	adeG_fluoroquinolone_antibiotic;_tetracycline_antibiotic	21	1221	1221	1.0	Acinetobacter baumannii (chromosome or plasmid)
barcode04_3Gb	contig_3278	497124	498138	adeL_fluoroquinolone_antibiotic;_tetracycline_antibiotic	17	1014	1014	1.0	Acinetobacter baumannii (chromosome or plasmid)
barcode04_3Gb	contig_3278	501446	501776	abeS_macrolide_antibiotic;_aminocoumarin_antibiotic	18	330	330	1.0	Acinetobacter baumannii (chromosome or plasmid)
barcode04_3Gb	contig_3278	762420	763899	Acinetobacter baumannii AmvA_macrolide_antibiotic;_disinfecting_agents_and_antiseptics	19	1479	1479	1.0	Acinetobacter baumannii (chromosome or plasmid)
barcode04_3Gb	contig_3304	139	919	APH(3')-VIa_aminoglycoside_antibiotic	36	780	780	1.0	Unknown taxonomy (chromosome or plasmid)
barcode04_3Gb	contig_3304	3346	4228	KPC-2_monobactam;_carbapenem;_cephalosporin;_penam	32	882	882	1.0	Unknown taxonomy (chromosome or plasmid)
barcode04_3Gb	contig_3306	1700	2582	KPC-2_monobactam;_carbapenem;_cephalosporin;_penam	17	882	882	1.0	Unknown taxonomy (chromosome or plasmid)
barcode04_3Gb	contig_3368	17999	19151	MOX-13_cephalosporin;_cephamycin;_penam	40	1152	1152	1.0	Aeromonas caviae (chromosome or plasmid)
barcode04_3Gb	contig_3495	2759	2945	rsmA_fluoroquinolone_antibiotic;_diaminopyrimidine_antibiotic;_phenicol_antibiotic	11	186	186	1.0	Citrobacter freundii (chromosome or plasmid)
barcode04_3Gb	contig_3499	2938	6094	adeF_fluoroquinolone_antibiotic;_tetracycline_antibiotic	8	3156	3156	1.0	
barcode04_3Gb	contig_3535	56070	57375	Acinetobacter baumannii AbaQ_fluoroquinolone_antibiotic	13	1305	1305	1.0	Acinetobacter baumannii (chromosome or plasmid)
barcode04_3Gb	contig_3570	23284	24616	vanW gene in vanI cluster_glycopeptide_antibiotic	10	1332	1332	1.0	
barcode04_3Gb	contig_3570	123672	126813	adeF_fluoroquinolone_antibiotic;_tetracycline_antibiotic	7	3141	3141	1.0	
barcode04_3Gb	contig_3575	3603	4863	EreB_macrolide_antibiotic	13	1260	1260	1.0	
barcode04_3Gb	contig_3587	1213733	1214891	vanT gene in vanG cluster_glycopeptide_antibiotic	36	1158	1158	1.0	
barcode04_3Gb	contig_3587	1796351	1797338	vanH gene in vanO cluster_glycopeptide_antibiotic	16	987	987	1.0	
barcode04_3Gb	contig_36	11382	12177	OXA-504_penam	69	795	795	1.0	Aeromonas caviae (chromosome)
barcode04_3Gb	contig_3605	80879	82052	vanT gene in vanG cluster_glycopeptide_antibiotic	12	1173	1173	1.0	
barcode04_3Gb	contig_3605	88960	90931	tet(O)_tetracycline_antibiotic	9	1971	1971	1.0	
barcode04_3Gb	contig_3631	12001	13207	Mef(En2)_macrolide_antibiotic;_lincosamide_antibiotic	7	1206	1206	1.0	Unknown taxonomy (chromosome)
barcode04_3Gb	contig_365	26048	27236	tet(39)_tetracycline_antibiotic	53	1188	1188	1.0	Unknown taxonomy (plasmid)
barcode04_3Gb	contig_375	67600	68515	vanW gene in vanG cluster_glycopeptide_antibiotic	229	915	915	1.0	Acinetobacter johnsonii (chromosome)
barcode04_3Gb	contig_3810	36518	37172	adeN_macrolide_antibiotic;_fluoroquinolone_antibiotic;_lincosamide_antibiotic;_carbapenem;_cephalosporin;_tetracycline_antibiotic;_rifamycin_antibiotic;_diaminopyrimidine_antibiotic;_phenicol_antibiotic;_penem	20	654	654	1.0	Acinetobacter baumannii (chromosome or plasmid)
barcode04_3Gb	contig_3954	11632	12256	tetR_tetracycline_antibiotic	14	624	624	1.0	Unknown taxonomy (chromosome or plasmid)
barcode04_3Gb	contig_3954	12337	13543	tet(B)_tetracycline_antibiotic	14	1206	1206	1.0	Unknown taxonomy (chromosome or plasmid)
barcode04_3Gb	contig_4097	12715	13711	CfxA6_cephamycin	10	996	996	1.0	
barcode04_3Gb	contig_414	19277	20114	APH(6)-Id_aminoglycoside_antibiotic	30	837	837	1.0	Unknown taxonomy (chromosome or plasmid)
barcode04_3Gb	contig_4158	15527	16343	sul2_sulfonamide_antibiotic	14	816	816	1.0	Unknown taxonomy (chromosome or plasmid)
barcode04_3Gb	contig_4176	1599	1812	vanU gene in vanG cluster_glycopeptide_antibiotic	4	213	213	1.0	
barcode04_3Gb	contig_4196	8986	9316	qacG_disinfecting_agents_and_antiseptics	4	330	330	1.0	
barcode04_3Gb	contig_4204	59315	59642	qacG_disinfecting_agents_and_antiseptics	6	327	327	1.0	
barcode04_3Gb	contig_4286	17767	18490	baeR_aminoglycoside_antibiotic;_aminocoumarin_antibiotic	11	723	723	1.0	Enterobacter (chromosome)
barcode04_3Gb	contig_4286	21305	24383	mdtC_aminocoumarin_antibiotic	9	3078	3078	1.0	
barcode04_3Gb	contig_4305	0	729	LEN-14_penam;_penem	2	729	729	1.0	Unknown taxonomy (chromosome or plasmid)
barcode04_3Gb	contig_4405	21430	22768	vanW gene in vanI cluster_glycopeptide_antibiotic	6	1338	1338	1.0	
barcode04_3Gb	contig_4409	23140	25846	adeF_fluoroquinolone_antibiotic;_tetracycline_antibiotic	11	2706	2706	1.0	
barcode04_3Gb	contig_4437	5002	5863	SHV-2A_carbapenem;_cephalosporin;_penam	5	861	861	1.0	Unknown taxonomy (chromosome or plasmid)
barcode04_3Gb	contig_4437	7243	7702	AAC(6')-Il_aminoglycoside_antibiotic	8	459	459	1.0	Unknown taxonomy (chromosome or plasmid)
barcode04_3Gb	contig_4437	9608	10469	TEM-1_monobactam;_cephalosporin;_penam;_penem	25	861	861	1.0	Unknown taxonomy (chromosome or plasmid)
barcode04_3Gb	contig_4437	12584	13244	catA1_phenicol_antibiotic	9	660	660	1.0	Unknown taxonomy (chromosome or plasmid)
barcode04_3Gb	contig_4446	186935	187682	vanY gene in vanG cluster_glycopeptide_antibiotic	9	747	747	1.0	
barcode04_3Gb	contig_4476	29683	30778	vanG_glycopeptide_antibiotic	24	1095	1095	1.0	Unknown taxonomy (chromosome or plasmid)
barcode04_3Gb	contig_4476	113330	116480	acrB_fluoroquinolone_antibiotic;_cephalosporin;_glycylcycline;_penam;_tetracycline_antibiotic;_rifamycin_antibiotic;_phenicol_antibiotic;_disinfecting_agents_and_antiseptics	17	3150	3150	1.0	Unknown taxonomy (chromosome or plasmid)
barcode04_3Gb	contig_4476	116502	117696	Escherichia coli acrA_fluoroquinolone_antibiotic;_cephalosporin;_glycylcycline;_penam;_tetracycline_antibiotic;_rifamycin_antibiotic;_phenicol_antibiotic;_disinfecting_agents_and_antiseptics	14	1194	1194	1.0	Unknown taxonomy (chromosome or plasmid)
barcode04_3Gb	contig_4476	117837	118485	Escherichia coli AcrAB-TolC with AcrR mutation conferring resistance to ciprofloxacin, tetracycline, and ceftazidime_fluoroquinolone_antibiotic;_cephalosporin;_glycylcycline;_penam;_tetracycline_antibiotic;_rifamycin_antibiotic;_phenicol_antibiotic;_disinfecting_agents_and_antiseptics	13	648	648	1.0	Unknown taxonomy (chromosome or plasmid)
barcode04_3Gb	contig_4499	69415	69745	qacG_disinfecting_agents_and_antiseptics	7	330	330	1.0	
barcode04_3Gb	contig_4521	58560	59385	OXA-441_carbapenem;_penam	17	825	825	1.0	Acinetobacter baumannii (chromosome or plasmid)
barcode04_3Gb	contig_4533	1014	1830	sul2_sulfonamide_antibiotic	11	816	816	1.0	Unknown taxonomy (chromosome or plasmid)
barcode04_3Gb	contig_4534	16675	18649	tet(Q)_tetracycline_antibiotic	16	1974	1974	1.0	Unknown taxonomy (chromosome)
barcode04_3Gb	contig_4547	176840	178232	Escherichia coli UhpT with mutation conferring resistance to fosfomycin_phosphonic_acid_antibiotic	6	1392	1392	1.0	Enterobacter kobei (chromosome or plasmid)
barcode04_3Gb	contig_4569	3220	3550	qacG_disinfecting_agents_and_antiseptics	4	330	330	1.0	
barcode04_3Gb	contig_459	92287	92542	rsmA_fluoroquinolone_antibiotic;_diaminopyrimidine_antibiotic;_phenicol_antibiotic	14	255	255	1.0	
barcode04_3Gb	contig_4619	2018	2846	OXA-253_carbapenem;_penam	28	828	828	1.0	Acinetobacter baumannii (chromosome)
barcode04_3Gb	contig_4644	40201	40627	FosA2_phosphonic_acid_antibiotic	10	426	426	1.0	Enterobacter (chromosome)
barcode04_3Gb	contig_4647	26902	27706	lnuB_lincosamide_antibiotic	9	804	804	1.0	Unknown taxonomy (chromosome or plasmid)
barcode04_3Gb	contig_4647	27759	29244	lsaE_lincosamide_antibiotic;_streptogramin_antibiotic;_pleuromutilin_antibiotic	6	1485	1485	1.0	Streptococcus (chromosome or plasmid)
barcode04_3Gb	contig_4657	5487	5673	rsmA_fluoroquinolone_antibiotic;_diaminopyrimidine_antibiotic;_phenicol_antibiotic	25	186	186	1.0	Enterobacter (chromosome or plasmid)
barcode04_3Gb	contig_4657	12791	14339	emrB_fluoroquinolone_antibiotic	13	1548	1548	1.0	Enterobacter (chromosome or plasmid)
barcode04_3Gb	contig_4657	15655	16186	emrR_fluoroquinolone_antibiotic	8	531	531	1.0	Enterobacter (chromosome)
barcode04_3Gb	contig_4670	3944	4439	lnuC_lincosamide_antibiotic	22	495	495	1.0	Unknown taxonomy (chromosome or plasmid)
barcode04_3Gb	contig_4705	11937	13407	adeC_glycylcycline;_tetracycline_antibiotic	11	1470	1470	1.0	Acinetobacter baumannii (chromosome or plasmid)
barcode04_3Gb	contig_4726	18462	19185	baeR_aminoglycoside_antibiotic;_aminocoumarin_antibiotic	13	723	723	1.0	Unknown taxonomy (chromosome or plasmid)
barcode04_3Gb	contig_4726	155097	156741	YojI_peptide_antibiotic	9	1644	1644	1.0	Escherichia coli (chromosome or plasmid)
barcode04_3Gb	contig_4726	181642	184270	Escherichia coli gyrA conferring resistance to fluoroquinolones_fluoroquinolone_antibiotic	15	2628	2628	1.0	Unknown taxonomy (chromosome or plasmid)
barcode04_3Gb	contig_4726	195873	197232	Escherichia coli GlpT with mutation conferring resistance to fosfomycin_phosphonic_acid_antibiotic	17	1359	1359	1.0	Unknown taxonomy (chromosome or plasmid)
barcode04_3Gb	contig_4726	207883	208852	PmrF_peptide_antibiotic	16	969	969	1.0	Unknown taxonomy (chromosome or plasmid)
barcode04_3Gb	contig_4726	211720	213373	ArnT_peptide_antibiotic	17	1653	1653	1.0	Unknown taxonomy (chromosome or plasmid)
barcode04_3Gb	contig_4728	10756	11134	marA_fluoroquinolone_antibiotic;_monobactam;_carbapenem;_cephalosporin;_glycylcycline;_cephamycin;_penam;_tetracycline_antibiotic;_rifamycin_antibiotic;_phenicol_antibiotic;_penem;_disinfecting_agents_and_antiseptics	16	378	378	1.0	Enterobacter roggenkampii (chromosome or plasmid)
barcode04_3Gb	contig_4883	1771	2395	catS_phenicol_antibiotic	3	624	624	1.0	Parvimonas micra (chromosome)
barcode04_3Gb	contig_4893	3796	4270	dfrA15b_diaminopyrimidine_antibiotic	4	474	474	1.0	Unknown taxonomy (chromosome or plasmid)
barcode04_3Gb	contig_4909	19688	20921	Escherichia coli mdfA_tetracycline_antibiotic;_disinfecting_agents_and_antiseptics	13	1233	1233	1.0	
barcode04_3Gb	contig_4935	18592	19339	vanY gene in vanG cluster_glycopeptide_antibiotic	7	747	747	1.0	
barcode04_3Gb	contig_5016	299	1115	aadA_aminoglycoside_antibiotic	7	816	816	1.0	Unknown taxonomy (chromosome or plasmid)
barcode04_3Gb	contig_5016	1149	1623	dfrA14_diaminopyrimidine_antibiotic	7	474	474	1.0	Unknown taxonomy (chromosome or plasmid)
barcode04_3Gb	contig_5082	4592	6341	msbA_nitroimidazole_antibiotic	10	1749	1749	1.0	Enterobacter (chromosome)
barcode04_3Gb	contig_5121	6852	7383	emrR_fluoroquinolone_antibiotic	5	531	531	1.0	
barcode04_3Gb	contig_5161	18047	19013	CfxA3_cephamycin	19	966	966	1.0	Unknown taxonomy (chromosome or plasmid)
barcode04_3Gb	contig_5215	125	3119	adeF_fluoroquinolone_antibiotic;_tetracycline_antibiotic	20	2994	2994	1.0	
barcode04_3Gb	contig_523	4820	5600	APH(3')-VIa_aminoglycoside_antibiotic	16	780	780	1.0	Unknown taxonomy (chromosome or plasmid)
barcode04_3Gb	contig_524	1967	2780	NDM-1_carbapenem;_cephalosporin;_cephamycin;_penam	6	813	813	1.0	Unknown taxonomy (chromosome or plasmid)
barcode04_3Gb	contig_5255	26853	27282	Klebsiella pneumoniae KpnE_macrolide_antibiotic;_aminoglycoside_antibiotic;_cephalosporin;_tetracycline_antibiotic;_peptide_antibiotic;_rifamycin_antibiotic;_disinfecting_agents_and_antiseptics	12	429	429	1.0	Enterobacter (chromosome)
barcode04_3Gb	contig_526	2925	3852	PER-3_monobactam;_carbapenem;_cephalosporin;_penam;_penem	9	927	927	1.0	Unknown taxonomy (chromosome or plasmid)
barcode04_3Gb	contig_526	6133	6973	sul1_sulfonamide_antibiotic	10	840	840	1.0	Unknown taxonomy (chromosome or plasmid)
barcode04_3Gb	contig_526	6966	7314	qacEdelta1_disinfecting_agents_and_antiseptics	15	348	348	1.0	Unknown taxonomy (chromosome or plasmid)
barcode04_3Gb	contig_526	7470	8103	catB3_phenicol_antibiotic	13	633	633	1.0	Unknown taxonomy (chromosome or plasmid)
barcode04_3Gb	contig_526	9098	9674	AAC(6')-Ib-cr3_fluoroquinolone_antibiotic;_aminoglycoside_antibiotic	17	576	576	1.0	Klebsiella pneumoniae (chromosome or plasmid)
barcode04_3Gb	contig_526	9756	10413	QnrVC4_fluoroquinolone_antibiotic	17	657	657	1.0	Unknown taxonomy (chromosome or plasmid)
barcode04_3Gb	contig_526	21930	23121	tet(C)_tetracycline_antibiotic	17	1191	1191	1.0	Unknown taxonomy (chromosome or plasmid)
barcode04_3Gb	contig_5365	12126	13311	Escherichia coli EF-Tu mutants conferring resistance to Pulvomycin_elfamycin_antibiotic	12	1185	1185	1.0	Citrobacter (chromosome or plasmid)
barcode04_3Gb	contig_5380	12567	13845	Acinetobacter baumannii AbaQ_fluoroquinolone_antibiotic	5	1278	1278	1.0	
barcode04_3Gb	contig_5417	25200	25533	qacG_disinfecting_agents_and_antiseptics	3	333	333	1.0	
barcode04_3Gb	contig_5469	2676	3399	baeR_aminoglycoside_antibiotic;_aminocoumarin_antibiotic	4	723	723	1.0	
barcode04_3Gb	contig_5469	6266	9344	mdtC_aminocoumarin_antibiotic	6	3078	3078	1.0	Citrobacter amalonaticus (chromosome)
barcode04_3Gb	contig_5469	9344	12467	mdtB_aminocoumarin_antibiotic	9	3123	3123	1.0	
barcode04_3Gb	contig_5524	10610	10940	qacG_disinfecting_agents_and_antiseptics	4	330	330	1.0	Elizabethkingia anophelis (chromosome)
barcode04_3Gb	contig_5723	24725	25067	ramA_fluoroquinolone_antibiotic;_monobactam;_carbapenem;_cephalosporin;_glycylcycline;_cephamycin;_penam;_tetracycline_antibiotic;_rifamycin_antibiotic;_phenicol_antibiotic;_penem;_disinfecting_agents_and_antiseptics	12	342	342	1.0	
barcode04_3Gb	contig_585	15308	15632	Escherichia coli soxS with mutation conferring antibiotic resistance_fluoroquinolone_antibiotic;_monobactam;_carbapenem;_cephalosporin;_glycylcycline;_cephamycin;_penam;_tetracycline_antibiotic;_rifamycin_antibiotic;_phenicol_antibiotic;_penem;_disinfecting_agents_and_antiseptics	20	324	324	1.0	Unknown taxonomy (chromosome or plasmid)
barcode04_3Gb	contig_585	15717	16182	Escherichia coli soxR with mutation conferring antibiotic resistance_fluoroquinolone_antibiotic;_cephalosporin;_glycylcycline;_penam;_tetracycline_antibiotic;_rifamycin_antibiotic;_phenicol_antibiotic;_disinfecting_agents_and_antiseptics	26	465	465	1.0	Unknown taxonomy (chromosome or plasmid)
barcode04_3Gb	contig_585	38711	40763	mdtO_nucleoside_antibiotic;_disinfecting_agents_and_antiseptics	23	2052	2052	1.0	Escherichia coli (chromosome or plasmid)
barcode04_3Gb	contig_585	40762	41794	mdtN_nucleoside_antibiotic;_disinfecting_agents_and_antiseptics	23	1032	1032	1.0	Escherichia coli (chromosome or plasmid)
barcode04_3Gb	contig_585	138891	140025	EC-13_cephalosporin	30	1134	1134	1.0	Unknown taxonomy (chromosome or plasmid)
barcode04_3Gb	contig_585	303577	304810	mdtM_fluoroquinolone_antibiotic;_lincosamide_antibiotic;_nucleoside_antibiotic;_phenicol_antibiotic;_disinfecting_agents_and_antiseptics	21	1233	1233	1.0	Escherichia coli (chromosome or plasmid)
barcode04_3Gb	contig_585	475026	475971	leuO_nucleoside_antibiotic;_disinfecting_agents_and_antiseptics	14	945	945	1.0	Unknown taxonomy (chromosome or plasmid)
barcode04_3Gb	contig_585	482072	483839	Haemophilus influenzae PBP3 conferring resistance to beta-lactam antibiotics_cephalosporin;_cephamycin;_penam	25	1767	1767	1.0	Escherichia coli (chromosome or plasmid)
barcode04_3Gb	contig_586	66231	67404	vanT gene in vanG cluster_glycopeptide_antibiotic	7	1173	1173	1.0	
barcode04_3Gb	contig_5888	11464	12097	CRP_macrolide_antibiotic;_fluoroquinolone_antibiotic;_penam	18	633	633	1.0	Unknown taxonomy (chromosome or plasmid)
barcode04_3Gb	contig_5918	12742	13888	CMY-46_cephamycin	7	1146	1146	1.0	Citrobacter (chromosome or plasmid)
barcode04_3Gb	contig_5970	1522	2314	Escherichia coli fabI mutations conferring resistance to isoniazid and triclosan_disinfecting_agents_and_antiseptics;_isoniazid-like_antibiotic	17	792	792	1.0	Enterobacter (no genomic info)
barcode04_3Gb	contig_5991	3253	4069	APH(3')-Ia_aminoglycoside_antibiotic	22	816	816	1.0	Unknown taxonomy (chromosome or plasmid)
barcode04_3Gb	contig_6027	9360	10545	Escherichia coli EF-Tu mutants conferring resistance to Pulvomycin_elfamycin_antibiotic	9	1185	1185	1.0	Klebsiella michiganensis (chromosome or plasmid)
barcode04_3Gb	contig_6050	5162	5795	CRP_macrolide_antibiotic;_fluoroquinolone_antibiotic;_penam	9	633	633	1.0	Citrobacter freundii (chromosome)
barcode04_3Gb	contig_6061	910	2467	emrB_fluoroquinolone_antibiotic	6	1557	1557	1.0	Enterobacter asburiae (chromosome)
barcode04_3Gb	contig_6061	3784	4315	emrR_fluoroquinolone_antibiotic	7	531	531	1.0	Enterobacter asburiae (chromosome)
barcode04_3Gb	contig_622	436236	437337	LpsB_peptide_antibiotic	22	1101	1101	1.0	Acinetobacter baumannii (chromosome or plasmid)
barcode04_3Gb	contig_622	479190	480537	abeM_fluoroquinolone_antibiotic;_disinfecting_agents_and_antiseptics	24	1347	1347	1.0	Acinetobacter baumannii (chromosome or plasmid)
barcode04_3Gb	contig_622	676259	678479	Acinetobacter baumannii parC conferring resistance to fluoroquinolones_fluoroquinolone_antibiotic	29	2220	2220	1.0	Acinetobacter baumannii (chromosome or plasmid)
barcode04_3Gb	contig_622	737691	738480	ANT(3'')-IIa_aminoglycoside_antibiotic	37	789	789	1.0	Acinetobacter baumannii (chromosome or plasmid)
barcode04_3Gb	contig_625	4500	5805	Acinetobacter baumannii AbaQ_fluoroquinolone_antibiotic	7	1305	1305	1.0	
barcode04_3Gb	contig_6269	16419	16743	Escherichia coli soxS with mutation conferring antibiotic resistance_fluoroquinolone_antibiotic;_monobactam;_carbapenem;_cephalosporin;_glycylcycline;_cephamycin;_penam;_tetracycline_antibiotic;_rifamycin_antibiotic;_phenicol_antibiotic;_penem;_disinfecting_agents_and_antiseptics	10	324	324	1.0	Citrobacter freundii (chromosome)
barcode04_3Gb	contig_6274	27229	28228	vanH gene in vanB cluster_glycopeptide_antibiotic	6	999	999	1.0	
barcode04_3Gb	contig_6450	4146	5022	CTX-M-55_cephalosporin	5	876	876	1.0	Unknown taxonomy (chromosome or plasmid)
barcode04_3Gb	contig_6476	783	2703	tet(O)_tetracycline_antibiotic	35	1920	1920	1.0	Unknown taxonomy (chromosome or plasmid)
barcode04_3Gb	contig_6494	44736	45849	vanT gene in vanG cluster_glycopeptide_antibiotic	10	1113	1113	1.0	
barcode04_3Gb	contig_6514	12642	13299	QnrS1_fluoroquinolone_antibiotic	28	657	657	1.0	Unknown taxonomy (chromosome or plasmid)
barcode04_3Gb	contig_6514	17939	18815	CTX-M-15_cephalosporin;_penam	21	876	876	1.0	Unknown taxonomy (chromosome or plasmid)
barcode04_3Gb	contig_6521	32770	33955	Escherichia coli EF-Tu mutants conferring resistance to Pulvomycin_elfamycin_antibiotic	20	1185	1185	1.0	Unknown taxonomy (chromosome or plasmid)
barcode04_3Gb	contig_6523	63777	65151	cpxA_aminoglycoside_antibiotic;_aminocoumarin_antibiotic	27	1374	1374	1.0	Unknown taxonomy (chromosome or plasmid)
barcode04_3Gb	contig_6527	7589	10703	adeF_fluoroquinolone_antibiotic;_tetracycline_antibiotic	6	3114	3114	1.0	Enterobacter kobei (chromosome)
barcode04_3Gb	contig_6541	23754	24099	qacG_disinfecting_agents_and_antiseptics	15	345	345	1.0	Unknown taxonomy (chromosome or plasmid)
barcode04_3Gb	contig_6541	25136	25964	OXA-72_carbapenem;_penam	12	828	828	1.0	Unknown taxonomy (chromosome or plasmid)
barcode04_3Gb	contig_6596	31806	33801	lmrD_lincosamide_antibiotic	10	1995	1995	1.0	
barcode04_3Gb	contig_6614	14868	16185	Acinetobacter baumannii AbaQ_fluoroquinolone_antibiotic	6	1317	1317	1.0	
barcode04_3Gb	contig_6622	4951	5485	ANT(2'')-Ia_aminoglycoside_antibiotic	30	534	534	1.0	Unknown taxonomy (chromosome or plasmid)
barcode04_3Gb	contig_6622	5607	6471	GES-1_carbapenem;_cephalosporin;_penam	36	864	864	1.0	Unknown taxonomy (chromosome or plasmid)
barcode04_3Gb	contig_6622	6544	7003	AAC(6')-Il_aminoglycoside_antibiotic	34	459	459	1.0	Unknown taxonomy (chromosome or plasmid)
barcode04_3Gb	contig_6631	5853	6690	APH(6)-Id_aminoglycoside_antibiotic	14	837	837	1.0	Unknown taxonomy (chromosome or plasmid)
barcode04_3Gb	contig_6631	6689	7553	APH(3'')-Ib_aminoglycoside_antibiotic	10	864	864	1.0	Unknown taxonomy (chromosome or plasmid)
barcode04_3Gb	contig_6646	6046	6907	AAC(3)-IIe_aminoglycoside_antibiotic	17	861	861	1.0	Unknown taxonomy (chromosome or plasmid)
barcode04_3Gb	contig_6730	12939	13572	CRP_macrolide_antibiotic;_fluoroquinolone_antibiotic;_penam	19	633	633	1.0	Escherichia coli (chromosome or plasmid)
barcode04_3Gb	contig_6730	28363	29548	Escherichia coli EF-Tu mutants conferring resistance to Pulvomycin_elfamycin_antibiotic	21	1185	1185	1.0	Unknown taxonomy (chromosome or plasmid)
barcode04_3Gb	contig_6741	23415	24231	sul2_sulfonamide_antibiotic	17	816	816	1.0	Unknown taxonomy (chromosome or plasmid)
barcode04_3Gb	contig_6741	27278	28478	tet(A)_tetracycline_antibiotic	12	1200	1200	1.0	Unknown taxonomy (chromosome or plasmid)
barcode04_3Gb	contig_6767	16109	16295	rsmA_fluoroquinolone_antibiotic;_diaminopyrimidine_antibiotic;_phenicol_antibiotic	16	186	186	1.0	
barcode04_3Gb	contig_6797	11700	12516	sul2_sulfonamide_antibiotic	17	816	816	1.0	Unknown taxonomy (chromosome or plasmid)
barcode04_3Gb	contig_6844	3264	4146	KPC-2_monobactam;_carbapenem;_cephalosporin;_penam	27	882	882	1.0	Unknown taxonomy (chromosome or plasmid)
barcode04_3Gb	contig_749	28778	29567	ANT(3'')-IIa_aminoglycoside_antibiotic	8	789	789	1.0	Acinetobacter (chromosome or plasmid)
barcode04_3Gb	contig_749	34674	35490	sul2_sulfonamide_antibiotic	24	816	816	1.0	Unknown taxonomy (chromosome or plasmid)
barcode04_3Gb	contig_779	224756	225011	rsmA_fluoroquinolone_antibiotic;_diaminopyrimidine_antibiotic;_phenicol_antibiotic	156	255	255	1.0	
barcode04_3Gb	contig_787	8	494	ANT(2'')-Ia_aminoglycoside_antibiotic	15	486	486	1.0	Unknown taxonomy (chromosome or plasmid)
barcode04_3Gb	contig_787	665	1529	GES-1_carbapenem;_cephalosporin;_penam	29	864	864	1.0	Unknown taxonomy (chromosome or plasmid)
barcode04_3Gb	contig_787	1602	2061	AAC(6')-Il_aminoglycoside_antibiotic	34	459	459	1.0	Unknown taxonomy (chromosome or plasmid)
barcode04_3Gb	contig_788	111	975	GES-5_carbapenem;_cephalosporin;_penam	10	864	864	1.0	Unknown taxonomy (chromosome or plasmid)
barcode04_3Gb	contig_788	1451	2315	GES-5_carbapenem;_cephalosporin;_penam	20	864	864	1.0	Unknown taxonomy (chromosome or plasmid)
barcode04_3Gb	contig_789	3588	4380	sul3_sulfonamide_antibiotic	7	792	792	1.0	Unknown taxonomy (chromosome or plasmid)
barcode04_3Gb	contig_789	6060	6852	aadA_aminoglycoside_antibiotic	7	792	792	1.0	Escherichia coli (chromosome or plasmid)
barcode04_3Gb	contig_80	2598	3480	KPC-2_monobactam;_carbapenem;_cephalosporin;_penam	155	882	882	1.0	Unknown taxonomy (chromosome or plasmid)
barcode04_3Gb	contig_822	1280034	1283226	adeF_fluoroquinolone_antibiotic;_tetracycline_antibiotic	24	3192	3192	1.0	
barcode04_3Gb	contig_822	2207835	2208945	vanT gene in vanG cluster_glycopeptide_antibiotic	29	1110	1110	1.0	
barcode04_3Gb	contig_850	555606	555792	rsmA_fluoroquinolone_antibiotic;_diaminopyrimidine_antibiotic;_phenicol_antibiotic	24	186	186	1.0	Unknown taxonomy (chromosome or plasmid)
barcode04_3Gb	contig_850	560599	562138	emrB_fluoroquinolone_antibiotic	20	1539	1539	1.0	Unknown taxonomy (chromosome or plasmid)
barcode04_3Gb	contig_850	562154	563327	emrA_fluoroquinolone_antibiotic	21	1173	1173	1.0	Unknown taxonomy (chromosome or plasmid)
barcode04_3Gb	contig_850	563453	563984	emrR_fluoroquinolone_antibiotic	22	531	531	1.0	Unknown taxonomy (chromosome or plasmid)
barcode04_3Gb	contig_89	164	770	AAC(6')-Ib9_aminoglycoside_antibiotic	9	606	606	1.0	Unknown taxonomy (chromosome or plasmid)
barcode04_3Gb	contig_89	851	1628	aadA_aminoglycoside_antibiotic	13	777	777	1.0	Unknown taxonomy (chromosome or plasmid)
barcode04_3Gb	contig_89	1687	2512	OXA-9_penam	11	825	825	1.0	Unknown taxonomy (chromosome or plasmid)
barcode04_3Gb	contig_89	3211	4072	TEM-1_monobactam;_cephalosporin;_penam;_penem	32	861	861	1.0	Unknown taxonomy (chromosome or plasmid)
barcode04_3Gb	contig_89	5032	5917	mphE_macrolide_antibiotic	86	885	885	1.0	Unknown taxonomy (chromosome or plasmid)
barcode04_3Gb	contig_89	5972	7415	msrE_macrolide_antibiotic;_streptogramin_antibiotic	84	1443	1443	1.0	Unknown taxonomy (chromosome or plasmid)
barcode04_3Gb	contig_939	99435	99768	qacG_disinfecting_agents_and_antiseptics	4	333	333	1.0	
barcode04_3Gb	contig_95	24369	24804	Escherichia coli AcrAB-TolC with MarR mutations conferring resistance to ciprofloxacin and tetracycline_fluoroquinolone_antibiotic;_cephalosporin;_glycylcycline;_penam;_tetracycline_antibiotic;_rifamycin_antibiotic;_phenicol_antibiotic;_disinfecting_agents_and_antiseptics	8	435	435	1.0	Unknown taxonomy (chromosome or plasmid)
barcode04_3Gb	contig_95	24823	25207	marA_fluoroquinolone_antibiotic;_monobactam;_carbapenem;_cephalosporin;_glycylcycline;_cephamycin;_penam;_tetracycline_antibiotic;_rifamycin_antibiotic;_phenicol_antibiotic;_penem;_disinfecting_agents_and_antiseptics	8	384	384	1.0	Unknown taxonomy (chromosome or plasmid)
barcode04_3Gb	contig_96	1332	2181	TEM-216_monobactam;_cephalosporin;_penam;_penem	15	849	849	1.0	Unknown taxonomy (chromosome or plasmid)
barcode04_3Gb	contig_968	660621	661857	vanW gene in vanI cluster_glycopeptide_antibiotic	96	1236	1236	1.0	
barcode04_3Gb	contig_968	1365354	1365861	nimK_nitroimidazole_antibiotic	95	507	507	1.0	
barcode04_3Gb	contig_968	1621363	1624555	adeF_fluoroquinolone_antibiotic;_tetracycline_antibiotic	100	3192	3192	1.0	
barcode04_3Gb	contig_968	1870445	1871555	vanT gene in vanG cluster_glycopeptide_antibiotic	98	1110	1110	1.0	
barcode04_3Gb	contig_99	6807	7647	sul1_sulfonamide_antibiotic	39	840	840	1.0	Unknown taxonomy (chromosome or plasmid)
barcode04_3Gb	contig_99	7640	7988	qacEdelta1_disinfecting_agents_and_antiseptics	34	348	348	1.0	Unknown taxonomy (chromosome or plasmid)
barcode04_6Gb	contig_10247	11255	11579	Escherichia coli soxS with mutation conferring antibiotic resistance_fluoroquinolone_antibiotic;_monobactam;_carbapenem;_cephalosporin;_glycylcycline;_cephamycin;_penam;_tetracycline_antibiotic;_rifamycin_antibiotic;_phenicol_antibiotic;_penem;_disinfecting_agents_and_antiseptics	5	324	324	1.0	Citrobacter freundii (chromosome)
barcode04_6Gb	contig_1031	241	1057	APH(3')-Ia_aminoglycoside_antibiotic	13	816	816	1.0	Unknown taxonomy (chromosome or plasmid)
barcode04_6Gb	contig_10322	363	1182	bacA_peptide_antibiotic	4	819	819	1.0	
barcode04_6Gb	contig_10413	13076	13451	ramA_fluoroquinolone_antibiotic;_monobactam;_carbapenem;_cephalosporin;_glycylcycline;_cephamycin;_penam;_tetracycline_antibiotic;_rifamycin_antibiotic;_phenicol_antibiotic;_penem;_disinfecting_agents_and_antiseptics	20	375	375	1.0	Enterobacter (chromosome)
barcode04_6Gb	contig_10462	4665	6750	vanT gene in vanG cluster_glycopeptide_antibiotic	5	2085	2085	1.0	
barcode04_6Gb	contig_10462	6736	7489	vanXY gene in vanG cluster_glycopeptide_antibiotic	4	753	753	1.0	
barcode04_6Gb	contig_10489	827	1655	OXA-253_carbapenem;_penam	36	828	828	1.0	Acinetobacter baumannii (chromosome)
barcode04_6Gb	contig_1049	73415	74361	TLA-1_monobactam;_cephalosporin	9	946	946	1.0	
barcode04_6Gb	contig_10495	937	1396	AAC(6')-Il_aminoglycoside_antibiotic	8	459	459	1.0	Unknown taxonomy (chromosome or plasmid)
barcode04_6Gb	contig_10495	3301	4162	TEM-1_monobactam;_cephalosporin;_penam;_penem	19	861	861	1.0	Unknown taxonomy (chromosome or plasmid)
barcode04_6Gb	contig_10495	6277	6937	catA1_phenicol_antibiotic	5	660	660	1.0	Unknown taxonomy (chromosome or plasmid)
barcode04_6Gb	contig_10496	443	1304	SHV-12_carbapenem;_cephalosporin;_penam	5	861	861	1.0	Unknown taxonomy (chromosome or plasmid)
barcode04_6Gb	contig_1056	8692	9166	dfrA14_diaminopyrimidine_antibiotic	18	474	474	1.0	Unknown taxonomy (chromosome or plasmid)
barcode04_6Gb	contig_1056	9200	10016	aadA_aminoglycoside_antibiotic	28	816	816	1.0	Unknown taxonomy (chromosome or plasmid)
barcode04_6Gb	contig_1056	10008	10809	OXA-10_cephalosporin;_penam	23	801	801	1.0	Unknown taxonomy (chromosome or plasmid)
barcode04_6Gb	contig_1056	11073	12333	cmlA5_phenicol_antibiotic	16	1260	1260	1.0	Unknown taxonomy (chromosome or plasmid)
barcode04_6Gb	contig_1057	1479	2319	sul1_sulfonamide_antibiotic	70	840	840	1.0	Unknown taxonomy (chromosome or plasmid)
barcode04_6Gb	contig_1057	2312	2660	qacEdelta1_disinfecting_agents_and_antiseptics	75	348	348	1.0	Unknown taxonomy (chromosome or plasmid)
barcode04_6Gb	contig_1057	3115	3943	OXA-2_carbapenem;_cephalosporin;_penam	58	828	828	1.0	Unknown taxonomy (chromosome or plasmid)
barcode04_6Gb	contig_1057	4024	4675	AAC(6')-Ib9_aminoglycoside_antibiotic	62	651	651	1.0	Unknown taxonomy (chromosome or plasmid)
barcode04_6Gb	contig_1057	4716	5580	GES-1_carbapenem;_cephalosporin;_penam	63	864	864	1.0	Unknown taxonomy (chromosome or plasmid)
barcode04_6Gb	contig_1057	13683	14463	APH(3')-VIa_aminoglycoside_antibiotic	86	780	780	1.0	Unknown taxonomy (chromosome or plasmid)
barcode04_6Gb	contig_1065	7982	9173	tet(C)_tetracycline_antibiotic	43	1191	1191	1.0	Unknown taxonomy (chromosome or plasmid)
barcode04_6Gb	contig_1068	1425	2181	TEM-216_monobactam;_cephalosporin;_penam;_penem	17	756	756	1.0	Unknown taxonomy (chromosome or plasmid)
barcode04_6Gb	contig_10702	12480	12789	Klebsiella pneumoniae KpnF_macrolide_antibiotic;_aminoglycoside_antibiotic;_cephalosporin;_tetracycline_antibiotic;_peptide_antibiotic;_rifamycin_antibiotic;_disinfecting_agents_and_antiseptics	20	309	309	1.0	Enterobacter asburiae (no genomic info)
barcode04_6Gb	contig_1071	1770	2634	GES-1_carbapenem;_cephalosporin;_penam	61	864	864	1.0	Unknown taxonomy (chromosome or plasmid)
barcode04_6Gb	contig_1071	2707	3166	AAC(6')-Il_aminoglycoside_antibiotic	58	459	459	1.0	Unknown taxonomy (chromosome or plasmid)
barcode04_6Gb	contig_1072	10324	10924	AAC(6')-Ib-cr6_fluoroquinolone_antibiotic;_aminoglycoside_antibiotic	19	600	600	1.0	Unknown taxonomy (chromosome or plasmid)
barcode04_6Gb	contig_10746	58967	60086	vanT gene in vanG cluster_glycopeptide_antibiotic	6	1119	1119	1.0	
barcode04_6Gb	contig_10792	71059	71761	vanY gene in vanB cluster_glycopeptide_antibiotic	11	702	702	1.0	
barcode04_6Gb	contig_1081	40317	41193	CTX-M-15_cephalosporin;_penam	35	876	876	1.0	Unknown taxonomy (chromosome or plasmid)
barcode04_6Gb	contig_1081	45833	46490	QnrS1_fluoroquinolone_antibiotic	42	657	657	1.0	Unknown taxonomy (chromosome or plasmid)
barcode04_6Gb	contig_1082	837	1653	sul2_sulfonamide_antibiotic	18	816	816	1.0	Unknown taxonomy (chromosome or plasmid)
barcode04_6Gb	contig_1082	2897	3245	qacEdelta1_disinfecting_agents_and_antiseptics	27	348	348	1.0	Unknown taxonomy (chromosome or plasmid)
barcode04_6Gb	contig_1082	3408	4188	aadA_aminoglycoside_antibiotic	42	780	780	1.0	Unknown taxonomy (chromosome or plasmid)
barcode04_6Gb	contig_1082	4292	4766	dfrA1_diaminopyrimidine_antibiotic	28	474	474	1.0	Unknown taxonomy (chromosome or plasmid)
barcode04_6Gb	contig_10854	8822	9434	vanY gene in vanF cluster_glycopeptide_antibiotic	2	612	612	1.0	
barcode04_6Gb	contig_1087	45196	45976	APH(3')-VIa_aminoglycoside_antibiotic	25	780	780	1.0	Unknown taxonomy (chromosome or plasmid)
barcode04_6Gb	contig_1087	49994	50342	qacEdelta1_disinfecting_agents_and_antiseptics	20	348	348	1.0	Unknown taxonomy (chromosome or plasmid)
barcode04_6Gb	contig_1087	50335	51175	sul1_sulfonamide_antibiotic	19	840	840	1.0	Unknown taxonomy (chromosome or plasmid)
barcode04_6Gb	contig_10927	3	537	ANT(2'')-Ia_aminoglycoside_antibiotic	18	534	534	1.0	Unknown taxonomy (chromosome or plasmid)
barcode04_6Gb	contig_10927	604	1078	dfrA6_diaminopyrimidine_antibiotic	27	474	474	1.0	Unknown taxonomy (chromosome or plasmid)
barcode04_6Gb	contig_10927	2796	3453	QnrVC1_fluoroquinolone_antibiotic	36	657	657	1.0	Unknown taxonomy (chromosome or plasmid)
barcode04_6Gb	contig_10975	64883	66275	Escherichia coli UhpT with mutation conferring resistance to fosfomycin_phosphonic_acid_antibiotic	9	1392	1392	1.0	Unknown taxonomy (chromosome or plasmid)
barcode04_6Gb	contig_1098	1452	2334	KPC-2_monobactam;_carbapenem;_cephalosporin;_penam	255	882	882	1.0	Unknown taxonomy (chromosome or plasmid)
barcode04_6Gb	contig_1103	4509	5370	SHV-5_carbapenem;_cephalosporin;_penam	26	861	861	1.0	Unknown taxonomy (chromosome or plasmid)
barcode04_6Gb	contig_1107	51401	51767	Klebsiella pneumoniae KpnE_macrolide_antibiotic;_aminoglycoside_antibiotic;_cephalosporin;_tetracycline_antibiotic;_peptide_antibiotic;_rifamycin_antibiotic;_disinfecting_agents_and_antiseptics	21	366	366	1.0	Unknown taxonomy (chromosome or plasmid)
barcode04_6Gb	contig_1107	51753	52083	Klebsiella pneumoniae KpnF_macrolide_antibiotic;_aminoglycoside_antibiotic;_cephalosporin;_tetracycline_antibiotic;_peptide_antibiotic;_rifamycin_antibiotic;_disinfecting_agents_and_antiseptics	22	330	330	1.0	Unknown taxonomy (chromosome or plasmid)
barcode04_6Gb	contig_1107	90736	91120	marA_fluoroquinolone_antibiotic;_monobactam;_carbapenem;_cephalosporin;_glycylcycline;_cephamycin;_penam;_tetracycline_antibiotic;_rifamycin_antibiotic;_phenicol_antibiotic;_penem;_disinfecting_agents_and_antiseptics	19	384	384	1.0	Unknown taxonomy (chromosome or plasmid)
barcode04_6Gb	contig_1107	91139	91574	Escherichia coli AcrAB-TolC with MarR mutations conferring resistance to ciprofloxacin and tetracycline_fluoroquinolone_antibiotic;_cephalosporin;_glycylcycline;_penam;_tetracycline_antibiotic;_rifamycin_antibiotic;_phenicol_antibiotic;_disinfecting_agents_and_antiseptics	17	435	435	1.0	Unknown taxonomy (chromosome or plasmid)
barcode04_6Gb	contig_1109	137724	138564	sul1_sulfonamide_antibiotic	87	840	840	1.0	Unknown taxonomy (chromosome or plasmid)
barcode04_6Gb	contig_1109	138557	138905	qacEdelta1_disinfecting_agents_and_antiseptics	79	348	348	1.0	Unknown taxonomy (chromosome or plasmid)
barcode04_6Gb	contig_1109	140613	141513	VEB-1_monobactam;_cephalosporin	23	900	900	1.0	Unknown taxonomy (chromosome or plasmid)
barcode04_6Gb	contig_11120	39701	40232	emrR_fluoroquinolone_antibiotic	4	531	531	1.0	Citrobacter freundii (chromosome)
barcode04_6Gb	contig_11120	40361	41534	emrA_fluoroquinolone_antibiotic	3	1173	1173	1.0	Citrobacter portucalensis (no genomic info)
barcode04_6Gb	contig_11120	49596	49782	rsmA_fluoroquinolone_antibiotic;_diaminopyrimidine_antibiotic;_phenicol_antibiotic	15	186	186	1.0	Citrobacter (chromosome or plasmid)
barcode04_6Gb	contig_11136	6783	9342	ArnT_peptide_antibiotic	8	2559	2559	1.0	Citrobacter freundii (chromosome or plasmid)
barcode04_6Gb	contig_11154	639	987	qacEdelta1_disinfecting_agents_and_antiseptics	35	348	348	1.0	Unknown taxonomy (chromosome or plasmid)
barcode04_6Gb	contig_11154	980	1820	sul1_sulfonamide_antibiotic	33	840	840	1.0	Unknown taxonomy (chromosome or plasmid)
barcode04_6Gb	contig_1121	6488	7145	QnrVC1_fluoroquinolone_antibiotic	16	657	657	1.0	Unknown taxonomy (chromosome or plasmid)
barcode04_6Gb	contig_1121	11190	12051	TEM-1_monobactam;_cephalosporin;_penam;_penem	62	861	861	1.0	Unknown taxonomy (chromosome or plasmid)
barcode04_6Gb	contig_11417	37332	37749	FosA8_phosphonic_acid_antibiotic	5	417	417	1.0	Klebsiella pneumoniae (chromosome or plasmid)
barcode04_6Gb	contig_11472	5757	6573	qacJ_disinfecting_agents_and_antiseptics	13	816	816	1.0	
barcode04_6Gb	contig_11510	5698	6538	sul1_sulfonamide_antibiotic	49	840	840	1.0	Unknown taxonomy (chromosome or plasmid)
barcode04_6Gb	contig_11510	6566	7346	aadA_aminoglycoside_antibiotic	39	780	780	1.0	Unknown taxonomy (chromosome or plasmid)
barcode04_6Gb	contig_11510	7427	8027	AAC(6')-Ib-cr6_fluoroquinolone_antibiotic;_aminoglycoside_antibiotic	45	600	600	1.0	Unknown taxonomy (chromosome or plasmid)
barcode04_6Gb	contig_11519	52582	52915	qacJ_disinfecting_agents_and_antiseptics	4	333	333	1.0	
barcode04_6Gb	contig_11660	321	687	qacG_disinfecting_agents_and_antiseptics	8	366	366	1.0	
barcode04_6Gb	contig_11792	5027	5411	vanY gene in vanB cluster_glycopeptide_antibiotic	5	384	384	1.0	
barcode04_6Gb	contig_11794	6101	7322	mdtG_phosphonic_acid_antibiotic	9	1221	1221	1.0	Citrobacter (chromosome)
barcode04_6Gb	contig_11814	1906	3091	Escherichia coli EF-Tu mutants conferring resistance to Pulvomycin_elfamycin_antibiotic	9	1185	1185	1.0	Unknown taxonomy (chromosome)
barcode04_6Gb	contig_11917	19471	21238	Haemophilus influenzae PBP3 conferring resistance to beta-lactam antibiotics_cephalosporin;_cephamycin;_penam	10	1767	1767	1.0	Klebsiella (chromosome or plasmid)
barcode04_6Gb	contig_11938	6458	6644	rsmA_fluoroquinolone_antibiotic;_diaminopyrimidine_antibiotic;_phenicol_antibiotic	15	186	186	1.0	Unknown taxonomy (chromosome or plasmid)
barcode04_6Gb	contig_11938	16201	17740	emrB_fluoroquinolone_antibiotic	9	1539	1539	1.0	
barcode04_6Gb	contig_11938	19043	19574	emrR_fluoroquinolone_antibiotic	11	531	531	1.0	
barcode04_6Gb	contig_12056	10424	11213	ArnT_peptide_antibiotic	8	789	789	1.0	Klebsiella pneumoniae (chromosome)
barcode04_6Gb	contig_12082	1691	1877	rsmA_fluoroquinolone_antibiotic;_diaminopyrimidine_antibiotic;_phenicol_antibiotic	8	186	186	1.0	Pseudomonas mendocina (chromosome)
barcode04_6Gb	contig_12173	2102	2597	dfrF_diaminopyrimidine_antibiotic	10	495	495	1.0	Unknown taxonomy (chromosome or plasmid)
barcode04_6Gb	contig_12223	32926	34675	msbA_nitroimidazole_antibiotic	10	1749	1749	1.0	Unknown taxonomy (chromosome)
barcode04_6Gb	contig_12255	24577	25723	vanT gene in vanG cluster_glycopeptide_antibiotic	5	1146	1146	1.0	
barcode04_6Gb	contig_12519	4059	4896	APH(6)-Id_aminoglycoside_antibiotic	35	837	837	1.0	Unknown taxonomy (chromosome or plasmid)
barcode04_6Gb	contig_12519	4895	5699	APH(3'')-Ib_aminoglycoside_antibiotic	31	804	804	1.0	Unknown taxonomy (chromosome or plasmid)
barcode04_6Gb	contig_12554	4451	5927	msrE_macrolide_antibiotic;_streptogramin_antibiotic	73	1476	1476	1.0	Unknown taxonomy (chromosome or plasmid)
barcode04_6Gb	contig_12554	5982	6867	mphE_macrolide_antibiotic	55	885	885	1.0	Unknown taxonomy (chromosome or plasmid)
barcode04_6Gb	contig_12554	8740	9931	tet(C)_tetracycline_antibiotic	21	1191	1191	1.0	Unknown taxonomy (chromosome or plasmid)
barcode04_6Gb	contig_12554	11437	12628	tet(C)_tetracycline_antibiotic	10	1191	1191	1.0	Unknown taxonomy (chromosome or plasmid)
barcode04_6Gb	contig_12556	86	902	APH(3')-Ia_aminoglycoside_antibiotic	54	816	816	1.0	Unknown taxonomy (chromosome or plasmid)
barcode04_6Gb	contig_12557	3746	4985	Mrx_macrolide_antibiotic	170	1239	1239	1.0	Unknown taxonomy (chromosome or plasmid)
barcode04_6Gb	contig_12557	4981	5887	mphA_macrolide_antibiotic	173	906	906	1.0	Unknown taxonomy (chromosome or plasmid)
barcode04_6Gb	contig_12557	8498	9383	mphE_macrolide_antibiotic	54	885	885	1.0	Unknown taxonomy (chromosome or plasmid)
barcode04_6Gb	contig_12557	9438	10914	msrE_macrolide_antibiotic;_streptogramin_antibiotic	66	1476	1476	1.0	Unknown taxonomy (chromosome or plasmid)
barcode04_6Gb	contig_12557	12305	12791	ANT(2'')-Ia_aminoglycoside_antibiotic	11	486	486	1.0	Unknown taxonomy (chromosome or plasmid)
barcode04_6Gb	contig_12557	13002	13902	VEB-1_monobactam;_cephalosporin	13	900	900	1.0	Unknown taxonomy (chromosome or plasmid)
barcode04_6Gb	contig_12557	14020	15280	cmlA5_phenicol_antibiotic	5	1260	1260	1.0	Unknown taxonomy (chromosome or plasmid)
barcode04_6Gb	contig_12573	1658	3197	emrY_tetracycline_antibiotic	22	1539	1539	1.0	Unknown taxonomy (chromosome or plasmid)
barcode04_6Gb	contig_12573	3196	4252	emrK_tetracycline_antibiotic	21	1056	1056	1.0	Unknown taxonomy (chromosome or plasmid)
barcode04_6Gb	contig_12573	4775	5390	evgA_macrolide_antibiotic;_fluoroquinolone_antibiotic;_penam;_tetracycline_antibiotic	21	615	615	1.0	Unknown taxonomy (chromosome or plasmid)
barcode04_6Gb	contig_12573	5394	8988	evgS_macrolide_antibiotic;_fluoroquinolone_antibiotic;_penam;_tetracycline_antibiotic	23	3594	3594	1.0	Unknown taxonomy (chromosome or plasmid)
barcode04_6Gb	contig_12651	1	1423	msrE_macrolide_antibiotic;_streptogramin_antibiotic	51	1422	1422	1.0	Unknown taxonomy (chromosome or plasmid)
barcode04_6Gb	contig_12651	1478	2363	mphE_macrolide_antibiotic	70	885	885	1.0	Unknown taxonomy (chromosome or plasmid)
barcode04_6Gb	contig_12669	1608	2472	GES-5_carbapenem;_cephalosporin;_penam	21	864	864	1.0	Unknown taxonomy (chromosome or plasmid)
barcode04_6Gb	contig_12669	2594	3326	aadA16_aminoglycoside_antibiotic	14	732	732	1.0	Unknown taxonomy (chromosome or plasmid)
barcode04_6Gb	contig_12669	3892	5368	msrE_macrolide_antibiotic;_streptogramin_antibiotic	27	1476	1476	1.0	Unknown taxonomy (chromosome or plasmid)
barcode04_6Gb	contig_1270	81235	83713	vanT gene in vanG cluster_glycopeptide_antibiotic	90	2478	2478	1.0	
barcode04_6Gb	contig_12727	8043	9234	tet(C)_tetracycline_antibiotic	27	1191	1191	1.0	Unknown taxonomy (chromosome or plasmid)
barcode04_6Gb	contig_12744	34885	35377	ANT(3'')-IIb_aminoglycoside_antibiotic	74	492	492	1.0	Acinetobacter baumannii (chromosome or plasmid)
barcode04_6Gb	contig_12775	51212	51467	rsmA_fluoroquinolone_antibiotic;_diaminopyrimidine_antibiotic;_phenicol_antibiotic	13	255	255	1.0	
barcode04_6Gb	contig_12794	126249	126927	kdpE_aminoglycoside_antibiotic	34	678	678	1.0	Unknown taxonomy (chromosome or plasmid)
barcode04_6Gb	contig_12799	2887	3322	Escherichia coli AcrAB-TolC with MarR mutations conferring resistance to ciprofloxacin and tetracycline_fluoroquinolone_antibiotic;_cephalosporin;_glycylcycline;_penam;_tetracycline_antibiotic;_rifamycin_antibiotic;_phenicol_antibiotic;_disinfecting_agents_and_antiseptics	9	435	435	1.0	Enterobacter (chromosome)
barcode04_6Gb	contig_12799	3341	3722	marA_fluoroquinolone_antibiotic;_monobactam;_carbapenem;_cephalosporin;_glycylcycline;_cephamycin;_penam;_tetracycline_antibiotic;_rifamycin_antibiotic;_phenicol_antibiotic;_penem;_disinfecting_agents_and_antiseptics	9	381	381	1.0	Enterobacter (chromosome or plasmid)
barcode04_6Gb	contig_1280	1618	2077	AAC(6')-Il_aminoglycoside_antibiotic	24	459	459	1.0	Unknown taxonomy (chromosome or plasmid)
barcode04_6Gb	contig_1284	12180	12918	ErmB_macrolide_antibiotic;_lincosamide_antibiotic;_streptogramin_antibiotic;_streptogramin_A_antibiotic;_streptogramin_B_antibiotic	20	738	738	1.0	Unknown taxonomy (chromosome or plasmid)
barcode04_6Gb	contig_1284	135875	136202	qacG_disinfecting_agents_and_antiseptics	13	327	327	1.0	
barcode04_6Gb	contig_1284	189182	189515	qacE_disinfecting_agents_and_antiseptics	21	333	333	1.0	Unknown taxonomy (chromosome or plasmid)
barcode04_6Gb	contig_12841	2212	3094	KPC-2_monobactam;_carbapenem;_cephalosporin;_penam	204	882	882	1.0	Unknown taxonomy (chromosome or plasmid)
barcode04_6Gb	contig_12845	32408	35129	adeF_fluoroquinolone_antibiotic;_tetracycline_antibiotic	14	2721	2721	1.0	
barcode04_6Gb	contig_12850	19134	20649	aadT_macrolide_antibiotic;_tetracycline_antibiotic;_disinfecting_agents_and_antiseptics	9	1515	1515	1.0	
barcode04_6Gb	contig_12869	2	818	ErmF_macrolide_antibiotic;_lincosamide_antibiotic;_streptogramin_antibiotic;_streptogramin_A_antibiotic;_streptogramin_B_antibiotic	12	816	816	1.0	Unknown taxonomy (chromosome or plasmid)
barcode04_6Gb	contig_12869	2906	4832	tet(Q)_tetracycline_antibiotic	7	1926	1926	1.0	Unknown taxonomy (chromosome)
barcode04_6Gb	contig_12876	88748	89093	qacG_disinfecting_agents_and_antiseptics	12	345	345	1.0	
barcode04_6Gb	contig_12910	23417	24590	vanT gene in vanG cluster_glycopeptide_antibiotic	10	1173	1173	1.0	
barcode04_6Gb	contig_12939	45113	45836	baeR_aminoglycoside_antibiotic;_aminocoumarin_antibiotic	18	723	723	1.0	Escherichia coli (chromosome or plasmid)
barcode04_6Gb	contig_12939	48649	51727	mdtC_aminocoumarin_antibiotic	13	3078	3078	1.0	Escherichia coli (chromosome or plasmid)
barcode04_6Gb	contig_12958	7355	8540	Escherichia coli EF-Tu mutants conferring resistance to Pulvomycin_elfamycin_antibiotic	21	1185	1185	1.0	Klebsiella michiganensis (chromosome or plasmid)
barcode04_6Gb	contig_12958	26859	27492	CRP_macrolide_antibiotic;_fluoroquinolone_antibiotic;_penam	8	633	633	1.0	Klebsiella (chromosome)
barcode04_6Gb	contig_12965	80689	81874	Escherichia coli EF-Tu mutants conferring resistance to Pulvomycin_elfamycin_antibiotic	19	1185	1185	1.0	Enterobacter (chromosome or plasmid)
barcode04_6Gb	contig_1299	12382	12706	Escherichia coli soxS with mutation conferring antibiotic resistance_fluoroquinolone_antibiotic;_monobactam;_carbapenem;_cephalosporin;_glycylcycline;_cephamycin;_penam;_tetracycline_antibiotic;_rifamycin_antibiotic;_phenicol_antibiotic;_penem;_disinfecting_agents_and_antiseptics	3	324	324	1.0	Citrobacter freundii (chromosome)
barcode04_6Gb	contig_13040	124733	124988	rsmA_fluoroquinolone_antibiotic;_diaminopyrimidine_antibiotic;_phenicol_antibiotic	15	255	255	1.0	
barcode04_6Gb	contig_13060	11392	12037	QnrB19_fluoroquinolone_antibiotic	54	645	645	1.0	Unknown taxonomy (chromosome or plasmid)
barcode04_6Gb	contig_13064	40523	42065	Escherichia coli UhpT with mutation conferring resistance to fosfomycin_phosphonic_acid_antibiotic	10	1542	1542	1.0	Unknown taxonomy (chromosome)
barcode04_6Gb	contig_13082	12940	13573	CRP_macrolide_antibiotic;_fluoroquinolone_antibiotic;_penam	44	633	633	1.0	Escherichia coli (chromosome or plasmid)
barcode04_6Gb	contig_13082	28363	29548	Escherichia coli EF-Tu mutants conferring resistance to Pulvomycin_elfamycin_antibiotic	20	1185	1185	1.0	Unknown taxonomy (chromosome or plasmid)
barcode04_6Gb	contig_13086	1147	1873	vanY gene in vanB cluster_glycopeptide_antibiotic	8	726	726	1.0	Roseburia hominis (no genomic info)
barcode04_6Gb	contig_13151	217	1099	KPC-2_monobactam;_carbapenem;_cephalosporin;_penam	214	882	882	1.0	Unknown taxonomy (chromosome or plasmid)
barcode04_6Gb	contig_13162	24912	25875	CfxA6_cephamycin	20	963	963	1.0	
barcode04_6Gb	contig_13164	33010	35488	vanT gene in vanG cluster_glycopeptide_antibiotic	14	2478	2478	1.0	
barcode04_6Gb	contig_13194	1810	2635	OXA-347_penam	7	825	825	1.0	Unknown taxonomy (chromosome or plasmid)
barcode04_6Gb	contig_13196	2972	3794	bacA_peptide_antibiotic	13	822	822	1.0	
barcode04_6Gb	contig_13325	56365	56698	qacG_disinfecting_agents_and_antiseptics	7	333	333	1.0	
barcode04_6Gb	contig_13342	3641	4838	Shigella flexneri acrA_fluoroquinolone_antibiotic;_cephalosporin;_glycylcycline;_penam;_tetracycline_antibiotic;_rifamycin_antibiotic;_phenicol_antibiotic;_disinfecting_agents_and_antiseptics	9	1197	1197	1.0	Unknown taxonomy (chromosome)
barcode04_6Gb	contig_1362	307473	310626	adeF_fluoroquinolone_antibiotic;_tetracycline_antibiotic	31	3153	3153	1.0	
barcode04_6Gb	contig_1362	1145468	1146032	lnuC_lincosamide_antibiotic	65	564	564	1.0	Unknown taxonomy (chromosome or plasmid)
barcode04_6Gb	contig_1362	2075130	2076624	vanW gene in vanI cluster_glycopeptide_antibiotic	23	1494	1494	1.0	
barcode04_6Gb	contig_1541	634	2554	tet(W)_tetracycline_antibiotic	37	1920	1920	1.0	Unknown taxonomy (chromosome or plasmid)
barcode04_6Gb	contig_1562	19492	21958	vanT gene in vanG cluster_glycopeptide_antibiotic	4	2466	2466	1.0	
barcode04_6Gb	contig_1589	901	2161	cmlA4_phenicol_antibiotic	7	1260	1260	1.0	Unknown taxonomy (chromosome or plasmid)
barcode04_6Gb	contig_1589	2459	2933	dfrA15b_diaminopyrimidine_antibiotic	10	474	474	1.0	Unknown taxonomy (chromosome or plasmid)
barcode04_6Gb	contig_1606	2442	3282	sul1_sulfonamide_antibiotic	82	840	840	1.0	Unknown taxonomy (chromosome or plasmid)
barcode04_6Gb	contig_1606	3275	3623	qacEdelta1_disinfecting_agents_and_antiseptics	74	348	348	1.0	Unknown taxonomy (chromosome or plasmid)
barcode04_6Gb	contig_1655	10979	12899	tet(O)_tetracycline_antibiotic	55	1920	1920	1.0	Unknown taxonomy (chromosome or plasmid)
barcode04_6Gb	contig_1684	960906	964098	adeF_fluoroquinolone_antibiotic;_tetracycline_antibiotic	48	3192	3192	1.0	
barcode04_6Gb	contig_1717	699510	700611	LpsB_peptide_antibiotic	38	1101	1101	1.0	Acinetobacter baumannii (chromosome or plasmid)
barcode04_6Gb	contig_1717	745578	746925	abeM_fluoroquinolone_antibiotic;_disinfecting_agents_and_antiseptics	47	1347	1347	1.0	Acinetobacter baumannii (chromosome or plasmid)
barcode04_6Gb	contig_1717	941223	943443	Acinetobacter baumannii parC conferring resistance to fluoroquinolones_fluoroquinolone_antibiotic	51	2220	2220	1.0	Acinetobacter baumannii (chromosome or plasmid)
barcode04_6Gb	contig_1722	22690	23566	CTX-M-55_cephalosporin	13	876	876	1.0	Unknown taxonomy (chromosome or plasmid)
barcode04_6Gb	contig_1722	24347	25085	TEM-244_monobactam;_cephalosporin;_penam;_penem	14	738	738	1.0	Unknown taxonomy (chromosome or plasmid)
barcode04_6Gb	contig_1722	26229	26646	FosA3_phosphonic_acid_antibiotic	9	417	417	1.0	Unknown taxonomy (chromosome or plasmid)
barcode04_6Gb	contig_1723	24965	26204	Mrx_macrolide_antibiotic	117	1239	1239	1.0	Unknown taxonomy (chromosome or plasmid)
barcode04_6Gb	contig_1723	26200	27106	mphA_macrolide_antibiotic	136	906	906	1.0	Unknown taxonomy (chromosome or plasmid)
barcode04_6Gb	contig_1723	28173	29034	TEM-1_monobactam;_cephalosporin;_penam;_penem	38	861	861	1.0	Unknown taxonomy (chromosome or plasmid)
barcode04_6Gb	contig_1724	16627	17488	TEM-176_monobactam;_cephalosporin;_penam;_penem	19	861	861	1.0	Unknown taxonomy (chromosome or plasmid)
barcode04_6Gb	contig_1762	103266	104070	lnuB_lincosamide_antibiotic	14	804	804	1.0	Unknown taxonomy (chromosome or plasmid)
barcode04_6Gb	contig_1762	104123	105608	lsaE_lincosamide_antibiotic;_streptogramin_antibiotic;_pleuromutilin_antibiotic	9	1485	1485	1.0	Streptococcus (chromosome or plasmid)
barcode04_6Gb	contig_1766	760513	761500	vanH gene in vanO cluster_glycopeptide_antibiotic	27	987	987	1.0	
barcode04_6Gb	contig_1766	1342918	1344076	vanT gene in vanG cluster_glycopeptide_antibiotic	53	1158	1158	1.0	
barcode04_6Gb	contig_1945	105649	107098	adeH_fluoroquinolone_antibiotic;_tetracycline_antibiotic	48	1449	1449	1.0	Acinetobacter baumannii (chromosome or plasmid)
barcode04_6Gb	contig_1945	107110	110290	adeF_fluoroquinolone_antibiotic;_tetracycline_antibiotic	49	3180	3180	1.0	Acinetobacter baumannii (chromosome or plasmid)
barcode04_6Gb	contig_1945	110296	111517	adeG_fluoroquinolone_antibiotic;_tetracycline_antibiotic	47	1221	1221	1.0	Acinetobacter baumannii (chromosome or plasmid)
barcode04_6Gb	contig_1945	111732	112746	adeL_fluoroquinolone_antibiotic;_tetracycline_antibiotic	48	1014	1014	1.0	Acinetobacter baumannii (chromosome or plasmid)
barcode04_6Gb	contig_1945	116054	116384	abeS_macrolide_antibiotic;_aminocoumarin_antibiotic	39	330	330	1.0	Acinetobacter baumannii (chromosome or plasmid)
barcode04_6Gb	contig_2134	34133	34790	QnrS1_fluoroquinolone_antibiotic	14	657	657	1.0	Unknown taxonomy (chromosome or plasmid)
barcode04_6Gb	contig_2262	19458	20937	Acinetobacter baumannii AmvA_macrolide_antibiotic;_disinfecting_agents_and_antiseptics	31	1479	1479	1.0	Acinetobacter baumannii (chromosome or plasmid)
barcode04_6Gb	contig_2268	113360	113615	rsmA_fluoroquinolone_antibiotic;_diaminopyrimidine_antibiotic;_phenicol_antibiotic	23	255	255	1.0	
barcode04_6Gb	contig_2385	30737	31922	Escherichia coli EF-Tu mutants conferring resistance to Pulvomycin_elfamycin_antibiotic	18	1185	1185	1.0	Enterobacter asburiae (chromosome or plasmid)
barcode04_6Gb	contig_2398	11066	12251	Escherichia coli EF-Tu mutants conferring resistance to Pulvomycin_elfamycin_antibiotic	9	1185	1185	1.0	Unknown taxonomy (chromosome or plasmid)
barcode04_6Gb	contig_2402	33531	34716	Escherichia coli EF-Tu mutants conferring resistance to Pulvomycin_elfamycin_antibiotic	5	1185	1185	1.0	Klebsiella michiganensis (chromosome or plasmid)
barcode04_6Gb	contig_2415	25628	26813	Escherichia coli EF-Tu mutants conferring resistance to Pulvomycin_elfamycin_antibiotic	11	1185	1185	1.0	Klebsiella (chromosome or plasmid)
barcode04_6Gb	contig_2416	28172	28616	fosA5_fluoroquinolone_antibiotic;_aminoglycoside_antibiotic;_phosphonic_acid_antibiotic	8	444	444	1.0	Klebsiella michiganensis (chromosome)
barcode04_6Gb	contig_2419	7421	8606	Escherichia coli EF-Tu mutants conferring resistance to Pulvomycin_elfamycin_antibiotic	37	1185	1185	1.0	Unknown taxonomy (chromosome or plasmid)
barcode04_6Gb	contig_2419	154017	154341	Escherichia coli soxS with mutation conferring antibiotic resistance_fluoroquinolone_antibiotic;_monobactam;_carbapenem;_cephalosporin;_glycylcycline;_cephamycin;_penam;_tetracycline_antibiotic;_rifamycin_antibiotic;_phenicol_antibiotic;_penem;_disinfecting_agents_and_antiseptics	40	324	324	1.0	Unknown taxonomy (chromosome or plasmid)
barcode04_6Gb	contig_2419	154426	154891	Escherichia coli soxR with mutation conferring antibiotic resistance_fluoroquinolone_antibiotic;_cephalosporin;_glycylcycline;_penam;_tetracycline_antibiotic;_rifamycin_antibiotic;_phenicol_antibiotic;_disinfecting_agents_and_antiseptics	47	465	465	1.0	Unknown taxonomy (chromosome or plasmid)
barcode04_6Gb	contig_2419	177420	179472	mdtO_nucleoside_antibiotic;_disinfecting_agents_and_antiseptics	51	2052	2052	1.0	Escherichia coli (chromosome or plasmid)
barcode04_6Gb	contig_2419	179471	180503	mdtN_nucleoside_antibiotic;_disinfecting_agents_and_antiseptics	45	1032	1032	1.0	Unknown taxonomy (chromosome or plasmid)
barcode04_6Gb	contig_2419	204301	205945	eptA_peptide_antibiotic	52	1644	1644	1.0	Unknown taxonomy (chromosome or plasmid)
barcode04_6Gb	contig_2419	268677	269811	EC-14_cephalosporin	50	1134	1134	1.0	Unknown taxonomy (chromosome or plasmid)
barcode04_6Gb	contig_2419	431501	432734	mdtM_fluoroquinolone_antibiotic;_lincosamide_antibiotic;_nucleoside_antibiotic;_phenicol_antibiotic;_disinfecting_agents_and_antiseptics	36	1233	1233	1.0	Unknown taxonomy (chromosome or plasmid)
barcode04_6Gb	contig_2419	594721	595666	leuO_nucleoside_antibiotic;_disinfecting_agents_and_antiseptics	33	945	945	1.0	Unknown taxonomy (chromosome or plasmid)
barcode04_6Gb	contig_2419	601766	603533	Haemophilus influenzae PBP3 conferring resistance to beta-lactam antibiotics_cephalosporin;_cephamycin;_penam	34	1767	1767	1.0	Unknown taxonomy (chromosome or plasmid)
barcode04_6Gb	contig_2433	499	1384	mphE_macrolide_antibiotic	17	885	885	1.0	Unknown taxonomy (chromosome or plasmid)
barcode04_6Gb	contig_2437	766	1954	tet(39)_tetracycline_antibiotic	13	1188	1188	1.0	Unknown taxonomy (plasmid)
barcode04_6Gb	contig_2564	2605	3262	QnrVC4_fluoroquinolone_antibiotic	21	657	657	1.0	Unknown taxonomy (chromosome or plasmid)
barcode04_6Gb	contig_2564	3344	3983	AAC(6')-Ib9_aminoglycoside_antibiotic	21	639	639	1.0	Unknown taxonomy (chromosome or plasmid)
barcode04_6Gb	contig_2564	4197	5457	cmlA5_phenicol_antibiotic	16	1260	1260	1.0	Unknown taxonomy (chromosome or plasmid)
barcode04_6Gb	contig_2609	114227	115994	Haemophilus influenzae PBP3 conferring resistance to beta-lactam antibiotics_cephalosporin;_cephamycin;_penam	15	1767	1767	1.0	Enterobacter roggenkampii (chromosome or plasmid)
barcode04_6Gb	contig_2610	93685	95452	Haemophilus influenzae PBP3 conferring resistance to beta-lactam antibiotics_cephalosporin;_cephamycin;_penam	19	1767	1767	1.0	Enterobacter (chromosome or plasmid)
barcode04_6Gb	contig_2610	101630	102653	leuO_nucleoside_antibiotic;_disinfecting_agents_and_antiseptics	13	1023	1023	1.0	Enterobacter kobei (chromosome)
barcode04_6Gb	contig_2613	6592	6937	qacG_disinfecting_agents_and_antiseptics	26	345	345	1.0	Acinetobacter (chromosome)
barcode04_6Gb	contig_2614	109909	111010	vanG_glycopeptide_antibiotic	11	1101	1101	1.0	Enterobacter kobei (chromosome)
barcode04_6Gb	contig_2614	206261	209408	acrB_fluoroquinolone_antibiotic;_cephalosporin;_glycylcycline;_penam;_tetracycline_antibiotic;_rifamycin_antibiotic;_phenicol_antibiotic;_disinfecting_agents_and_antiseptics	21	3147	3147	1.0	Unknown taxonomy (chromosome)
barcode04_6Gb	contig_2614	209430	210624	Enterobacter cloacae acrA_fluoroquinolone_antibiotic;_cephalosporin;_glycylcycline;_penam;_tetracycline_antibiotic;_rifamycin_antibiotic;_phenicol_antibiotic;_disinfecting_agents_and_antiseptics	18	1194	1194	1.0	Enterobacter (chromosome)
barcode04_6Gb	contig_2622	30028	33178	acrB_fluoroquinolone_antibiotic;_cephalosporin;_glycylcycline;_penam;_tetracycline_antibiotic;_rifamycin_antibiotic;_phenicol_antibiotic;_disinfecting_agents_and_antiseptics	14	3150	3150	1.0	Citrobacter (chromosome or plasmid)
barcode04_6Gb	contig_2693	11099	11429	qacG_disinfecting_agents_and_antiseptics	8	330	330	1.0	
barcode04_6Gb	contig_2700	3417	4281	GES-1_carbapenem;_cephalosporin;_penam	51	864	864	1.0	Unknown taxonomy (chromosome or plasmid)
barcode04_6Gb	contig_2700	4322	4973	AAC(6')-Ib9_aminoglycoside_antibiotic	55	651	651	1.0	Unknown taxonomy (chromosome or plasmid)
barcode04_6Gb	contig_2700	5054	5882	OXA-2_carbapenem;_cephalosporin;_penam	58	828	828	1.0	Unknown taxonomy (chromosome or plasmid)
barcode04_6Gb	contig_2700	6839	7667	OXA-2_carbapenem;_cephalosporin;_penam	48	828	828	1.0	Unknown taxonomy (chromosome or plasmid)
barcode04_6Gb	contig_2700	8122	8470	qacEdelta1_disinfecting_agents_and_antiseptics	80	348	348	1.0	Unknown taxonomy (chromosome or plasmid)
barcode04_6Gb	contig_2700	8463	9303	sul1_sulfonamide_antibiotic	87	840	840	1.0	Unknown taxonomy (chromosome or plasmid)
barcode04_6Gb	contig_2701	3106	4306	tet(A)_tetracycline_antibiotic	33	1200	1200	1.0	Unknown taxonomy (chromosome or plasmid)
barcode04_6Gb	contig_2702	376	1156	aadA2_aminoglycoside_antibiotic	34	780	780	1.0	Unknown taxonomy (chromosome or plasmid)
barcode04_6Gb	contig_2702	1575	2073	dfrA12_diaminopyrimidine_antibiotic	25	498	498	1.0	Unknown taxonomy (chromosome or plasmid)
barcode04_6Gb	contig_2759	36411	37275	sul4_sulfonamide_antibiotic	15	864	864	1.0	Unknown taxonomy (chromosome or plasmid)
barcode04_6Gb	contig_2759	37834	38635	OXA-101_cephalosporin;_penam	11	801	801	1.0	Unknown taxonomy (chromosome or plasmid)
barcode04_6Gb	contig_2759	38710	39502	aadA_aminoglycoside_antibiotic	20	792	792	1.0	Unknown taxonomy (chromosome or plasmid)
barcode04_6Gb	contig_2770	7687	8527	sul1_sulfonamide_antibiotic	36	840	840	1.0	Unknown taxonomy (chromosome or plasmid)
barcode04_6Gb	contig_2770	8520	8868	qacEdelta1_disinfecting_agents_and_antiseptics	39	348	348	1.0	Unknown taxonomy (chromosome or plasmid)
barcode04_6Gb	contig_2770	9079	9910	OXA-4_cephalosporin;_penam	47	831	831	1.0	Unknown taxonomy (chromosome or plasmid)
barcode04_6Gb	contig_2773	1050	1509	AAC(6')-Il_aminoglycoside_antibiotic	21	459	459	1.0	Unknown taxonomy (chromosome or plasmid)
barcode04_6Gb	contig_2773	1567	2101	ANT(2'')-Ia_aminoglycoside_antibiotic	17	534	534	1.0	Unknown taxonomy (chromosome or plasmid)
barcode04_6Gb	contig_2773	3063	3918	ErmX_macrolide_antibiotic;_lincosamide_antibiotic;_streptogramin_antibiotic;_streptogramin_A_antibiotic;_streptogramin_B_antibiotic	12	855	855	1.0	Unknown taxonomy (chromosome or plasmid)
barcode04_6Gb	contig_2787	16442	16916	dfrA6_diaminopyrimidine_antibiotic	40	474	474	1.0	Unknown taxonomy (chromosome or plasmid)
barcode04_6Gb	contig_2787	17074	17731	QnrVC1_fluoroquinolone_antibiotic	43	657	657	1.0	Unknown taxonomy (chromosome or plasmid)
barcode04_6Gb	contig_2803	26201	27461	EreB_macrolide_antibiotic	36	1260	1260	1.0	
barcode04_6Gb	contig_2886	439	1438	vanH gene in vanB cluster_glycopeptide_antibiotic	8	999	999	1.0	
barcode04_6Gb	contig_2896	18002	19154	MOX-13_cephalosporin;_cephamycin;_penam	78	1152	1152	1.0	Aeromonas caviae (chromosome or plasmid)
barcode04_6Gb	contig_3037	20549	20963	H-NS_macrolide_antibiotic;_fluoroquinolone_antibiotic;_cephalosporin;_cephamycin;_penam;_tetracycline_antibiotic	17	414	414	1.0	Unknown taxonomy (chromosome or plasmid)
barcode04_6Gb	contig_3037	171596	172805	mdtH_fluoroquinolone_antibiotic	27	1209	1209	1.0	Unknown taxonomy (chromosome or plasmid)
barcode04_6Gb	contig_3037	181435	182662	mdtG_phosphonic_acid_antibiotic	27	1227	1227	1.0	Unknown taxonomy (chromosome or plasmid)
barcode04_6Gb	contig_3037	327573	329322	msbA_nitroimidazole_antibiotic	18	1749	1749	1.0	Unknown taxonomy (chromosome)
barcode04_6Gb	contig_3117	17213	18098	mphE_macrolide_antibiotic	109	885	885	1.0	Unknown taxonomy (chromosome or plasmid)
barcode04_6Gb	contig_3117	18153	19611	msrE_macrolide_antibiotic;_streptogramin_antibiotic	89	1458	1458	1.0	Unknown taxonomy (chromosome or plasmid)
barcode04_6Gb	contig_3130	25546	26437	mphE_macrolide_antibiotic	58	891	891	1.0	Klebsiella pneumoniae (chromosome or plasmid)
barcode04_6Gb	contig_3239	29178	30495	Acinetobacter baumannii AbaQ_fluoroquinolone_antibiotic	15	1317	1317	1.0	
barcode04_6Gb	contig_3259	15500	16718	tet(E)_tetracycline_antibiotic	17	1218	1218	1.0	Aeromonas veronii (chromosome)
barcode04_6Gb	contig_3317	32088	32433	qacG_disinfecting_agents_and_antiseptics	13	345	345	1.0	Unknown taxonomy (chromosome or plasmid)
barcode04_6Gb	contig_3375	126820	129991	adeF_fluoroquinolone_antibiotic;_tetracycline_antibiotic	9	3171	3171	1.0	
barcode04_6Gb	contig_3415	327614	327947	Escherichia coli emrE_macrolide_antibiotic	20	333	333	1.0	Unknown taxonomy (chromosome or plasmid)
barcode04_6Gb	contig_3427	9232	10072	sul1_sulfonamide_antibiotic	6	840	840	1.0	Unknown taxonomy (chromosome or plasmid)
barcode04_6Gb	contig_3511	203272	203527	rsmA_fluoroquinolone_antibiotic;_diaminopyrimidine_antibiotic;_phenicol_antibiotic	330	255	255	1.0	
barcode04_6Gb	contig_3710	18008	18845	APH(6)-Id_aminoglycoside_antibiotic	46	837	837	1.0	Unknown taxonomy (chromosome or plasmid)
barcode04_6Gb	contig_3710	37668	38268	AAC(6')-Ib-cr6_fluoroquinolone_antibiotic;_aminoglycoside_antibiotic	35	600	600	1.0	Unknown taxonomy (chromosome or plasmid)
barcode04_6Gb	contig_3726	19349	19547	rsmA_fluoroquinolone_antibiotic;_diaminopyrimidine_antibiotic;_phenicol_antibiotic	18	198	198	1.0	
barcode04_6Gb	contig_3727	106	943	APH(6)-Id_aminoglycoside_antibiotic	25	837	837	1.0	Unknown taxonomy (chromosome or plasmid)
barcode04_6Gb	contig_3727	942	1746	APH(3'')-Ib_aminoglycoside_antibiotic	18	804	804	1.0	Unknown taxonomy (chromosome or plasmid)
barcode04_6Gb	contig_3771	8761	11227	vanT gene in vanG cluster_glycopeptide_antibiotic	11	2466	2466	1.0	Phocaeicola (chromosome)
barcode04_6Gb	contig_3897	41099	42614	aadT_macrolide_antibiotic;_tetracycline_antibiotic;_disinfecting_agents_and_antiseptics	15	1515	1515	1.0	
barcode04_6Gb	contig_3930	396	945	tet(M)_tetracycline_antibiotic	9	549	549	1.0	Unknown taxonomy (chromosome or plasmid)
barcode04_6Gb	contig_3937	26521	27826	Acinetobacter baumannii AbaQ_fluoroquinolone_antibiotic	16	1305	1305	1.0	
barcode04_6Gb	contig_3947	3300	4182	leuO_nucleoside_antibiotic;_disinfecting_agents_and_antiseptics	11	882	882	1.0	Enterobacter roggenkampii (chromosome)
barcode04_6Gb	contig_4057	1543	2002	AAC(6')-Il_aminoglycoside_antibiotic	71	459	459	1.0	Unknown taxonomy (chromosome or plasmid)
barcode04_6Gb	contig_4057	2075	2939	GES-1_carbapenem;_cephalosporin;_penam	79	864	864	1.0	Unknown taxonomy (chromosome or plasmid)
barcode04_6Gb	contig_4057	3061	3595	ANT(2'')-Ia_aminoglycoside_antibiotic	63	534	534	1.0	Unknown taxonomy (chromosome or plasmid)
barcode04_6Gb	contig_4057	3710	4058	qacEdelta1_disinfecting_agents_and_antiseptics	86	348	348	1.0	Unknown taxonomy (chromosome or plasmid)
barcode04_6Gb	contig_4057	4051	4891	sul1_sulfonamide_antibiotic	102	840	840	1.0	Unknown taxonomy (chromosome or plasmid)
barcode04_6Gb	contig_4097	61	661	AAC(6')-Ib-cr6_fluoroquinolone_antibiotic;_aminoglycoside_antibiotic	30	600	600	1.0	Unknown taxonomy (chromosome or plasmid)
barcode04_6Gb	contig_4259	11810	12653	OXA-58_carbapenem;_penam	14	843	843	1.0	Unknown taxonomy (chromosome or plasmid)
barcode04_6Gb	contig_4259	15299	16814	aadT_macrolide_antibiotic;_tetracycline_antibiotic;_disinfecting_agents_and_antiseptics	6	1515	1515	1.0	
barcode04_6Gb	contig_4260	45999	47514	aadT_macrolide_antibiotic;_tetracycline_antibiotic;_disinfecting_agents_and_antiseptics	11	1515	1515	1.0	
barcode04_6Gb	contig_4270	569	1430	AAC(3)-IIe_aminoglycoside_antibiotic	13	861	861	1.0	Unknown taxonomy (chromosome or plasmid)
barcode04_6Gb	contig_4271	18227	18572	qacG_disinfecting_agents_and_antiseptics	21	345	345	1.0	Unknown taxonomy (chromosome or plasmid)
barcode04_6Gb	contig_428	47778	48342	ANT(3'')-IIb_aminoglycoside_antibiotic	9	564	564	1.0	Acinetobacter (chromosome or plasmid)
barcode04_6Gb	contig_428	53448	54264	sul2_sulfonamide_antibiotic	41	816	816	1.0	Unknown taxonomy (chromosome or plasmid)
barcode04_6Gb	contig_430	13900	14506	AAC(6')-Ib9_aminoglycoside_antibiotic	24	606	606	1.0	Unknown taxonomy (chromosome or plasmid)
barcode04_6Gb	contig_430	14587	15364	aadA_aminoglycoside_antibiotic	23	777	777	1.0	Unknown taxonomy (chromosome or plasmid)
barcode04_6Gb	contig_430	15423	16248	OXA-9_penam	20	825	825	1.0	Unknown taxonomy (chromosome or plasmid)
barcode04_6Gb	contig_430	16947	17808	TEM-1_monobactam;_cephalosporin;_penam;_penem	29	861	861	1.0	Unknown taxonomy (chromosome or plasmid)
barcode04_6Gb	contig_430	18768	19653	mphE_macrolide_antibiotic	104	885	885	1.0	Unknown taxonomy (chromosome or plasmid)
barcode04_6Gb	contig_430	19708	21184	msrE_macrolide_antibiotic;_streptogramin_antibiotic	126	1476	1476	1.0	Unknown taxonomy (chromosome or plasmid)
barcode04_6Gb	contig_430	31227	32442	floR_phenicol_antibiotic	17	1215	1215	1.0	Unknown taxonomy (chromosome or plasmid)
barcode04_6Gb	contig_4319	96435	97545	vanT gene in vanG cluster_glycopeptide_antibiotic	201	1110	1110	1.0	
barcode04_6Gb	contig_4326	15802	15991	rsmA_fluoroquinolone_antibiotic;_diaminopyrimidine_antibiotic;_phenicol_antibiotic	13	189	189	1.0	
barcode04_6Gb	contig_4331	21577	22201	tetR_tetracycline_antibiotic	24	624	624	1.0	Unknown taxonomy (chromosome or plasmid)
barcode04_6Gb	contig_4331	22282	23488	tet(B)_tetracycline_antibiotic	25	1206	1206	1.0	Unknown taxonomy (chromosome or plasmid)
barcode04_6Gb	contig_4332	8503	9331	OXA-253_carbapenem;_penam	43	828	828	1.0	Acinetobacter baumannii (chromosome)
barcode04_6Gb	contig_4340	250774	251926	ADC-154_cephalosporin	41	1152	1152	1.0	Acinetobacter baumannii (chromosome or plasmid)
barcode04_6Gb	contig_4356	57187	57745	vanW gene in vanI cluster_glycopeptide_antibiotic	5	558	558	1.0	
barcode04_6Gb	contig_4358	1	853	vanW gene in vanI cluster_glycopeptide_antibiotic	5	852	852	1.0	
barcode04_6Gb	contig_4371	36447	37101	adeN_macrolide_antibiotic;_fluoroquinolone_antibiotic;_lincosamide_antibiotic;_carbapenem;_cephalosporin;_tetracycline_antibiotic;_rifamycin_antibiotic;_diaminopyrimidine_antibiotic;_phenicol_antibiotic;_penem	34	654	654	1.0	Acinetobacter baumannii (chromosome or plasmid)
barcode04_6Gb	contig_4371	269942	271247	Acinetobacter baumannii AbaQ_fluoroquinolone_antibiotic	32	1305	1305	1.0	Acinetobacter baumannii (chromosome or plasmid)
barcode04_6Gb	contig_442	30	630	AAC(6')-Ib-cr6_fluoroquinolone_antibiotic;_aminoglycoside_antibiotic	17	600	600	1.0	Unknown taxonomy (chromosome or plasmid)
barcode04_6Gb	contig_442	2884	3745	AAC(3)-IId_aminoglycoside_antibiotic	15	861	861	1.0	Unknown taxonomy (chromosome or plasmid)
barcode04_6Gb	contig_442	8716	9577	TEM-1_monobactam;_cephalosporin;_penam;_penem	41	861	861	1.0	Unknown taxonomy (chromosome or plasmid)
barcode04_6Gb	contig_442	143622	144426	APH(3'')-Ib_aminoglycoside_antibiotic	48	804	804	1.0	Unknown taxonomy (chromosome or plasmid)
barcode04_6Gb	contig_442	144425	145262	APH(6)-Id_aminoglycoside_antibiotic	49	837	837	1.0	Unknown taxonomy (chromosome or plasmid)
barcode04_6Gb	contig_442	150240	151515	tet(A)_tetracycline_antibiotic	47	1275	1275	1.0	Unknown taxonomy (chromosome or plasmid)
barcode04_6Gb	contig_4462	261760	262585	OXA-441_carbapenem;_penam	36	825	825	1.0	Acinetobacter baumannii (chromosome or plasmid)
barcode04_6Gb	contig_4557	23725	24058	qacL_disinfecting_agents_and_antiseptics	20	333	333	1.0	Unknown taxonomy (chromosome or plasmid)
barcode04_6Gb	contig_4581	491	704	vanU gene in vanG cluster_glycopeptide_antibiotic	4	213	213	1.0	
barcode04_6Gb	contig_4590	15825	16152	Escherichia coli soxS with mutation conferring antibiotic resistance_fluoroquinolone_antibiotic;_monobactam;_carbapenem;_cephalosporin;_glycylcycline;_cephamycin;_penam;_tetracycline_antibiotic;_rifamycin_antibiotic;_phenicol_antibiotic;_penem;_disinfecting_agents_and_antiseptics	15	327	327	1.0	
barcode04_6Gb	contig_4685	4612	6208	vanW gene in vanI cluster_glycopeptide_antibiotic	12	1596	1596	1.0	
barcode04_6Gb	contig_472	14535	14880	qacG_disinfecting_agents_and_antiseptics	4	345	345	1.0	Acinetobacter (no genomic info)
barcode04_6Gb	contig_4782	24130	25462	vanW gene in vanI cluster_glycopeptide_antibiotic	19	1332	1332	1.0	
barcode04_6Gb	contig_4782	2438680	2440057	vanW gene in vanI cluster_glycopeptide_antibiotic	9	1377	1377	1.0	
barcode04_6Gb	contig_4782	3380288	3381401	vanT gene in vanG cluster_glycopeptide_antibiotic	20	1113	1113	1.0	
barcode04_6Gb	contig_4782	3575694	3578835	adeF_fluoroquinolone_antibiotic;_tetracycline_antibiotic	14	3141	3141	1.0	
barcode04_6Gb	contig_4813	139	919	APH(3')-VIa_aminoglycoside_antibiotic	83	780	780	1.0	Unknown taxonomy (chromosome or plasmid)
barcode04_6Gb	contig_4843	4263	5127	aadS_aminoglycoside_antibiotic	19	864	864	1.0	Unknown taxonomy (chromosome or plasmid)
barcode04_6Gb	contig_4843	6369	7170	ErmF_macrolide_antibiotic;_lincosamide_antibiotic;_streptogramin_antibiotic;_streptogramin_A_antibiotic;_streptogramin_B_antibiotic	16	801	801	1.0	Unknown taxonomy (chromosome or plasmid)
barcode04_6Gb	contig_4845	6383	9548	adeF_fluoroquinolone_antibiotic;_tetracycline_antibiotic	37	3165	3165	1.0	Acinetobacter (chromosome or plasmid)
barcode04_6Gb	contig_4850	5352	6540	tet(39)_tetracycline_antibiotic	36	1188	1188	1.0	Unknown taxonomy (plasmid)
barcode04_6Gb	contig_4973	311981	313976	lmrD_lincosamide_antibiotic	15	1995	1995	1.0	
barcode04_6Gb	contig_4973	988030	988777	vanY gene in vanG cluster_glycopeptide_antibiotic	16	747	747	1.0	
barcode04_6Gb	contig_5115	4292	5087	OXA-504_penam	132	795	795	1.0	Aeromonas caviae (chromosome)
barcode04_6Gb	contig_5220	66160	66691	emrR_fluoroquinolone_antibiotic	30	531	531	1.0	Unknown taxonomy (chromosome or plasmid)
barcode04_6Gb	contig_5220	66817	67990	emrA_fluoroquinolone_antibiotic	26	1173	1173	1.0	Unknown taxonomy (chromosome or plasmid)
barcode04_6Gb	contig_5220	68006	69545	emrB_fluoroquinolone_antibiotic	25	1539	1539	1.0	Unknown taxonomy (chromosome or plasmid)
barcode04_6Gb	contig_5220	74395	74581	rsmA_fluoroquinolone_antibiotic;_diaminopyrimidine_antibiotic;_phenicol_antibiotic	41	186	186	1.0	Unknown taxonomy (chromosome or plasmid)
barcode04_6Gb	contig_5280	8016	8346	Klebsiella pneumoniae KpnF_macrolide_antibiotic;_aminoglycoside_antibiotic;_cephalosporin;_tetracycline_antibiotic;_peptide_antibiotic;_rifamycin_antibiotic;_disinfecting_agents_and_antiseptics	3	330	330	1.0	Citrobacter (chromosome)
barcode04_6Gb	contig_5280	8332	8695	Klebsiella pneumoniae KpnE_macrolide_antibiotic;_aminoglycoside_antibiotic;_cephalosporin;_tetracycline_antibiotic;_peptide_antibiotic;_rifamycin_antibiotic;_disinfecting_agents_and_antiseptics	3	363	363	1.0	Citrobacter portucalensis (chromosome)
barcode04_6Gb	contig_5281	16416	17562	CMY-34_cephamycin	16	1146	1146	1.0	Citrobacter portucalensis (chromosome or plasmid)
barcode04_6Gb	contig_529	19814	20651	APH(6)-Id_aminoglycoside_antibiotic	41	837	837	1.0	Unknown taxonomy (chromosome or plasmid)
barcode04_6Gb	contig_529	24023	24533	dfrA8_diaminopyrimidine_antibiotic	20	510	510	1.0	Unknown taxonomy (chromosome or plasmid)
barcode04_6Gb	contig_529	30094	31021	PER-12_monobactam;_carbapenem;_cephalosporin;_penam;_penem	8	927	927	1.0	Unknown taxonomy (chromosome or plasmid)
barcode04_6Gb	contig_529	33676	34249	AAC(6')-Ian_aminoglycoside_antibiotic	14	573	573	1.0	Unknown taxonomy (chromosome or plasmid)
barcode04_6Gb	contig_529	38598	39504	mphA_macrolide_antibiotic	181	906	906	1.0	Unknown taxonomy (chromosome or plasmid)
barcode04_6Gb	contig_529	39500	40739	Mrx_macrolide_antibiotic	186	1239	1239	1.0	Unknown taxonomy (chromosome or plasmid)
barcode04_6Gb	contig_529	44814	45654	sul1_sulfonamide_antibiotic	137	840	840	1.0	Unknown taxonomy (chromosome or plasmid)
barcode04_6Gb	contig_529	45647	45995	qacEdelta1_disinfecting_agents_and_antiseptics	138	348	348	1.0	Unknown taxonomy (chromosome or plasmid)
barcode04_6Gb	contig_529	46217	46670	arr-3_rifamycin_antibiotic	62	453	453	1.0	Unknown taxonomy (chromosome or plasmid)
barcode04_6Gb	contig_529	46754	47387	catB3_phenicol_antibiotic	55	633	633	1.0	Unknown taxonomy (chromosome or plasmid)
barcode04_6Gb	contig_529	47524	48349	OXA-1_cephalosporin;_penam	50	825	825	1.0	Unknown taxonomy (chromosome or plasmid)
barcode04_6Gb	contig_531	97526	97892	qacG_disinfecting_agents_and_antiseptics	282	366	366	1.0	Acinetobacter johnsonii (chromosome)
barcode04_6Gb	contig_5311	59169	60243	vanT gene in vanG cluster_glycopeptide_antibiotic	85	1074	1074	1.0	
barcode04_6Gb	contig_5328	2334	3216	KPC-2_monobactam;_carbapenem;_cephalosporin;_penam	57	882	882	1.0	Unknown taxonomy (chromosome or plasmid)
barcode04_6Gb	contig_546	58	886	OXA-253_carbapenem;_penam	38	828	828	1.0	Acinetobacter baumannii (chromosome)
barcode04_6Gb	contig_5471	17820	18615	APH(3')-IIIa_aminoglycoside_antibiotic	8	795	795	1.0	Unknown taxonomy (chromosome or plasmid)
barcode04_6Gb	contig_5471	18707	19250	SAT-4_nucleoside_antibiotic	7	543	543	1.0	Unknown taxonomy (chromosome or plasmid)
barcode04_6Gb	contig_5472	7287	8025	ErmB_macrolide_antibiotic;_lincosamide_antibiotic;_streptogramin_antibiotic;_streptogramin_A_antibiotic;_streptogramin_B_antibiotic	27	738	738	1.0	Unknown taxonomy (chromosome or plasmid)
barcode04_6Gb	contig_5491	139879	143035	adeF_fluoroquinolone_antibiotic;_tetracycline_antibiotic	18	3156	3156	1.0	
barcode04_6Gb	contig_556	34247	35132	mphE_macrolide_antibiotic	57	885	885	1.0	Unknown taxonomy (chromosome or plasmid)
barcode04_6Gb	contig_5587	28605	29766	vanT gene in vanG cluster_glycopeptide_antibiotic	9	1161	1161	1.0	
barcode04_6Gb	contig_5651	161097	162282	Escherichia coli EF-Tu mutants conferring resistance to Pulvomycin_elfamycin_antibiotic	112	1185	1185	1.0	Aeromonas caviae (chromosome or plasmid)
barcode04_6Gb	contig_5651	180302	181487	Escherichia coli EF-Tu mutants conferring resistance to Pulvomycin_elfamycin_antibiotic	124	1185	1185	1.0	Aeromonas caviae (chromosome or plasmid)
barcode04_6Gb	contig_5661	5139	5919	APH(3')-VIa_aminoglycoside_antibiotic	20	780	780	1.0	Unknown taxonomy (chromosome or plasmid)
barcode04_6Gb	contig_5704	48921	49116	rsmA_fluoroquinolone_antibiotic;_diaminopyrimidine_antibiotic;_phenicol_antibiotic	11	195	195	1.0	
barcode04_6Gb	contig_5724	84329	87521	adeF_fluoroquinolone_antibiotic;_tetracycline_antibiotic	217	3192	3192	1.0	
barcode04_6Gb	contig_5724	343064	343571	nimK_nitroimidazole_antibiotic	170	507	507	1.0	
barcode04_6Gb	contig_5724	1045577	1046813	vanW gene in vanI cluster_glycopeptide_antibiotic	197	1236	1236	1.0	
barcode04_6Gb	contig_5730	643	2563	tet(W)_tetracycline_antibiotic	26	1920	1920	1.0	Unknown taxonomy (chromosome or plasmid)
barcode04_6Gb	contig_5739	1	2413	vanT gene in vanG cluster_glycopeptide_antibiotic	14	2412	2412	1.0	
barcode04_6Gb	contig_5748	2835	4275	AAC(6')-Ie-APH(2'')-Ia bifunctional protein_aminoglycoside_antibiotic	10	1440	1440	1.0	Unknown taxonomy (chromosome or plasmid)
barcode04_6Gb	contig_5782	1340	2555	floR_phenicol_antibiotic	16	1215	1215	1.0	Unknown taxonomy (chromosome or plasmid)
barcode04_6Gb	contig_5782	5057	5873	sul2_sulfonamide_antibiotic	36	816	816	1.0	Unknown taxonomy (chromosome or plasmid)
barcode04_6Gb	contig_5784	898	2113	floR_phenicol_antibiotic	17	1215	1215	1.0	Unknown taxonomy (chromosome or plasmid)
barcode04_6Gb	contig_5784	2712	3912	tet(A)_tetracycline_antibiotic	33	1200	1200	1.0	Unknown taxonomy (chromosome or plasmid)
barcode04_6Gb	contig_5784	5247	6084	APH(6)-Id_aminoglycoside_antibiotic	26	837	837	1.0	Unknown taxonomy (chromosome or plasmid)
barcode04_6Gb	contig_5784	6949	7765	sul2_sulfonamide_antibiotic	27	816	816	1.0	Unknown taxonomy (chromosome or plasmid)
barcode04_6Gb	contig_5801	243896	244226	qacG_disinfecting_agents_and_antiseptics	8	330	330	1.0	
barcode04_6Gb	contig_5801	403807	404554	vanY gene in vanG cluster_glycopeptide_antibiotic	9	747	747	1.0	
barcode04_6Gb	contig_5813	459101	459983	vanW gene in vanG cluster_glycopeptide_antibiotic	477	882	882	1.0	Acinetobacter johnsonii (chromosome)
barcode04_6Gb	contig_5815	96	885	aadA5_aminoglycoside_antibiotic	22	789	789	1.0	Unknown taxonomy (chromosome or plasmid)
barcode04_6Gb	contig_5815	1015	1615	dfrA17_diaminopyrimidine_antibiotic	22	600	600	1.0	Unknown taxonomy (chromosome or plasmid)
barcode04_6Gb	contig_582	2382	3186	APH(3'')-Ib_aminoglycoside_antibiotic	44	804	804	1.0	Unknown taxonomy (chromosome or plasmid)
barcode04_6Gb	contig_582	3185	4022	APH(6)-Id_aminoglycoside_antibiotic	56	837	837	1.0	Unknown taxonomy (chromosome or plasmid)
barcode04_6Gb	contig_5854	7785	8751	CfxA3_cephamycin	27	966	966	1.0	Unknown taxonomy (chromosome or plasmid)
barcode04_6Gb	contig_5858	32128	33286	mdtE_macrolide_antibiotic;_fluoroquinolone_antibiotic;_penam	64	1158	1158	1.0	Unknown taxonomy (chromosome)
barcode04_6Gb	contig_5858	37884	38709	gadX_macrolide_antibiotic;_fluoroquinolone_antibiotic;_penam	51	825	825	1.0	Unknown taxonomy (chromosome)
barcode04_6Gb	contig_5863	148781	150014	Escherichia coli mdfA_tetracycline_antibiotic;_disinfecting_agents_and_antiseptics	29	1233	1233	1.0	Unknown taxonomy (chromosome or plasmid)
barcode04_6Gb	contig_5866	640	1420	aadA_aminoglycoside_antibiotic	22	780	780	1.0	Unknown taxonomy (chromosome or plasmid)
barcode04_6Gb	contig_5866	1580	2237	QnrVC1_fluoroquinolone_antibiotic	25	657	657	1.0	Unknown taxonomy (chromosome or plasmid)
barcode04_6Gb	contig_5905	5063	6179	ArnT_peptide_antibiotic	8	1116	1116	1.0	Enterobacter (chromosome)
barcode04_6Gb	contig_5905	96053	96686	CRP_macrolide_antibiotic;_fluoroquinolone_antibiotic;_penam	21	633	633	1.0	Enterobacter roggenkampii (chromosome or plasmid)
barcode04_6Gb	contig_5905	119903	121088	Escherichia coli EF-Tu mutants conferring resistance to Pulvomycin_elfamycin_antibiotic	26	1185	1185	1.0	Unknown taxonomy (chromosome or plasmid)
barcode04_6Gb	contig_591	27711	28902	tet(C)_tetracycline_antibiotic	28	1191	1191	1.0	Unknown taxonomy (chromosome or plasmid)
barcode04_6Gb	contig_591	50268	50601	qacJ_disinfecting_agents_and_antiseptics	10	333	333	1.0	Unknown taxonomy (chromosome or plasmid)
barcode04_6Gb	contig_591	53387	54167	APH(3')-VIa_aminoglycoside_antibiotic	24	780	780	1.0	Unknown taxonomy (chromosome or plasmid)
barcode04_6Gb	contig_593	11298	12486	tet(39)_tetracycline_antibiotic	36	1188	1188	1.0	Unknown taxonomy (plasmid)
barcode04_6Gb	contig_5999	125044	126598	vanW gene in vanI cluster_glycopeptide_antibiotic	15	1554	1554	1.0	
barcode04_6Gb	contig_603	22422	22824	FosA8_phosphonic_acid_antibiotic	96	402	402	1.0	Aeromonas caviae (chromosome or plasmid)
barcode04_6Gb	contig_603	142732	142921	rsmA_fluoroquinolone_antibiotic;_diaminopyrimidine_antibiotic;_phenicol_antibiotic	124	189	189	1.0	
barcode04_6Gb	contig_6107	27061	27316	rsmA_fluoroquinolone_antibiotic;_diaminopyrimidine_antibiotic;_phenicol_antibiotic	22	255	255	1.0	
barcode04_6Gb	contig_6110	1211	2378	tet(X3)_glycylcycline;_tetracycline_antibiotic	5	1167	1167	1.0	Unknown taxonomy (chromosome or plasmid)
barcode04_6Gb	contig_6132	15971	19127	adeF_fluoroquinolone_antibiotic;_tetracycline_antibiotic	9	3156	3156	1.0	
barcode04_6Gb	contig_6137	56770	59920	adeF_fluoroquinolone_antibiotic;_tetracycline_antibiotic	81	3150	3150	1.0	Aeromonas caviae (chromosome or plasmid)
barcode04_6Gb	contig_619	8648	9836	tet(39)_tetracycline_antibiotic	78	1188	1188	1.0	Unknown taxonomy (plasmid)
barcode04_6Gb	contig_619	10862	11747	mphE_macrolide_antibiotic	154	885	885	1.0	Unknown taxonomy (chromosome or plasmid)
barcode04_6Gb	contig_619	11802	13278	msrE_macrolide_antibiotic;_streptogramin_antibiotic	150	1476	1476	1.0	Unknown taxonomy (chromosome or plasmid)
barcode04_6Gb	contig_619	14609	15452	OXA-58_carbapenem;_penam	25	843	843	1.0	Unknown taxonomy (chromosome or plasmid)
barcode04_6Gb	contig_621	29009	29834	OXA-644_carbapenem;_penam	396	825	825	1.0	Acinetobacter johnsonii (chromosome)
barcode04_6Gb	contig_6220	43922	44555	CRP_macrolide_antibiotic;_fluoroquinolone_antibiotic;_penam	19	633	633	1.0	Enterobacter (chromosome or plasmid)
barcode04_6Gb	contig_6220	118994	120650	ArnT_peptide_antibiotic	11	1656	1656	1.0	Enterobacter kobei (chromosome)
barcode04_6Gb	contig_6220	123524	124508	PmrF_peptide_antibiotic	18	984	984	1.0	
barcode04_6Gb	contig_6221	7516	8701	Escherichia coli EF-Tu mutants conferring resistance to Pulvomycin_elfamycin_antibiotic	18	1185	1185	1.0	Klebsiella pneumoniae (chromosome or plasmid)
barcode04_6Gb	contig_6221	23763	24396	CRP_macrolide_antibiotic;_fluoroquinolone_antibiotic;_penam	9	633	633	1.0	Klebsiella pneumoniae (chromosome)
barcode04_6Gb	contig_6246	15101	16616	aadT_macrolide_antibiotic;_tetracycline_antibiotic;_disinfecting_agents_and_antiseptics	9	1515	1515	1.0	
barcode04_6Gb	contig_6332	6877	10054	adeF_fluoroquinolone_antibiotic;_tetracycline_antibiotic	32	3177	3177	1.0	Unknown taxonomy (chromosome)
barcode04_6Gb	contig_6344	613	1828	floR_phenicol_antibiotic	20	1215	1215	1.0	Unknown taxonomy (chromosome or plasmid)
barcode04_6Gb	contig_6344	10612	10873	FosA8_phosphonic_acid_antibiotic	1	258	261	0.9885057	Unknown taxonomy (chromosome or plasmid)
barcode04_6Gb	contig_6374	1113	1893	APH(3')-VIa_aminoglycoside_antibiotic	70	780	780	1.0	Unknown taxonomy (chromosome or plasmid)
barcode04_6Gb	contig_6394	5595	6798	vanW gene in vanI cluster_glycopeptide_antibiotic	7	1203	1203	1.0	
barcode04_6Gb	contig_6453	10093	10426	qacG_disinfecting_agents_and_antiseptics	7	333	333	1.0	
barcode04_6Gb	contig_6479	21014	21395	marA_fluoroquinolone_antibiotic;_monobactam;_carbapenem;_cephalosporin;_glycylcycline;_cephamycin;_penam;_tetracycline_antibiotic;_rifamycin_antibiotic;_phenicol_antibiotic;_penem;_disinfecting_agents_and_antiseptics	19	381	381	1.0	Enterobacter roggenkampii (chromosome)
barcode04_6Gb	contig_6486	27686	29330	YojI_peptide_antibiotic	28	1644	1644	1.0	Escherichia coli (chromosome or plasmid)
barcode04_6Gb	contig_6486	64624	65983	Escherichia coli GlpT with mutation conferring resistance to fosfomycin_phosphonic_acid_antibiotic	33	1359	1359	1.0	Unknown taxonomy (chromosome or plasmid)
barcode04_6Gb	contig_6486	76626	77595	PmrF_peptide_antibiotic	32	969	969	1.0	Unknown taxonomy (chromosome or plasmid)
barcode04_6Gb	contig_6486	80464	82117	ArnT_peptide_antibiotic	22	1653	1653	1.0	Unknown taxonomy (chromosome or plasmid)
barcode04_6Gb	contig_6546	20329	20518	rsmA_fluoroquinolone_antibiotic;_diaminopyrimidine_antibiotic;_phenicol_antibiotic	16	189	189	1.0	
barcode04_6Gb	contig_659	5329	6172	OXA-58_carbapenem;_penam	20	843	843	1.0	Unknown taxonomy (chromosome or plasmid)
barcode04_6Gb	contig_6622	1405	2779	cpxA_aminoglycoside_antibiotic;_aminocoumarin_antibiotic	40	1374	1374	1.0	Unknown taxonomy (chromosome or plasmid)
barcode04_6Gb	contig_6656	6119	7232	vanT gene in vanG cluster_glycopeptide_antibiotic	13	1113	1113	1.0	
barcode04_6Gb	contig_6689	59751	61425	eptB_peptide_antibiotic	8	1674	1674	1.0	Klebsiella pneumoniae (chromosome)
barcode04_6Gb	contig_6704	76045	77815	Haemophilus influenzae PBP3 conferring resistance to beta-lactam antibiotics_cephalosporin;_cephamycin;_penam	8	1770	1770	1.0	Unknown taxonomy (chromosome or plasmid)
barcode04_6Gb	contig_6704	83959	84931	leuO_nucleoside_antibiotic;_disinfecting_agents_and_antiseptics	7	972	972	1.0	
barcode04_6Gb	contig_6830	3320	4526	Mef(En2)_macrolide_antibiotic;_lincosamide_antibiotic	19	1206	1206	1.0	Unknown taxonomy (chromosome)
barcode04_6Gb	contig_690	300	645	qacG_disinfecting_agents_and_antiseptics	13	345	345	1.0	Unknown taxonomy (chromosome or plasmid)
barcode04_6Gb	contig_6920	1750	3724	tet(Q)_tetracycline_antibiotic	32	1974	1974	1.0	Unknown taxonomy (chromosome)
barcode04_6Gb	contig_6951	11704	13630	tet(Q)_tetracycline_antibiotic	19	1926	1926	1.0	Bacteroides fragilis (chromosome)
barcode04_6Gb	contig_6984	30687	31872	Escherichia coli EF-Tu mutants conferring resistance to Pulvomycin_elfamycin_antibiotic	16	1185	1185	1.0	Citrobacter (chromosome or plasmid)
barcode04_6Gb	contig_6999	3695	4883	tet(39)_tetracycline_antibiotic	38	1188	1188	1.0	Unknown taxonomy (plasmid)
barcode04_6Gb	contig_7020	429467	430577	vanT gene in vanG cluster_glycopeptide_antibiotic	56	1110	1110	1.0	
barcode04_6Gb	contig_7036	157563	160725	adeF_fluoroquinolone_antibiotic;_tetracycline_antibiotic	16	3162	3162	1.0	Pseudomonas fluorescens (no genomic info)
barcode04_6Gb	contig_7042	13992	15987	ArnT_peptide_antibiotic	11	1995	1995	1.0	Pseudomonas fluorescens (no genomic info)
barcode04_6Gb	contig_7075	108	939	APH(6)-Id_aminoglycoside_antibiotic	27	831	831	1.0	Unknown taxonomy (chromosome or plasmid)
barcode04_6Gb	contig_7075	944	1808	APH(3'')-Ib_aminoglycoside_antibiotic	20	864	864	1.0	Unknown taxonomy (chromosome or plasmid)
barcode04_6Gb	contig_7102	84750	85134	marA_fluoroquinolone_antibiotic;_monobactam;_carbapenem;_cephalosporin;_glycylcycline;_cephamycin;_penam;_tetracycline_antibiotic;_rifamycin_antibiotic;_phenicol_antibiotic;_penem;_disinfecting_agents_and_antiseptics	7	384	384	1.0	Citrobacter (chromosome)
barcode04_6Gb	contig_713	2448	3288	sul1_sulfonamide_antibiotic	89	840	840	1.0	Unknown taxonomy (chromosome or plasmid)
barcode04_6Gb	contig_713	3281	3629	qacEdelta1_disinfecting_agents_and_antiseptics	85	348	348	1.0	Unknown taxonomy (chromosome or plasmid)
barcode04_6Gb	contig_713	3797	4418	AAC(6')-Ib9_aminoglycoside_antibiotic	62	621	621	1.0	Unknown taxonomy (chromosome or plasmid)
barcode04_6Gb	contig_713	4490	4943	arr-3_rifamycin_antibiotic	53	453	453	1.0	Unknown taxonomy (chromosome or plasmid)
barcode04_6Gb	contig_713	13318	14524	tet(B)_tetracycline_antibiotic	43	1206	1206	1.0	Unknown taxonomy (chromosome or plasmid)
barcode04_6Gb	contig_713	14605	15229	tetR_tetracycline_antibiotic	41	624	624	1.0	Unknown taxonomy (chromosome or plasmid)
barcode04_6Gb	contig_713	23985	24912	PER-2_monobactam;_carbapenem;_cephalosporin;_penam;_penem	24	927	927	1.0	Unknown taxonomy (plasmid)
barcode04_6Gb	contig_713	51128	52013	mphE_macrolide_antibiotic	149	885	885	1.0	Unknown taxonomy (chromosome or plasmid)
barcode04_6Gb	contig_713	52068	53544	msrE_macrolide_antibiotic;_streptogramin_antibiotic	173	1476	1476	1.0	Unknown taxonomy (chromosome or plasmid)
barcode04_6Gb	contig_713	56777	57614	APH(6)-Id_aminoglycoside_antibiotic	85	837	837	1.0	Unknown taxonomy (chromosome or plasmid)
barcode04_6Gb	contig_713	57613	58417	APH(3'')-Ib_aminoglycoside_antibiotic	84	804	804	1.0	Unknown taxonomy (chromosome or plasmid)
barcode04_6Gb	contig_7177	283385	284579	vanT gene in vanG cluster_glycopeptide_antibiotic	11	1194	1194	1.0	
barcode04_6Gb	contig_7177	435259	436432	vanT gene in vanG cluster_glycopeptide_antibiotic	12	1173	1173	1.0	
barcode04_6Gb	contig_7177	443351	445313	tet(O)_tetracycline_antibiotic	20	1962	1962	1.0	
barcode04_6Gb	contig_7184	16830	19953	mdtB_aminocoumarin_antibiotic	17	3123	3123	1.0	
barcode04_6Gb	contig_7229	173904	174726	bacA_peptide_antibiotic	15	822	822	1.0	
barcode04_6Gb	contig_7237	630	3192	adeF_fluoroquinolone_antibiotic;_tetracycline_antibiotic	4	2562	2562	1.0	Acinetobacter nosocomialis (chromosome or plasmid)
barcode04_6Gb	contig_7256	45785	46349	lnuC_lincosamide_antibiotic	32	564	564	1.0	Unknown taxonomy (chromosome or plasmid)
barcode04_6Gb	contig_7311	12903	14049	vanT gene in vanG cluster_glycopeptide_antibiotic	11	1146	1146	1.0	
barcode04_6Gb	contig_7393	195412	197407	lmrD_lincosamide_antibiotic	15	1995	1995	1.0	
barcode04_6Gb	contig_7441	42316	43096	aadA2_aminoglycoside_antibiotic	14	780	780	1.0	Unknown taxonomy (chromosome or plasmid)
barcode04_6Gb	contig_7441	46993	47785	sul3_sulfonamide_antibiotic	6	792	792	1.0	Unknown taxonomy (chromosome or plasmid)
barcode04_6Gb	contig_7441	48963	49296	qacL_disinfecting_agents_and_antiseptics	9	333	333	1.0	Unknown taxonomy (chromosome or plasmid)
barcode04_6Gb	contig_7476	199192	199555	Klebsiella pneumoniae KpnE_macrolide_antibiotic;_aminoglycoside_antibiotic;_cephalosporin;_tetracycline_antibiotic;_peptide_antibiotic;_rifamycin_antibiotic;_disinfecting_agents_and_antiseptics	11	363	363	1.0	Enterobacter kobei (chromosome)
barcode04_6Gb	contig_7476	199541	199922	Klebsiella pneumoniae KpnF_macrolide_antibiotic;_aminoglycoside_antibiotic;_cephalosporin;_tetracycline_antibiotic;_peptide_antibiotic;_rifamycin_antibiotic;_disinfecting_agents_and_antiseptics	11	381	381	1.0	Enterobacter kobei (chromosome)
barcode04_6Gb	contig_7476	227854	229030	oqxA_fluoroquinolone_antibiotic;_glycylcycline;_tetracycline_antibiotic;_diaminopyrimidine_antibiotic;_nitrofuran_antibiotic	14	1176	1176	1.0	Enterobacter kobei (chromosome)
barcode04_6Gb	contig_7476	229054	231544	adeF_fluoroquinolone_antibiotic;_tetracycline_antibiotic	10	2490	2490	1.0	Enterobacter kobei (chromosome)
barcode04_6Gb	contig_7487	52039	53695	ArnT_peptide_antibiotic	13	1656	1656	1.0	Escherichia coli (no genomic info)
barcode04_6Gb	contig_7487	56575	57556	PmrF_peptide_antibiotic	8	981	981	1.0	
barcode04_6Gb	contig_7489	25185	26577	Escherichia coli UhpT with mutation conferring resistance to fosfomycin_phosphonic_acid_antibiotic	11	1392	1392	1.0	Unknown taxonomy (chromosome or plasmid)
barcode04_6Gb	contig_7600	240667	242122	adeK_macrolide_antibiotic;_fluoroquinolone_antibiotic;_lincosamide_antibiotic;_carbapenem;_cephalosporin;_tetracycline_antibiotic;_rifamycin_antibiotic;_diaminopyrimidine_antibiotic;_phenicol_antibiotic;_penem	64	1455	1455	1.0	Acinetobacter baumannii (chromosome or plasmid)
barcode04_6Gb	contig_7600	242121	245298	adeJ_macrolide_antibiotic;_fluoroquinolone_antibiotic;_lincosamide_antibiotic;_carbapenem;_cephalosporin;_tetracycline_antibiotic;_rifamycin_antibiotic;_diaminopyrimidine_antibiotic;_phenicol_antibiotic;_penem	63	3177	3177	1.0	Acinetobacter baumannii (chromosome or plasmid)
barcode04_6Gb	contig_7600	245310	246561	adeI_macrolide_antibiotic;_fluoroquinolone_antibiotic;_lincosamide_antibiotic;_carbapenem;_cephalosporin;_tetracycline_antibiotic;_rifamycin_antibiotic;_diaminopyrimidine_antibiotic;_phenicol_antibiotic;_penem	59	1251	1251	1.0	Acinetobacter baumannii (chromosome or plasmid)
barcode04_6Gb	contig_7659	4836	5949	vanT gene in vanG cluster_glycopeptide_antibiotic	17	1113	1113	1.0	
barcode04_6Gb	contig_7727	61162	62308	MIR-16_monobactam;_cephalosporin	18	1146	1146	1.0	Enterobacter (chromosome)
barcode04_6Gb	contig_7847	4680	5010	qacG_disinfecting_agents_and_antiseptics	6	330	330	1.0	
barcode04_6Gb	contig_7861	47708	50000	vanT gene in vanG cluster_glycopeptide_antibiotic	7	2292	2292	1.0	
barcode04_6Gb	contig_7889	212454	213213	vanY gene in vanB cluster_glycopeptide_antibiotic	5	759	759	1.0	
barcode04_6Gb	contig_7890	50239	51370	vanT gene in vanG cluster_glycopeptide_antibiotic	6	1131	1131	1.0	
barcode04_6Gb	contig_7893	2365	3541	oqxA_fluoroquinolone_antibiotic;_glycylcycline;_tetracycline_antibiotic;_diaminopyrimidine_antibiotic;_nitrofuran_antibiotic	6	1176	1176	1.0	Klebsiella michiganensis (chromosome)
barcode04_6Gb	contig_7946	31360	32083	baeR_aminoglycoside_antibiotic;_aminocoumarin_antibiotic	5	723	723	1.0	Citrobacter freundii (chromosome)
barcode04_6Gb	contig_7985	35678	37070	Escherichia coli UhpT with mutation conferring resistance to fosfomycin_phosphonic_acid_antibiotic	15	1392	1392	1.0	Enterobacter (chromosome or plasmid)
barcode04_6Gb	contig_7985	196170	197355	Escherichia coli EF-Tu mutants conferring resistance to Pulvomycin_elfamycin_antibiotic	21	1185	1185	1.0	Enterobacter (chromosome or plasmid)
barcode04_6Gb	contig_7990	59040	62154	acrD_aminoglycoside_antibiotic	6	3114	3114	1.0	Enterobacter (chromosome)
barcode04_6Gb	contig_8005	3026	3866	sul1_sulfonamide_antibiotic	27	840	840	1.0	Unknown taxonomy (chromosome or plasmid)
barcode04_6Gb	contig_8005	3859	4207	qacEdelta1_disinfecting_agents_and_antiseptics	23	348	348	1.0	Unknown taxonomy (chromosome or plasmid)
barcode04_6Gb	contig_8023	5248	6079	vanW gene in vanI cluster_glycopeptide_antibiotic	3	831	831	1.0	
barcode04_6Gb	contig_8049	3284	4268	vanH gene in vanO cluster_glycopeptide_antibiotic	5	984	984	1.0	
barcode04_6Gb	contig_8053	8131	11245	adeF_fluoroquinolone_antibiotic;_tetracycline_antibiotic	12	3114	3114	1.0	Enterobacter kobei (chromosome)
barcode04_6Gb	contig_8114	187475	187964	nimJ_nitroimidazole_antibiotic	6	489	489	1.0	
barcode04_6Gb	contig_8163	45135	45666	emrR_fluoroquinolone_antibiotic	14	531	531	1.0	Enterobacter (chromosome)
barcode04_6Gb	contig_8163	45792	46965	emrA_fluoroquinolone_antibiotic	14	1173	1173	1.0	
barcode04_6Gb	contig_8163	46981	48529	emrB_fluoroquinolone_antibiotic	16	1548	1548	1.0	Enterobacter (chromosome or plasmid)
barcode04_6Gb	contig_8163	55494	55680	rsmA_fluoroquinolone_antibiotic;_diaminopyrimidine_antibiotic;_phenicol_antibiotic	28	186	186	1.0	Enterobacter (chromosome or plasmid)
barcode04_6Gb	contig_8194	28537	31642	AcrF_fluoroquinolone_antibiotic;_cephalosporin;_cephamycin;_penam	46	3105	3105	1.0	Unknown taxonomy (chromosome or plasmid)
barcode04_6Gb	contig_8194	31653	32811	AcrE_fluoroquinolone_antibiotic;_cephalosporin;_cephamycin;_penam	45	1158	1158	1.0	Unknown taxonomy (chromosome or plasmid)
barcode04_6Gb	contig_8194	33209	33872	AcrS_fluoroquinolone_antibiotic;_cephalosporin;_glycylcycline;_cephamycin;_penam;_tetracycline_antibiotic;_rifamycin_antibiotic;_phenicol_antibiotic;_disinfecting_agents_and_antiseptics	47	663	663	1.0	Unknown taxonomy (chromosome or plasmid)
barcode04_6Gb	contig_8194	245591	246413	bacA_peptide_antibiotic	45	822	822	1.0	Escherichia coli (chromosome or plasmid)
barcode04_6Gb	contig_8194	268810	270299	TolC_macrolide_antibiotic;_fluoroquinolone_antibiotic;_aminoglycoside_antibiotic;_carbapenem;_cephalosporin;_glycylcycline;_cephamycin;_penam;_tetracycline_antibiotic;_peptide_antibiotic;_aminocoumarin_antibiotic;_rifamycin_antibiotic;_phenicol_antibiotic;_penem;_disinfecting_agents_and_antiseptics	38	1489	1489	1.0	Escherichia coli (chromosome or plasmid)
barcode04_6Gb	contig_8203	7906	9019	vanT gene in vanG cluster_glycopeptide_antibiotic	25	1113	1113	1.0	
barcode04_6Gb	contig_823	6028	6814	AAC(6')-Ib7_aminoglycoside_antibiotic	21	786	786	1.0	Unknown taxonomy (chromosome or plasmid)
barcode04_6Gb	contig_823	7089	7746	QnrVC4_fluoroquinolone_antibiotic	13	657	657	1.0	Unknown taxonomy (chromosome or plasmid)
barcode04_6Gb	contig_823	7828	8467	AAC(6')-Ib8_aminoglycoside_antibiotic	19	639	639	1.0	Unknown taxonomy (chromosome or plasmid)
barcode04_6Gb	contig_823	9226	9859	catB3_phenicol_antibiotic	22	633	633	1.0	Unknown taxonomy (chromosome or plasmid)
barcode04_6Gb	contig_823	10015	10363	qacEdelta1_disinfecting_agents_and_antiseptics	33	348	348	1.0	Unknown taxonomy (chromosome or plasmid)
barcode04_6Gb	contig_823	10356	11196	sul1_sulfonamide_antibiotic	30	840	840	1.0	Unknown taxonomy (chromosome or plasmid)
barcode04_6Gb	contig_823	13466	14393	PER-3_monobactam;_carbapenem;_cephalosporin;_penam;_penem	12	927	927	1.0	Unknown taxonomy (chromosome or plasmid)
barcode04_6Gb	contig_8332	11995	13465	adeC_glycylcycline;_tetracycline_antibiotic	10	1470	1470	1.0	Acinetobacter baumannii (chromosome or plasmid)
barcode04_6Gb	contig_8396	15980	17258	Acinetobacter baumannii AbaQ_fluoroquinolone_antibiotic	11	1278	1278	1.0	
barcode04_6Gb	contig_842	1031	1892	AAC(3)-IIe_aminoglycoside_antibiotic	13	861	861	1.0	Unknown taxonomy (chromosome or plasmid)
barcode04_6Gb	contig_842	2126	2993	SCO-1_cephalosporin;_penam;_penem	8	867	867	1.0	Unknown taxonomy (chromosome or plasmid)
barcode04_6Gb	contig_8459	16650	17853	vanT gene in vanG cluster_glycopeptide_antibiotic	20	1203	1203	1.0	
barcode04_6Gb	contig_8506	84208	84856	Escherichia coli AcrAB-TolC with AcrR mutation conferring resistance to ciprofloxacin, tetracycline, and ceftazidime_fluoroquinolone_antibiotic;_cephalosporin;_glycylcycline;_penam;_tetracycline_antibiotic;_rifamycin_antibiotic;_phenicol_antibiotic;_disinfecting_agents_and_antiseptics	30	648	648	1.0	Unknown taxonomy (chromosome or plasmid)
barcode04_6Gb	contig_8506	84997	86191	Escherichia coli acrA_fluoroquinolone_antibiotic;_cephalosporin;_glycylcycline;_penam;_tetracycline_antibiotic;_rifamycin_antibiotic;_phenicol_antibiotic;_disinfecting_agents_and_antiseptics	30	1194	1194	1.0	Unknown taxonomy (chromosome or plasmid)
barcode04_6Gb	contig_8506	86213	89363	acrB_fluoroquinolone_antibiotic;_cephalosporin;_glycylcycline;_penam;_tetracycline_antibiotic;_rifamycin_antibiotic;_phenicol_antibiotic;_disinfecting_agents_and_antiseptics	31	3150	3150	1.0	Escherichia coli (chromosome or plasmid)
barcode04_6Gb	contig_8506	171921	173016	vanG_glycopeptide_antibiotic	39	1095	1095	1.0	Unknown taxonomy (chromosome or plasmid)
barcode04_6Gb	contig_8539	41514	42906	Escherichia coli UhpT with mutation conferring resistance to fosfomycin_phosphonic_acid_antibiotic	18	1392	1392	1.0	Enterobacter kobei (chromosome or plasmid)
barcode04_6Gb	contig_8539	188304	189489	Escherichia coli EF-Tu mutants conferring resistance to Pulvomycin_elfamycin_antibiotic	26	1185	1185	1.0	Enterobacter (chromosome or plasmid)
barcode04_6Gb	contig_8625	12592	12847	rsmA_fluoroquinolone_antibiotic;_diaminopyrimidine_antibiotic;_phenicol_antibiotic	50	255	255	1.0	
barcode04_6Gb	contig_8673	948	1413	AAC(3)-Ia_aminoglycoside_antibiotic	5	465	465	1.0	Unknown taxonomy (chromosome or plasmid)
barcode04_6Gb	contig_8786	1	1168	tet(A)_tetracycline_antibiotic	25	1167	1167	1.0	Unknown taxonomy (chromosome or plasmid)
barcode04_6Gb	contig_8786	2245	3082	APH(6)-Id_aminoglycoside_antibiotic	27	837	837	1.0	Unknown taxonomy (chromosome or plasmid)
barcode04_6Gb	contig_8786	3945	4761	sul2_sulfonamide_antibiotic	32	816	816	1.0	Unknown taxonomy (chromosome or plasmid)
barcode04_6Gb	contig_8786	613448	613784	qacG_disinfecting_agents_and_antiseptics	8	336	336	1.0	
barcode04_6Gb	contig_8789	12044	12380	FosA3_phosphonic_acid_antibiotic	4	336	336	1.0	Unknown taxonomy (chromosome or plasmid)
barcode04_6Gb	contig_8853	10527	11511	PmrF_peptide_antibiotic	11	984	984	1.0	Citrobacter amalonaticus (no genomic info)
barcode04_6Gb	contig_8853	14655	15537	ArnT_peptide_antibiotic	5	882	882	1.0	Klebsiella michiganensis (chromosome)
barcode04_6Gb	contig_898	741456	742344	vanW gene in vanG cluster_glycopeptide_antibiotic	10	888	888	1.0	
barcode04_6Gb	contig_9005	1284	1962	kdpE_aminoglycoside_antibiotic	7	678	678	1.0	Citrobacter freundii (chromosome)
barcode04_6Gb	contig_9080	677	1337	catA1_phenicol_antibiotic	7	660	660	1.0	Unknown taxonomy (chromosome or plasmid)
barcode04_6Gb	contig_9088	1985	2240	rsmA_fluoroquinolone_antibiotic;_diaminopyrimidine_antibiotic;_phenicol_antibiotic	9	255	255	1.0	
barcode04_6Gb	contig_9099	24360	26109	msbA_nitroimidazole_antibiotic	12	1749	1749	1.0	Citrobacter freundii (chromosome)
barcode04_6Gb	contig_9099	89430	90696	Escherichia coli mdfA_tetracycline_antibiotic;_disinfecting_agents_and_antiseptics	4	1266	1266	1.0	Citrobacter freundii (chromosome or plasmid)
barcode04_6Gb	contig_9100	9308	9941	CRP_macrolide_antibiotic;_fluoroquinolone_antibiotic;_penam	11	633	633	1.0	Citrobacter (chromosome)
barcode04_6Gb	contig_9189	34264	34522	FosA8_phosphonic_acid_antibiotic	17	258	258	1.0	Enterobacter asburiae (chromosome)
barcode04_6Gb	contig_9189	183241	184387	ACT-87_carbapenem;_cephalosporin;_cephamycin;_penam	12	1146	1146	1.0	Enterobacter kobei (chromosome)
barcode04_6Gb	contig_9212	31539	32724	Escherichia coli EF-Tu mutants conferring resistance to Pulvomycin_elfamycin_antibiotic	16	1185	1185	1.0	Unknown taxonomy (chromosome or plasmid)
barcode04_6Gb	contig_9212	52765	53950	Escherichia coli EF-Tu mutants conferring resistance to Pulvomycin_elfamycin_antibiotic	24	1185	1185	1.0	Unknown taxonomy (chromosome)
barcode04_6Gb	contig_9233	23	803	APH(3')-VIa_aminoglycoside_antibiotic	65	780	780	1.0	Unknown taxonomy (chromosome or plasmid)
barcode04_6Gb	contig_9267	842	2009	ugd_peptide_antibiotic	15	1167	1167	1.0	Unknown taxonomy (chromosome or plasmid)
barcode04_6Gb	contig_9309	7345	8530	Escherichia coli EF-Tu mutants conferring resistance to Pulvomycin_elfamycin_antibiotic	24	1185	1185	1.0	Unknown taxonomy (chromosome or plasmid)
barcode04_6Gb	contig_9309	31837	32470	CRP_macrolide_antibiotic;_fluoroquinolone_antibiotic;_penam	6	633	633	1.0	Unknown taxonomy (chromosome)
barcode04_6Gb	contig_9310	22452	23637	Escherichia coli EF-Tu mutants conferring resistance to Pulvomycin_elfamycin_antibiotic	33	1185	1185	1.0	Unknown taxonomy (chromosome or plasmid)
barcode04_6Gb	contig_9311	7353	8538	Escherichia coli EF-Tu mutants conferring resistance to Pulvomycin_elfamycin_antibiotic	38	1185	1185	1.0	Unknown taxonomy (chromosome or plasmid)
barcode04_6Gb	contig_9351	16138	17512	cpxA_aminoglycoside_antibiotic;_aminocoumarin_antibiotic	10	1374	1374	1.0	
barcode04_6Gb	contig_9360	36950	38111	vanL_glycopeptide_antibiotic	8	1161	1161	1.0	
barcode04_6Gb	contig_9404	2846	3788	vanH gene in vanO cluster_glycopeptide_antibiotic	3	942	942	1.0	
barcode04_6Gb	contig_9417	6938	8627	eptB_peptide_antibiotic	8	1689	1689	1.0	Klebsiella michiganensis (chromosome)
barcode04_6Gb	contig_9501	7782	8646	aadS_aminoglycoside_antibiotic	14	864	864	1.0	Unknown taxonomy (chromosome or plasmid)
barcode04_6Gb	contig_9514	43178	43709	emrR_fluoroquinolone_antibiotic	13	531	531	1.0	Enterobacter kobei (chromosome or plasmid)
barcode04_6Gb	contig_9514	43835	45008	emrA_fluoroquinolone_antibiotic	15	1173	1173	1.0	
barcode04_6Gb	contig_9514	45024	46572	emrB_fluoroquinolone_antibiotic	17	1548	1548	1.0	Enterobacter kobei (chromosome or plasmid)
barcode04_6Gb	contig_9514	53632	53818	rsmA_fluoroquinolone_antibiotic;_diaminopyrimidine_antibiotic;_phenicol_antibiotic	27	186	186	1.0	Enterobacter (chromosome or plasmid)
barcode04_6Gb	contig_9531	22287	23106	bacA_peptide_antibiotic	7	819	819	1.0	Escherichia coli (chromosome)
barcode04_6Gb	contig_9645	3082	4255	emrA_fluoroquinolone_antibiotic	5	1173	1173	1.0	Citrobacter portucalensis (no genomic info)
barcode04_6Gb	contig_9709	41806	42151	qacG_disinfecting_agents_and_antiseptics	9	345	345	1.0	
barcode04_6Gb	contig_9757	17380	18235	ErmX_macrolide_antibiotic;_lincosamide_antibiotic;_streptogramin_antibiotic;_streptogramin_A_antibiotic;_streptogramin_B_antibiotic	5	855	855	1.0	Unknown taxonomy (chromosome or plasmid)
barcode04_6Gb	contig_9850	84524	86273	msbA_nitroimidazole_antibiotic	23	1749	1749	1.0	Enterobacter kobei (chromosome)
barcode04_6Gb	contig_9850	184956	186189	Escherichia coli mdfA_tetracycline_antibiotic;_disinfecting_agents_and_antiseptics	11	1233	1233	1.0	
barcode04_6Gb	contig_9861	82597	83545	leuO_nucleoside_antibiotic;_disinfecting_agents_and_antiseptics	13	948	948	1.0	Citrobacter (chromosome)
barcode04_6Gb	contig_9867	5924	6797	OXY-6-2_monobactam;_cephalosporin;_penam	8	873	873	1.0	Klebsiella michiganensis (chromosome)
barcode04_6Gb	contig_9956	884	1379	lnuC_lincosamide_antibiotic	36	495	495	1.0	Unknown taxonomy (chromosome or plasmid)
barcode04_6Gb	contig_9969	1616	2516	VEB-9_monobactam;_cephalosporin	12	900	900	1.0	Unknown taxonomy (chromosome or plasmid)
barcode04_6Gb	contig_9969	5334	6195	TEM-1_monobactam;_cephalosporin;_penam;_penem	24	861	861	1.0	Unknown taxonomy (chromosome or plasmid)
barcode04_6Gb	contig_9969	6336	7197	AAC(3)-IIe_aminoglycoside_antibiotic	20	861	861	1.0	Unknown taxonomy (chromosome or plasmid)
barcode04_9Gb	contig_10162	6999	8448	adeH_fluoroquinolone_antibiotic;_tetracycline_antibiotic	71	1449	1449	1.0	Acinetobacter baumannii (chromosome or plasmid)
barcode04_9Gb	contig_10162	8460	11640	adeF_fluoroquinolone_antibiotic;_tetracycline_antibiotic	80	3180	3180	1.0	Acinetobacter baumannii (chromosome or plasmid)
barcode04_9Gb	contig_10162	11646	12867	adeG_fluoroquinolone_antibiotic;_tetracycline_antibiotic	73	1221	1221	1.0	Acinetobacter baumannii (chromosome or plasmid)
barcode04_9Gb	contig_10162	13082	14096	adeL_fluoroquinolone_antibiotic;_tetracycline_antibiotic	72	1014	1014	1.0	Acinetobacter baumannii (chromosome or plasmid)
barcode04_9Gb	contig_10162	17404	17734	abeS_macrolide_antibiotic;_aminocoumarin_antibiotic	60	330	330	1.0	Acinetobacter baumannii (chromosome or plasmid)
barcode04_9Gb	contig_10171	654	1455	ErmF_macrolide_antibiotic;_lincosamide_antibiotic;_streptogramin_antibiotic;_streptogramin_A_antibiotic;_streptogramin_B_antibiotic	19	801	801	1.0	Unknown taxonomy (chromosome or plasmid)
barcode04_9Gb	contig_10202	90239	92717	vanT gene in vanG cluster_glycopeptide_antibiotic	125	2478	2478	1.0	
barcode04_9Gb	contig_10226	105914	107015	LpsB_peptide_antibiotic	69	1101	1101	1.0	Acinetobacter baumannii (chromosome or plasmid)
barcode04_9Gb	contig_10226	154313	155660	abeM_fluoroquinolone_antibiotic;_disinfecting_agents_and_antiseptics	83	1347	1347	1.0	Acinetobacter baumannii (chromosome or plasmid)
barcode04_9Gb	contig_10245	25337	26321	PmrF_peptide_antibiotic	14	984	984	1.0	
barcode04_9Gb	contig_10245	29202	30858	ArnT_peptide_antibiotic	9	1656	1656	1.0	Klebsiella pneumoniae (chromosome)
barcode04_9Gb	contig_10252	43544	43880	qacG_disinfecting_agents_and_antiseptics	11	336	336	1.0	
barcode04_9Gb	contig_10270	13696	14536	sul1_sulfonamide_antibiotic	56	840	840	1.0	Unknown taxonomy (chromosome or plasmid)
barcode04_9Gb	contig_10270	14529	14877	qacEdelta1_disinfecting_agents_and_antiseptics	51	348	348	1.0	Unknown taxonomy (chromosome or plasmid)
barcode04_9Gb	contig_10273	85964	86309	qacG_disinfecting_agents_and_antiseptics	13	345	345	1.0	
barcode04_9Gb	contig_1032	759	1623	GES-1_carbapenem;_cephalosporin;_penam	23	864	864	1.0	Unknown taxonomy (chromosome or plasmid)
barcode04_9Gb	contig_1032	2186	3026	sul1_sulfonamide_antibiotic	90	840	840	1.0	Unknown taxonomy (chromosome or plasmid)
barcode04_9Gb	contig_10325	98939	99470	emrR_fluoroquinolone_antibiotic	20	531	531	1.0	Enterobacter kobei (chromosome or plasmid)
barcode04_9Gb	contig_10325	99596	100769	emrA_fluoroquinolone_antibiotic	21	1173	1173	1.0	
barcode04_9Gb	contig_10325	100785	102333	emrB_fluoroquinolone_antibiotic	20	1548	1548	1.0	Enterobacter kobei (chromosome or plasmid)
barcode04_9Gb	contig_10325	109394	109580	rsmA_fluoroquinolone_antibiotic;_diaminopyrimidine_antibiotic;_phenicol_antibiotic	41	186	186	1.0	Enterobacter (chromosome or plasmid)
barcode04_9Gb	contig_1036	181428	181755	qacG_disinfecting_agents_and_antiseptics	14	327	327	1.0	
barcode04_9Gb	contig_10384	15589	16972	mdeA_fluoroquinolone_antibiotic;_aminoglycoside_antibiotic;_penam;_tetracycline_antibiotic;_disinfecting_agents_and_antiseptics	8	1383	1383	1.0	
barcode04_9Gb	contig_1040	1539	2196	QnrVC1_fluoroquinolone_antibiotic	23	657	657	1.0	Unknown taxonomy (chromosome or plasmid)
barcode04_9Gb	contig_1040	3915	4389	dfrA6_diaminopyrimidine_antibiotic	18	474	474	1.0	Unknown taxonomy (chromosome or plasmid)
barcode04_9Gb	contig_1041	1542	2358	APH(3')-Ia_aminoglycoside_antibiotic	136	816	816	1.0	Unknown taxonomy (chromosome or plasmid)
barcode04_9Gb	contig_1041	3334	4240	mphA_macrolide_antibiotic	184	906	906	1.0	Unknown taxonomy (chromosome or plasmid)
barcode04_9Gb	contig_1041	4236	5475	Mrx_macrolide_antibiotic	150	1239	1239	1.0	Unknown taxonomy (chromosome or plasmid)
barcode04_9Gb	contig_105	3261	4146	mphE_macrolide_antibiotic	325	885	885	1.0	Unknown taxonomy (chromosome or plasmid)
barcode04_9Gb	contig_105	4201	5677	msrE_macrolide_antibiotic;_streptogramin_antibiotic	316	1476	1476	1.0	Unknown taxonomy (chromosome or plasmid)
barcode04_9Gb	contig_105	48989	52154	adeF_fluoroquinolone_antibiotic;_tetracycline_antibiotic	41	3165	3165	1.0	Acinetobacter (chromosome or plasmid)
barcode04_9Gb	contig_10524	15194	18638	adeF_fluoroquinolone_antibiotic;_tetracycline_antibiotic	7	3444	3444	1.0	Pseudomonas mendocina (chromosome)
barcode04_9Gb	contig_10530	25478	26651	vanW gene in vanI cluster_glycopeptide_antibiotic	5	1173	1173	1.0	
barcode04_9Gb	contig_10565	907	2074	tet(X3)_glycylcycline;_tetracycline_antibiotic	4	1167	1167	1.0	Unknown taxonomy (chromosome or plasmid)
barcode04_9Gb	contig_10569	7892	8384	ANT(3'')-IIb_aminoglycoside_antibiotic	97	492	492	1.0	Acinetobacter baumannii (chromosome or plasmid)
barcode04_9Gb	contig_10600	2279	2663	marA_fluoroquinolone_antibiotic;_monobactam;_carbapenem;_cephalosporin;_glycylcycline;_cephamycin;_penam;_tetracycline_antibiotic;_rifamycin_antibiotic;_phenicol_antibiotic;_penem;_disinfecting_agents_and_antiseptics	8	384	384	1.0	Citrobacter (chromosome)
barcode04_9Gb	contig_10600	2681	3116	Escherichia coli AcrAB-TolC with MarR mutations conferring resistance to ciprofloxacin and tetracycline_fluoroquinolone_antibiotic;_cephalosporin;_glycylcycline;_penam;_tetracycline_antibiotic;_rifamycin_antibiotic;_phenicol_antibiotic;_disinfecting_agents_and_antiseptics	8	435	435	1.0	Citrobacter (chromosome)
barcode04_9Gb	contig_10627	22427	24905	vanT gene in vanG cluster_glycopeptide_antibiotic	23	2478	2478	1.0	
barcode04_9Gb	contig_10629	25587	27807	Acinetobacter baumannii parC conferring resistance to fluoroquinolones_fluoroquinolone_antibiotic	70	2220	2220	1.0	Acinetobacter baumannii (chromosome or plasmid)
barcode04_9Gb	contig_10643	14186	16703	vanT gene in vanG cluster_glycopeptide_antibiotic	15	2517	2517	1.0	
barcode04_9Gb	contig_10678	8463	8958	nimA_nitroimidazole_antibiotic	3	495	495	1.0	
barcode04_9Gb	contig_10695	2266	3376	vanG_glycopeptide_antibiotic	6	1110	1110	1.0	
barcode04_9Gb	contig_10776	649	1438	ANT(3'')-IIa_aminoglycoside_antibiotic	35	789	789	1.0	Acinetobacter (chromosome or plasmid)
barcode04_9Gb	contig_10781	18077	18734	QnrS1_fluoroquinolone_antibiotic	8	657	657	1.0	Unknown taxonomy (chromosome or plasmid)
barcode04_9Gb	contig_1080	2260	2719	AAC(6')-Il_aminoglycoside_antibiotic	89	459	459	1.0	Unknown taxonomy (chromosome or plasmid)
barcode04_9Gb	contig_1080	2792	3656	GES-5_carbapenem;_cephalosporin;_penam	86	864	864	1.0	Unknown taxonomy (chromosome or plasmid)
barcode04_9Gb	contig_1080	4643	5507	GES-1_carbapenem;_cephalosporin;_penam	96	864	864	1.0	Unknown taxonomy (chromosome or plasmid)
barcode04_9Gb	contig_1080	5629	6163	ANT(2'')-Ia_aminoglycoside_antibiotic	82	534	534	1.0	Unknown taxonomy (chromosome or plasmid)
barcode04_9Gb	contig_1080	6278	6626	qacEdelta1_disinfecting_agents_and_antiseptics	184	348	348	1.0	Unknown taxonomy (chromosome or plasmid)
barcode04_9Gb	contig_1080	6619	7459	sul1_sulfonamide_antibiotic	197	840	840	1.0	Unknown taxonomy (chromosome or plasmid)
barcode04_9Gb	contig_10854	43139	44628	TolC_macrolide_antibiotic;_fluoroquinolone_antibiotic;_aminoglycoside_antibiotic;_carbapenem;_cephalosporin;_glycylcycline;_cephamycin;_penam;_tetracycline_antibiotic;_peptide_antibiotic;_aminocoumarin_antibiotic;_rifamycin_antibiotic;_phenicol_antibiotic;_penem;_disinfecting_agents_and_antiseptics	54	1489	1489	1.0	Unknown taxonomy (chromosome or plasmid)
barcode04_9Gb	contig_10854	67027	67849	bacA_peptide_antibiotic	69	822	822	1.0	Unknown taxonomy (chromosome or plasmid)
barcode04_9Gb	contig_1088	22200	23085	mphE_macrolide_antibiotic	335	885	885	1.0	Unknown taxonomy (chromosome or plasmid)
barcode04_9Gb	contig_1088	23140	24616	msrE_macrolide_antibiotic;_streptogramin_antibiotic	336	1476	1476	1.0	Unknown taxonomy (chromosome or plasmid)
barcode04_9Gb	contig_1088	30954	31797	OXA-58_carbapenem;_penam	38	843	843	1.0	Unknown taxonomy (chromosome or plasmid)
barcode04_9Gb	contig_10909	18694	19513	vanW gene in vanI cluster_glycopeptide_antibiotic	5	819	819	1.0	Roseburia hominis (no genomic info)
barcode04_9Gb	contig_11014	18334	19282	vanW gene in vanI cluster_glycopeptide_antibiotic	9	948	948	1.0	
barcode04_9Gb	contig_11054	17770	18388	vanY gene in vanF cluster_glycopeptide_antibiotic	3	618	618	1.0	
barcode04_9Gb	contig_11105	3973	4180	vanY gene in vanB cluster_glycopeptide_antibiotic	17	207	207	1.0	Faecalibacterium prausnitzii (chromosome)
barcode04_9Gb	contig_11124	268395	271473	mdtC_aminocoumarin_antibiotic	11	3078	3078	1.0	
barcode04_9Gb	contig_11124	272886	274290	baeS_aminoglycoside_antibiotic;_aminocoumarin_antibiotic	11	1404	1404	1.0	
barcode04_9Gb	contig_11124	274286	275009	baeR_aminoglycoside_antibiotic;_aminocoumarin_antibiotic	11	723	723	1.0	Enterobacter kobei (chromosome)
barcode04_9Gb	contig_1126	57331	58213	vanW gene in vanG cluster_glycopeptide_antibiotic	704	882	882	1.0	Acinetobacter johnsonii (chromosome)
barcode04_9Gb	contig_11289	159214	160201	vanH gene in vanO cluster_glycopeptide_antibiotic	44	987	987	1.0	
barcode04_9Gb	contig_11289	741605	742763	vanT gene in vanG cluster_glycopeptide_antibiotic	78	1158	1158	1.0	
barcode04_9Gb	contig_1131	65460	66699	Mrx_macrolide_antibiotic	224	1239	1239	1.0	Unknown taxonomy (chromosome or plasmid)
barcode04_9Gb	contig_1131	66695	67601	mphA_macrolide_antibiotic	224	906	906	1.0	Unknown taxonomy (chromosome or plasmid)
barcode04_9Gb	contig_1131	68668	69529	TEM-1_monobactam;_cephalosporin;_penam;_penem	44	861	861	1.0	Unknown taxonomy (chromosome or plasmid)
barcode04_9Gb	contig_11349	120	939	bacA_peptide_antibiotic	4	819	819	1.0	
barcode04_9Gb	contig_11368	2830	3670	sul1_sulfonamide_antibiotic	90	840	840	1.0	Unknown taxonomy (chromosome or plasmid)
barcode04_9Gb	contig_11368	5679	6543	GES-1_carbapenem;_cephalosporin;_penam	77	864	864	1.0	Unknown taxonomy (chromosome or plasmid)
barcode04_9Gb	contig_11402	12970	14083	vanT gene in vanG cluster_glycopeptide_antibiotic	29	1113	1113	1.0	
barcode04_9Gb	contig_1154	1052	1608	AAC(6')-Ib4_aminoglycoside_antibiotic	25	556	556	1.0	Unknown taxonomy (chromosome or plasmid)
barcode04_9Gb	contig_1154	1713	2397	catB3_phenicol_antibiotic	22	684	684	1.0	Unknown taxonomy (chromosome or plasmid)
barcode04_9Gb	contig_1154	2402	3194	aadA_aminoglycoside_antibiotic	53	792	792	1.0	Unknown taxonomy (chromosome or plasmid)
barcode04_9Gb	contig_1154	3357	3705	qacEdelta1_disinfecting_agents_and_antiseptics	86	348	348	1.0	Unknown taxonomy (chromosome or plasmid)
barcode04_9Gb	contig_1154	3698	4538	sul1_sulfonamide_antibiotic	89	840	840	1.0	Unknown taxonomy (chromosome or plasmid)
barcode04_9Gb	contig_1154	19872	20685	NDM-1_carbapenem;_cephalosporin;_cephamycin;_penam	13	813	813	1.0	Unknown taxonomy (chromosome or plasmid)
barcode04_9Gb	contig_1154	20688	21054	BRP(MBL)_glycopeptide_antibiotic	17	366	366	1.0	Unknown taxonomy (chromosome or plasmid)
barcode04_9Gb	contig_1154	24193	25033	sul1_sulfonamide_antibiotic	133	840	840	1.0	Unknown taxonomy (chromosome or plasmid)
barcode04_9Gb	contig_1154	25026	25374	qacEdelta1_disinfecting_agents_and_antiseptics	123	348	348	1.0	Unknown taxonomy (chromosome or plasmid)
barcode04_9Gb	contig_1154	25542	26163	AAC(6')-Ib9_aminoglycoside_antibiotic	82	621	621	1.0	Unknown taxonomy (chromosome or plasmid)
barcode04_9Gb	contig_1154	26235	26688	arr-3_rifamycin_antibiotic	82	453	453	1.0	Unknown taxonomy (chromosome or plasmid)
barcode04_9Gb	contig_11602	396723	397611	vanW gene in vanG cluster_glycopeptide_antibiotic	24	888	888	1.0	
barcode04_9Gb	contig_11645	9182	9512	qacG_disinfecting_agents_and_antiseptics	14	330	330	1.0	
barcode04_9Gb	contig_11664	4938	5322	marA_fluoroquinolone_antibiotic;_monobactam;_carbapenem;_cephalosporin;_glycylcycline;_cephamycin;_penam;_tetracycline_antibiotic;_rifamycin_antibiotic;_phenicol_antibiotic;_penem;_disinfecting_agents_and_antiseptics	4	384	384	1.0	Citrobacter freundii (chromosome)
barcode04_9Gb	contig_11664	5340	5775	Escherichia coli AcrAB-TolC with MarR mutations conferring resistance to ciprofloxacin and tetracycline_fluoroquinolone_antibiotic;_cephalosporin;_glycylcycline;_penam;_tetracycline_antibiotic;_rifamycin_antibiotic;_phenicol_antibiotic;_disinfecting_agents_and_antiseptics	4	435	435	1.0	Citrobacter freundii (chromosome)
barcode04_9Gb	contig_11729	11336	13256	tet(O)_tetracycline_antibiotic	32	1920	1920	1.0	Unknown taxonomy (chromosome or plasmid)
barcode04_9Gb	contig_1174	109	940	APH(6)-Id_aminoglycoside_antibiotic	74	831	831	1.0	Unknown taxonomy (chromosome or plasmid)
barcode04_9Gb	contig_1174	945	1749	APH(3'')-Ib_aminoglycoside_antibiotic	64	804	804	1.0	Unknown taxonomy (chromosome or plasmid)
barcode04_9Gb	contig_11789	79522	80707	Escherichia coli EF-Tu mutants conferring resistance to Pulvomycin_elfamycin_antibiotic	59	1185	1185	1.0	Unknown taxonomy (chromosome or plasmid)
barcode04_9Gb	contig_11795	2565	3408	OXA-58_carbapenem;_penam	10	843	843	1.0	Unknown taxonomy (chromosome or plasmid)
barcode04_9Gb	contig_11795	5656	6844	tet(39)_tetracycline_antibiotic	38	1188	1188	1.0	Unknown taxonomy (plasmid)
barcode04_9Gb	contig_11803	152696	154070	cpxA_aminoglycoside_antibiotic;_aminocoumarin_antibiotic	59	1374	1374	1.0	Unknown taxonomy (chromosome or plasmid)
barcode04_9Gb	contig_11824	3741	4569	OXA-253_carbapenem;_penam	51	828	828	1.0	Acinetobacter baumannii (chromosome)
barcode04_9Gb	contig_11837	5036	6428	Escherichia coli UhpT with mutation conferring resistance to fosfomycin_phosphonic_acid_antibiotic	11	1392	1392	1.0	Klebsiella michiganensis (chromosome)
barcode04_9Gb	contig_1185	1791	2652	TEM-1_monobactam;_cephalosporin;_penam;_penem	13	861	861	1.0	Unknown taxonomy (chromosome or plasmid)
barcode04_9Gb	contig_11859	4109	4742	vanY gene in vanM cluster_glycopeptide_antibiotic	14	633	633	1.0	
barcode04_9Gb	contig_11884	10517	11318	ErmF_macrolide_antibiotic;_lincosamide_antibiotic;_streptogramin_antibiotic;_streptogramin_A_antibiotic;_streptogramin_B_antibiotic	13	801	801	1.0	Unknown taxonomy (chromosome or plasmid)
barcode04_9Gb	contig_11909	6087	6342	rsmA_fluoroquinolone_antibiotic;_diaminopyrimidine_antibiotic;_phenicol_antibiotic	17	255	255	1.0	
barcode04_9Gb	contig_11921	7686	9345	ArnT_peptide_antibiotic	9	1659	1659	1.0	Citrobacter freundii (chromosome or plasmid)
barcode04_9Gb	contig_11958	9061	9877	APH(3')-Ia_aminoglycoside_antibiotic	12	816	816	1.0	Unknown taxonomy (chromosome or plasmid)
barcode04_9Gb	contig_12026	15957	16431	FosA8_phosphonic_acid_antibiotic	5	474	474	1.0	Enterobacter asburiae (chromosome)
barcode04_9Gb	contig_12165	6064	7255	tet(C)_tetracycline_antibiotic	53	1191	1191	1.0	Unknown taxonomy (chromosome or plasmid)
barcode04_9Gb	contig_12165	9333	10173	sul1_sulfonamide_antibiotic	16	840	840	1.0	Unknown taxonomy (chromosome or plasmid)
barcode04_9Gb	contig_12166	695	1886	tet(C)_tetracycline_antibiotic	37	1191	1191	1.0	Unknown taxonomy (chromosome or plasmid)
barcode04_9Gb	contig_12166	3264	4104	sul1_sulfonamide_antibiotic	21	840	840	1.0	Unknown taxonomy (chromosome or plasmid)
barcode04_9Gb	contig_12166	4097	4445	qacEdelta1_disinfecting_agents_and_antiseptics	24	348	348	1.0	Unknown taxonomy (chromosome or plasmid)
barcode04_9Gb	contig_12166	4656	5487	OXA-4_cephalosporin;_penam	20	831	831	1.0	Pseudomonas aeruginosa (chromosome or plasmid)
barcode04_9Gb	contig_12208	2521	3580	vanT gene in vanG cluster_glycopeptide_antibiotic	14	1059	1059	1.0	Faecalibacterium prausnitzii (chromosome)
barcode04_9Gb	contig_12257	5607	5862	rsmA_fluoroquinolone_antibiotic;_diaminopyrimidine_antibiotic;_phenicol_antibiotic	9	255	255	1.0	
barcode04_9Gb	contig_12275	63852	66999	adeF_fluoroquinolone_antibiotic;_tetracycline_antibiotic	10	3147	3147	1.0	
barcode04_9Gb	contig_12277	4731	5757	tet(M)_tetracycline_antibiotic	11	1026	1026	1.0	Streptococcus suis (chromosome or plasmid)
barcode04_9Gb	contig_12277	5807	6653	tet(M)_tetracycline_antibiotic	9	846	846	1.0	Unknown taxonomy (chromosome or plasmid)
barcode04_9Gb	contig_1232	0	873	mphE_macrolide_antibiotic	105	873	873	1.0	Unknown taxonomy (chromosome or plasmid)
barcode04_9Gb	contig_1232	928	2404	msrE_macrolide_antibiotic;_streptogramin_antibiotic	139	1476	1476	1.0	Unknown taxonomy (chromosome or plasmid)
barcode04_9Gb	contig_1232	4580	5480	VEB-9_monobactam;_cephalosporin	16	900	900	1.0	Unknown taxonomy (chromosome or plasmid)
barcode04_9Gb	contig_12377	7867	9082	floR_phenicol_antibiotic	17	1215	1215	1.0	Unknown taxonomy (chromosome or plasmid)
barcode04_9Gb	contig_12377	11033	11849	sul2_sulfonamide_antibiotic	38	816	816	1.0	Unknown taxonomy (chromosome or plasmid)
barcode04_9Gb	contig_12502	3988	5074	vanG_glycopeptide_antibiotic	3	1086	1086	1.0	Anaerostipes hadrus (chromosome)
barcode04_9Gb	contig_1258	3543	4407	aadS_aminoglycoside_antibiotic	19	864	864	1.0	Unknown taxonomy (chromosome or plasmid)
barcode04_9Gb	contig_1258	5783	6584	ErmF_macrolide_antibiotic;_lincosamide_antibiotic;_streptogramin_antibiotic;_streptogramin_A_antibiotic;_streptogramin_B_antibiotic	19	801	801	1.0	Unknown taxonomy (chromosome or plasmid)
barcode04_9Gb	contig_12666	2338	3514	oqxA_fluoroquinolone_antibiotic;_glycylcycline;_tetracycline_antibiotic;_diaminopyrimidine_antibiotic;_nitrofuran_antibiotic	5	1176	1176	1.0	Klebsiella pneumoniae (chromosome or plasmid)
barcode04_9Gb	contig_1271	1193	1541	qacEdelta1_disinfecting_agents_and_antiseptics	48	348	348	1.0	Unknown taxonomy (chromosome or plasmid)
barcode04_9Gb	contig_1271	1534	2374	sul1_sulfonamide_antibiotic	45	840	840	1.0	Unknown taxonomy (chromosome or plasmid)
barcode04_9Gb	contig_1271	12194	13670	msrE_macrolide_antibiotic;_streptogramin_antibiotic	160	1476	1476	1.0	Unknown taxonomy (chromosome or plasmid)
barcode04_9Gb	contig_1271	13725	14610	mphE_macrolide_antibiotic	142	885	885	1.0	Unknown taxonomy (chromosome or plasmid)
barcode04_9Gb	contig_1271	21525	22740	floR_phenicol_antibiotic	31	1215	1215	1.0	Unknown taxonomy (chromosome or plasmid)
barcode04_9Gb	contig_1271	23339	24614	tet(A)_tetracycline_antibiotic	22	1275	1275	1.0	Unknown taxonomy (chromosome or plasmid)
barcode04_9Gb	contig_1271	25267	26083	sul2_sulfonamide_antibiotic	28	816	816	1.0	Unknown taxonomy (chromosome or plasmid)
barcode04_9Gb	contig_12726	18803	19940	Klebsiella pneumoniae KpnG_macrolide_antibiotic;_fluoroquinolone_antibiotic;_aminoglycoside_antibiotic;_carbapenem;_cephalosporin;_penam;_peptide_antibiotic;_penem	15	1137	1137	1.0	Klebsiella (chromosome)
barcode04_9Gb	contig_12726	19992	21531	emrB_fluoroquinolone_antibiotic	16	1539	1539	1.0	Klebsiella michiganensis (chromosome)
barcode04_9Gb	contig_12726	29635	29821	rsmA_fluoroquinolone_antibiotic;_diaminopyrimidine_antibiotic;_phenicol_antibiotic	18	186	186	1.0	Unknown taxonomy (chromosome or plasmid)
barcode04_9Gb	contig_1273	5544	6333	ANT(3'')-IIa_aminoglycoside_antibiotic	20	789	789	1.0	Acinetobacter (chromosome or plasmid)
barcode04_9Gb	contig_1273	11438	12254	sul2_sulfonamide_antibiotic	60	816	816	1.0	Unknown taxonomy (chromosome or plasmid)
barcode04_9Gb	contig_1276	148	1009	TEM-1_monobactam;_cephalosporin;_penam;_penem	36	861	861	1.0	Unknown taxonomy (chromosome or plasmid)
barcode04_9Gb	contig_1276	1708	2533	OXA-9_penam	25	825	825	1.0	Unknown taxonomy (chromosome or plasmid)
barcode04_9Gb	contig_1276	2592	3369	aadA_aminoglycoside_antibiotic	25	777	777	1.0	Unknown taxonomy (chromosome or plasmid)
barcode04_9Gb	contig_1276	3450	4056	AAC(6')-Ib9_aminoglycoside_antibiotic	29	606	606	1.0	Unknown taxonomy (chromosome or plasmid)
barcode04_9Gb	contig_12799	6748	8188	MdtQ_monobactam;_carbapenem;_cephalosporin;_cephamycin;_penam;_penem	10	1440	1440	1.0	
barcode04_9Gb	contig_12822	40926	41262	qacG_disinfecting_agents_and_antiseptics	8	336	336	1.0	
barcode04_9Gb	contig_1283	3882	4743	SHV-2_carbapenem;_cephalosporin;_penam	42	861	861	1.0	Unknown taxonomy (chromosome or plasmid)
barcode04_9Gb	contig_1283	10683	11193	dfrA8_diaminopyrimidine_antibiotic	12	510	510	1.0	Unknown taxonomy (chromosome or plasmid)
barcode04_9Gb	contig_1283	15126	15771	QnrB19_fluoroquinolone_antibiotic	24	645	645	1.0	Unknown taxonomy (chromosome or plasmid)
barcode04_9Gb	contig_1283	16258	17119	AAC(3)-IIe_aminoglycoside_antibiotic	18	861	861	1.0	Unknown taxonomy (chromosome or plasmid)
barcode04_9Gb	contig_1283	26257	27118	SHV-12_carbapenem;_cephalosporin;_penam	13	861	861	1.0	Unknown taxonomy (chromosome or plasmid)
barcode04_9Gb	contig_1283	30859	31720	TEM-1_monobactam;_cephalosporin;_penam;_penem	26	861	861	1.0	Unknown taxonomy (chromosome or plasmid)
barcode04_9Gb	contig_1283	33835	34495	catA1_phenicol_antibiotic	9	660	660	1.0	Unknown taxonomy (chromosome or plasmid)
barcode04_9Gb	contig_1283	39009	39786	TEM-244_monobactam;_cephalosporin;_penam;_penem	16	777	777	1.0	Unknown taxonomy (chromosome or plasmid)
barcode04_9Gb	contig_12857	13565	13895	qacG_disinfecting_agents_and_antiseptics	14	330	330	1.0	Elizabethkingia anophelis (chromosome)
barcode04_9Gb	contig_12897	22877	23714	APH(6)-Id_aminoglycoside_antibiotic	45	837	837	1.0	Unknown taxonomy (chromosome or plasmid)
barcode04_9Gb	contig_12897	23713	24517	APH(3'')-Ib_aminoglycoside_antibiotic	24	804	804	1.0	Unknown taxonomy (chromosome or plasmid)
barcode04_9Gb	contig_12897	31678	32539	AAC(3)-IIe_aminoglycoside_antibiotic	15	861	861	1.0	Unknown taxonomy (chromosome or plasmid)
barcode04_9Gb	contig_12946	4389	5574	Escherichia coli EF-Tu mutants conferring resistance to Pulvomycin_elfamycin_antibiotic	15	1185	1185	1.0	Klebsiella michiganensis (chromosome or plasmid)
barcode04_9Gb	contig_13016	1113	1893	APH(3')-VIa_aminoglycoside_antibiotic	72	780	780	1.0	Unknown taxonomy (chromosome or plasmid)
barcode04_9Gb	contig_13059	9436	9799	Klebsiella pneumoniae KpnE_macrolide_antibiotic;_aminoglycoside_antibiotic;_cephalosporin;_tetracycline_antibiotic;_peptide_antibiotic;_rifamycin_antibiotic;_disinfecting_agents_and_antiseptics	3	363	363	1.0	Citrobacter portucalensis (chromosome)
barcode04_9Gb	contig_13059	9785	10115	Klebsiella pneumoniae KpnF_macrolide_antibiotic;_aminoglycoside_antibiotic;_cephalosporin;_tetracycline_antibiotic;_peptide_antibiotic;_rifamycin_antibiotic;_disinfecting_agents_and_antiseptics	3	330	330	1.0	Citrobacter (chromosome)
barcode04_9Gb	contig_13118	8563	9547	PmrF_peptide_antibiotic	11	984	984	1.0	
barcode04_9Gb	contig_13269	12610	14959	LptD_carbapenem;_peptide_antibiotic;_aminocoumarin_antibiotic;_rifamycin_antibiotic	6	2349	2349	1.0	Klebsiella pneumoniae (chromosome)
barcode04_9Gb	contig_1343	3079	4025	TLA-1_monobactam;_cephalosporin	15	946	946	1.0	
barcode04_9Gb	contig_13454	7842	9063	mdtG_phosphonic_acid_antibiotic	3	1221	1221	1.0	Citrobacter (chromosome)
barcode04_9Gb	contig_13511	7461	7791	qacG_disinfecting_agents_and_antiseptics	9	330	330	1.0	Elizabethkingia anophelis (chromosome)
barcode04_9Gb	contig_13530	13910	14795	mphG_macrolide_antibiotic	31	885	885	1.0	
barcode04_9Gb	contig_13530	14799	16023	mef(C)_macrolide_antibiotic;_tetracycline_antibiotic	31	1224	1224	1.0	
barcode04_9Gb	contig_13530	16310	17126	sul2_sulfonamide_antibiotic	18	816	816	1.0	Unknown taxonomy (chromosome or plasmid)
barcode04_9Gb	contig_13532	2468	2750	qacG_disinfecting_agents_and_antiseptics	4	282	282	1.0	
barcode04_9Gb	contig_13606	11206	11536	Escherichia coli soxS with mutation conferring antibiotic resistance_fluoroquinolone_antibiotic;_monobactam;_carbapenem;_cephalosporin;_glycylcycline;_cephamycin;_penam;_tetracycline_antibiotic;_rifamycin_antibiotic;_phenicol_antibiotic;_penem;_disinfecting_agents_and_antiseptics	8	330	330	1.0	
barcode04_9Gb	contig_1361	88556	89816	EreB_macrolide_antibiotic	36	1260	1260	1.0	
barcode04_9Gb	contig_13717	16671	17874	vanT gene in vanG cluster_glycopeptide_antibiotic	31	1203	1203	1.0	
barcode04_9Gb	contig_1374	1425	2181	TEM-216_monobactam;_cephalosporin;_penam;_penem	19	756	756	1.0	Unknown taxonomy (chromosome or plasmid)
barcode04_9Gb	contig_13887	269166	269421	rsmA_fluoroquinolone_antibiotic;_diaminopyrimidine_antibiotic;_phenicol_antibiotic	18	255	255	1.0	
barcode04_9Gb	contig_13958	7805	10955	adeF_fluoroquinolone_antibiotic;_tetracycline_antibiotic	10	3150	3150	1.0	Shewanella putrefaciens (chromosome)
barcode04_9Gb	contig_14036	8117	8519	qacJ_disinfecting_agents_and_antiseptics	3	402	402	1.0	Unknown taxonomy (chromosome)
barcode04_9Gb	contig_14042	931	1675	adeR_glycylcycline;_tetracycline_antibiotic	7	744	744	1.0	Acinetobacter baumannii (chromosome or plasmid)
barcode04_9Gb	contig_14042	1706	2801	adeS_glycylcycline;_tetracycline_antibiotic	7	1095	1095	1.0	Acinetobacter baumannii (chromosome)
barcode04_9Gb	contig_14112	4390	6838	vanT gene in vanG cluster_glycopeptide_antibiotic	14	2448	2448	1.0	
barcode04_9Gb	contig_14206	107238	107583	qacG_disinfecting_agents_and_antiseptics	13	345	345	1.0	
barcode04_9Gb	contig_14291	60276	60531	rsmA_fluoroquinolone_antibiotic;_diaminopyrimidine_antibiotic;_phenicol_antibiotic	15	255	255	1.0	
barcode04_9Gb	contig_1438	106	943	APH(6)-Id_aminoglycoside_antibiotic	75	837	837	1.0	Unknown taxonomy (chromosome or plasmid)
barcode04_9Gb	contig_1438	942	1746	APH(3'')-Ib_aminoglycoside_antibiotic	57	804	804	1.0	Unknown taxonomy (chromosome or plasmid)
barcode04_9Gb	contig_1438	3927	5118	tet(C)_tetracycline_antibiotic	14	1191	1191	1.0	Unknown taxonomy (chromosome or plasmid)
barcode04_9Gb	contig_14415	113181	116328	acrB_fluoroquinolone_antibiotic;_cephalosporin;_glycylcycline;_penam;_tetracycline_antibiotic;_rifamycin_antibiotic;_phenicol_antibiotic;_disinfecting_agents_and_antiseptics	29	3147	3147	1.0	Enterobacter (chromosome)
barcode04_9Gb	contig_14415	116350	117544	Enterobacter cloacae acrA_fluoroquinolone_antibiotic;_cephalosporin;_glycylcycline;_penam;_tetracycline_antibiotic;_rifamycin_antibiotic;_phenicol_antibiotic;_disinfecting_agents_and_antiseptics	31	1194	1194	1.0	Enterobacter roggenkampii (chromosome)
barcode04_9Gb	contig_1446	32976	36132	adeF_fluoroquinolone_antibiotic;_tetracycline_antibiotic	17	3156	3156	1.0	
barcode04_9Gb	contig_14471	177055	177388	qacJ_disinfecting_agents_and_antiseptics	8	333	333	1.0	
barcode04_9Gb	contig_14505	11754	12705	leuO_nucleoside_antibiotic;_disinfecting_agents_and_antiseptics	6	951	951	1.0	Klebsiella (chromosome)
barcode04_9Gb	contig_14552	9353	10538	Escherichia coli EF-Tu mutants conferring resistance to Pulvomycin_elfamycin_antibiotic	17	1185	1185	1.0	Aeromonas hydrophila (chromosome or plasmid)
barcode04_9Gb	contig_14557	3327	5076	msbA_nitroimidazole_antibiotic	12	1749	1749	1.0	Citrobacter freundii (chromosome)
barcode04_9Gb	contig_14580	17663	18809	vanT gene in vanG cluster_glycopeptide_antibiotic	5	1146	1146	1.0	
barcode04_9Gb	contig_1464	8559	9159	dfrA17_diaminopyrimidine_antibiotic	41	600	600	1.0	Unknown taxonomy (chromosome or plasmid)
barcode04_9Gb	contig_1464	9289	10078	aadA5_aminoglycoside_antibiotic	48	789	789	1.0	Unknown taxonomy (chromosome or plasmid)
barcode04_9Gb	contig_1464	10283	10631	qacEdelta1_disinfecting_agents_and_antiseptics	88	348	348	1.0	Unknown taxonomy (chromosome or plasmid)
barcode04_9Gb	contig_1464	10624	11464	sul1_sulfonamide_antibiotic	95	840	840	1.0	Unknown taxonomy (chromosome or plasmid)
barcode04_9Gb	contig_1464	12686	13592	mphA_macrolide_antibiotic	250	906	906	1.0	Unknown taxonomy (chromosome or plasmid)
barcode04_9Gb	contig_1464	13588	14827	Mrx_macrolide_antibiotic	274	1239	1239	1.0	Unknown taxonomy (chromosome or plasmid)
barcode04_9Gb	contig_14652	38810	40043	Escherichia coli mdfA_tetracycline_antibiotic;_disinfecting_agents_and_antiseptics	9	1233	1233	1.0	Citrobacter freundii (chromosome or plasmid)
barcode04_9Gb	contig_14667	5894	7091	Shigella flexneri acrA_fluoroquinolone_antibiotic;_cephalosporin;_glycylcycline;_penam;_tetracycline_antibiotic;_rifamycin_antibiotic;_phenicol_antibiotic;_disinfecting_agents_and_antiseptics	15	1197	1197	1.0	Unknown taxonomy (chromosome)
barcode04_9Gb	contig_14739	57768	59121	vanW gene in vanI cluster_glycopeptide_antibiotic	6	1353	1353	1.0	
barcode04_9Gb	contig_14815	1915	2695	aadA_aminoglycoside_antibiotic	20	780	780	1.0	Unknown taxonomy (chromosome or plasmid)
barcode04_9Gb	contig_14815	2864	3197	qacL_disinfecting_agents_and_antiseptics	13	333	333	1.0	Unknown taxonomy (chromosome or plasmid)
barcode04_9Gb	contig_14815	4376	5168	sul3_sulfonamide_antibiotic	11	792	792	1.0	Unknown taxonomy (chromosome or plasmid)
barcode04_9Gb	contig_14815	9061	9841	aadA2_aminoglycoside_antibiotic	22	780	780	1.0	Unknown taxonomy (chromosome or plasmid)
barcode04_9Gb	contig_1494	41142	42657	aadT_macrolide_antibiotic;_tetracycline_antibiotic;_disinfecting_agents_and_antiseptics	31	1515	1515	1.0	
barcode04_9Gb	contig_14946	12465	13650	Escherichia coli EF-Tu mutants conferring resistance to Pulvomycin_elfamycin_antibiotic	19	1185	1185	1.0	Citrobacter (chromosome or plasmid)
barcode04_9Gb	contig_14983	8408	9305	vanY gene in vanF cluster_glycopeptide_antibiotic	2	897	897	1.0	
barcode04_9Gb	contig_15067	7494	7689	rsmA_fluoroquinolone_antibiotic;_diaminopyrimidine_antibiotic;_phenicol_antibiotic	10	195	195	1.0	
barcode04_9Gb	contig_15113	528	1527	vanH gene in vanB cluster_glycopeptide_antibiotic	9	999	999	1.0	
barcode04_9Gb	contig_15166	24276	24954	kdpE_aminoglycoside_antibiotic	6	678	678	1.0	
barcode04_9Gb	contig_15244	2339	4259	tet(32)_tetracycline_antibiotic	3	1920	1920	1.0	Unknown taxonomy (chromosome or plasmid)
barcode04_9Gb	contig_15283	25558	27973	Morganella morganii gyrB conferring resistance to fluoroquinolones_fluoroquinolone_antibiotic	15	2415	2415	1.0	Klebsiella (chromosome)
barcode04_9Gb	contig_1530	9152	9989	APH(6)-Id_aminoglycoside_antibiotic	48	837	837	1.0	Unknown taxonomy (chromosome or plasmid)
barcode04_9Gb	contig_1530	9988	10852	APH(3'')-Ib_aminoglycoside_antibiotic	30	864	864	1.0	Unknown taxonomy (chromosome or plasmid)
barcode04_9Gb	contig_15482	3127	3601	dfrA1_diaminopyrimidine_antibiotic	8	474	474	1.0	Unknown taxonomy (chromosome or plasmid)
barcode04_9Gb	contig_15599	3488	3953	AAC(3)-Ia_aminoglycoside_antibiotic	9	465	465	1.0	Unknown taxonomy (chromosome or plasmid)
barcode04_9Gb	contig_15802	113487	113847	qacJ_disinfecting_agents_and_antiseptics	11	360	360	1.0	
barcode04_9Gb	contig_1584	20508	22257	msbA_nitroimidazole_antibiotic	24	1749	1749	1.0	Enterobacter (chromosome)
barcode04_9Gb	contig_15953	31772	33014	mdtM_fluoroquinolone_antibiotic;_lincosamide_antibiotic;_nucleoside_antibiotic;_phenicol_antibiotic;_disinfecting_agents_and_antiseptics	9	1242	1242	1.0	
barcode04_9Gb	contig_16016	581	1772	tet(C)_tetracycline_antibiotic	41	1191	1191	1.0	Unknown taxonomy (chromosome or plasmid)
barcode04_9Gb	contig_16074	10432	11065	CRP_macrolide_antibiotic;_fluoroquinolone_antibiotic;_penam	8	633	633	1.0	Citrobacter freundii (chromosome)
barcode04_9Gb	contig_16210	10365	11250	leuO_nucleoside_antibiotic;_disinfecting_agents_and_antiseptics	6	885	885	1.0	Klebsiella pneumoniae (chromosome)
barcode04_9Gb	contig_16211	170	1937	Haemophilus influenzae PBP3 conferring resistance to beta-lactam antibiotics_cephalosporin;_cephamycin;_penam	8	1767	1767	1.0	Klebsiella pneumoniae (chromosome or plasmid)
barcode04_9Gb	contig_16230	456	1050	vanY gene in vanB cluster_glycopeptide_antibiotic	7	594	594	1.0	Faecalibacterium prausnitzii (chromosome)
barcode04_9Gb	contig_16233	2301	2667	qacG_disinfecting_agents_and_antiseptics	12	366	366	1.0	
barcode04_9Gb	contig_16277	77615	77801	rsmA_fluoroquinolone_antibiotic;_diaminopyrimidine_antibiotic;_phenicol_antibiotic	28	186	186	1.0	Enterobacter (chromosome or plasmid)
barcode04_9Gb	contig_16277	84758	86306	emrB_fluoroquinolone_antibiotic	14	1548	1548	1.0	Enterobacter (chromosome or plasmid)
barcode04_9Gb	contig_16277	86322	87495	emrA_fluoroquinolone_antibiotic	13	1173	1173	1.0	
barcode04_9Gb	contig_16277	87621	88152	emrR_fluoroquinolone_antibiotic	16	531	531	1.0	Enterobacter (chromosome)
barcode04_9Gb	contig_16404	2352	3528	oqxA_fluoroquinolone_antibiotic;_glycylcycline;_tetracycline_antibiotic;_diaminopyrimidine_antibiotic;_nitrofuran_antibiotic	5	1176	1176	1.0	Klebsiella michiganensis (chromosome)
barcode04_9Gb	contig_16433	3657	5205	emrB_fluoroquinolone_antibiotic	7	1548	1548	1.0	Enterobacter asburiae (chromosome)
barcode04_9Gb	contig_16433	5221	6394	emrA_fluoroquinolone_antibiotic	9	1173	1173	1.0	
barcode04_9Gb	contig_16433	6521	7052	emrR_fluoroquinolone_antibiotic	11	531	531	1.0	Enterobacter (chromosome)
barcode04_9Gb	contig_16630	7835	8162	Escherichia coli soxS with mutation conferring antibiotic resistance_fluoroquinolone_antibiotic;_monobactam;_carbapenem;_cephalosporin;_glycylcycline;_cephamycin;_penam;_tetracycline_antibiotic;_rifamycin_antibiotic;_phenicol_antibiotic;_penem;_disinfecting_agents_and_antiseptics	13	327	327	1.0	
barcode04_9Gb	contig_16736	44292	47442	acrB_fluoroquinolone_antibiotic;_cephalosporin;_glycylcycline;_penam;_tetracycline_antibiotic;_rifamycin_antibiotic;_phenicol_antibiotic;_disinfecting_agents_and_antiseptics	22	3150	3150	1.0	Citrobacter (chromosome or plasmid)
barcode04_9Gb	contig_16798	7238	8084	qacG_disinfecting_agents_and_antiseptics	7	846	846	1.0	
barcode04_9Gb	contig_16802	4131	4566	Escherichia coli AcrAB-TolC with MarR mutations conferring resistance to ciprofloxacin and tetracycline_fluoroquinolone_antibiotic;_cephalosporin;_glycylcycline;_penam;_tetracycline_antibiotic;_rifamycin_antibiotic;_phenicol_antibiotic;_disinfecting_agents_and_antiseptics	7	435	435	1.0	
barcode04_9Gb	contig_16802	4586	4970	marA_fluoroquinolone_antibiotic;_monobactam;_carbapenem;_cephalosporin;_glycylcycline;_cephamycin;_penam;_tetracycline_antibiotic;_rifamycin_antibiotic;_phenicol_antibiotic;_penem;_disinfecting_agents_and_antiseptics	7	384	384	1.0	
barcode04_9Gb	contig_17009	101275	102517	mdtM_fluoroquinolone_antibiotic;_lincosamide_antibiotic;_nucleoside_antibiotic;_phenicol_antibiotic;_disinfecting_agents_and_antiseptics	5	1242	1242	1.0	
barcode04_9Gb	contig_17013	25159	26707	emrB_fluoroquinolone_antibiotic	6	1548	1548	1.0	Enterobacter asburiae (chromosome)
barcode04_9Gb	contig_17013	33981	34167	rsmA_fluoroquinolone_antibiotic;_diaminopyrimidine_antibiotic;_phenicol_antibiotic	15	186	186	1.0	Enterobacter asburiae (chromosome or plasmid)
barcode04_9Gb	contig_17023	2436	3300	aadS_aminoglycoside_antibiotic	6	864	864	1.0	Unknown taxonomy (chromosome or plasmid)
barcode04_9Gb	contig_17023	3475	4642	tet(X)_glycylcycline;_tetracycline_antibiotic	8	1167	1167	1.0	Unknown taxonomy (chromosome or plasmid)
barcode04_9Gb	contig_17023	4810	5950	tet(X1)_tetracycline_antibiotic	3	1140	1140	1.0	Unknown taxonomy (chromosome)
barcode04_9Gb	contig_17048	212194	213313	vanT gene in vanG cluster_glycopeptide_antibiotic	9	1119	1119	1.0	
barcode04_9Gb	contig_17064	2140	2554	vanY gene in vanG cluster_glycopeptide_antibiotic	3	414	414	1.0	
barcode04_9Gb	contig_17064	2513	3677	vanY gene in vanG cluster_glycopeptide_antibiotic	3	1164	1164	1.0	
barcode04_9Gb	contig_17136	1715	2438	baeR_aminoglycoside_antibiotic;_aminocoumarin_antibiotic	16	723	723	1.0	Enterobacter (chromosome)
barcode04_9Gb	contig_17147	2725	3937	vanT gene in vanG cluster_glycopeptide_antibiotic	6	1212	1212	1.0	
barcode04_9Gb	contig_17147	3926	4811	vanT gene in vanG cluster_glycopeptide_antibiotic	5	885	885	1.0	
barcode04_9Gb	contig_17147	4807	5551	vanXY gene in vanG cluster_glycopeptide_antibiotic	5	744	744	1.0	
barcode04_9Gb	contig_17147	5547	6588	vanG_glycopeptide_antibiotic	3	1041	1041	1.0	
barcode04_9Gb	contig_17162	41875	42208	qacL_disinfecting_agents_and_antiseptics	29	333	333	1.0	Unknown taxonomy (chromosome or plasmid)
barcode04_9Gb	contig_17245	16995	17736	vanY gene in vanB cluster_glycopeptide_antibiotic	6	741	741	1.0	
barcode04_9Gb	contig_17376	10925	14060	adeF_fluoroquinolone_antibiotic;_tetracycline_antibiotic	16	3135	3135	1.0	Pseudomonas (chromosome)
barcode04_9Gb	contig_17571	2846	3788	vanH gene in vanO cluster_glycopeptide_antibiotic	3	942	942	1.0	
barcode04_9Gb	contig_17599	1671	1860	rsmA_fluoroquinolone_antibiotic;_diaminopyrimidine_antibiotic;_phenicol_antibiotic	4	189	189	1.0	
barcode04_9Gb	contig_17633	12644	15761	adeF_fluoroquinolone_antibiotic;_tetracycline_antibiotic	12	3117	3117	1.0	Phocaeicola (chromosome)
barcode04_9Gb	contig_17758	5741	6071	qacG_disinfecting_agents_and_antiseptics	5	330	330	1.0	
barcode04_9Gb	contig_17897	745	1591	Erm(36)_macrolide_antibiotic;_lincosamide_antibiotic;_streptogramin_antibiotic;_streptogramin_A_antibiotic;_streptogramin_B_antibiotic	8	846	846	1.0	Micrococcus luteus (no genomic info)
barcode04_9Gb	contig_1791	6459	7287	vanY gene in vanB cluster_glycopeptide_antibiotic	6	828	828	1.0	
barcode04_9Gb	contig_17922	26180	26510	Klebsiella pneumoniae KpnF_macrolide_antibiotic;_aminoglycoside_antibiotic;_cephalosporin;_tetracycline_antibiotic;_peptide_antibiotic;_rifamycin_antibiotic;_disinfecting_agents_and_antiseptics	5	330	330	1.0	Klebsiella pneumoniae (chromosome or plasmid)
barcode04_9Gb	contig_17922	26496	26859	Klebsiella pneumoniae KpnE_macrolide_antibiotic;_aminoglycoside_antibiotic;_cephalosporin;_tetracycline_antibiotic;_peptide_antibiotic;_rifamycin_antibiotic;_disinfecting_agents_and_antiseptics	5	363	363	1.0	Klebsiella (chromosome or plasmid)
barcode04_9Gb	contig_1800	20972	21302	Klebsiella pneumoniae KpnF_macrolide_antibiotic;_aminoglycoside_antibiotic;_cephalosporin;_tetracycline_antibiotic;_peptide_antibiotic;_rifamycin_antibiotic;_disinfecting_agents_and_antiseptics	28	330	330	1.0	Unknown taxonomy (chromosome or plasmid)
barcode04_9Gb	contig_1800	21288	21654	Klebsiella pneumoniae KpnE_macrolide_antibiotic;_aminoglycoside_antibiotic;_cephalosporin;_tetracycline_antibiotic;_peptide_antibiotic;_rifamycin_antibiotic;_disinfecting_agents_and_antiseptics	28	366	366	1.0	Unknown taxonomy (chromosome or plasmid)
barcode04_9Gb	contig_1800	367123	367456	Escherichia coli emrE_macrolide_antibiotic	34	333	333	1.0	Unknown taxonomy (chromosome or plasmid)
barcode04_9Gb	contig_1800	473367	474735	mdtA_aminocoumarin_antibiotic	31	1368	1368	1.0	Escherichia coli (chromosome or plasmid)
barcode04_9Gb	contig_1800	477858	480936	mdtC_aminocoumarin_antibiotic	23	3078	3078	1.0	Escherichia coli (chromosome or plasmid)
barcode04_9Gb	contig_1800	483749	484472	baeR_aminoglycoside_antibiotic;_aminocoumarin_antibiotic	31	723	723	1.0	Unknown taxonomy (chromosome or plasmid)
barcode04_9Gb	contig_18009	22371	22740	Klebsiella pneumoniae KpnE_macrolide_antibiotic;_aminoglycoside_antibiotic;_cephalosporin;_tetracycline_antibiotic;_peptide_antibiotic;_rifamycin_antibiotic;_disinfecting_agents_and_antiseptics	8	369	369	1.0	
barcode04_9Gb	contig_18009	22732	23062	Klebsiella pneumoniae KpnF_macrolide_antibiotic;_aminoglycoside_antibiotic;_cephalosporin;_tetracycline_antibiotic;_peptide_antibiotic;_rifamycin_antibiotic;_disinfecting_agents_and_antiseptics	8	330	330	1.0	
barcode04_9Gb	contig_18113	8876	9062	rsmA_fluoroquinolone_antibiotic;_diaminopyrimidine_antibiotic;_phenicol_antibiotic	10	186	186	1.0	Pseudomonas mendocina (chromosome)
barcode04_9Gb	contig_18207	1605	1791	rsmA_fluoroquinolone_antibiotic;_diaminopyrimidine_antibiotic;_phenicol_antibiotic	15	186	186	1.0	Citrobacter (chromosome or plasmid)
barcode04_9Gb	contig_18218	6054	6732	kdpE_aminoglycoside_antibiotic	10	678	678	1.0	Citrobacter freundii (chromosome)
barcode04_9Gb	contig_18289	4265	4838	AAC(6')-Ian_aminoglycoside_antibiotic	16	573	573	1.0	Unknown taxonomy (chromosome or plasmid)
barcode04_9Gb	contig_18291	240	1167	PER-12_monobactam;_carbapenem;_cephalosporin;_penam;_penem	12	927	927	1.0	Unknown taxonomy (chromosome or plasmid)
barcode04_9Gb	contig_18306	221	1058	APH(6)-Id_aminoglycoside_antibiotic	42	837	837	1.0	Unknown taxonomy (chromosome or plasmid)
barcode04_9Gb	contig_18306	1057	1861	APH(3'')-Ib_aminoglycoside_antibiotic	27	804	804	1.0	Unknown taxonomy (chromosome or plasmid)
barcode04_9Gb	contig_18321	1383	2571	tet(39)_tetracycline_antibiotic	61	1188	1188	1.0	Unknown taxonomy (plasmid)
barcode04_9Gb	contig_18405	5211	8325	adeF_fluoroquinolone_antibiotic;_tetracycline_antibiotic	17	3114	3114	1.0	Enterobacter kobei (chromosome)
barcode04_9Gb	contig_18503	52	1237	Escherichia coli EF-Tu mutants conferring resistance to Pulvomycin_elfamycin_antibiotic	31	1185	1185	1.0	Unknown taxonomy (chromosome or plasmid)
barcode04_9Gb	contig_18503	16027	16660	CRP_macrolide_antibiotic;_fluoroquinolone_antibiotic;_penam	54	633	633	1.0	Escherichia coli (chromosome or plasmid)
barcode04_9Gb	contig_18527	94313	95117	lnuB_lincosamide_antibiotic	19	804	804	1.0	Unknown taxonomy (chromosome or plasmid)
barcode04_9Gb	contig_18527	95170	96655	lsaE_lincosamide_antibiotic;_streptogramin_antibiotic;_pleuromutilin_antibiotic	13	1485	1485	1.0	Streptococcus (chromosome or plasmid)
barcode04_9Gb	contig_18607	18856	21076	Acinetobacter baumannii parC conferring resistance to fluoroquinolones_fluoroquinolone_antibiotic	68	2220	2220	1.0	Acinetobacter baumannii (chromosome or plasmid)
barcode04_9Gb	contig_18613	1	799	OXA-10_cephalosporin;_penam	13	798	798	1.0	Unknown taxonomy (chromosome or plasmid)
barcode04_9Gb	contig_18613	1063	2323	cmlA5_phenicol_antibiotic	14	1260	1260	1.0	Unknown taxonomy (chromosome or plasmid)
barcode04_9Gb	contig_18613	2643	3096	arr-2_rifamycin_antibiotic	10	453	453	1.0	Unknown taxonomy (chromosome or plasmid)
barcode04_9Gb	contig_18613	3180	3714	ANT(2'')-Ia_aminoglycoside_antibiotic	12	534	534	1.0	Unknown taxonomy (chromosome or plasmid)
barcode04_9Gb	contig_18613	3858	4758	VEB-1_monobactam;_cephalosporin	12	900	900	1.0	Unknown taxonomy (chromosome or plasmid)
barcode04_9Gb	contig_18684	19745	20378	CRP_macrolide_antibiotic;_fluoroquinolone_antibiotic;_penam	9	633	633	1.0	Citrobacter freundii (chromosome)
barcode04_9Gb	contig_18684	35408	36593	Escherichia coli EF-Tu mutants conferring resistance to Pulvomycin_elfamycin_antibiotic	17	1185	1185	1.0	Citrobacter (chromosome or plasmid)
barcode04_9Gb	contig_18692	19288	20797	Acinetobacter baumannii AmvA_macrolide_antibiotic;_disinfecting_agents_and_antiseptics	52	1509	1509	1.0	Acinetobacter baumannii (chromosome or plasmid)
barcode04_9Gb	contig_18703	3353	3812	AAC(6')-Il_aminoglycoside_antibiotic	88	459	459	1.0	Unknown taxonomy (chromosome or plasmid)
barcode04_9Gb	contig_18703	3885	4749	GES-1_carbapenem;_cephalosporin;_penam	95	864	864	1.0	Unknown taxonomy (chromosome or plasmid)
barcode04_9Gb	contig_18776	7970	9191	mdtG_phosphonic_acid_antibiotic	10	1221	1221	1.0	Citrobacter (chromosome)
barcode04_9Gb	contig_18833	13646	14924	Acinetobacter baumannii AbaQ_fluoroquinolone_antibiotic	11	1278	1278	1.0	
barcode04_9Gb	contig_18844	66836	67658	bacA_peptide_antibiotic	22	822	822	1.0	
barcode04_9Gb	contig_18867	36098	37457	Escherichia coli GlpT with mutation conferring resistance to fosfomycin_phosphonic_acid_antibiotic	11	1359	1359	1.0	Citrobacter freundii (chromosome or plasmid)
barcode04_9Gb	contig_18870	42791	43016	rsmA_fluoroquinolone_antibiotic;_diaminopyrimidine_antibiotic;_phenicol_antibiotic	7	225	225	1.0	
barcode04_9Gb	contig_18924	22811	24560	msbA_nitroimidazole_antibiotic	29	1749	1749	1.0	Unknown taxonomy (chromosome)
barcode04_9Gb	contig_18924	169634	170861	mdtG_phosphonic_acid_antibiotic	42	1227	1227	1.0	Unknown taxonomy (chromosome or plasmid)
barcode04_9Gb	contig_18924	179491	180700	mdtH_fluoroquinolone_antibiotic	38	1209	1209	1.0	Unknown taxonomy (chromosome or plasmid)
barcode04_9Gb	contig_18952	15864	17790	tet(Q)_tetracycline_antibiotic	9	1926	1926	1.0	Unknown taxonomy (chromosome)
barcode04_9Gb	contig_18952	18587	19664	tet(X4)_glycylcycline;_tetracycline_antibiotic	13	1077	1077	1.0	Unknown taxonomy (chromosome or plasmid)
barcode04_9Gb	contig_18952	19876	20677	ErmF_macrolide_antibiotic;_lincosamide_antibiotic;_streptogramin_antibiotic;_streptogramin_A_antibiotic;_streptogramin_B_antibiotic	15	801	801	1.0	Unknown taxonomy (chromosome or plasmid)
barcode04_9Gb	contig_18968	2225	3338	vanT gene in vanG cluster_glycopeptide_antibiotic	27	1113	1113	1.0	
barcode04_9Gb	contig_18986	72175	73828	ArnT_peptide_antibiotic	45	1653	1653	1.0	Unknown taxonomy (chromosome or plasmid)
barcode04_9Gb	contig_18986	76697	77666	PmrF_peptide_antibiotic	52	969	969	1.0	Unknown taxonomy (chromosome or plasmid)
barcode04_9Gb	contig_18986	90497	91856	Escherichia coli GlpT with mutation conferring resistance to fosfomycin_phosphonic_acid_antibiotic	39	1359	1359	1.0	Unknown taxonomy (chromosome or plasmid)
barcode04_9Gb	contig_18986	130307	131951	YojI_peptide_antibiotic	40	1644	1644	1.0	Escherichia coli (chromosome or plasmid)
barcode04_9Gb	contig_19011	108835	109165	Klebsiella pneumoniae KpnF_macrolide_antibiotic;_aminoglycoside_antibiotic;_cephalosporin;_tetracycline_antibiotic;_peptide_antibiotic;_rifamycin_antibiotic;_disinfecting_agents_and_antiseptics	11	330	330	1.0	Enterobacter kobei (chromosome)
barcode04_9Gb	contig_19011	109151	109514	Klebsiella pneumoniae KpnE_macrolide_antibiotic;_aminoglycoside_antibiotic;_cephalosporin;_tetracycline_antibiotic;_peptide_antibiotic;_rifamycin_antibiotic;_disinfecting_agents_and_antiseptics	10	363	363	1.0	Enterobacter kobei (chromosome)
barcode04_9Gb	contig_19014	33772	34738	CfxA3_cephamycin	42	966	966	1.0	Unknown taxonomy (chromosome or plasmid)
barcode04_9Gb	contig_19014	36651	37389	ErmB_macrolide_antibiotic;_lincosamide_antibiotic;_streptogramin_antibiotic;_streptogramin_A_antibiotic;_streptogramin_B_antibiotic	20	738	738	1.0	Unknown taxonomy (chromosome or plasmid)
barcode04_9Gb	contig_19022	12065	12254	rsmA_fluoroquinolone_antibiotic;_diaminopyrimidine_antibiotic;_phenicol_antibiotic	18	189	189	1.0	
barcode04_9Gb	contig_19039	26662	27097	Escherichia coli AcrAB-TolC with MarR mutations conferring resistance to ciprofloxacin and tetracycline_fluoroquinolone_antibiotic;_cephalosporin;_glycylcycline;_penam;_tetracycline_antibiotic;_rifamycin_antibiotic;_phenicol_antibiotic;_disinfecting_agents_and_antiseptics	16	435	435	1.0	Enterobacter (chromosome)
barcode04_9Gb	contig_19039	27116	27497	marA_fluoroquinolone_antibiotic;_monobactam;_carbapenem;_cephalosporin;_glycylcycline;_cephamycin;_penam;_tetracycline_antibiotic;_rifamycin_antibiotic;_phenicol_antibiotic;_penem;_disinfecting_agents_and_antiseptics	16	381	381	1.0	Enterobacter (chromosome or plasmid)
barcode04_9Gb	contig_19048	22643	24368	vanW gene in vanI cluster_glycopeptide_antibiotic	8	1725	1725	1.0	
barcode04_9Gb	contig_19066	496	1378	KPC-2_monobactam;_carbapenem;_cephalosporin;_penam	143	882	882	1.0	Unknown taxonomy (chromosome or plasmid)
barcode04_9Gb	contig_19088	38497	38926	fosA5_fluoroquinolone_antibiotic;_aminoglycoside_antibiotic;_phosphonic_acid_antibiotic	3	429	429	1.0	
barcode04_9Gb	contig_19089	4746	6672	tet(Q)_tetracycline_antibiotic	38	1926	1926	1.0	Alistipes putredinis (chromosome)
barcode04_9Gb	contig_19120	25464	26652	vanT gene in vanG cluster_glycopeptide_antibiotic	9	1188	1188	1.0	
barcode04_9Gb	contig_19143	14048	14867	bacA_peptide_antibiotic	13	819	819	1.0	
barcode04_9Gb	contig_19144	1313	2132	bacA_peptide_antibiotic	8	819	819	1.0	
barcode04_9Gb	contig_19153	50539	51415	CTX-M-95_cephalosporin	7	876	876	1.0	
barcode04_9Gb	contig_19163	5567	7487	tet(W)_tetracycline_antibiotic	42	1920	1920	1.0	Unknown taxonomy (chromosome or plasmid)
barcode04_9Gb	contig_19314	79004	80561	vanW gene in vanI cluster_glycopeptide_antibiotic	10	1557	1557	1.0	
barcode04_9Gb	contig_19357	11541	12933	Escherichia coli UhpT with mutation conferring resistance to fosfomycin_phosphonic_acid_antibiotic	16	1392	1392	1.0	Enterobacter (chromosome or plasmid)
barcode04_9Gb	contig_19414	33944	35339	ArnT_peptide_antibiotic	10	1395	1395	1.0	Klebsiella michiganensis (chromosome)
barcode04_9Gb	contig_19414	38483	39467	PmrF_peptide_antibiotic	15	984	984	1.0	Citrobacter amalonaticus (no genomic info)
barcode04_9Gb	contig_19419	17373	18591	tet(E)_tetracycline_antibiotic	19	1218	1218	1.0	Aeromonas veronii (chromosome)
barcode04_9Gb	contig_19428	26287	27083	APH(3')-IIIa_aminoglycoside_antibiotic	17	796	796	1.0	Unknown taxonomy (chromosome or plasmid)
barcode04_9Gb	contig_19450	890	1670	APH(3')-VIa_aminoglycoside_antibiotic	4	780	780	1.0	Unknown taxonomy (chromosome or plasmid)
barcode04_9Gb	contig_19457	830	1475	QnrB19_fluoroquinolone_antibiotic	94	645	645	1.0	Unknown taxonomy (chromosome or plasmid)
barcode04_9Gb	contig_19462	54298	55516	tet(E)_tetracycline_antibiotic	11	1218	1218	1.0	Aeromonas (chromosome)
barcode04_9Gb	contig_19487	5089	5953	aadS_aminoglycoside_antibiotic	10	864	864	1.0	Unknown taxonomy (chromosome or plasmid)
barcode04_9Gb	contig_1955	14729	14984	rsmA_fluoroquinolone_antibiotic;_diaminopyrimidine_antibiotic;_phenicol_antibiotic	11	255	255	1.0	
barcode04_9Gb	contig_2056	28274	29078	APH(3'')-Ib_aminoglycoside_antibiotic	85	804	804	1.0	Unknown taxonomy (chromosome or plasmid)
barcode04_9Gb	contig_2132	12080	13265	Escherichia coli EF-Tu mutants conferring resistance to Pulvomycin_elfamycin_antibiotic	40	1185	1185	1.0	Enterobacter (chromosome or plasmid)
barcode04_9Gb	contig_2132	157945	159337	Escherichia coli UhpT with mutation conferring resistance to fosfomycin_phosphonic_acid_antibiotic	25	1392	1392	1.0	Enterobacter kobei (chromosome or plasmid)
barcode04_9Gb	contig_2136	252335	253445	vanT gene in vanG cluster_glycopeptide_antibiotic	301	1110	1110	1.0	
barcode04_9Gb	contig_2185	11035	11692	QnrVC1_fluoroquinolone_antibiotic	17	657	657	1.0	Unknown taxonomy (chromosome or plasmid)
barcode04_9Gb	contig_2187	2182	3064	KPC-2_monobactam;_carbapenem;_cephalosporin;_penam	488	882	882	1.0	Unknown taxonomy (chromosome or plasmid)
barcode04_9Gb	contig_2188	2945	3827	KPC-2_monobactam;_carbapenem;_cephalosporin;_penam	512	882	882	1.0	Unknown taxonomy (chromosome or plasmid)
barcode04_9Gb	contig_2190	4692	5883	tet(C)_tetracycline_antibiotic	44	1191	1191	1.0	Unknown taxonomy (chromosome or plasmid)
barcode04_9Gb	contig_2199	1777	2677	VEB-3_monobactam;_cephalosporin	11	900	900	1.0	Unknown taxonomy (chromosome or plasmid)
barcode04_9Gb	contig_2199	5390	6230	sul1_sulfonamide_antibiotic	32	840	840	1.0	Unknown taxonomy (chromosome or plasmid)
barcode04_9Gb	contig_2199	6223	6571	qacEdelta1_disinfecting_agents_and_antiseptics	32	348	348	1.0	Unknown taxonomy (chromosome or plasmid)
barcode04_9Gb	contig_2199	6586	7432	aadA16_aminoglycoside_antibiotic	16	846	846	1.0	Unknown taxonomy (chromosome or plasmid)
barcode04_9Gb	contig_2199	7590	8223	catB3_phenicol_antibiotic	17	633	633	1.0	Unknown taxonomy (chromosome or plasmid)
barcode04_9Gb	contig_2199	8284	9112	OXA-21_cephalosporin;_penam	14	828	828	1.0	Unknown taxonomy (chromosome or plasmid)
barcode04_9Gb	contig_2199	9181	9736	AAC(6')-IIa_aminoglycoside_antibiotic	12	555	555	1.0	Unknown taxonomy (chromosome or plasmid)
barcode04_9Gb	contig_2211	4851	5631	APH(3')-VIa_aminoglycoside_antibiotic	142	780	780	1.0	Unknown taxonomy (chromosome or plasmid)
barcode04_9Gb	contig_2214	18747	19938	tet(C)_tetracycline_antibiotic	9	1191	1191	1.0	Unknown taxonomy (chromosome or plasmid)
barcode04_9Gb	contig_2279	30928	31876	leuO_nucleoside_antibiotic;_disinfecting_agents_and_antiseptics	16	948	948	1.0	Citrobacter (chromosome)
barcode04_9Gb	contig_2291	219683	220868	Escherichia coli EF-Tu mutants conferring resistance to Pulvomycin_elfamycin_antibiotic	14	1185	1185	1.0	Unknown taxonomy (chromosome or plasmid)
barcode04_9Gb	contig_2291	535087	536479	Escherichia coli UhpT with mutation conferring resistance to fosfomycin_phosphonic_acid_antibiotic	18	1392	1392	1.0	Unknown taxonomy (chromosome or plasmid)
barcode04_9Gb	contig_2291	736763	738419	ArnT_peptide_antibiotic	16	1656	1656	1.0	Escherichia coli (no genomic info)
barcode04_9Gb	contig_2291	845227	845860	CRP_macrolide_antibiotic;_fluoroquinolone_antibiotic;_penam	9	633	633	1.0	Unknown taxonomy (chromosome)
barcode04_9Gb	contig_2291	869173	870358	Escherichia coli EF-Tu mutants conferring resistance to Pulvomycin_elfamycin_antibiotic	19	1185	1185	1.0	Unknown taxonomy (chromosome or plasmid)
barcode04_9Gb	contig_2292	14521	15706	Escherichia coli EF-Tu mutants conferring resistance to Pulvomycin_elfamycin_antibiotic	27	1185	1185	1.0	Enterobacter kobei (chromosome or plasmid)
barcode04_9Gb	contig_2292	38866	39499	CRP_macrolide_antibiotic;_fluoroquinolone_antibiotic;_penam	29	633	633	1.0	Enterobacter (chromosome or plasmid)
barcode04_9Gb	contig_2292	113935	115591	ArnT_peptide_antibiotic	16	1656	1656	1.0	Enterobacter kobei (chromosome)
barcode04_9Gb	contig_2292	118465	119449	PmrF_peptide_antibiotic	17	984	984	1.0	
barcode04_9Gb	contig_2301	6238	9349	adeF_fluoroquinolone_antibiotic;_tetracycline_antibiotic	14	3111	3111	1.0	Klebsiella pneumoniae (no genomic info)
barcode04_9Gb	contig_2305	112198	113383	Escherichia coli EF-Tu mutants conferring resistance to Pulvomycin_elfamycin_antibiotic	15	1185	1185	1.0	Klebsiella (chromosome or plasmid)
barcode04_9Gb	contig_2323	27949	28393	fosA5_fluoroquinolone_antibiotic;_aminoglycoside_antibiotic;_phosphonic_acid_antibiotic	9	444	444	1.0	Klebsiella michiganensis (chromosome)
barcode04_9Gb	contig_2331	84	1269	Escherichia coli EF-Tu mutants conferring resistance to Pulvomycin_elfamycin_antibiotic	19	1185	1185	1.0	Enterobacter (chromosome or plasmid)
barcode04_9Gb	contig_2337	263	1637	cpxA_aminoglycoside_antibiotic;_aminocoumarin_antibiotic	11	1374	1374	1.0	
barcode04_9Gb	contig_2337	72065	73250	Escherichia coli EF-Tu mutants conferring resistance to Pulvomycin_elfamycin_antibiotic	25	1185	1185	1.0	Citrobacter (chromosome or plasmid)
barcode04_9Gb	contig_2339	66160	67306	MIR-3_monobactam;_cephalosporin	14	1146	1146	1.0	Enterobacter (chromosome)
barcode04_9Gb	contig_2342	48099	48390	FosA8_phosphonic_acid_antibiotic	5	291	291	1.0	Klebsiella pneumoniae (chromosome or plasmid)
barcode04_9Gb	contig_2344	54785	55418	CRP_macrolide_antibiotic;_fluoroquinolone_antibiotic;_penam	9	633	633	1.0	Klebsiella (chromosome)
barcode04_9Gb	contig_2344	73685	74870	Escherichia coli EF-Tu mutants conferring resistance to Pulvomycin_elfamycin_antibiotic	41	1185	1185	1.0	Unknown taxonomy (chromosome or plasmid)
barcode04_9Gb	contig_2368	727686	728445	vanY gene in vanB cluster_glycopeptide_antibiotic	7	759	759	1.0	
barcode04_9Gb	contig_2381	65864	67016	ADC-154_cephalosporin	62	1152	1152	1.0	Acinetobacter baumannii (chromosome or plasmid)
barcode04_9Gb	contig_2381	417941	419192	adeI_macrolide_antibiotic;_fluoroquinolone_antibiotic;_lincosamide_antibiotic;_carbapenem;_cephalosporin;_tetracycline_antibiotic;_rifamycin_antibiotic;_diaminopyrimidine_antibiotic;_phenicol_antibiotic;_penem	76	1251	1251	1.0	Acinetobacter baumannii (chromosome or plasmid)
barcode04_9Gb	contig_2381	419204	422381	adeJ_macrolide_antibiotic;_fluoroquinolone_antibiotic;_lincosamide_antibiotic;_carbapenem;_cephalosporin;_tetracycline_antibiotic;_rifamycin_antibiotic;_diaminopyrimidine_antibiotic;_phenicol_antibiotic;_penem	82	3177	3177	1.0	Acinetobacter baumannii (chromosome or plasmid)
barcode04_9Gb	contig_2381	422380	423835	adeK_macrolide_antibiotic;_fluoroquinolone_antibiotic;_lincosamide_antibiotic;_carbapenem;_cephalosporin;_tetracycline_antibiotic;_rifamycin_antibiotic;_diaminopyrimidine_antibiotic;_phenicol_antibiotic;_penem	79	1455	1455	1.0	Acinetobacter baumannii (chromosome or plasmid)
barcode04_9Gb	contig_2437	87704	89258	vanW gene in vanI cluster_glycopeptide_antibiotic	20	1554	1554	1.0	
barcode04_9Gb	contig_2437	708782	711953	adeF_fluoroquinolone_antibiotic;_tetracycline_antibiotic	20	3171	3171	1.0	
barcode04_9Gb	contig_2531	79276	79840	lnuC_lincosamide_antibiotic	66	564	564	1.0	Unknown taxonomy (chromosome or plasmid)
barcode04_9Gb	contig_2531	145688	148841	adeF_fluoroquinolone_antibiotic;_tetracycline_antibiotic	42	3153	3153	1.0	
barcode04_9Gb	contig_2531	983685	984249	lnuC_lincosamide_antibiotic	91	564	564	1.0	Unknown taxonomy (chromosome or plasmid)
barcode04_9Gb	contig_2531	1913246	1914740	vanW gene in vanI cluster_glycopeptide_antibiotic	41	1494	1494	1.0	
barcode04_9Gb	contig_2635	23427	24576	vanT gene in vanG cluster_glycopeptide_antibiotic	13	1149	1149	1.0	
barcode04_9Gb	contig_2638	76027	77797	Haemophilus influenzae PBP3 conferring resistance to beta-lactam antibiotics_cephalosporin;_cephamycin;_penam	12	1770	1770	1.0	Unknown taxonomy (chromosome or plasmid)
barcode04_9Gb	contig_2638	83930	84902	leuO_nucleoside_antibiotic;_disinfecting_agents_and_antiseptics	9	972	972	1.0	
barcode04_9Gb	contig_2794	11632	12256	tetR_tetracycline_antibiotic	44	624	624	1.0	Unknown taxonomy (chromosome or plasmid)
barcode04_9Gb	contig_2794	12337	13543	tet(B)_tetracycline_antibiotic	46	1206	1206	1.0	Unknown taxonomy (chromosome or plasmid)
barcode04_9Gb	contig_2836	24794	25049	rsmA_fluoroquinolone_antibiotic;_diaminopyrimidine_antibiotic;_phenicol_antibiotic	511	255	255	1.0	
barcode04_9Gb	contig_2842	71178	71502	Escherichia coli soxS with mutation conferring antibiotic resistance_fluoroquinolone_antibiotic;_monobactam;_carbapenem;_cephalosporin;_glycylcycline;_cephamycin;_penam;_tetracycline_antibiotic;_rifamycin_antibiotic;_phenicol_antibiotic;_penem;_disinfecting_agents_and_antiseptics	10	324	324	1.0	Citrobacter portucalensis (chromosome)
barcode04_9Gb	contig_2933	97160	97562	FosA8_phosphonic_acid_antibiotic	148	402	402	1.0	Aeromonas caviae (chromosome or plasmid)
barcode04_9Gb	contig_2994	11584	12217	AAC(6')-Ib9_aminoglycoside_antibiotic	20	633	633	1.0	Unknown taxonomy (chromosome or plasmid)
barcode04_9Gb	contig_2994	12492	13149	QnrVC4_fluoroquinolone_antibiotic	15	657	657	1.0	Unknown taxonomy (chromosome or plasmid)
barcode04_9Gb	contig_2994	13231	13870	AAC(6')-Ib8_aminoglycoside_antibiotic	16	639	639	1.0	Unknown taxonomy (chromosome or plasmid)
barcode04_9Gb	contig_2994	14628	15261	catB3_phenicol_antibiotic	8	633	633	1.0	Unknown taxonomy (chromosome or plasmid)
barcode04_9Gb	contig_3000	2	581	ANT(2'')-Ia_aminoglycoside_antibiotic	1	364	579	0.6286701	Unknown taxonomy (chromosome or plasmid)
barcode04_9Gb	contig_3003	1539	1905	BRP(MBL)_glycopeptide_antibiotic	14	366	366	1.0	Unknown taxonomy (chromosome or plasmid)
barcode04_9Gb	contig_3003	1908	2721	NDM-1_carbapenem;_cephalosporin;_cephamycin;_penam	12	813	813	1.0	Unknown taxonomy (chromosome or plasmid)
barcode04_9Gb	contig_3003	5510	6350	sul1_sulfonamide_antibiotic	19	840	840	1.0	Unknown taxonomy (chromosome or plasmid)
barcode04_9Gb	contig_3003	6343	6691	qacEdelta1_disinfecting_agents_and_antiseptics	22	348	348	1.0	Unknown taxonomy (chromosome or plasmid)
barcode04_9Gb	contig_3004	299	752	arr-3_rifamycin_antibiotic	25	453	453	1.0	Unknown taxonomy (chromosome or plasmid)
barcode04_9Gb	contig_3004	836	1469	catB3_phenicol_antibiotic	31	633	633	1.0	Unknown taxonomy (chromosome or plasmid)
barcode04_9Gb	contig_3004	1606	2437	OXA-1_cephalosporin;_penam	34	831	831	1.0	Unknown taxonomy (chromosome or plasmid)
barcode04_9Gb	contig_3004	2567	3167	AAC(6')-Ib-cr6_fluoroquinolone_antibiotic;_aminoglycoside_antibiotic	41	600	600	1.0	Unknown taxonomy (chromosome or plasmid)
barcode04_9Gb	contig_3004	5421	6282	AAC(3)-IId_aminoglycoside_antibiotic	24	861	861	1.0	Unknown taxonomy (chromosome or plasmid)
barcode04_9Gb	contig_3004	11253	12114	TEM-1_monobactam;_cephalosporin;_penam;_penem	43	861	861	1.0	Unknown taxonomy (chromosome or plasmid)
barcode04_9Gb	contig_3006	7966	8806	sul1_sulfonamide_antibiotic	135	840	840	1.0	Unknown taxonomy (chromosome or plasmid)
barcode04_9Gb	contig_3006	8799	9147	qacEdelta1_disinfecting_agents_and_antiseptics	112	348	348	1.0	Unknown taxonomy (chromosome or plasmid)
barcode04_9Gb	contig_3006	10431	11259	OXA-2_carbapenem;_cephalosporin;_penam	84	828	828	1.0	Unknown taxonomy (chromosome or plasmid)
barcode04_9Gb	contig_3006	11340	11991	AAC(6')-Ib9_aminoglycoside_antibiotic	79	651	651	1.0	Unknown taxonomy (chromosome or plasmid)
barcode04_9Gb	contig_3006	12032	12896	GES-1_carbapenem;_cephalosporin;_penam	84	864	864	1.0	Unknown taxonomy (chromosome or plasmid)
barcode04_9Gb	contig_3006	20999	21779	APH(3')-VIa_aminoglycoside_antibiotic	79	780	780	1.0	Unknown taxonomy (chromosome or plasmid)
barcode04_9Gb	contig_3006	29086	29686	AAC(6')-Ib-cr6_fluoroquinolone_antibiotic;_aminoglycoside_antibiotic	34	600	600	1.0	Unknown taxonomy (chromosome or plasmid)
barcode04_9Gb	contig_3006	29961	30618	QnrVC4_fluoroquinolone_antibiotic	22	657	657	1.0	Unknown taxonomy (chromosome or plasmid)
barcode04_9Gb	contig_3006	31553	32813	cmlA5_phenicol_antibiotic	20	1260	1260	1.0	Unknown taxonomy (chromosome or plasmid)
barcode04_9Gb	contig_3007	3255	3603	qacEdelta1_disinfecting_agents_and_antiseptics	20	348	348	1.0	Unknown taxonomy (chromosome or plasmid)
barcode04_9Gb	contig_3007	3690	4566	aadA11_aminoglycoside_antibiotic	19	876	876	1.0	Unknown taxonomy (chromosome or plasmid)
barcode04_9Gb	contig_3007	4677	5010	qacJ_disinfecting_agents_and_antiseptics	12	333	333	1.0	Unknown taxonomy (chromosome or plasmid)
barcode04_9Gb	contig_3007	5053	5968	OXA-2_carbapenem;_cephalosporin;_penam	19	915	915	1.0	Unknown taxonomy (chromosome or plasmid)
barcode04_9Gb	contig_3007	6037	6571	ANT(2'')-Ia_aminoglycoside_antibiotic	11	534	534	1.0	Unknown taxonomy (chromosome or plasmid)
barcode04_9Gb	contig_3007	6702	7161	AAC(6')-Il_aminoglycoside_antibiotic	11	459	459	1.0	Unknown taxonomy (chromosome or plasmid)
barcode04_9Gb	contig_3007	7219	7753	ANT(2'')-Ia_aminoglycoside_antibiotic	13	534	534	1.0	Unknown taxonomy (chromosome or plasmid)
barcode04_9Gb	contig_3007	7810	8344	ANT(2'')-Ia_aminoglycoside_antibiotic	7	534	534	1.0	Unknown taxonomy (chromosome or plasmid)
barcode04_9Gb	contig_3007	8475	8934	AAC(6')-Il_aminoglycoside_antibiotic	7	459	459	1.0	Unknown taxonomy (chromosome or plasmid)
barcode04_9Gb	contig_3008	398	896	dfrA12_diaminopyrimidine_antibiotic	16	498	498	1.0	Unknown taxonomy (chromosome or plasmid)
barcode04_9Gb	contig_3010	112	565	arr-3_rifamycin_antibiotic	15	453	453	1.0	Unknown taxonomy (chromosome or plasmid)
barcode04_9Gb	contig_3010	661	1261	AAC(6')-Ib-cr6_fluoroquinolone_antibiotic;_aminoglycoside_antibiotic	34	600	600	1.0	Unknown taxonomy (chromosome or plasmid)
barcode04_9Gb	contig_3011	235	1024	aadA5_aminoglycoside_antibiotic	19	789	789	1.0	Unknown taxonomy (chromosome or plasmid)
barcode04_9Gb	contig_3011	1154	1754	dfrA17_diaminopyrimidine_antibiotic	15	600	600	1.0	Unknown taxonomy (chromosome or plasmid)
barcode04_9Gb	contig_3013	326	1115	aadA5_aminoglycoside_antibiotic	10	789	789	1.0	Unknown taxonomy (chromosome or plasmid)
barcode04_9Gb	contig_3014	4687	5614	PER-3_monobactam;_carbapenem;_cephalosporin;_penam;_penem	18	927	927	1.0	Unknown taxonomy (chromosome or plasmid)
barcode04_9Gb	contig_3014	7896	8736	sul1_sulfonamide_antibiotic	44	840	840	1.0	Unknown taxonomy (chromosome or plasmid)
barcode04_9Gb	contig_3014	8729	9077	qacEdelta1_disinfecting_agents_and_antiseptics	48	348	348	1.0	Unknown taxonomy (chromosome or plasmid)
barcode04_9Gb	contig_3014	9233	9866	catB3_phenicol_antibiotic	31	633	633	1.0	Unknown taxonomy (chromosome or plasmid)
barcode04_9Gb	contig_3014	10624	11584	AAC(6')-Ib9_aminoglycoside_antibiotic	27	960	960	1.0	Unknown taxonomy (chromosome or plasmid)
barcode04_9Gb	contig_3015	3345	4272	PER-3_monobactam;_carbapenem;_cephalosporin;_penam;_penem	13	927	927	1.0	Unknown taxonomy (chromosome or plasmid)
barcode04_9Gb	contig_3018	1137	1995	LAP-2_cephalosporin;_penam;_penem	5	858	858	1.0	Unknown taxonomy (chromosome or plasmid)
barcode04_9Gb	contig_3096	30531	31848	Acinetobacter baumannii AbaQ_fluoroquinolone_antibiotic	22	1317	1317	1.0	
barcode04_9Gb	contig_3152	134354	135659	Acinetobacter baumannii AbaQ_fluoroquinolone_antibiotic	41	1305	1305	1.0	Acinetobacter baumannii (chromosome or plasmid)
barcode04_9Gb	contig_3152	194410	195880	adeC_glycylcycline;_tetracycline_antibiotic	16	1470	1470	1.0	Acinetobacter baumannii (chromosome or plasmid)
barcode04_9Gb	contig_3180	33435	35409	tet(Q)_tetracycline_antibiotic	48	1974	1974	1.0	Unknown taxonomy (chromosome)
barcode04_9Gb	contig_3185	885	1344	AAC(6')-Il_aminoglycoside_antibiotic	31	459	459	1.0	Unknown taxonomy (chromosome or plasmid)
barcode04_9Gb	contig_3185	1417	2281	GES-5_carbapenem;_cephalosporin;_penam	36	864	864	1.0	Unknown taxonomy (chromosome or plasmid)
barcode04_9Gb	contig_3185	2757	3621	GES-5_carbapenem;_cephalosporin;_penam	9	864	864	1.0	Unknown taxonomy (chromosome or plasmid)
barcode04_9Gb	contig_3193	310750	312745	lmrD_lincosamide_antibiotic	21	1995	1995	1.0	
barcode04_9Gb	contig_3193	970710	971457	vanY gene in vanG cluster_glycopeptide_antibiotic	20	747	747	1.0	
barcode04_9Gb	contig_3193	1131027	1131357	qacG_disinfecting_agents_and_antiseptics	14	330	330	1.0	
barcode04_9Gb	contig_3194	305990	307985	lmrD_lincosamide_antibiotic	19	1995	1995	1.0	
barcode04_9Gb	contig_3194	982024	982771	vanY gene in vanG cluster_glycopeptide_antibiotic	26	747	747	1.0	
barcode04_9Gb	contig_3457	16734	17391	QnrVC1_fluoroquinolone_antibiotic	31	657	657	1.0	Unknown taxonomy (chromosome or plasmid)
barcode04_9Gb	contig_3457	17551	18331	aadA_aminoglycoside_antibiotic	24	780	780	1.0	Unknown taxonomy (chromosome or plasmid)
barcode04_9Gb	contig_3502	16933	18079	ACT-87_carbapenem;_cephalosporin;_cephamycin;_penam	16	1146	1146	1.0	Enterobacter kobei (chromosome)
barcode04_9Gb	contig_3641	4950	6210	EreB_macrolide_antibiotic	29	1260	1260	1.0	
barcode04_9Gb	contig_3690	4419	4608	rsmA_fluoroquinolone_antibiotic;_diaminopyrimidine_antibiotic;_phenicol_antibiotic	142	189	189	1.0	
barcode04_9Gb	contig_3699	34777	34972	rsmA_fluoroquinolone_antibiotic;_diaminopyrimidine_antibiotic;_phenicol_antibiotic	12	195	195	1.0	
barcode04_9Gb	contig_3699	64052	64691	CRP_macrolide_antibiotic;_fluoroquinolone_antibiotic;_penam	9	639	639	1.0	
barcode04_9Gb	contig_3711	3895	5080	Escherichia coli EF-Tu mutants conferring resistance to Pulvomycin_elfamycin_antibiotic	45	1185	1185	1.0	Unknown taxonomy (chromosome or plasmid)
barcode04_9Gb	contig_3711	42018	45123	AcrF_fluoroquinolone_antibiotic;_cephalosporin;_cephamycin;_penam	60	3105	3105	1.0	Unknown taxonomy (chromosome or plasmid)
barcode04_9Gb	contig_3711	45134	46292	AcrE_fluoroquinolone_antibiotic;_cephalosporin;_cephamycin;_penam	59	1158	1158	1.0	Unknown taxonomy (chromosome or plasmid)
barcode04_9Gb	contig_3711	46690	47353	AcrS_fluoroquinolone_antibiotic;_cephalosporin;_glycylcycline;_cephamycin;_penam;_tetracycline_antibiotic;_rifamycin_antibiotic;_phenicol_antibiotic;_disinfecting_agents_and_antiseptics	62	663	663	1.0	Unknown taxonomy (chromosome or plasmid)
barcode04_9Gb	contig_3716	17395	18580	Escherichia coli EF-Tu mutants conferring resistance to Pulvomycin_elfamycin_antibiotic	51	1185	1185	1.0	Unknown taxonomy (chromosome or plasmid)
barcode04_9Gb	contig_3718	2380	3565	Escherichia coli EF-Tu mutants conferring resistance to Pulvomycin_elfamycin_antibiotic	29	1185	1185	1.0	Enterobacter roggenkampii (chromosome or plasmid)
barcode04_9Gb	contig_3718	18525	19158	CRP_macrolide_antibiotic;_fluoroquinolone_antibiotic;_penam	32	633	633	1.0	Enterobacter (chromosome or plasmid)
barcode04_9Gb	contig_3718	108291	110160	ArnT_peptide_antibiotic	7	1869	1869	1.0	Enterobacter asburiae (chromosome)
barcode04_9Gb	contig_3720	2556	3741	Escherichia coli EF-Tu mutants conferring resistance to Pulvomycin_elfamycin_antibiotic	16	1185	1185	1.0	Unknown taxonomy (chromosome or plasmid)
barcode04_9Gb	contig_3720	18797	19430	CRP_macrolide_antibiotic;_fluoroquinolone_antibiotic;_penam	11	633	633	1.0	Klebsiella pneumoniae (chromosome)
barcode04_9Gb	contig_3893	18523	21700	adeF_fluoroquinolone_antibiotic;_tetracycline_antibiotic	35	3177	3177	1.0	Unknown taxonomy (chromosome)
barcode04_9Gb	contig_3942	24969	26280	Acinetobacter baumannii AbaQ_fluoroquinolone_antibiotic	7	1311	1311	1.0	Acinetobacter lwoffii (chromosome)
barcode04_9Gb	contig_4006	37841	38915	vanT gene in vanG cluster_glycopeptide_antibiotic	122	1074	1074	1.0	
barcode04_9Gb	contig_4018	204	1032	OXA-253_carbapenem;_penam	71	828	828	1.0	Acinetobacter baumannii (chromosome)
barcode04_9Gb	contig_4045	78	1266	tet(39)_tetracycline_antibiotic	53	1188	1188	1.0	Unknown taxonomy (plasmid)
barcode04_9Gb	contig_4045	7026	8214	tet(39)_tetracycline_antibiotic	17	1188	1188	1.0	Unknown taxonomy (plasmid)
barcode04_9Gb	contig_4084	1319	2147	OXA-253_carbapenem;_penam	51	828	828	1.0	Acinetobacter baumannii (chromosome)
barcode04_9Gb	contig_4096	11529	12207	kdpE_aminoglycoside_antibiotic	52	678	678	1.0	Unknown taxonomy (chromosome or plasmid)
barcode04_9Gb	contig_4096	215969	216617	Escherichia coli AcrAB-TolC with AcrR mutation conferring resistance to ciprofloxacin, tetracycline, and ceftazidime_fluoroquinolone_antibiotic;_cephalosporin;_glycylcycline;_penam;_tetracycline_antibiotic;_rifamycin_antibiotic;_phenicol_antibiotic;_disinfecting_agents_and_antiseptics	53	648	648	1.0	Unknown taxonomy (chromosome or plasmid)
barcode04_9Gb	contig_4096	216758	217952	Escherichia coli acrA_fluoroquinolone_antibiotic;_cephalosporin;_glycylcycline;_penam;_tetracycline_antibiotic;_rifamycin_antibiotic;_phenicol_antibiotic;_disinfecting_agents_and_antiseptics	50	1194	1194	1.0	Unknown taxonomy (chromosome or plasmid)
barcode04_9Gb	contig_4096	217974	221124	acrB_fluoroquinolone_antibiotic;_cephalosporin;_glycylcycline;_penam;_tetracycline_antibiotic;_rifamycin_antibiotic;_phenicol_antibiotic;_disinfecting_agents_and_antiseptics	50	3150	3150	1.0	Escherichia coli (chromosome or plasmid)
barcode04_9Gb	contig_4096	303677	304772	vanG_glycopeptide_antibiotic	48	1095	1095	1.0	Unknown taxonomy (chromosome or plasmid)
barcode04_9Gb	contig_4112	134749	135676	PER-2_monobactam;_carbapenem;_cephalosporin;_penam;_penem	35	927	927	1.0	Unknown taxonomy (plasmid)
barcode04_9Gb	contig_4112	143929	144556	tetR_tetracycline_antibiotic	57	627	627	1.0	Unknown taxonomy (chromosome or plasmid)
barcode04_9Gb	contig_4112	144616	145840	tet(B)_tetracycline_antibiotic	61	1224	1224	1.0	Unknown taxonomy (chromosome or plasmid)
barcode04_9Gb	contig_4114	11433	12213	APH(3')-VIa_aminoglycoside_antibiotic	28	780	780	1.0	Unknown taxonomy (chromosome or plasmid)
barcode04_9Gb	contig_4114	13490	14303	NDM-1_carbapenem;_cephalosporin;_cephamycin;_penam	25	813	813	1.0	Unknown taxonomy (chromosome or plasmid)
barcode04_9Gb	contig_4115	2136	2916	APH(3')-VIa_aminoglycoside_antibiotic	27	780	780	1.0	Unknown taxonomy (chromosome or plasmid)
barcode04_9Gb	contig_4116	9052	10567	aadT_macrolide_antibiotic;_tetracycline_antibiotic;_disinfecting_agents_and_antiseptics	16	1515	1515	1.0	
barcode04_9Gb	contig_4124	52206	53973	Haemophilus influenzae PBP3 conferring resistance to beta-lactam antibiotics_cephalosporin;_cephamycin;_penam	19	1767	1767	1.0	Enterobacter roggenkampii (chromosome or plasmid)
barcode04_9Gb	contig_4124	60140	61103	leuO_nucleoside_antibiotic;_disinfecting_agents_and_antiseptics	15	963	963	1.0	Enterobacter roggenkampii (chromosome)
barcode04_9Gb	contig_4124	251519	251945	FosA2_phosphonic_acid_antibiotic	13	426	426	1.0	Enterobacter (chromosome)
barcode04_9Gb	contig_418	7796	10961	adeF_fluoroquinolone_antibiotic;_tetracycline_antibiotic	33	3165	3165	1.0	Acinetobacter (chromosome or plasmid)
barcode04_9Gb	contig_429	4143	4653	dfrA8_diaminopyrimidine_antibiotic	25	510	510	1.0	Unknown taxonomy (chromosome or plasmid)
barcode04_9Gb	contig_429	8025	8862	APH(6)-Id_aminoglycoside_antibiotic	60	837	837	1.0	Unknown taxonomy (chromosome or plasmid)
barcode04_9Gb	contig_429	22255	23071	APH(3')-Ia_aminoglycoside_antibiotic	14	816	816	1.0	Unknown taxonomy (chromosome or plasmid)
barcode04_9Gb	contig_4302	87584	87797	vanU gene in vanG cluster_glycopeptide_antibiotic	11	213	213	1.0	
barcode04_9Gb	contig_4316	380126	381326	tet(A)_tetracycline_antibiotic	38	1200	1200	1.0	Unknown taxonomy (chromosome or plasmid)
barcode04_9Gb	contig_4316	382403	383240	APH(6)-Id_aminoglycoside_antibiotic	51	837	837	1.0	Unknown taxonomy (chromosome or plasmid)
barcode04_9Gb	contig_4316	384103	384919	sul2_sulfonamide_antibiotic	57	816	816	1.0	Unknown taxonomy (chromosome or plasmid)
barcode04_9Gb	contig_4316	993557	993893	qacG_disinfecting_agents_and_antiseptics	16	336	336	1.0	
barcode04_9Gb	contig_4366	117328	118153	OXA-9_penam	30	825	825	1.0	Unknown taxonomy (chromosome or plasmid)
barcode04_9Gb	contig_4366	118212	118989	aadA_aminoglycoside_antibiotic	29	777	777	1.0	Unknown taxonomy (chromosome or plasmid)
barcode04_9Gb	contig_4371	31181	33647	vanT gene in vanG cluster_glycopeptide_antibiotic	17	2466	2466	1.0	Phocaeicola (chromosome)
barcode04_9Gb	contig_4446	4197	4854	QnrS2_fluoroquinolone_antibiotic	19	657	657	1.0	Unknown taxonomy (chromosome or plasmid)
barcode04_9Gb	contig_4448	3106	4306	tet(A)_tetracycline_antibiotic	26	1200	1200	1.0	Unknown taxonomy (chromosome or plasmid)
barcode04_9Gb	contig_4451	1	790	aadA2_aminoglycoside_antibiotic	32	789	789	1.0	Unknown taxonomy (chromosome or plasmid)
barcode04_9Gb	contig_4451	953	1301	qacEdelta1_disinfecting_agents_and_antiseptics	93	348	348	1.0	Unknown taxonomy (chromosome or plasmid)
barcode04_9Gb	contig_4451	1294	2134	sul1_sulfonamide_antibiotic	100	840	840	1.0	Unknown taxonomy (chromosome or plasmid)
barcode04_9Gb	contig_4528	19	1252	mdtM_fluoroquinolone_antibiotic;_lincosamide_antibiotic;_nucleoside_antibiotic;_phenicol_antibiotic;_disinfecting_agents_and_antiseptics	6	1233	1233	1.0	Unknown taxonomy (chromosome or plasmid)
barcode04_9Gb	contig_4529	142484	144251	Haemophilus influenzae PBP3 conferring resistance to beta-lactam antibiotics_cephalosporin;_cephamycin;_penam	60	1767	1767	1.0	Unknown taxonomy (chromosome or plasmid)
barcode04_9Gb	contig_4529	150352	151297	leuO_nucleoside_antibiotic;_disinfecting_agents_and_antiseptics	54	945	945	1.0	Unknown taxonomy (chromosome or plasmid)
barcode04_9Gb	contig_4529	306485	307718	mdtM_fluoroquinolone_antibiotic;_lincosamide_antibiotic;_nucleoside_antibiotic;_phenicol_antibiotic;_disinfecting_agents_and_antiseptics	47	1233	1233	1.0	Unknown taxonomy (chromosome or plasmid)
barcode04_9Gb	contig_4537	39449	42572	mdtB_aminocoumarin_antibiotic	9	3123	3123	1.0	Citrobacter (chromosome)
barcode04_9Gb	contig_4537	42572	45653	mdtC_aminocoumarin_antibiotic	5	3081	3081	1.0	Citrobacter (chromosome)
barcode04_9Gb	contig_4547	30600	31785	Escherichia coli EF-Tu mutants conferring resistance to Pulvomycin_elfamycin_antibiotic	23	1185	1185	1.0	Unknown taxonomy (chromosome or plasmid)
barcode04_9Gb	contig_4547	49062	50247	Escherichia coli EF-Tu mutants conferring resistance to Pulvomycin_elfamycin_antibiotic	33	1185	1185	1.0	Unknown taxonomy (chromosome)
barcode04_9Gb	contig_4565	302032	302407	ramA_fluoroquinolone_antibiotic;_monobactam;_carbapenem;_cephalosporin;_glycylcycline;_cephamycin;_penam;_tetracycline_antibiotic;_rifamycin_antibiotic;_phenicol_antibiotic;_penem;_disinfecting_agents_and_antiseptics	15	375	375	1.0	Enterobacter (chromosome)
barcode04_9Gb	contig_4568	2181	3009	OXA-253_carbapenem;_penam	42	828	828	1.0	Acinetobacter baumannii (chromosome)
barcode04_9Gb	contig_4570	25	853	OXA-72_carbapenem;_penam	14	828	828	1.0	Unknown taxonomy (chromosome or plasmid)
barcode04_9Gb	contig_4570	1888	2233	qacG_disinfecting_agents_and_antiseptics	22	345	345	1.0	Unknown taxonomy (chromosome or plasmid)
barcode04_9Gb	contig_4575	3542	4370	OXA-253_carbapenem;_penam	57	828	828	1.0	Acinetobacter baumannii (chromosome)
barcode04_9Gb	contig_4659	480719	481829	vanT gene in vanG cluster_glycopeptide_antibiotic	77	1110	1110	1.0	
barcode04_9Gb	contig_4714	13097	13628	emrR_fluoroquinolone_antibiotic	12	531	531	1.0	
barcode04_9Gb	contig_4714	26026	26212	rsmA_fluoroquinolone_antibiotic;_diaminopyrimidine_antibiotic;_phenicol_antibiotic	17	186	186	1.0	Unknown taxonomy (chromosome or plasmid)
barcode04_9Gb	contig_4718	181794	182496	vanY gene in vanB cluster_glycopeptide_antibiotic	16	702	702	1.0	
barcode04_9Gb	contig_4782	1281	2121	sul1_sulfonamide_antibiotic	11	840	840	1.0	Unknown taxonomy (chromosome or plasmid)
barcode04_9Gb	contig_4793	2952	3207	rsmA_fluoroquinolone_antibiotic;_diaminopyrimidine_antibiotic;_phenicol_antibiotic	7	255	255	1.0	
barcode04_9Gb	contig_4841	172327	172660	qacG_disinfecting_agents_and_antiseptics	9	333	333	1.0	
barcode04_9Gb	contig_4882	18339	18594	rsmA_fluoroquinolone_antibiotic;_diaminopyrimidine_antibiotic;_phenicol_antibiotic	52	255	255	1.0	
barcode04_9Gb	contig_4934	96524	96938	H-NS_macrolide_antibiotic;_fluoroquinolone_antibiotic;_cephalosporin;_cephamycin;_penam;_tetracycline_antibiotic	29	414	414	1.0	Unknown taxonomy (chromosome or plasmid)
barcode04_9Gb	contig_4955	24874	28051	adeF_fluoroquinolone_antibiotic;_tetracycline_antibiotic	23	3177	3177	1.0	Unknown taxonomy (chromosome)
barcode04_9Gb	contig_4964	53979	54603	catS_phenicol_antibiotic	7	624	624	1.0	Parvimonas micra (chromosome)
barcode04_9Gb	contig_5087	16826	17171	qacG_disinfecting_agents_and_antiseptics	31	345	345	1.0	Unknown taxonomy (chromosome or plasmid)
barcode04_9Gb	contig_5088	26033	26894	AAC(3)-IIe_aminoglycoside_antibiotic	27	861	861	1.0	Unknown taxonomy (chromosome or plasmid)
barcode04_9Gb	contig_5088	27035	27896	TEM-1_monobactam;_cephalosporin;_penam;_penem	27	861	861	1.0	Unknown taxonomy (chromosome or plasmid)
barcode04_9Gb	contig_5124	116	461	qacG_disinfecting_agents_and_antiseptics	20	345	345	1.0	Unknown taxonomy (chromosome or plasmid)
barcode04_9Gb	contig_5152	6484	6958	dfrA6_diaminopyrimidine_antibiotic	55	474	474	1.0	Unknown taxonomy (chromosome or plasmid)
barcode04_9Gb	contig_5152	7116	7773	QnrVC1_fluoroquinolone_antibiotic	56	657	657	1.0	Unknown taxonomy (chromosome or plasmid)
barcode04_9Gb	contig_5169	26812	28732	tet(32)_tetracycline_antibiotic	7	1920	1920	1.0	Unknown taxonomy (chromosome or plasmid)
barcode04_9Gb	contig_5170	1823	3743	tet(W)_tetracycline_antibiotic	53	1920	1920	1.0	Unknown taxonomy (chromosome or plasmid)
barcode04_9Gb	contig_5243	52064	52559	lnuC_lincosamide_antibiotic	44	495	495	1.0	Unknown taxonomy (chromosome or plasmid)
barcode04_9Gb	contig_5297	300209	303371	adeF_fluoroquinolone_antibiotic;_tetracycline_antibiotic	23	3162	3162	1.0	Pseudomonas fluorescens (no genomic info)
barcode04_9Gb	contig_5308	7894	8617	baeR_aminoglycoside_antibiotic;_aminocoumarin_antibiotic	8	723	723	1.0	Citrobacter freundii (chromosome)
barcode04_9Gb	contig_5381	24821	27287	vanT gene in vanG cluster_glycopeptide_antibiotic	5	2466	2466	1.0	
barcode04_9Gb	contig_5479	4906	5737	vanW gene in vanI cluster_glycopeptide_antibiotic	4	831	831	1.0	
barcode04_9Gb	contig_5490	37589	38774	Escherichia coli EF-Tu mutants conferring resistance to Pulvomycin_elfamycin_antibiotic	9	1185	1185	1.0	Unknown taxonomy (chromosome)
barcode04_9Gb	contig_5502	5099	6287	tet(39)_tetracycline_antibiotic	64	1188	1188	1.0	Unknown taxonomy (plasmid)
barcode04_9Gb	contig_5517	147768	149001	Escherichia coli mdfA_tetracycline_antibiotic;_disinfecting_agents_and_antiseptics	42	1233	1233	1.0	Unknown taxonomy (chromosome or plasmid)
barcode04_9Gb	contig_5520	264381	267975	evgS_macrolide_antibiotic;_fluoroquinolone_antibiotic;_penam;_tetracycline_antibiotic	34	3594	3594	1.0	Unknown taxonomy (chromosome or plasmid)
barcode04_9Gb	contig_5520	267979	268594	evgA_macrolide_antibiotic;_fluoroquinolone_antibiotic;_penam;_tetracycline_antibiotic	37	615	615	1.0	Unknown taxonomy (chromosome or plasmid)
barcode04_9Gb	contig_5520	269117	270173	emrK_tetracycline_antibiotic	37	1056	1056	1.0	Unknown taxonomy (chromosome or plasmid)
barcode04_9Gb	contig_5520	270172	271711	emrY_tetracycline_antibiotic	37	1539	1539	1.0	Unknown taxonomy (chromosome or plasmid)
barcode04_9Gb	contig_5521	39236	39767	emrR_fluoroquinolone_antibiotic	58	531	531	1.0	Unknown taxonomy (chromosome or plasmid)
barcode04_9Gb	contig_5521	39893	41066	emrA_fluoroquinolone_antibiotic	56	1173	1173	1.0	Unknown taxonomy (chromosome or plasmid)
barcode04_9Gb	contig_5521	41082	42621	emrB_fluoroquinolone_antibiotic	50	1539	1539	1.0	Unknown taxonomy (chromosome or plasmid)
barcode04_9Gb	contig_5521	47556	47742	rsmA_fluoroquinolone_antibiotic;_diaminopyrimidine_antibiotic;_phenicol_antibiotic	64	186	186	1.0	Unknown taxonomy (chromosome or plasmid)
barcode04_9Gb	contig_556	15584	16421	APH(6)-Id_aminoglycoside_antibiotic	112	837	837	1.0	Unknown taxonomy (chromosome or plasmid)
barcode04_9Gb	contig_556	16420	17224	APH(3'')-Ib_aminoglycoside_antibiotic	123	804	804	1.0	Unknown taxonomy (chromosome or plasmid)
barcode04_9Gb	contig_5654	11373	12006	CRP_macrolide_antibiotic;_fluoroquinolone_antibiotic;_penam	10	633	633	1.0	Citrobacter (chromosome)
barcode04_9Gb	contig_5812	113409	114543	EC-13_cephalosporin	75	1134	1134	1.0	Unknown taxonomy (chromosome or plasmid)
barcode04_9Gb	contig_5812	177272	178916	eptA_peptide_antibiotic	63	1644	1644	1.0	Unknown taxonomy (chromosome or plasmid)
barcode04_9Gb	contig_5812	202804	203836	mdtN_nucleoside_antibiotic;_disinfecting_agents_and_antiseptics	68	1032	1032	1.0	Escherichia coli (chromosome or plasmid)
barcode04_9Gb	contig_5812	228419	228884	Escherichia coli soxR with mutation conferring antibiotic resistance_fluoroquinolone_antibiotic;_cephalosporin;_glycylcycline;_penam;_tetracycline_antibiotic;_rifamycin_antibiotic;_phenicol_antibiotic;_disinfecting_agents_and_antiseptics	65	465	465	1.0	Unknown taxonomy (chromosome or plasmid)
barcode04_9Gb	contig_5812	228969	229293	Escherichia coli soxS with mutation conferring antibiotic resistance_fluoroquinolone_antibiotic;_monobactam;_carbapenem;_cephalosporin;_glycylcycline;_cephamycin;_penam;_tetracycline_antibiotic;_rifamycin_antibiotic;_phenicol_antibiotic;_penem;_disinfecting_agents_and_antiseptics	56	324	324	1.0	Unknown taxonomy (chromosome or plasmid)
barcode04_9Gb	contig_5825	23336	24131	OXA-504_penam	198	795	795	1.0	Aeromonas caviae (chromosome)
barcode04_9Gb	contig_5874	19016	19874	tet(C)_tetracycline_antibiotic	13	858	858	1.0	Unknown taxonomy (chromosome or plasmid)
barcode04_9Gb	contig_5888	11	545	ANT(2'')-Ia_aminoglycoside_antibiotic	4	534	534	1.0	Unknown taxonomy (chromosome or plasmid)
barcode04_9Gb	contig_5889	4	538	ANT(2'')-Ia_aminoglycoside_antibiotic	18	534	534	1.0	Unknown taxonomy (chromosome or plasmid)
barcode04_9Gb	contig_5889	605	1085	dfrA6_diaminopyrimidine_antibiotic	30	480	480	1.0	Unknown taxonomy (chromosome or plasmid)
barcode04_9Gb	contig_5889	2803	3460	QnrVC1_fluoroquinolone_antibiotic	40	657	657	1.0	Unknown taxonomy (chromosome or plasmid)
barcode04_9Gb	contig_5984	1735	3175	AAC(6')-Ie-APH(2'')-Ia bifunctional protein_aminoglycoside_antibiotic	17	1440	1440	1.0	Unknown taxonomy (chromosome or plasmid)
barcode04_9Gb	contig_5991	148997	150182	Escherichia coli EF-Tu mutants conferring resistance to Pulvomycin_elfamycin_antibiotic	181	1185	1185	1.0	Aeromonas caviae (chromosome or plasmid)
barcode04_9Gb	contig_5991	168203	169388	Escherichia coli EF-Tu mutants conferring resistance to Pulvomycin_elfamycin_antibiotic	170	1185	1185	1.0	Aeromonas caviae (chromosome or plasmid)
barcode04_9Gb	contig_6000	327765	329727	tet(O)_tetracycline_antibiotic	23	1962	1962	1.0	
barcode04_9Gb	contig_6000	336646	337819	vanT gene in vanG cluster_glycopeptide_antibiotic	25	1173	1173	1.0	
barcode04_9Gb	contig_6000	488497	489691	vanT gene in vanG cluster_glycopeptide_antibiotic	16	1194	1194	1.0	
barcode04_9Gb	contig_6082	15557	16295	ErmB_macrolide_antibiotic;_lincosamide_antibiotic;_streptogramin_antibiotic;_streptogramin_A_antibiotic;_streptogramin_B_antibiotic	17	738	738	1.0	Unknown taxonomy (chromosome or plasmid)
barcode04_9Gb	contig_6166	2838	4212	cpxA_aminoglycoside_antibiotic;_aminocoumarin_antibiotic	14	1374	1374	1.0	
barcode04_9Gb	contig_6179	135081	138231	adeF_fluoroquinolone_antibiotic;_tetracycline_antibiotic	111	3150	3150	1.0	Aeromonas caviae (chromosome or plasmid)
barcode04_9Gb	contig_6190	625018	626254	vanW gene in vanI cluster_glycopeptide_antibiotic	304	1236	1236	1.0	
barcode04_9Gb	contig_6190	1329736	1330243	nimK_nitroimidazole_antibiotic	262	507	507	1.0	
barcode04_9Gb	contig_6260	278248	281440	adeF_fluoroquinolone_antibiotic;_tetracycline_antibiotic	67	3192	3192	1.0	
barcode04_9Gb	contig_6301	3126	4893	Haemophilus influenzae PBP3 conferring resistance to beta-lactam antibiotics_cephalosporin;_cephamycin;_penam	7	1767	1767	1.0	Klebsiella michiganensis (chromosome)
barcode04_9Gb	contig_6308	10589	11741	MOX-13_cephalosporin;_cephamycin;_penam	114	1152	1152	1.0	Aeromonas caviae (chromosome or plasmid)
barcode04_9Gb	contig_6310	20262	21405	TRU-1_cephalosporin;_penam	9	1143	1143	1.0	
barcode04_9Gb	contig_6330	10527	11253	vanY gene in vanB cluster_glycopeptide_antibiotic	9	726	726	1.0	Roseburia hominis (no genomic info)
barcode04_9Gb	contig_6393	21092	22484	Escherichia coli UhpT with mutation conferring resistance to fosfomycin_phosphonic_acid_antibiotic	10	1392	1392	1.0	Enterobacter (chromosome or plasmid)
barcode04_9Gb	contig_6395	119895	121056	vanL_glycopeptide_antibiotic	10	1161	1161	1.0	
barcode04_9Gb	contig_6420	13057	14170	vanT gene in vanG cluster_glycopeptide_antibiotic	27	1113	1113	1.0	
barcode04_9Gb	contig_6420	954379	955756	vanW gene in vanI cluster_glycopeptide_antibiotic	11	1377	1377	1.0	
barcode04_9Gb	contig_6420	3368885	3370217	vanW gene in vanI cluster_glycopeptide_antibiotic	27	1332	1332	1.0	
barcode04_9Gb	contig_6420	3469258	3472399	adeF_fluoroquinolone_antibiotic;_tetracycline_antibiotic	19	3141	3141	1.0	
barcode04_9Gb	contig_6433	1	3067	adeF_fluoroquinolone_antibiotic;_tetracycline_antibiotic	52	3066	3066	1.0	
barcode04_9Gb	contig_6534	754	1549	OXA-504_penam	80	795	795	1.0	Aeromonas caviae (chromosome or plasmid)
barcode04_9Gb	contig_6593	8082	8541	AAC(6')-Il_aminoglycoside_antibiotic	56	459	459	1.0	Unknown taxonomy (chromosome or plasmid)
barcode04_9Gb	contig_6593	8614	9478	GES-1_carbapenem;_cephalosporin;_penam	42	864	864	1.0	Unknown taxonomy (chromosome or plasmid)
barcode04_9Gb	contig_6657	6898	10012	adeF_fluoroquinolone_antibiotic;_tetracycline_antibiotic	9	3114	3114	1.0	
barcode04_9Gb	contig_6657	10149	11040	CblA-1_cephalosporin	9	891	891	1.0	Phocaeicola dorei (no genomic info)
barcode04_9Gb	contig_666	77	914	aadA16_aminoglycoside_antibiotic	11	837	837	1.0	Pseudomonas aeruginosa (chromosome or plasmid)
barcode04_9Gb	contig_666	1036	1900	GES-5_carbapenem;_cephalosporin;_penam	21	864	864	1.0	Unknown taxonomy (chromosome or plasmid)
barcode04_9Gb	contig_6702	61	1249	tet(39)_tetracycline_antibiotic	55	1188	1188	1.0	Unknown taxonomy (plasmid)
barcode04_9Gb	contig_6784	104016	104505	nimJ_nitroimidazole_antibiotic	7	489	489	1.0	
barcode04_9Gb	contig_6840	142058	144551	vanT gene in vanG cluster_glycopeptide_antibiotic	10	2493	2493	1.0	
barcode04_9Gb	contig_6889	350	1286	tet(W)_tetracycline_antibiotic	30	936	936	1.0	Trueperella pyogenes (chromosome or plasmid)
barcode04_9Gb	contig_6889	1230	3090	tet(W)_tetracycline_antibiotic	33	1860	1860	1.0	Unknown taxonomy (chromosome)
barcode04_9Gb	contig_6924	974	4130	adeF_fluoroquinolone_antibiotic;_tetracycline_antibiotic	14	3156	3156	1.0	
barcode04_9Gb	contig_6930	30835	31558	baeR_aminoglycoside_antibiotic;_aminocoumarin_antibiotic	8	723	723	1.0	
barcode04_9Gb	contig_6953	7311	7500	rsmA_fluoroquinolone_antibiotic;_diaminopyrimidine_antibiotic;_phenicol_antibiotic	151	189	189	1.0	
barcode04_9Gb	contig_6969	8020	8350	qacG_disinfecting_agents_and_antiseptics	8	330	330	1.0	
barcode04_9Gb	contig_6995	13000	13495	dfrF_diaminopyrimidine_antibiotic	15	495	495	1.0	Unknown taxonomy (chromosome or plasmid)
barcode04_9Gb	contig_6995	15798	17718	tet(O)_tetracycline_antibiotic	80	1920	1920	1.0	Unknown taxonomy (chromosome or plasmid)
barcode04_9Gb	contig_7107	13163	13529	qacG_disinfecting_agents_and_antiseptics	410	366	366	1.0	Acinetobacter johnsonii (chromosome)
barcode04_9Gb	contig_7120	106330	106585	rsmA_fluoroquinolone_antibiotic;_diaminopyrimidine_antibiotic;_phenicol_antibiotic	64	255	255	1.0	
barcode04_9Gb	contig_7256	49418	49616	rsmA_fluoroquinolone_antibiotic;_diaminopyrimidine_antibiotic;_phenicol_antibiotic	29	198	198	1.0	
barcode04_9Gb	contig_7263	18582	18966	marA_fluoroquinolone_antibiotic;_monobactam;_carbapenem;_cephalosporin;_glycylcycline;_cephamycin;_penam;_tetracycline_antibiotic;_rifamycin_antibiotic;_phenicol_antibiotic;_penem;_disinfecting_agents_and_antiseptics	26	384	384	1.0	Unknown taxonomy (chromosome or plasmid)
barcode04_9Gb	contig_7263	18985	19420	Escherichia coli AcrAB-TolC with MarR mutations conferring resistance to ciprofloxacin and tetracycline_fluoroquinolone_antibiotic;_cephalosporin;_glycylcycline;_penam;_tetracycline_antibiotic;_rifamycin_antibiotic;_phenicol_antibiotic;_disinfecting_agents_and_antiseptics	25	435	435	1.0	Unknown taxonomy (chromosome or plasmid)
barcode04_9Gb	contig_7541	38306	40073	Haemophilus influenzae PBP3 conferring resistance to beta-lactam antibiotics_cephalosporin;_cephamycin;_penam	20	1767	1767	1.0	Enterobacter kobei (chromosome or plasmid)
barcode04_9Gb	contig_7541	46235	47258	leuO_nucleoside_antibiotic;_disinfecting_agents_and_antiseptics	21	1023	1023	1.0	Enterobacter kobei (chromosome)
barcode04_9Gb	contig_7541	235373	235799	FosA2_phosphonic_acid_antibiotic	20	426	426	1.0	Enterobacter kobei (chromosome)
barcode04_9Gb	contig_7549	13430	14615	Escherichia coli EF-Tu mutants conferring resistance to Pulvomycin_elfamycin_antibiotic	31	1185	1185	1.0	Enterobacter (chromosome or plasmid)
barcode04_9Gb	contig_7551	12435	13620	Escherichia coli EF-Tu mutants conferring resistance to Pulvomycin_elfamycin_antibiotic	36	1185	1185	1.0	Enterobacter (chromosome or plasmid)
barcode04_9Gb	contig_7552	1066	2251	Escherichia coli EF-Tu mutants conferring resistance to Pulvomycin_elfamycin_antibiotic	5	1185	1185	1.0	Enterobacter kobei (chromosome or plasmid)
barcode04_9Gb	contig_7717	13459	14239	aadA2_aminoglycoside_antibiotic	16	780	780	1.0	Unknown taxonomy (chromosome or plasmid)
barcode04_9Gb	contig_7780	2181	2997	sul2_sulfonamide_antibiotic	39	816	816	1.0	Unknown taxonomy (chromosome or plasmid)
barcode04_9Gb	contig_7883	15590	16328	ErmB_macrolide_antibiotic;_lincosamide_antibiotic;_streptogramin_antibiotic;_streptogramin_A_antibiotic;_streptogramin_B_antibiotic	28	738	738	1.0	Unknown taxonomy (chromosome or plasmid)
barcode04_9Gb	contig_7915	14994	15870	CTX-M-15_cephalosporin;_penam	47	876	876	1.0	Unknown taxonomy (chromosome or plasmid)
barcode04_9Gb	contig_7915	20510	21167	QnrS1_fluoroquinolone_antibiotic	55	657	657	1.0	Unknown taxonomy (chromosome or plasmid)
barcode04_9Gb	contig_7915	27272	28088	sul2_sulfonamide_antibiotic	28	816	816	1.0	Unknown taxonomy (chromosome or plasmid)
barcode04_9Gb	contig_7915	29332	29680	qacEdelta1_disinfecting_agents_and_antiseptics	29	348	348	1.0	Unknown taxonomy (chromosome or plasmid)
barcode04_9Gb	contig_7915	29843	30623	aadA_aminoglycoside_antibiotic	47	780	780	1.0	Unknown taxonomy (chromosome or plasmid)
barcode04_9Gb	contig_7915	30727	31201	dfrA1_diaminopyrimidine_antibiotic	36	474	474	1.0	Unknown taxonomy (chromosome or plasmid)
barcode04_9Gb	contig_7916	4701	5517	sul2_sulfonamide_antibiotic	21	816	816	1.0	Unknown taxonomy (chromosome or plasmid)
barcode04_9Gb	contig_7916	6761	7109	qacEdelta1_disinfecting_agents_and_antiseptics	25	348	348	1.0	Unknown taxonomy (chromosome or plasmid)
barcode04_9Gb	contig_7916	7272	8052	aadA_aminoglycoside_antibiotic	39	780	780	1.0	Unknown taxonomy (chromosome or plasmid)
barcode04_9Gb	contig_7916	8156	8630	dfrA1_diaminopyrimidine_antibiotic	30	474	474	1.0	Unknown taxonomy (chromosome or plasmid)
barcode04_9Gb	contig_797	13361	14201	sul1_sulfonamide_antibiotic	181	840	840	1.0	Unknown taxonomy (chromosome or plasmid)
barcode04_9Gb	contig_797	14194	14542	qacEdelta1_disinfecting_agents_and_antiseptics	166	348	348	1.0	Unknown taxonomy (chromosome or plasmid)
barcode04_9Gb	contig_8019	15101	16616	aadT_macrolide_antibiotic;_tetracycline_antibiotic;_disinfecting_agents_and_antiseptics	14	1515	1515	1.0	
barcode04_9Gb	contig_8208	268683	269508	OXA-441_carbapenem;_penam	56	825	825	1.0	Acinetobacter baumannii (chromosome or plasmid)
barcode04_9Gb	contig_8255	2	371	BRP(MBL)_glycopeptide_antibiotic	4	369	369	1.0	Unknown taxonomy (chromosome or plasmid)
barcode04_9Gb	contig_8394	6282	7158	CTX-M-55_cephalosporin	13	876	876	1.0	Unknown taxonomy (chromosome or plasmid)
barcode04_9Gb	contig_8394	7939	8677	TEM-244_monobactam;_cephalosporin;_penam;_penem	13	738	738	1.0	Unknown taxonomy (chromosome or plasmid)
barcode04_9Gb	contig_8394	10202	10619	FosA3_phosphonic_acid_antibiotic	10	417	417	1.0	Unknown taxonomy (chromosome or plasmid)
barcode04_9Gb	contig_8394	13440	14235	APH(3')-IIa_aminoglycoside_antibiotic	8	795	795	1.0	Unknown taxonomy (chromosome or plasmid)
barcode04_9Gb	contig_8395	6034	6451	FosA3_phosphonic_acid_antibiotic	5	417	417	1.0	Unknown taxonomy (chromosome or plasmid)
barcode04_9Gb	contig_840	9272	10079	mphE_macrolide_antibiotic	27	807	807	1.0	Unknown taxonomy (chromosome or plasmid)
barcode04_9Gb	contig_844	55295	56156	TEM-1_monobactam;_cephalosporin;_penam;_penem	90	861	861	1.0	Unknown taxonomy (chromosome or plasmid)
barcode04_9Gb	contig_844	60201	60858	QnrVC1_fluoroquinolone_antibiotic	28	657	657	1.0	Unknown taxonomy (chromosome or plasmid)
barcode04_9Gb	contig_847	147	1008	TEM-1_monobactam;_cephalosporin;_penam;_penem	68	861	861	1.0	Unknown taxonomy (chromosome or plasmid)
barcode04_9Gb	contig_849	11638	12556	sul1_sulfonamide_antibiotic	119	918	918	1.0	Unknown taxonomy (chromosome or plasmid)
barcode04_9Gb	contig_849	12549	12897	qacEdelta1_disinfecting_agents_and_antiseptics	118	348	348	1.0	Unknown taxonomy (chromosome or plasmid)
barcode04_9Gb	contig_849	13119	13572	arr-3_rifamycin_antibiotic	106	453	453	1.0	Unknown taxonomy (chromosome or plasmid)
barcode04_9Gb	contig_849	13656	14289	catB3_phenicol_antibiotic	107	633	633	1.0	Unknown taxonomy (chromosome or plasmid)
barcode04_9Gb	contig_849	14426	15257	OXA-1_cephalosporin;_penam	102	831	831	1.0	Unknown taxonomy (chromosome or plasmid)
barcode04_9Gb	contig_849	15387	15987	AAC(6')-Ib-cr6_fluoroquinolone_antibiotic;_aminoglycoside_antibiotic	91	600	600	1.0	Unknown taxonomy (chromosome or plasmid)
barcode04_9Gb	contig_850	12791	13265	dfrA14_diaminopyrimidine_antibiotic	30	474	474	1.0	Unknown taxonomy (chromosome or plasmid)
barcode04_9Gb	contig_850	13299	14115	aadA_aminoglycoside_antibiotic	34	816	816	1.0	Unknown taxonomy (chromosome or plasmid)
barcode04_9Gb	contig_850	14107	14908	OXA-10_cephalosporin;_penam	35	801	801	1.0	Unknown taxonomy (chromosome or plasmid)
barcode04_9Gb	contig_850	15172	16432	cmlA5_phenicol_antibiotic	45	1260	1260	1.0	Unknown taxonomy (chromosome or plasmid)
barcode04_9Gb	contig_850	17367	18024	QnrVC4_fluoroquinolone_antibiotic	32	657	657	1.0	Unknown taxonomy (chromosome or plasmid)
barcode04_9Gb	contig_851	7435	7768	qacE_disinfecting_agents_and_antiseptics	31	333	333	1.0	Unknown taxonomy (chromosome or plasmid)
barcode04_9Gb	contig_853	12396	13233	APH(6)-Id_aminoglycoside_antibiotic	69	837	837	1.0	Unknown taxonomy (chromosome or plasmid)
barcode04_9Gb	contig_8534	7799	8627	OXA-253_carbapenem;_penam	56	828	828	1.0	Acinetobacter baumannii (chromosome)
barcode04_9Gb	contig_854	34175	34979	APH(3'')-Ib_aminoglycoside_antibiotic	94	804	804	1.0	Unknown taxonomy (chromosome or plasmid)
barcode04_9Gb	contig_854	34978	35815	APH(6)-Id_aminoglycoside_antibiotic	88	837	837	1.0	Unknown taxonomy (chromosome or plasmid)
barcode04_9Gb	contig_854	40793	41993	tet(A)_tetracycline_antibiotic	58	1200	1200	1.0	Unknown taxonomy (chromosome or plasmid)
barcode04_9Gb	contig_854	48831	49611	aadA_aminoglycoside_antibiotic	28	780	780	1.0	Unknown taxonomy (chromosome or plasmid)
barcode04_9Gb	contig_854	49686	50487	OXA-101_cephalosporin;_penam	13	801	801	1.0	Unknown taxonomy (chromosome or plasmid)
barcode04_9Gb	contig_854	51046	51910	sul4_sulfonamide_antibiotic	17	864	864	1.0	Unknown taxonomy (chromosome or plasmid)
barcode04_9Gb	contig_8601	84329	87521	adeF_fluoroquinolone_antibiotic;_tetracycline_antibiotic	297	3192	3192	1.0	
barcode04_9Gb	contig_8655	19740	20394	adeN_macrolide_antibiotic;_fluoroquinolone_antibiotic;_lincosamide_antibiotic;_carbapenem;_cephalosporin;_tetracycline_antibiotic;_rifamycin_antibiotic;_diaminopyrimidine_antibiotic;_phenicol_antibiotic;_penem	50	654	654	1.0	Acinetobacter baumannii (chromosome or plasmid)
barcode04_9Gb	contig_8695	2123	2540	nimJ_nitroimidazole_antibiotic	4	417	417	1.0	
barcode04_9Gb	contig_8696	78267	79089	bacA_peptide_antibiotic	7	822	822	1.0	
barcode04_9Gb	contig_8720	24072	24546	dfrA15b_diaminopyrimidine_antibiotic	12	474	474	1.0	Unknown taxonomy (chromosome or plasmid)
barcode04_9Gb	contig_8726	1961	3605	MCR-5.1_peptide_antibiotic	6	1644	1644	1.0	Unknown taxonomy (chromosome or plasmid)
barcode04_9Gb	contig_8728	700	1891	tet(C)_tetracycline_antibiotic	42	1191	1191	1.0	Unknown taxonomy (chromosome or plasmid)
barcode04_9Gb	contig_8735	369697	372853	adeF_fluoroquinolone_antibiotic;_tetracycline_antibiotic	22	3156	3156	1.0	
barcode04_9Gb	contig_8740	26734	27718	vanH gene in vanO cluster_glycopeptide_antibiotic	5	984	984	1.0	
barcode04_9Gb	contig_8814	19791	19989	rsmA_fluoroquinolone_antibiotic;_diaminopyrimidine_antibiotic;_phenicol_antibiotic	5	198	198	1.0	Shewanella putrefaciens (chromosome)
barcode04_9Gb	contig_8829	8439	9039	AAC(6')-Ib-cr6_fluoroquinolone_antibiotic;_aminoglycoside_antibiotic	37	600	600	1.0	Unknown taxonomy (chromosome or plasmid)
barcode04_9Gb	contig_8829	9120	9900	aadA_aminoglycoside_antibiotic	28	780	780	1.0	Unknown taxonomy (chromosome or plasmid)
barcode04_9Gb	contig_8829	9928	10768	sul1_sulfonamide_antibiotic	33	840	840	1.0	Unknown taxonomy (chromosome or plasmid)
barcode04_9Gb	contig_8903	34896	35556	catA1_phenicol_antibiotic	14	660	660	1.0	Unknown taxonomy (chromosome or plasmid)
barcode04_9Gb	contig_8930	85567	86563	CfxA6_cephamycin	28	996	996	1.0	
barcode04_9Gb	contig_9122	2987	4100	vanT gene in vanG cluster_glycopeptide_antibiotic	14	1113	1113	1.0	
barcode04_9Gb	contig_9143	1180	1960	APH(3')-VIa_aminoglycoside_antibiotic	39	780	780	1.0	Unknown taxonomy (chromosome or plasmid)
barcode04_9Gb	contig_9179	23757	24567	ErmB_macrolide_antibiotic;_lincosamide_antibiotic;_streptogramin_antibiotic;_streptogramin_A_antibiotic;_streptogramin_B_antibiotic	25	810	810	1.0	Escherichia coli (chromosome or plasmid)
barcode04_9Gb	contig_9431	32823	33981	mdtE_macrolide_antibiotic;_fluoroquinolone_antibiotic;_penam	79	1158	1158	1.0	Unknown taxonomy (chromosome)
barcode04_9Gb	contig_9431	38579	39404	gadX_macrolide_antibiotic;_fluoroquinolone_antibiotic;_penam	73	825	825	1.0	Escherichia coli (chromosome)
barcode04_9Gb	contig_9520	8495	9311	sul2_sulfonamide_antibiotic	59	816	816	1.0	Unknown taxonomy (chromosome or plasmid)
barcode04_9Gb	contig_9520	11813	13028	floR_phenicol_antibiotic	30	1215	1215	1.0	Unknown taxonomy (chromosome or plasmid)
barcode04_9Gb	contig_9579	2085	3393	EreB_macrolide_antibiotic	5	1308	1308	1.0	
barcode04_9Gb	contig_962	14243	15023	APH(3')-VIa_aminoglycoside_antibiotic	24	780	780	1.0	Unknown taxonomy (chromosome or plasmid)
barcode04_9Gb	contig_9749	126071	127217	CMY-2_carbapenem;_cephalosporin;_cephamycin;_penam	17	1146	1146	1.0	Citrobacter portucalensis (chromosome or plasmid)
barcode04_9Gb	contig_9755	45527	45890	Klebsiella pneumoniae KpnE_macrolide_antibiotic;_aminoglycoside_antibiotic;_cephalosporin;_tetracycline_antibiotic;_peptide_antibiotic;_rifamycin_antibiotic;_disinfecting_agents_and_antiseptics	15	363	363	1.0	Enterobacter (chromosome)
barcode04_9Gb	contig_9755	45876	46206	Klebsiella pneumoniae KpnF_macrolide_antibiotic;_aminoglycoside_antibiotic;_cephalosporin;_tetracycline_antibiotic;_peptide_antibiotic;_rifamycin_antibiotic;_disinfecting_agents_and_antiseptics	16	330	330	1.0	Enterobacter (chromosome)
barcode04_9Gb	contig_9757	423657	425406	msbA_nitroimidazole_antibiotic	26	1749	1749	1.0	Enterobacter kobei (chromosome)
barcode04_9Gb	contig_9757	531253	532486	Escherichia coli mdfA_tetracycline_antibiotic;_disinfecting_agents_and_antiseptics	21	1233	1233	1.0	
barcode04_9Gb	contig_9757	854485	854860	ramA_fluoroquinolone_antibiotic;_monobactam;_carbapenem;_cephalosporin;_glycylcycline;_cephamycin;_penam;_tetracycline_antibiotic;_rifamycin_antibiotic;_phenicol_antibiotic;_penem;_disinfecting_agents_and_antiseptics	16	375	375	1.0	Enterobacter kobei (no genomic info)
barcode04_9Gb	contig_9757	980062	981256	Enterobacter cloacae acrA_fluoroquinolone_antibiotic;_cephalosporin;_glycylcycline;_penam;_tetracycline_antibiotic;_rifamycin_antibiotic;_phenicol_antibiotic;_disinfecting_agents_and_antiseptics	27	1194	1194	1.0	Enterobacter (chromosome)
barcode04_9Gb	contig_9757	981278	984425	acrB_fluoroquinolone_antibiotic;_cephalosporin;_glycylcycline;_penam;_tetracycline_antibiotic;_rifamycin_antibiotic;_phenicol_antibiotic;_disinfecting_agents_and_antiseptics	33	3147	3147	1.0	Unknown taxonomy (chromosome)
barcode04_9Gb	contig_9757	1079675	1080776	vanG_glycopeptide_antibiotic	17	1101	1101	1.0	Enterobacter kobei (chromosome)
barcode04_9Gb	contig_9766	14723	15929	Mef(En2)_macrolide_antibiotic;_lincosamide_antibiotic	34	1206	1206	1.0	Unknown taxonomy (chromosome)
barcode04_9Gb	contig_9816	97545	99219	eptB_peptide_antibiotic	11	1674	1674	1.0	Klebsiella (chromosome)
barcode04_9Gb	contig_9837	28562	29723	vanT gene in vanG cluster_glycopeptide_antibiotic	10	1161	1161	1.0	
barcode04_9Gb	contig_984	72388	73693	Acinetobacter baumannii AbaQ_fluoroquinolone_antibiotic	20	1305	1305	1.0	
barcode04_9Gb	contig_9842	41983	43375	Escherichia coli UhpT with mutation conferring resistance to fosfomycin_phosphonic_acid_antibiotic	9	1392	1392	1.0	Citrobacter (chromosome or plasmid)
barcode04_9Gb	contig_9907	5636	6770	CMY-48_cephamycin	6	1134	1134	1.0	Citrobacter freundii (chromosome or plasmid)
barcode04_9Gb	contig_9909	60730	63844	acrD_aminoglycoside_antibiotic	14	3114	3114	1.0	Enterobacter (chromosome)
barcode04_9Gb	contig_9916	22989	24060	OmpA_peptide_antibiotic	5	1071	1071	1.0	Klebsiella (chromosome or plasmid)
barcode04_9Gb	contig_9963	11364	11709	qacG_disinfecting_agents_and_antiseptics	17	345	345	1.0	Unknown taxonomy (chromosome or plasmid)
barcode05_03Gb	contig_129	243812	244922	vanT gene in vanG cluster_glycopeptide_antibiotic	13	1110	1110	1.0	
barcode05_03Gb	contig_131	123903	125139	vanW gene in vanI cluster_glycopeptide_antibiotic	17	1236	1236	1.0	
barcode05_03Gb	contig_146	24735	25617	KPC-2_monobactam;_carbapenem;_cephalosporin;_penam	21	882	882	1.0	Unknown taxonomy (chromosome or plasmid)
barcode05_03Gb	contig_163	32849	33215	qacG_disinfecting_agents_and_antiseptics	16	366	366	1.0	Acinetobacter johnsonii (chromosome)
barcode05_03Gb	contig_260	3334	4522	tet(39)_tetracycline_antibiotic	12	1188	1188	1.0	Unknown taxonomy (plasmid)
barcode05_03Gb	contig_36	266919	267801	vanW gene in vanG cluster_glycopeptide_antibiotic	21	882	882	1.0	Acinetobacter johnsonii (chromosome)
barcode05_03Gb	contig_455	2	449	vanW gene in vanB cluster_glycopeptide_antibiotic	3	447	447	1.0	
barcode05_03Gb	contig_455	445	862	vanW gene in vanB cluster_glycopeptide_antibiotic	3	417	417	1.0	
barcode05_03Gb	contig_495	16380	16875	lnuC_lincosamide_antibiotic	5	495	495	1.0	Unknown taxonomy (chromosome or plasmid)
barcode05_03Gb	contig_60	16168	16993	OXA-644_carbapenem;_penam	18	825	825	1.0	Acinetobacter johnsonii (chromosome)
barcode05_03Gb	contig_86	125519	126026	nimK_nitroimidazole_antibiotic	9	507	507	1.0	
barcode05_03Gb	contig_86	381728	384920	adeF_fluoroquinolone_antibiotic;_tetracycline_antibiotic	12	3192	3192	1.0	
barcode05_03Gb	contig_93	40028	40283	rsmA_fluoroquinolone_antibiotic;_diaminopyrimidine_antibiotic;_phenicol_antibiotic	13	255	255	1.0	
barcode05_05Gb	contig_105	16877	17759	vanW gene in vanG cluster_glycopeptide_antibiotic	29	882	882	1.0	Acinetobacter johnsonii (chromosome)
barcode05_05Gb	contig_168	5569	6481	tet(O)_tetracycline_antibiotic	8	912	912	1.0	Unknown taxonomy (chromosome or plasmid)
barcode05_05Gb	contig_211	1485	2586	LpsB_peptide_antibiotic	3	1101	1101	1.0	Acinetobacter baumannii (chromosome or plasmid)
barcode05_05Gb	contig_215	895596	896832	vanW gene in vanI cluster_glycopeptide_antibiotic	21	1236	1236	1.0	
barcode05_05Gb	contig_215	1598850	1599357	nimK_nitroimidazole_antibiotic	22	507	507	1.0	
barcode05_05Gb	contig_215	1854855	1858047	adeF_fluoroquinolone_antibiotic;_tetracycline_antibiotic	22	3192	3192	1.0	
barcode05_05Gb	contig_215	2103991	2105101	vanT gene in vanG cluster_glycopeptide_antibiotic	19	1110	1110	1.0	
barcode05_05Gb	contig_27	25442	26627	Escherichia coli EF-Tu mutants conferring resistance to Pulvomycin_elfamycin_antibiotic	26	1185	1185	1.0	Aeromonas caviae (chromosome or plasmid)
barcode05_05Gb	contig_31	26251	26653	FosA8_phosphonic_acid_antibiotic	8	402	402	1.0	Aeromonas caviae (chromosome or plasmid)
barcode05_05Gb	contig_315	4826	5999	vanT gene in vanG cluster_glycopeptide_antibiotic	4	1173	1173	1.0	
barcode05_05Gb	contig_330	5447	6686	Mrx_macrolide_antibiotic	21	1239	1239	1.0	Unknown taxonomy (chromosome or plasmid)
barcode05_05Gb	contig_330	6682	7588	mphA_macrolide_antibiotic	19	906	906	1.0	Unknown taxonomy (chromosome or plasmid)
barcode05_05Gb	contig_331	1509	2349	sul1_sulfonamide_antibiotic	25	840	840	1.0	Unknown taxonomy (chromosome or plasmid)
barcode05_05Gb	contig_331	2342	2690	qacEdelta1_disinfecting_agents_and_antiseptics	22	348	348	1.0	Unknown taxonomy (chromosome or plasmid)
barcode05_05Gb	contig_356	11007	12483	msrE_macrolide_antibiotic;_streptogramin_antibiotic	26	1476	1476	1.0	Unknown taxonomy (chromosome or plasmid)
barcode05_05Gb	contig_356	12538	13423	mphE_macrolide_antibiotic	24	885	885	1.0	Unknown taxonomy (chromosome or plasmid)
barcode05_05Gb	contig_356	14449	15637	tet(39)_tetracycline_antibiotic	14	1188	1188	1.0	Unknown taxonomy (plasmid)
barcode05_05Gb	contig_357	14229	15111	KPC-2_monobactam;_carbapenem;_cephalosporin;_penam	31	882	882	1.0	Unknown taxonomy (chromosome or plasmid)
barcode05_05Gb	contig_423	1396	2281	mphE_macrolide_antibiotic	5	885	885	1.0	Unknown taxonomy (chromosome or plasmid)
barcode05_05Gb	contig_481	7317	7527	rsmA_fluoroquinolone_antibiotic;_diaminopyrimidine_antibiotic;_phenicol_antibiotic	7	210	210	1.0	
barcode05_05Gb	contig_56	19725	20550	OXA-644_carbapenem;_penam	36	825	825	1.0	Acinetobacter johnsonii (chromosome)
barcode05_05Gb	contig_563	109990	110356	qacG_disinfecting_agents_and_antiseptics	18	366	366	1.0	Acinetobacter johnsonii (chromosome)
barcode05_05Gb	contig_679	11588	12386	ADC-30_cephalosporin	3	798	798	1.0	Acinetobacter baumannii (chromosome or plasmid)
barcode05_05Gb	contig_704	21694	22855	vanT gene in vanG cluster_glycopeptide_antibiotic	3	1161	1161	1.0	
barcode05_05Gb	contig_710	11754	12120	BRP(MBL)_glycopeptide_antibiotic	5	366	366	1.0	Unknown taxonomy (chromosome or plasmid)
barcode05_05Gb	contig_710	12123	12936	NDM-1_carbapenem;_cephalosporin;_cephamycin;_penam	4	813	813	1.0	Unknown taxonomy (chromosome or plasmid)
barcode05_05Gb	contig_728	7924	8704	APH(3')-VIa_aminoglycoside_antibiotic	8	780	780	1.0	Unknown taxonomy (chromosome or plasmid)
barcode05_05Gb	contig_804	2309	3956	eptA_peptide_antibiotic	4	1647	1647	1.0	Escherichia coli (chromosome or plasmid)
barcode05_05Gb	contig_823	7153	8608	adeK_macrolide_antibiotic;_fluoroquinolone_antibiotic;_lincosamide_antibiotic;_carbapenem;_cephalosporin;_tetracycline_antibiotic;_rifamycin_antibiotic;_diaminopyrimidine_antibiotic;_phenicol_antibiotic;_penem	5	1455	1455	1.0	Acinetobacter baumannii (chromosome or plasmid)
barcode05_05Gb	contig_831	9592	10579	vanH gene in vanO cluster_glycopeptide_antibiotic	7	987	987	1.0	
barcode05_05Gb	contig_844	17029	17824	OXA-504_penam	9	795	795	1.0	Aeromonas caviae (chromosome or plasmid)
barcode05_05Gb	contig_9	332085	332340	rsmA_fluoroquinolone_antibiotic;_diaminopyrimidine_antibiotic;_phenicol_antibiotic	34	255	255	1.0	
barcode05_05Gb	contig_99	51216	52326	vanT gene in vanG cluster_glycopeptide_antibiotic	11	1110	1110	1.0	
barcode05_1Gb	contig_1009	22533	23316	APH(3')-Ia_aminoglycoside_antibiotic	10	783	783	1.0	Unknown taxonomy (chromosome or plasmid)
barcode05_1Gb	contig_1031	30265	31909	eptA_peptide_antibiotic	9	1644	1644	1.0	Escherichia coli (chromosome or plasmid)
barcode05_1Gb	contig_1056	4242	5781	emrY_tetracycline_antibiotic	5	1539	1539	1.0	Unknown taxonomy (chromosome or plasmid)
barcode05_1Gb	contig_1056	5780	6837	emrK_tetracycline_antibiotic	4	1057	1057	1.0	Unknown taxonomy (chromosome or plasmid)
barcode05_1Gb	contig_1056	7360	7975	evgA_macrolide_antibiotic;_fluoroquinolone_antibiotic;_penam;_tetracycline_antibiotic	4	615	615	1.0	Escherichia coli (chromosome or plasmid)
barcode05_1Gb	contig_1071	1449	2781	vanW gene in vanI cluster_glycopeptide_antibiotic	5	1332	1332	1.0	
barcode05_1Gb	contig_1079	3976	5164	tet(39)_tetracycline_antibiotic	11	1188	1188	1.0	Unknown taxonomy (plasmid)
barcode05_1Gb	contig_1091	35493	36982	TolC_macrolide_antibiotic;_fluoroquinolone_antibiotic;_aminoglycoside_antibiotic;_carbapenem;_cephalosporin;_glycylcycline;_cephamycin;_penam;_tetracycline_antibiotic;_peptide_antibiotic;_aminocoumarin_antibiotic;_rifamycin_antibiotic;_phenicol_antibiotic;_penem;_disinfecting_agents_and_antiseptics	10	1489	1489	1.0	Unknown taxonomy (chromosome or plasmid)
barcode05_1Gb	contig_1120	2646	3393	SHV-53_carbapenem;_cephalosporin;_penam	4	747	747	1.0	Unknown taxonomy (chromosome or plasmid)
barcode05_1Gb	contig_1216	46382	47369	vanH gene in vanO cluster_glycopeptide_antibiotic	6	987	987	1.0	
barcode05_1Gb	contig_1244	6648	7377	gadW_macrolide_antibiotic;_fluoroquinolone_antibiotic;_penam	4	729	729	1.0	Escherichia coli (chromosome)
barcode05_1Gb	contig_1244	10880	12038	mdtE_macrolide_antibiotic;_fluoroquinolone_antibiotic;_penam	6	1158	1158	1.0	Unknown taxonomy (chromosome)
barcode05_1Gb	contig_1376	61565	63332	Haemophilus influenzae PBP3 conferring resistance to beta-lactam antibiotics_cephalosporin;_cephamycin;_penam	7	1767	1767	1.0	Unknown taxonomy (chromosome or plasmid)
barcode05_1Gb	contig_1449	145523	146870	abeM_fluoroquinolone_antibiotic;_disinfecting_agents_and_antiseptics	11	1347	1347	1.0	Acinetobacter baumannii (chromosome or plasmid)
barcode05_1Gb	contig_1449	191311	192412	LpsB_peptide_antibiotic	7	1101	1101	1.0	Acinetobacter baumannii (chromosome or plasmid)
barcode05_1Gb	contig_1451	80158	81613	adeK_macrolide_antibiotic;_fluoroquinolone_antibiotic;_lincosamide_antibiotic;_carbapenem;_cephalosporin;_tetracycline_antibiotic;_rifamycin_antibiotic;_diaminopyrimidine_antibiotic;_phenicol_antibiotic;_penem	7	1455	1455	1.0	Acinetobacter baumannii (chromosome or plasmid)
barcode05_1Gb	contig_1451	84804	86055	adeI_macrolide_antibiotic;_fluoroquinolone_antibiotic;_lincosamide_antibiotic;_carbapenem;_cephalosporin;_tetracycline_antibiotic;_rifamycin_antibiotic;_diaminopyrimidine_antibiotic;_phenicol_antibiotic;_penem	6	1251	1251	1.0	Acinetobacter baumannii (chromosome or plasmid)
barcode05_1Gb	contig_149	410557	411715	vanT gene in vanG cluster_glycopeptide_antibiotic	9	1158	1158	1.0	
barcode05_1Gb	contig_1517	1015	1546	emrR_fluoroquinolone_antibiotic	4	531	531	1.0	Citrobacter freundii (chromosome)
barcode05_1Gb	contig_1517	1675	2848	emrA_fluoroquinolone_antibiotic	4	1173	1173	1.0	Citrobacter portucalensis (no genomic info)
barcode05_1Gb	contig_1524	7484	8048	lnuC_lincosamide_antibiotic	12	564	564	1.0	Unknown taxonomy (chromosome or plasmid)
barcode05_1Gb	contig_1525	80	575	lnuC_lincosamide_antibiotic	6	495	495	1.0	Unknown taxonomy (chromosome or plasmid)
barcode05_1Gb	contig_1543	7063	8602	vanT gene in vanG cluster_glycopeptide_antibiotic	6	1539	1539	1.0	
barcode05_1Gb	contig_1638	17469	19395	tet(Q)_tetracycline_antibiotic	10	1926	1926	1.0	Unknown taxonomy (chromosome)
barcode05_1Gb	contig_1641	4007	5774	Haemophilus influenzae PBP3 conferring resistance to beta-lactam antibiotics_cephalosporin;_cephamycin;_penam	4	1767	1767	1.0	Enterobacter (chromosome or plasmid)
barcode05_1Gb	contig_17	964533	965643	vanT gene in vanG cluster_glycopeptide_antibiotic	49	1110	1110	1.0	
barcode05_1Gb	contig_17	1211676	1214868	adeF_fluoroquinolone_antibiotic;_tetracycline_antibiotic	39	3192	3192	1.0	
barcode05_1Gb	contig_17	1470382	1470889	nimK_nitroimidazole_antibiotic	41	507	507	1.0	
barcode05_1Gb	contig_17	2172900	2174136	vanW gene in vanI cluster_glycopeptide_antibiotic	38	1236	1236	1.0	
barcode05_1Gb	contig_1721	17995	19990	lmrD_lincosamide_antibiotic	9	1995	1995	1.0	
barcode05_1Gb	contig_1733	2855	3200	qacG_disinfecting_agents_and_antiseptics	22	345	345	1.0	Acinetobacter johnsonii (chromosome)
barcode05_1Gb	contig_1734	10361	11546	Escherichia coli EF-Tu mutants conferring resistance to Pulvomycin_elfamycin_antibiotic	13	1185	1185	1.0	Unknown taxonomy (chromosome or plasmid)
barcode05_1Gb	contig_1773	2952	4083	vanT gene in vanG cluster_glycopeptide_antibiotic	3	1131	1131	1.0	
barcode05_1Gb	contig_1792	48605	49097	ANT(3'')-IIb_aminoglycoside_antibiotic	13	492	492	1.0	Acinetobacter baumannii (chromosome or plasmid)
barcode05_1Gb	contig_1824	4863	5643	APH(3')-VIa_aminoglycoside_antibiotic	13	780	780	1.0	Unknown taxonomy (chromosome or plasmid)
barcode05_1Gb	contig_1824	8058	8940	KPC-2_monobactam;_carbapenem;_cephalosporin;_penam	14	882	882	1.0	Unknown taxonomy (chromosome or plasmid)
barcode05_1Gb	contig_1857	52863	53610	vanY gene in vanG cluster_glycopeptide_antibiotic	7	747	747	1.0	
barcode05_1Gb	contig_1901	33912	37026	acrD_aminoglycoside_antibiotic	12	3114	3114	1.0	Escherichia coli (chromosome or plasmid)
barcode05_1Gb	contig_1904	12680	14600	tet(O)_tetracycline_antibiotic	18	1920	1920	1.0	Unknown taxonomy (chromosome or plasmid)
barcode05_1Gb	contig_1912	3166	3511	qacG_disinfecting_agents_and_antiseptics	22	345	345	1.0	Acinetobacter johnsonii (chromosome)
barcode05_1Gb	contig_1914	37931	38495	lnuC_lincosamide_antibiotic	5	564	564	1.0	Unknown taxonomy (chromosome or plasmid)
barcode05_1Gb	contig_1917	39335	39989	adeN_macrolide_antibiotic;_fluoroquinolone_antibiotic;_lincosamide_antibiotic;_carbapenem;_cephalosporin;_tetracycline_antibiotic;_rifamycin_antibiotic;_diaminopyrimidine_antibiotic;_phenicol_antibiotic;_penem	6	654	654	1.0	Acinetobacter baumannii (chromosome or plasmid)
barcode05_1Gb	contig_22	235342	235597	rsmA_fluoroquinolone_antibiotic;_diaminopyrimidine_antibiotic;_phenicol_antibiotic	46	255	255	1.0	
barcode05_1Gb	contig_23	95187	96012	OXA-644_carbapenem;_penam	64	825	825	1.0	Acinetobacter johnsonii (chromosome)
barcode05_1Gb	contig_240	18863	21083	Acinetobacter baumannii parC conferring resistance to fluoroquinolones_fluoroquinolone_antibiotic	8	2220	2220	1.0	Acinetobacter baumannii (chromosome or plasmid)
barcode05_1Gb	contig_264	161245	162127	vanW gene in vanG cluster_glycopeptide_antibiotic	64	882	882	1.0	Acinetobacter johnsonii (chromosome)
barcode05_1Gb	contig_287	51874	52393	emrR_fluoroquinolone_antibiotic	9	519	519	1.0	Unknown taxonomy (chromosome or plasmid)
barcode05_1Gb	contig_323	72645	72834	rsmA_fluoroquinolone_antibiotic;_diaminopyrimidine_antibiotic;_phenicol_antibiotic	22	189	189	1.0	
barcode05_1Gb	contig_323	196768	197170	FosA8_phosphonic_acid_antibiotic	14	402	402	1.0	Aeromonas caviae (chromosome or plasmid)
barcode05_1Gb	contig_333	12525	13305	APH(3')-VIa_aminoglycoside_antibiotic	20	780	780	1.0	Unknown taxonomy (chromosome or plasmid)
barcode05_1Gb	contig_336	3769	4117	qacEdelta1_disinfecting_agents_and_antiseptics	42	348	348	1.0	Unknown taxonomy (chromosome or plasmid)
barcode05_1Gb	contig_336	4110	4950	sul1_sulfonamide_antibiotic	38	840	840	1.0	Unknown taxonomy (chromosome or plasmid)
barcode05_1Gb	contig_336	9025	10264	Mrx_macrolide_antibiotic	33	1239	1239	1.0	Unknown taxonomy (chromosome or plasmid)
barcode05_1Gb	contig_336	10260	11166	mphA_macrolide_antibiotic	37	906	906	1.0	Unknown taxonomy (chromosome or plasmid)
barcode05_1Gb	contig_336	13223	13571	qacEdelta1_disinfecting_agents_and_antiseptics	17	348	348	1.0	Unknown taxonomy (chromosome or plasmid)
barcode05_1Gb	contig_336	13776	14565	aadA5_aminoglycoside_antibiotic	7	789	789	1.0	Unknown taxonomy (chromosome or plasmid)
barcode05_1Gb	contig_336	14696	15296	dfrA17_diaminopyrimidine_antibiotic	9	600	600	1.0	Unknown taxonomy (chromosome or plasmid)
barcode05_1Gb	contig_396	11151	11946	OXA-504_penam	12	795	795	1.0	Aeromonas caviae (chromosome or plasmid)
barcode05_1Gb	contig_4	621300	622410	vanT gene in vanG cluster_glycopeptide_antibiotic	10	1110	1110	1.0	
barcode05_1Gb	contig_415	8579	10028	adeH_fluoroquinolone_antibiotic;_tetracycline_antibiotic	7	1449	1449	1.0	Acinetobacter baumannii (chromosome or plasmid)
barcode05_1Gb	contig_415	10040	11906	adeF_fluoroquinolone_antibiotic;_tetracycline_antibiotic	4	1866	1866	1.0	Acinetobacter baumannii (chromosome or plasmid)
barcode05_1Gb	contig_415	13230	14451	adeG_fluoroquinolone_antibiotic;_tetracycline_antibiotic	3	1221	1221	1.0	Acinetobacter baumannii (chromosome or plasmid)
barcode05_1Gb	contig_415	14666	15680	adeL_fluoroquinolone_antibiotic;_tetracycline_antibiotic	4	1014	1014	1.0	Acinetobacter baumannii (chromosome or plasmid)
barcode05_1Gb	contig_415	18989	19319	abeS_macrolide_antibiotic;_aminocoumarin_antibiotic	4	330	330	1.0	Acinetobacter baumannii (chromosome or plasmid)
barcode05_1Gb	contig_417	41001	41793	ADC-58_cephalosporin	7	792	792	1.0	Acinetobacter baumannii (chromosome or plasmid)
barcode05_1Gb	contig_465	16709	17174	AAC(3)-Ia_aminoglycoside_antibiotic	4	465	465	1.0	Unknown taxonomy (chromosome or plasmid)
barcode05_1Gb	contig_482	54794	57272	vanT gene in vanG cluster_glycopeptide_antibiotic	18	2478	2478	1.0	
barcode05_1Gb	contig_491	42190	42823	CRP_macrolide_antibiotic;_fluoroquinolone_antibiotic;_penam	14	633	633	1.0	Citrobacter freundii (chromosome or plasmid)
barcode05_1Gb	contig_55	10234	10897	AcrS_fluoroquinolone_antibiotic;_cephalosporin;_glycylcycline;_cephamycin;_penam;_tetracycline_antibiotic;_rifamycin_antibiotic;_phenicol_antibiotic;_disinfecting_agents_and_antiseptics	10	663	663	1.0	Unknown taxonomy (chromosome or plasmid)
barcode05_1Gb	contig_67	84374	85559	Escherichia coli EF-Tu mutants conferring resistance to Pulvomycin_elfamycin_antibiotic	27	1185	1185	1.0	Aeromonas caviae (chromosome or plasmid)
barcode05_1Gb	contig_7	344225	344591	qacG_disinfecting_agents_and_antiseptics	44	366	366	1.0	Acinetobacter johnsonii (chromosome)
barcode05_1Gb	contig_70	11142	12027	mphE_macrolide_antibiotic	30	885	885	1.0	Unknown taxonomy (chromosome or plasmid)
barcode05_1Gb	contig_70	12082	13558	msrE_macrolide_antibiotic;_streptogramin_antibiotic	31	1476	1476	1.0	Unknown taxonomy (chromosome or plasmid)
barcode05_1Gb	contig_70	15291	16119	OXA-253_carbapenem;_penam	18	828	828	1.0	Acinetobacter baumannii (chromosome)
barcode05_1Gb	contig_74	9230	10112	KPC-2_monobactam;_carbapenem;_cephalosporin;_penam	52	882	882	1.0	Unknown taxonomy (chromosome or plasmid)
barcode05_1Gb	contig_749	30566	31451	mphE_macrolide_antibiotic	25	885	885	1.0	Unknown taxonomy (chromosome or plasmid)
barcode05_1Gb	contig_767	8240	9116	CTX-M-15_cephalosporin;_penam	8	876	876	1.0	Unknown taxonomy (chromosome or plasmid)
barcode05_1Gb	contig_768	3564	4803	Mrx_macrolide_antibiotic	17	1239	1239	1.0	Unknown taxonomy (chromosome or plasmid)
barcode05_1Gb	contig_768	4799	5705	mphA_macrolide_antibiotic	19	906	906	1.0	Unknown taxonomy (chromosome or plasmid)
barcode05_1Gb	contig_777	318	1179	TEM-1_monobactam;_cephalosporin;_penam;_penem	11	861	861	1.0	Unknown taxonomy (chromosome or plasmid)
barcode05_1Gb	contig_779	4744	5344	AAC(6')-Ib-cr6_fluoroquinolone_antibiotic;_aminoglycoside_antibiotic	23	600	600	1.0	Unknown taxonomy (chromosome or plasmid)
barcode05_1Gb	contig_779	5474	6305	OXA-1_cephalosporin;_penam	19	831	831	1.0	Unknown taxonomy (chromosome or plasmid)
barcode05_1Gb	contig_779	6442	7075	catB3_phenicol_antibiotic	18	633	633	1.0	Unknown taxonomy (chromosome or plasmid)
barcode05_1Gb	contig_779	7159	7612	arr-3_rifamycin_antibiotic	18	453	453	1.0	Unknown taxonomy (chromosome or plasmid)
barcode05_1Gb	contig_779	7834	8182	qacEdelta1_disinfecting_agents_and_antiseptics	28	348	348	1.0	Unknown taxonomy (chromosome or plasmid)
barcode05_1Gb	contig_779	8175	9015	sul1_sulfonamide_antibiotic	25	840	840	1.0	Unknown taxonomy (chromosome or plasmid)
barcode05_1Gb	contig_947	23742	23928	rsmA_fluoroquinolone_antibiotic;_diaminopyrimidine_antibiotic;_phenicol_antibiotic	12	186	186	1.0	Unknown taxonomy (chromosome or plasmid)
barcode05_1Gb	contig_948	31263	31941	kdpE_aminoglycoside_antibiotic	11	678	678	1.0	Escherichia coli (chromosome or plasmid)
barcode05_1Gb	contig_955	1644	2904	cmlA5_phenicol_antibiotic	10	1260	1260	1.0	Unknown taxonomy (chromosome or plasmid)
barcode05_1Gb	contig_955	3022	3922	VEB-1_monobactam;_cephalosporin	6	900	900	1.0	Unknown taxonomy (chromosome or plasmid)
barcode05_1Gb	contig_955	4066	4600	ANT(2'')-Ia_aminoglycoside_antibiotic	16	534	534	1.0	Unknown taxonomy (chromosome or plasmid)
barcode05_3Gb	contig_1	489464	490538	vanT gene in vanG cluster_glycopeptide_antibiotic	49	1074	1074	1.0	
barcode05_3Gb	contig_1101	43959	45933	tet(Q)_tetracycline_antibiotic	24	1974	1974	1.0	Unknown taxonomy (chromosome)
barcode05_3Gb	contig_1102	976	1777	ErmF_macrolide_antibiotic;_lincosamide_antibiotic;_streptogramin_antibiotic;_streptogramin_A_antibiotic;_streptogramin_B_antibiotic	15	801	801	1.0	Unknown taxonomy (chromosome or plasmid)
barcode05_3Gb	contig_1108	316353	316917	lnuC_lincosamide_antibiotic	23	564	564	1.0	Unknown taxonomy (chromosome or plasmid)
barcode05_3Gb	contig_1108	385077	388230	adeF_fluoroquinolone_antibiotic;_tetracycline_antibiotic	18	3153	3153	1.0	
barcode05_3Gb	contig_1108	1223102	1223666	lnuC_lincosamide_antibiotic	34	564	564	1.0	Unknown taxonomy (chromosome or plasmid)
barcode05_3Gb	contig_1108	2196275	2197769	vanW gene in vanI cluster_glycopeptide_antibiotic	19	1494	1494	1.0	
barcode05_3Gb	contig_1108	2268170	2269373	vanT gene in vanG cluster_glycopeptide_antibiotic	12	1203	1203	1.0	
barcode05_3Gb	contig_1133	19258	20119	TEM-1_monobactam;_cephalosporin;_penam;_penem	30	861	861	1.0	Unknown taxonomy (chromosome or plasmid)
barcode05_3Gb	contig_1143	688	1852	Mrx_macrolide_antibiotic	38	1164	1164	1.0	Unknown taxonomy (chromosome or plasmid)
barcode05_3Gb	contig_1158	1294999	1296109	vanT gene in vanG cluster_glycopeptide_antibiotic	28	1110	1110	1.0	
barcode05_3Gb	contig_1180	37619	37874	rsmA_fluoroquinolone_antibiotic;_diaminopyrimidine_antibiotic;_phenicol_antibiotic	124	255	255	1.0	
barcode05_3Gb	contig_1185	28401	29289	vanW gene in vanG cluster_glycopeptide_antibiotic	6	888	888	1.0	
barcode05_3Gb	contig_1194	71689	72874	Escherichia coli EF-Tu mutants conferring resistance to Pulvomycin_elfamycin_antibiotic	46	1185	1185	1.0	Aeromonas caviae (chromosome or plasmid)
barcode05_3Gb	contig_1194	90894	92079	Escherichia coli EF-Tu mutants conferring resistance to Pulvomycin_elfamycin_antibiotic	56	1185	1185	1.0	Aeromonas caviae (chromosome or plasmid)
barcode05_3Gb	contig_1288	111500	113978	vanT gene in vanG cluster_glycopeptide_antibiotic	47	2478	2478	1.0	
barcode05_3Gb	contig_1452	255648	257103	adeK_macrolide_antibiotic;_fluoroquinolone_antibiotic;_lincosamide_antibiotic;_carbapenem;_cephalosporin;_tetracycline_antibiotic;_rifamycin_antibiotic;_diaminopyrimidine_antibiotic;_phenicol_antibiotic;_penem	21	1455	1455	1.0	Acinetobacter baumannii (chromosome or plasmid)
barcode05_3Gb	contig_1452	257102	260279	adeJ_macrolide_antibiotic;_fluoroquinolone_antibiotic;_lincosamide_antibiotic;_carbapenem;_cephalosporin;_tetracycline_antibiotic;_rifamycin_antibiotic;_diaminopyrimidine_antibiotic;_phenicol_antibiotic;_penem	16	3177	3177	1.0	Acinetobacter baumannii (chromosome or plasmid)
barcode05_3Gb	contig_1452	260291	261542	adeI_macrolide_antibiotic;_fluoroquinolone_antibiotic;_lincosamide_antibiotic;_carbapenem;_cephalosporin;_tetracycline_antibiotic;_rifamycin_antibiotic;_diaminopyrimidine_antibiotic;_phenicol_antibiotic;_penem	17	1251	1251	1.0	Acinetobacter baumannii (chromosome or plasmid)
barcode05_3Gb	contig_1452	606318	607110	ADC-58_cephalosporin	13	792	792	1.0	Acinetobacter baumannii (chromosome or plasmid)
barcode05_3Gb	contig_1452	711697	713146	adeH_fluoroquinolone_antibiotic;_tetracycline_antibiotic	19	1449	1449	1.0	Acinetobacter baumannii (chromosome or plasmid)
barcode05_3Gb	contig_1452	713158	716338	adeF_fluoroquinolone_antibiotic;_tetracycline_antibiotic	17	3180	3180	1.0	Acinetobacter baumannii (chromosome or plasmid)
barcode05_3Gb	contig_1452	716344	717565	adeG_fluoroquinolone_antibiotic;_tetracycline_antibiotic	16	1221	1221	1.0	Acinetobacter baumannii (chromosome or plasmid)
barcode05_3Gb	contig_1452	717780	718794	adeL_fluoroquinolone_antibiotic;_tetracycline_antibiotic	18	1014	1014	1.0	Acinetobacter baumannii (chromosome or plasmid)
barcode05_3Gb	contig_1452	722102	722432	abeS_macrolide_antibiotic;_aminocoumarin_antibiotic	20	330	330	1.0	Acinetobacter baumannii (chromosome or plasmid)
barcode05_3Gb	contig_1452	980646	982125	Acinetobacter baumannii AmvA_macrolide_antibiotic;_disinfecting_agents_and_antiseptics	15	1479	1479	1.0	Acinetobacter baumannii (chromosome or plasmid)
barcode05_3Gb	contig_166	6423	7260	APH(6)-Id_aminoglycoside_antibiotic	27	837	837	1.0	Unknown taxonomy (chromosome or plasmid)
barcode05_3Gb	contig_166	7259	8123	APH(3'')-Ib_aminoglycoside_antibiotic	17	864	864	1.0	Unknown taxonomy (chromosome or plasmid)
barcode05_3Gb	contig_1662	53103	54588	lsaE_lincosamide_antibiotic;_streptogramin_antibiotic;_pleuromutilin_antibiotic	10	1485	1485	1.0	Streptococcus (chromosome or plasmid)
barcode05_3Gb	contig_1662	54641	55445	lnuB_lincosamide_antibiotic	10	804	804	1.0	Unknown taxonomy (chromosome or plasmid)
barcode05_3Gb	contig_1675	2939	3821	KPC-2_monobactam;_carbapenem;_cephalosporin;_penam	35	882	882	1.0	Unknown taxonomy (chromosome or plasmid)
barcode05_3Gb	contig_1682	102558	102903	qacG_disinfecting_agents_and_antiseptics	134	345	345	1.0	Acinetobacter johnsonii (chromosome)
barcode05_3Gb	contig_1754	2935	3763	OXA-253_carbapenem;_penam	38	828	828	1.0	Acinetobacter baumannii (chromosome)
barcode05_3Gb	contig_177	639732	640224	ANT(3'')-IIb_aminoglycoside_antibiotic	24	492	492	1.0	Acinetobacter baumannii (chromosome or plasmid)
barcode05_3Gb	contig_177	699745	701965	Acinetobacter baumannii parC conferring resistance to fluoroquinolones_fluoroquinolone_antibiotic	26	2220	2220	1.0	Acinetobacter baumannii (chromosome or plasmid)
barcode05_3Gb	contig_177	909151	910498	abeM_fluoroquinolone_antibiotic;_disinfecting_agents_and_antiseptics	18	1347	1347	1.0	Acinetobacter baumannii (chromosome or plasmid)
barcode05_3Gb	contig_177	952417	953518	LpsB_peptide_antibiotic	29	1101	1101	1.0	Acinetobacter baumannii (chromosome or plasmid)
barcode05_3Gb	contig_177	1674951	1675206	rsmA_fluoroquinolone_antibiotic;_diaminopyrimidine_antibiotic;_phenicol_antibiotic	14	255	255	1.0	
barcode05_3Gb	contig_177	1885079	1886369	Acinetobacter baumannii AbaF_phosphonic_acid_antibiotic	10	1290	1290	1.0	Acinetobacter baumannii (chromosome or plasmid)
barcode05_3Gb	contig_177	2136540	2137365	OXA-441_carbapenem;_penam	14	825	825	1.0	Acinetobacter baumannii (chromosome or plasmid)
barcode05_3Gb	contig_177	2512900	2514205	Acinetobacter baumannii AbaQ_fluoroquinolone_antibiotic	16	1305	1305	1.0	Acinetobacter baumannii (chromosome or plasmid)
barcode05_3Gb	contig_1871	17327	18512	Escherichia coli EF-Tu mutants conferring resistance to Pulvomycin_elfamycin_antibiotic	40	1185	1185	1.0	Aeromonas caviae (chromosome or plasmid)
barcode05_3Gb	contig_1922	77064	78297	Escherichia coli mdfA_tetracycline_antibiotic;_disinfecting_agents_and_antiseptics	13	1233	1233	1.0	Escherichia coli (chromosome or plasmid)
barcode05_3Gb	contig_1970	104966	105155	rsmA_fluoroquinolone_antibiotic;_diaminopyrimidine_antibiotic;_phenicol_antibiotic	54	189	189	1.0	
barcode05_3Gb	contig_1970	228713	229115	FosA8_phosphonic_acid_antibiotic	31	402	402	1.0	Aeromonas caviae (chromosome or plasmid)
barcode05_3Gb	contig_1993	4442	5246	APH(3'')-Ib_aminoglycoside_antibiotic	5	804	804	1.0	Unknown taxonomy (chromosome or plasmid)
barcode05_3Gb	contig_1993	6125	7316	tet(C)_tetracycline_antibiotic	17	1191	1191	1.0	Unknown taxonomy (chromosome or plasmid)
barcode05_3Gb	contig_1998	1772	2552	APH(3')-VIa_aminoglycoside_antibiotic	31	780	780	1.0	Unknown taxonomy (chromosome or plasmid)
barcode05_3Gb	contig_2004	1819	2659	sul1_sulfonamide_antibiotic	28	840	840	1.0	Unknown taxonomy (chromosome or plasmid)
barcode05_3Gb	contig_2004	2652	3000	qacEdelta1_disinfecting_agents_and_antiseptics	21	348	348	1.0	Unknown taxonomy (chromosome or plasmid)
barcode05_3Gb	contig_2005	7825	8284	AAC(6')-Il_aminoglycoside_antibiotic	41	459	459	1.0	Unknown taxonomy (chromosome or plasmid)
barcode05_3Gb	contig_2005	8357	9221	GES-1_carbapenem;_cephalosporin;_penam	39	864	864	1.0	Unknown taxonomy (chromosome or plasmid)
barcode05_3Gb	contig_2005	9343	10105	ANT(2'')-Ia_aminoglycoside_antibiotic	24	762	762	1.0	Enterobacter hormaechei (chromosome or plasmid)
barcode05_3Gb	contig_2006	4075	5275	tet(A)_tetracycline_antibiotic	22	1200	1200	1.0	Unknown taxonomy (chromosome or plasmid)
barcode05_3Gb	contig_201	13348	14230	vanW gene in vanG cluster_glycopeptide_antibiotic	169	882	882	1.0	Acinetobacter johnsonii (chromosome)
barcode05_3Gb	contig_2145	7163	7637	dfrA6_diaminopyrimidine_antibiotic	23	474	474	1.0	Unknown taxonomy (chromosome or plasmid)
barcode05_3Gb	contig_2145	7795	8452	QnrVC1_fluoroquinolone_antibiotic	22	657	657	1.0	Unknown taxonomy (chromosome or plasmid)
barcode05_3Gb	contig_2170	3403	4279	CTX-M-55_cephalosporin	5	876	876	1.0	Unknown taxonomy (chromosome or plasmid)
barcode05_3Gb	contig_2170	5060	5798	TEM-244_monobactam;_cephalosporin;_penam;_penem	6	738	738	1.0	Unknown taxonomy (chromosome or plasmid)
barcode05_3Gb	contig_2170	6942	7359	FosA3_phosphonic_acid_antibiotic	5	417	417	1.0	Unknown taxonomy (chromosome or plasmid)
barcode05_3Gb	contig_2245	172674	173805	vanT gene in vanG cluster_glycopeptide_antibiotic	6	1131	1131	1.0	
barcode05_3Gb	contig_2356	23675	24881	Mef(En2)_macrolide_antibiotic;_lincosamide_antibiotic	14	1206	1206	1.0	Unknown taxonomy (chromosome)
barcode05_3Gb	contig_2364	30874	31369	lnuC_lincosamide_antibiotic	17	495	495	1.0	Unknown taxonomy (chromosome or plasmid)
barcode05_3Gb	contig_2367	8606	9206	AAC(6')-Ib-cr6_fluoroquinolone_antibiotic;_aminoglycoside_antibiotic	16	600	600	1.0	Unknown taxonomy (chromosome or plasmid)
barcode05_3Gb	contig_2367	9302	9755	arr-3_rifamycin_antibiotic	14	453	453	1.0	Unknown taxonomy (chromosome or plasmid)
barcode05_3Gb	contig_2367	9977	10229	qacJ_disinfecting_agents_and_antiseptics	20	252	252	1.0	Unknown taxonomy (chromosome or plasmid)
barcode05_3Gb	contig_2367	10319	11357	sul1_sulfonamide_antibiotic	23	1038	1038	1.0	Escherichia coli (chromosome or plasmid)
barcode05_3Gb	contig_2396	13156	14269	vanT gene in vanG cluster_glycopeptide_antibiotic	8	1113	1113	1.0	
barcode05_3Gb	contig_2409	7083	7920	APH(6)-Id_aminoglycoside_antibiotic	27	837	837	1.0	Unknown taxonomy (chromosome or plasmid)
barcode05_3Gb	contig_2559	2537	3020	dfrA14_diaminopyrimidine_antibiotic	8	483	483	1.0	Unknown taxonomy (chromosome or plasmid)
barcode05_3Gb	contig_2559	3045	3861	aadA_aminoglycoside_antibiotic	21	816	816	1.0	Unknown taxonomy (chromosome or plasmid)
barcode05_3Gb	contig_2559	3853	4654	OXA-10_cephalosporin;_penam	27	801	801	1.0	Unknown taxonomy (chromosome or plasmid)
barcode05_3Gb	contig_2559	4918	6178	cmlA5_phenicol_antibiotic	16	1260	1260	1.0	Unknown taxonomy (chromosome or plasmid)
barcode05_3Gb	contig_2631	4812	5628	sul2_sulfonamide_antibiotic	16	816	816	1.0	Unknown taxonomy (chromosome or plasmid)
barcode05_3Gb	contig_2631	6872	7220	qacEdelta1_disinfecting_agents_and_antiseptics	12	348	348	1.0	Unknown taxonomy (chromosome or plasmid)
barcode05_3Gb	contig_2631	7383	8163	aadA_aminoglycoside_antibiotic	21	780	780	1.0	Unknown taxonomy (chromosome or plasmid)
barcode05_3Gb	contig_268	57535	58720	Escherichia coli EF-Tu mutants conferring resistance to Pulvomycin_elfamycin_antibiotic	9	1185	1185	1.0	Unknown taxonomy (chromosome or plasmid)
barcode05_3Gb	contig_2718	2072	2900	OXA-253_carbapenem;_penam	21	828	828	1.0	Acinetobacter baumannii (chromosome)
barcode05_3Gb	contig_2722	547615	549586	tet(O)_tetracycline_antibiotic	10	1971	1971	1.0	
barcode05_3Gb	contig_2722	556494	557667	vanT gene in vanG cluster_glycopeptide_antibiotic	11	1173	1173	1.0	
barcode05_3Gb	contig_2756	3435	4272	APH(6)-Id_aminoglycoside_antibiotic	26	837	837	1.0	Unknown taxonomy (chromosome or plasmid)
barcode05_3Gb	contig_2756	4271	5075	APH(3'')-Ib_aminoglycoside_antibiotic	19	804	804	1.0	Unknown taxonomy (chromosome or plasmid)
barcode05_3Gb	contig_2758	1772	2552	APH(3')-VIa_aminoglycoside_antibiotic	30	780	780	1.0	Unknown taxonomy (chromosome or plasmid)
barcode05_3Gb	contig_2836	489	729	vanY gene in vanB cluster_glycopeptide_antibiotic	3	240	240	1.0	Roseburia hominis (no genomic info)
barcode05_3Gb	contig_284	3249	3906	QnrS2_fluoroquinolone_antibiotic	15	657	657	1.0	Unknown taxonomy (chromosome or plasmid)
barcode05_3Gb	contig_2857	7996	8653	QnrVC1_fluoroquinolone_antibiotic	32	657	657	1.0	Unknown taxonomy (chromosome or plasmid)
barcode05_3Gb	contig_2857	8813	9593	aadA_aminoglycoside_antibiotic	27	780	780	1.0	Unknown taxonomy (chromosome or plasmid)
barcode05_3Gb	contig_2857	10342	10690	qacEdelta1_disinfecting_agents_and_antiseptics	38	348	348	1.0	Unknown taxonomy (chromosome or plasmid)
barcode05_3Gb	contig_2857	10683	11523	sul1_sulfonamide_antibiotic	40	840	840	1.0	Unknown taxonomy (chromosome or plasmid)
barcode05_3Gb	contig_2878	201758	202088	qacG_disinfecting_agents_and_antiseptics	3	330	330	1.0	
barcode05_3Gb	contig_2878	361695	362043	vanY gene in vanA cluster_glycopeptide_antibiotic	7	348	348	1.0	
barcode05_3Gb	contig_2920	72782	73772	vanW gene in vanI cluster_glycopeptide_antibiotic	4	990	990	1.0	
barcode05_3Gb	contig_2946	25110	28287	adeF_fluoroquinolone_antibiotic;_tetracycline_antibiotic	30	3177	3177	1.0	Unknown taxonomy (chromosome)
barcode05_3Gb	contig_3034	136136	139250	acrD_aminoglycoside_antibiotic	11	3114	3114	1.0	Escherichia coli (chromosome or plasmid)
barcode05_3Gb	contig_3034	225550	228937	evgS_macrolide_antibiotic;_fluoroquinolone_antibiotic;_penam;_tetracycline_antibiotic	5	3387	3387	1.0	Unknown taxonomy (chromosome or plasmid)
barcode05_3Gb	contig_3034	228941	229556	evgA_macrolide_antibiotic;_fluoroquinolone_antibiotic;_penam;_tetracycline_antibiotic	6	615	615	1.0	Unknown taxonomy (chromosome or plasmid)
barcode05_3Gb	contig_3034	230080	231137	emrK_tetracycline_antibiotic	6	1057	1057	1.0	Unknown taxonomy (chromosome or plasmid)
barcode05_3Gb	contig_3034	231135	232674	emrY_tetracycline_antibiotic	8	1539	1539	1.0	Escherichia coli (chromosome or plasmid)
barcode05_3Gb	contig_3034	363744	364713	PmrF_peptide_antibiotic	9	969	969	1.0	Escherichia coli (chromosome or plasmid)
barcode05_3Gb	contig_3034	379435	380794	Escherichia coli GlpT with mutation conferring resistance to fosfomycin_phosphonic_acid_antibiotic	24	1359	1359	1.0	Escherichia coli (chromosome or plasmid)
barcode05_3Gb	contig_3034	416012	417656	YojI_peptide_antibiotic	7	1644	1644	1.0	Escherichia coli (chromosome or plasmid)
barcode05_3Gb	contig_3105	5274	6090	sul2_sulfonamide_antibiotic	17	816	816	1.0	Unknown taxonomy (chromosome or plasmid)
barcode05_3Gb	contig_311	132943	134710	Haemophilus influenzae PBP3 conferring resistance to beta-lactam antibiotics_cephalosporin;_cephamycin;_penam	7	1767	1767	1.0	Escherichia coli (chromosome or plasmid)
barcode05_3Gb	contig_311	140811	141756	leuO_nucleoside_antibiotic;_disinfecting_agents_and_antiseptics	7	945	945	1.0	Unknown taxonomy (chromosome or plasmid)
barcode05_3Gb	contig_311	282584	283817	mdtM_fluoroquinolone_antibiotic;_lincosamide_antibiotic;_nucleoside_antibiotic;_phenicol_antibiotic;_disinfecting_agents_and_antiseptics	9	1233	1233	1.0	Unknown taxonomy (chromosome or plasmid)
barcode05_3Gb	contig_311	447839	448973	EC-14_cephalosporin	13	1134	1134	1.0	Unknown taxonomy (chromosome or plasmid)
barcode05_3Gb	contig_311	512989	514633	eptA_peptide_antibiotic	25	1644	1644	1.0	Unknown taxonomy (chromosome or plasmid)
barcode05_3Gb	contig_311	537355	538387	mdtN_nucleoside_antibiotic;_disinfecting_agents_and_antiseptics	14	1032	1032	1.0	Unknown taxonomy (chromosome or plasmid)
barcode05_3Gb	contig_311	563196	563661	Escherichia coli soxR with mutation conferring antibiotic resistance_fluoroquinolone_antibiotic;_cephalosporin;_glycylcycline;_penam;_tetracycline_antibiotic;_rifamycin_antibiotic;_phenicol_antibiotic;_disinfecting_agents_and_antiseptics	24	465	465	1.0	Unknown taxonomy (chromosome or plasmid)
barcode05_3Gb	contig_311	563746	564070	Escherichia coli soxS with mutation conferring antibiotic resistance_fluoroquinolone_antibiotic;_monobactam;_carbapenem;_cephalosporin;_glycylcycline;_cephamycin;_penam;_tetracycline_antibiotic;_rifamycin_antibiotic;_phenicol_antibiotic;_penem;_disinfecting_agents_and_antiseptics	23	324	324	1.0	Unknown taxonomy (chromosome or plasmid)
barcode05_3Gb	contig_311	703268	704453	Escherichia coli EF-Tu mutants conferring resistance to Pulvomycin_elfamycin_antibiotic	33	1185	1185	1.0	Unknown taxonomy (chromosome or plasmid)
barcode05_3Gb	contig_3140	262111	263449	vanW gene in vanI cluster_glycopeptide_antibiotic	9	1338	1338	1.0	
barcode05_3Gb	contig_316	32186	33371	Escherichia coli EF-Tu mutants conferring resistance to Pulvomycin_elfamycin_antibiotic	21	1185	1185	1.0	Enterobacter (chromosome or plasmid)
barcode05_3Gb	contig_316	56537	57170	CRP_macrolide_antibiotic;_fluoroquinolone_antibiotic;_penam	15	633	633	1.0	Enterobacter kobei (chromosome or plasmid)
barcode05_3Gb	contig_316	131808	133464	ArnT_peptide_antibiotic	10	1656	1656	1.0	Enterobacter kobei (chromosome)
barcode05_3Gb	contig_316	136338	137322	PmrF_peptide_antibiotic	13	984	984	1.0	
barcode05_3Gb	contig_3170	146	1334	tet(39)_tetracycline_antibiotic	38	1188	1188	1.0	Unknown taxonomy (plasmid)
barcode05_3Gb	contig_3208	2010	2871	AAC(3)-IIe_aminoglycoside_antibiotic	5	861	861	1.0	Unknown taxonomy (chromosome or plasmid)
barcode05_3Gb	contig_3208	3358	4003	QnrB19_fluoroquinolone_antibiotic	42	645	645	1.0	Unknown taxonomy (chromosome or plasmid)
barcode05_3Gb	contig_334	6999	10104	AcrF_fluoroquinolone_antibiotic;_cephalosporin;_cephamycin;_penam	19	3105	3105	1.0	Escherichia coli (chromosome or plasmid)
barcode05_3Gb	contig_334	10115	11273	AcrE_fluoroquinolone_antibiotic;_cephalosporin;_cephamycin;_penam	23	1158	1158	1.0	Unknown taxonomy (chromosome or plasmid)
barcode05_3Gb	contig_334	11671	12334	AcrS_fluoroquinolone_antibiotic;_cephalosporin;_glycylcycline;_cephamycin;_penam;_tetracycline_antibiotic;_rifamycin_antibiotic;_phenicol_antibiotic;_disinfecting_agents_and_antiseptics	21	663	663	1.0	Unknown taxonomy (chromosome or plasmid)
barcode05_3Gb	contig_334	221541	222363	bacA_peptide_antibiotic	25	822	822	1.0	Unknown taxonomy (chromosome or plasmid)
barcode05_3Gb	contig_334	244760	246249	TolC_macrolide_antibiotic;_fluoroquinolone_antibiotic;_aminoglycoside_antibiotic;_carbapenem;_cephalosporin;_glycylcycline;_cephamycin;_penam;_tetracycline_antibiotic;_peptide_antibiotic;_aminocoumarin_antibiotic;_rifamycin_antibiotic;_phenicol_antibiotic;_penem;_disinfecting_agents_and_antiseptics	22	1489	1489	1.0	Unknown taxonomy (chromosome or plasmid)
barcode05_3Gb	contig_3348	2392	4870	vanT gene in vanG cluster_glycopeptide_antibiotic	16	2478	2478	1.0	
barcode05_3Gb	contig_335	61012	62197	Escherichia coli EF-Tu mutants conferring resistance to Pulvomycin_elfamycin_antibiotic	27	1185	1185	1.0	Enterobacter (chromosome or plasmid)
barcode05_3Gb	contig_3354	2311	2917	AAC(6')-Ib9_aminoglycoside_antibiotic	10	606	606	1.0	Unknown taxonomy (chromosome or plasmid)
barcode05_3Gb	contig_3354	3131	4391	cmlA5_phenicol_antibiotic	6	1260	1260	1.0	Unknown taxonomy (chromosome or plasmid)
barcode05_3Gb	contig_3354	4509	5409	VEB-1_monobactam;_cephalosporin	13	900	900	1.0	Unknown taxonomy (chromosome or plasmid)
barcode05_3Gb	contig_3354	5553	6087	ANT(2'')-Ia_aminoglycoside_antibiotic	17	534	534	1.0	Unknown taxonomy (chromosome or plasmid)
barcode05_3Gb	contig_3354	7479	8901	msrE_macrolide_antibiotic;_streptogramin_antibiotic	18	1422	1422	1.0	Unknown taxonomy (chromosome or plasmid)
barcode05_3Gb	contig_342	5809	6994	Escherichia coli EF-Tu mutants conferring resistance to Pulvomycin_elfamycin_antibiotic	12	1185	1185	1.0	Unknown taxonomy (chromosome or plasmid)
barcode05_3Gb	contig_3455	1043	1874	aadA8b_aminoglycoside_antibiotic	17	831	831	1.0	Unknown taxonomy (chromosome or plasmid)
barcode05_3Gb	contig_3455	1990	2338	qacEdelta1_disinfecting_agents_and_antiseptics	22	348	348	1.0	Unknown taxonomy (chromosome or plasmid)
barcode05_3Gb	contig_3455	2331	3171	sul1_sulfonamide_antibiotic	26	840	840	1.0	Unknown taxonomy (chromosome or plasmid)
barcode05_3Gb	contig_346	8246	9161	vanW gene in vanG cluster_glycopeptide_antibiotic	166	915	915	1.0	Acinetobacter johnsonii (chromosome)
barcode05_3Gb	contig_354	6084	7560	msrE_macrolide_antibiotic;_streptogramin_antibiotic	105	1476	1476	1.0	Unknown taxonomy (chromosome or plasmid)
barcode05_3Gb	contig_354	7615	8500	mphE_macrolide_antibiotic	105	885	885	1.0	Unknown taxonomy (chromosome or plasmid)
barcode05_3Gb	contig_354	10531	11719	tet(39)_tetracycline_antibiotic	60	1188	1188	1.0	Unknown taxonomy (plasmid)
barcode05_3Gb	contig_3642	659	1874	floR_phenicol_antibiotic	9	1215	1215	1.0	Unknown taxonomy (chromosome or plasmid)
barcode05_3Gb	contig_3656	13367	14399	mdtN_nucleoside_antibiotic;_disinfecting_agents_and_antiseptics	10	1032	1032	1.0	Unknown taxonomy (chromosome or plasmid)
barcode05_3Gb	contig_3723	281075	281822	vanY gene in vanG cluster_glycopeptide_antibiotic	5	747	747	1.0	
barcode05_3Gb	contig_3764	23060	24260	tet(A)_tetracycline_antibiotic	18	1200	1200	1.0	Unknown taxonomy (chromosome or plasmid)
barcode05_3Gb	contig_3764	25337	26174	APH(6)-Id_aminoglycoside_antibiotic	16	837	837	1.0	Unknown taxonomy (chromosome or plasmid)
barcode05_3Gb	contig_3764	27037	27853	sul2_sulfonamide_antibiotic	18	816	816	1.0	Unknown taxonomy (chromosome or plasmid)
barcode05_3Gb	contig_3776	51	1239	tet(39)_tetracycline_antibiotic	37	1188	1188	1.0	Unknown taxonomy (plasmid)
barcode05_3Gb	contig_378	13312	13945	CRP_macrolide_antibiotic;_fluoroquinolone_antibiotic;_penam	5	633	633	1.0	Citrobacter freundii (chromosome)
barcode05_3Gb	contig_3831	53755	54409	adeN_macrolide_antibiotic;_fluoroquinolone_antibiotic;_lincosamide_antibiotic;_carbapenem;_cephalosporin;_tetracycline_antibiotic;_rifamycin_antibiotic;_diaminopyrimidine_antibiotic;_phenicol_antibiotic;_penem	18	654	654	1.0	Acinetobacter baumannii (chromosome or plasmid)
barcode05_3Gb	contig_3988	153667	154999	vanW gene in vanI cluster_glycopeptide_antibiotic	9	1332	1332	1.0	
barcode05_3Gb	contig_3988	254045	257186	adeF_fluoroquinolone_antibiotic;_tetracycline_antibiotic	13	3141	3141	1.0	
barcode05_3Gb	contig_3988	451483	452596	vanT gene in vanG cluster_glycopeptide_antibiotic	12	1113	1113	1.0	
barcode05_3Gb	contig_4149	48542	51620	mdtC_aminocoumarin_antibiotic	18	3078	3078	1.0	Unknown taxonomy (chromosome or plasmid)
barcode05_3Gb	contig_4149	54433	55156	baeR_aminoglycoside_antibiotic;_aminocoumarin_antibiotic	13	723	723	1.0	Unknown taxonomy (chromosome or plasmid)
barcode05_3Gb	contig_4175	17566	18001	Escherichia coli AcrAB-TolC with MarR mutations conferring resistance to ciprofloxacin and tetracycline_fluoroquinolone_antibiotic;_cephalosporin;_glycylcycline;_penam;_tetracycline_antibiotic;_rifamycin_antibiotic;_phenicol_antibiotic;_disinfecting_agents_and_antiseptics	9	435	435	1.0	Unknown taxonomy (chromosome or plasmid)
barcode05_3Gb	contig_4175	18020	18404	marA_fluoroquinolone_antibiotic;_monobactam;_carbapenem;_cephalosporin;_glycylcycline;_cephamycin;_penam;_tetracycline_antibiotic;_rifamycin_antibiotic;_phenicol_antibiotic;_penem;_disinfecting_agents_and_antiseptics	9	384	384	1.0	Unknown taxonomy (chromosome or plasmid)
barcode05_3Gb	contig_4191	46039	46798	vanY gene in vanB cluster_glycopeptide_antibiotic	5	759	759	1.0	
barcode05_3Gb	contig_4233	95391	97884	vanT gene in vanG cluster_glycopeptide_antibiotic	8	2493	2493	1.0	
barcode05_3Gb	contig_4236	8123	9071	leuO_nucleoside_antibiotic;_disinfecting_agents_and_antiseptics	6	948	948	1.0	Citrobacter portucalensis (chromosome)
barcode05_3Gb	contig_43	13155	16320	adeF_fluoroquinolone_antibiotic;_tetracycline_antibiotic	12	3165	3165	1.0	Acinetobacter (chromosome or plasmid)
barcode05_3Gb	contig_43	59616	61092	msrE_macrolide_antibiotic;_streptogramin_antibiotic	73	1476	1476	1.0	Unknown taxonomy (chromosome or plasmid)
barcode05_3Gb	contig_4344	7097	7433	qacG_disinfecting_agents_and_antiseptics	7	336	336	1.0	
barcode05_3Gb	contig_435	9470	10352	KPC-2_monobactam;_carbapenem;_cephalosporin;_penam	137	882	882	1.0	Unknown taxonomy (chromosome or plasmid)
barcode05_3Gb	contig_4365	51817	52936	vanT gene in vanG cluster_glycopeptide_antibiotic	3	1119	1119	1.0	
barcode05_3Gb	contig_4410	495	1377	KPC-2_monobactam;_carbapenem;_cephalosporin;_penam	50	882	882	1.0	Unknown taxonomy (chromosome or plasmid)
barcode05_3Gb	contig_4410	3792	4572	APH(3')-VIa_aminoglycoside_antibiotic	34	780	780	1.0	Unknown taxonomy (chromosome or plasmid)
barcode05_3Gb	contig_442	23929	25405	msrE_macrolide_antibiotic;_streptogramin_antibiotic	98	1476	1476	1.0	Unknown taxonomy (chromosome or plasmid)
barcode05_3Gb	contig_442	25460	26345	mphE_macrolide_antibiotic	99	885	885	1.0	Unknown taxonomy (chromosome or plasmid)
barcode05_3Gb	contig_4446	52	1237	Escherichia coli EF-Tu mutants conferring resistance to Pulvomycin_elfamycin_antibiotic	27	1185	1185	1.0	Unknown taxonomy (chromosome or plasmid)
barcode05_3Gb	contig_4446	16027	16660	CRP_macrolide_antibiotic;_fluoroquinolone_antibiotic;_penam	19	633	633	1.0	Escherichia coli (chromosome or plasmid)
barcode05_3Gb	contig_445	126000	127158	vanT gene in vanG cluster_glycopeptide_antibiotic	23	1158	1158	1.0	
barcode05_3Gb	contig_445	708596	709583	vanH gene in vanO cluster_glycopeptide_antibiotic	15	987	987	1.0	
barcode05_3Gb	contig_4453	84362	85595	tet(39)_tetracycline_antibiotic	26	1233	1233	1.0	Unknown taxonomy (plasmid)
barcode05_3Gb	contig_4570	23300	23630	Klebsiella pneumoniae KpnF_macrolide_antibiotic;_aminoglycoside_antibiotic;_cephalosporin;_tetracycline_antibiotic;_peptide_antibiotic;_rifamycin_antibiotic;_disinfecting_agents_and_antiseptics	15	330	330	1.0	Unknown taxonomy (chromosome or plasmid)
barcode05_3Gb	contig_4570	23616	23982	Klebsiella pneumoniae KpnE_macrolide_antibiotic;_aminoglycoside_antibiotic;_cephalosporin;_tetracycline_antibiotic;_peptide_antibiotic;_rifamycin_antibiotic;_disinfecting_agents_and_antiseptics	15	366	366	1.0	Unknown taxonomy (chromosome or plasmid)
barcode05_3Gb	contig_4587	50297	50642	qacG_disinfecting_agents_and_antiseptics	6	345	345	1.0	
barcode05_3Gb	contig_4652	23149	24541	Escherichia coli UhpT with mutation conferring resistance to fosfomycin_phosphonic_acid_antibiotic	12	1392	1392	1.0	Enterobacter kobei (chromosome or plasmid)
barcode05_3Gb	contig_4667	30111	30297	rsmA_fluoroquinolone_antibiotic;_diaminopyrimidine_antibiotic;_phenicol_antibiotic	16	186	186	1.0	Enterobacter (chromosome or plasmid)
barcode05_3Gb	contig_4667	37353	38901	emrB_fluoroquinolone_antibiotic	6	1548	1548	1.0	Enterobacter kobei (chromosome or plasmid)
barcode05_3Gb	contig_4667	40217	40748	emrR_fluoroquinolone_antibiotic	5	531	531	1.0	Enterobacter kobei (chromosome or plasmid)
barcode05_3Gb	contig_4692	10560	12180	msbA_nitroimidazole_antibiotic	10	1620	1620	1.0	Enterobacter (chromosome)
barcode05_3Gb	contig_4709	18355	19501	CMY-2_carbapenem;_cephalosporin;_cephamycin;_penam	10	1146	1146	1.0	Unknown taxonomy (chromosome or plasmid)
barcode05_3Gb	contig_4717	9235	11155	tet(W)_tetracycline_antibiotic	17	1920	1920	1.0	Trueperella pyogenes (chromosome or plasmid)
barcode05_3Gb	contig_4808	19565	20297	FosA6_phosphonic_acid_antibiotic	7	732	732	1.0	Klebsiella pneumoniae (chromosome or plasmid)
barcode05_3Gb	contig_4851	4113	4509	marA_fluoroquinolone_antibiotic;_monobactam;_carbapenem;_cephalosporin;_glycylcycline;_cephamycin;_penam;_tetracycline_antibiotic;_rifamycin_antibiotic;_phenicol_antibiotic;_penem;_disinfecting_agents_and_antiseptics	12	396	396	1.0	Unknown taxonomy (chromosome or plasmid)
barcode05_3Gb	contig_486	78398	79238	sul1_sulfonamide_antibiotic	48	840	840	1.0	Unknown taxonomy (chromosome or plasmid)
barcode05_3Gb	contig_486	79747	80335	AAC(6')-Ib9_aminoglycoside_antibiotic	30	588	588	1.0	Unknown taxonomy (chromosome or plasmid)
barcode05_3Gb	contig_486	80440	80893	arr-3_rifamycin_antibiotic	22	453	453	1.0	Unknown taxonomy (chromosome or plasmid)
barcode05_3Gb	contig_489	1590	2490	VEB-9_monobactam;_cephalosporin	5	900	900	1.0	Unknown taxonomy (chromosome or plasmid)
barcode05_3Gb	contig_490	28944	29805	AAC(3)-IIe_aminoglycoside_antibiotic	10	861	861	1.0	Unknown taxonomy (chromosome or plasmid)
barcode05_3Gb	contig_490	29946	30807	TEM-1_monobactam;_cephalosporin;_penam;_penem	24	861	861	1.0	Unknown taxonomy (chromosome or plasmid)
barcode05_3Gb	contig_4934	18904	19903	vanH gene in vanB cluster_glycopeptide_antibiotic	3	999	999	1.0	
barcode05_3Gb	contig_4997	21548	21803	FosA8_phosphonic_acid_antibiotic	4	255	255	1.0	Enterobacter roggenkampii (chromosome)
barcode05_3Gb	contig_503	7870	8548	kdpE_aminoglycoside_antibiotic	12	678	678	1.0	Escherichia coli (chromosome or plasmid)
barcode05_3Gb	contig_503	214160	214808	Escherichia coli AcrAB-TolC with AcrR mutation conferring resistance to ciprofloxacin, tetracycline, and ceftazidime_fluoroquinolone_antibiotic;_cephalosporin;_glycylcycline;_penam;_tetracycline_antibiotic;_rifamycin_antibiotic;_phenicol_antibiotic;_disinfecting_agents_and_antiseptics	20	648	648	1.0	Unknown taxonomy (chromosome or plasmid)
barcode05_3Gb	contig_503	214949	216143	Escherichia coli acrA_fluoroquinolone_antibiotic;_cephalosporin;_glycylcycline;_penam;_tetracycline_antibiotic;_rifamycin_antibiotic;_phenicol_antibiotic;_disinfecting_agents_and_antiseptics	12	1194	1194	1.0	Unknown taxonomy (chromosome or plasmid)
barcode05_3Gb	contig_503	216165	219315	acrB_fluoroquinolone_antibiotic;_cephalosporin;_glycylcycline;_penam;_tetracycline_antibiotic;_rifamycin_antibiotic;_phenicol_antibiotic;_disinfecting_agents_and_antiseptics	9	3150	3150	1.0	Unknown taxonomy (chromosome or plasmid)
barcode05_3Gb	contig_5056	932	1895	leuO_nucleoside_antibiotic;_disinfecting_agents_and_antiseptics	14	963	963	1.0	Enterobacter roggenkampii (chromosome)
barcode05_3Gb	contig_5056	8066	9833	Haemophilus influenzae PBP3 conferring resistance to beta-lactam antibiotics_cephalosporin;_cephamycin;_penam	15	1767	1767	1.0	Unknown taxonomy (chromosome or plasmid)
barcode05_3Gb	contig_5182	7932	9078	MIR-17_monobactam;_cephalosporin	11	1146	1146	1.0	Enterobacter (chromosome)
barcode05_3Gb	contig_5210	10555	10918	Klebsiella pneumoniae KpnE_macrolide_antibiotic;_aminoglycoside_antibiotic;_cephalosporin;_tetracycline_antibiotic;_peptide_antibiotic;_rifamycin_antibiotic;_disinfecting_agents_and_antiseptics	9	363	363	1.0	Enterobacter kobei (chromosome)
barcode05_3Gb	contig_5229	936	1737	OXA-10_cephalosporin;_penam	23	801	801	1.0	Unknown taxonomy (chromosome or plasmid)
barcode05_3Gb	contig_5229	1729	2545	aadA_aminoglycoside_antibiotic	25	816	816	1.0	Unknown taxonomy (chromosome or plasmid)
barcode05_3Gb	contig_5229	2708	3056	qacEdelta1_disinfecting_agents_and_antiseptics	14	348	348	1.0	Unknown taxonomy (chromosome or plasmid)
barcode05_3Gb	contig_5229	3049	3901	sul1_sulfonamide_antibiotic	12	852	852	1.0	Unknown taxonomy (chromosome or plasmid)
barcode05_3Gb	contig_5230	17647	19021	Escherichia coli UhpT with mutation conferring resistance to fosfomycin_phosphonic_acid_antibiotic	5	1374	1374	1.0	Unknown taxonomy (chromosome or plasmid)
barcode05_3Gb	contig_5253	1	1909	tet(W)_tetracycline_antibiotic	12	1908	1908	1.0	Collinsella aerofaciens (chromosome or plasmid)
barcode05_3Gb	contig_5253	3639	4860	tet(40)_tetracycline_antibiotic	11	1221	1221	1.0	Unknown taxonomy (chromosome)
barcode05_3Gb	contig_5293	10386	11124	ErmB_macrolide_antibiotic;_lincosamide_antibiotic;_streptogramin_antibiotic;_streptogramin_A_antibiotic;_streptogramin_B_antibiotic	18	738	738	1.0	Unknown taxonomy (chromosome or plasmid)
barcode05_3Gb	contig_5366	10056	10587	emrR_fluoroquinolone_antibiotic	12	531	531	1.0	Enterobacter asburiae (chromosome or plasmid)
barcode05_3Gb	contig_5366	20610	20796	rsmA_fluoroquinolone_antibiotic;_diaminopyrimidine_antibiotic;_phenicol_antibiotic	11	186	186	1.0	Enterobacter (chromosome or plasmid)
barcode05_3Gb	contig_538	432	1908	msrE_macrolide_antibiotic;_streptogramin_antibiotic	91	1476	1476	1.0	Unknown taxonomy (chromosome or plasmid)
barcode05_3Gb	contig_538	1963	2848	mphE_macrolide_antibiotic	90	885	885	1.0	Unknown taxonomy (chromosome or plasmid)
barcode05_3Gb	contig_544	7615	8020	AAC(6')-Ib-cr1_fluoroquinolone_antibiotic;_aminoglycoside_antibiotic	26	405	405	1.0	Unknown taxonomy (chromosome or plasmid)
barcode05_3Gb	contig_544	8109	8985	OXA-1_cephalosporin;_penam	24	876	876	1.0	Unknown taxonomy (chromosome or plasmid)
barcode05_3Gb	contig_544	9196	9544	qacEdelta1_disinfecting_agents_and_antiseptics	39	348	348	1.0	Unknown taxonomy (chromosome or plasmid)
barcode05_3Gb	contig_544	9537	10377	sul1_sulfonamide_antibiotic	44	840	840	1.0	Unknown taxonomy (chromosome or plasmid)
barcode05_3Gb	contig_544	14452	15418	Mrx_macrolide_antibiotic	23	966	966	1.0	Unknown taxonomy (chromosome or plasmid)
barcode05_3Gb	contig_546	778	1123	qacG_disinfecting_agents_and_antiseptics	16	345	345	1.0	Unknown taxonomy (chromosome or plasmid)
barcode05_3Gb	contig_5479	7714	8365	vanW gene in vanI cluster_glycopeptide_antibiotic	4	651	651	1.0	
barcode05_3Gb	contig_5522	3881	4718	APH(6)-Id_aminoglycoside_antibiotic	29	837	837	1.0	Unknown taxonomy (chromosome or plasmid)
barcode05_3Gb	contig_5522	4717	5521	APH(3'')-Ib_aminoglycoside_antibiotic	30	804	804	1.0	Unknown taxonomy (chromosome or plasmid)
barcode05_3Gb	contig_553	30	891	TEM-1_monobactam;_cephalosporin;_penam;_penem	20	861	861	1.0	Unknown taxonomy (chromosome or plasmid)
barcode05_3Gb	contig_553	1590	2415	OXA-9_penam	7	825	825	1.0	Unknown taxonomy (chromosome or plasmid)
barcode05_3Gb	contig_5568	2873	4184	Klebsiella pneumoniae KpnH_macrolide_antibiotic;_fluoroquinolone_antibiotic;_aminoglycoside_antibiotic;_carbapenem;_cephalosporin;_penam;_peptide_antibiotic;_penem	6	1311	1311	1.0	Citrobacter (chromosome)
barcode05_3Gb	contig_5568	4200	5373	emrA_fluoroquinolone_antibiotic	6	1173	1173	1.0	Citrobacter portucalensis (no genomic info)
barcode05_3Gb	contig_5568	5503	6034	emrR_fluoroquinolone_antibiotic	7	531	531	1.0	Citrobacter (chromosome)
barcode05_3Gb	contig_561	8456	9269	NDM-1_carbapenem;_cephalosporin;_cephamycin;_penam	13	813	813	1.0	Unknown taxonomy (chromosome or plasmid)
barcode05_3Gb	contig_5635	2028	3168	Klebsiella pneumoniae KpnG_macrolide_antibiotic;_fluoroquinolone_antibiotic;_aminoglycoside_antibiotic;_carbapenem;_cephalosporin;_penam;_peptide_antibiotic;_penem	4	1140	1140	1.0	Klebsiella pneumoniae (chromosome or plasmid)
barcode05_3Gb	contig_5635	3293	3824	emrR_fluoroquinolone_antibiotic	3	531	531	1.0	Klebsiella (chromosome or plasmid)
barcode05_3Gb	contig_571	8148	9075	PER-12_monobactam;_carbapenem;_cephalosporin;_penam;_penem	9	927	927	1.0	Unknown taxonomy (chromosome or plasmid)
barcode05_3Gb	contig_571	14637	15147	dfrA8_diaminopyrimidine_antibiotic	12	510	510	1.0	Unknown taxonomy (chromosome or plasmid)
barcode05_3Gb	contig_571	17577	18519	APH(3'')-Ib_aminoglycoside_antibiotic	17	942	942	1.0	Pseudomonas aeruginosa (chromosome or plasmid)
barcode05_3Gb	contig_572	35453	36692	Mrx_macrolide_antibiotic	60	1239	1239	1.0	Unknown taxonomy (chromosome or plasmid)
barcode05_3Gb	contig_572	36688	37594	mphA_macrolide_antibiotic	70	906	906	1.0	Unknown taxonomy (chromosome or plasmid)
barcode05_3Gb	contig_572	38816	39656	sul1_sulfonamide_antibiotic	21	840	840	1.0	Unknown taxonomy (chromosome or plasmid)
barcode05_3Gb	contig_572	39649	39997	qacEdelta1_disinfecting_agents_and_antiseptics	20	348	348	1.0	Unknown taxonomy (chromosome or plasmid)
barcode05_3Gb	contig_572	40202	40991	aadA5_aminoglycoside_antibiotic	18	789	789	1.0	Unknown taxonomy (chromosome or plasmid)
barcode05_3Gb	contig_572	41121	41721	dfrA17_diaminopyrimidine_antibiotic	17	600	600	1.0	Unknown taxonomy (chromosome or plasmid)
barcode05_3Gb	contig_5761	32411	33617	tet(B)_tetracycline_antibiotic	23	1206	1206	1.0	Unknown taxonomy (chromosome or plasmid)
barcode05_3Gb	contig_5761	33698	34322	tetR_tetracycline_antibiotic	23	624	624	1.0	Unknown taxonomy (chromosome or plasmid)
barcode05_3Gb	contig_5780	65643	67017	cpxA_aminoglycoside_antibiotic;_aminocoumarin_antibiotic	27	1374	1374	1.0	Unknown taxonomy (chromosome or plasmid)
barcode05_3Gb	contig_5794	137182	138109	PER-2_monobactam;_carbapenem;_cephalosporin;_penam;_penem	10	927	927	1.0	Unknown taxonomy (plasmid)
barcode05_3Gb	contig_5802	1857	3048	tet(C)_tetracycline_antibiotic	17	1191	1191	1.0	Unknown taxonomy (chromosome or plasmid)
barcode05_3Gb	contig_5804	507	1287	APH(3')-VIa_aminoglycoside_antibiotic	9	780	780	1.0	Unknown taxonomy (chromosome or plasmid)
barcode05_3Gb	contig_5804	2564	3377	NDM-1_carbapenem;_cephalosporin;_cephamycin;_penam	9	813	813	1.0	Unknown taxonomy (chromosome or plasmid)
barcode05_3Gb	contig_5804	3380	3746	BRP(MBL)_glycopeptide_antibiotic	7	366	366	1.0	Unknown taxonomy (chromosome or plasmid)
barcode05_3Gb	contig_5810	23881	24412	emrR_fluoroquinolone_antibiotic	16	531	531	1.0	Unknown taxonomy (chromosome or plasmid)
barcode05_3Gb	contig_5810	24538	25711	emrA_fluoroquinolone_antibiotic	15	1173	1173	1.0	Unknown taxonomy (chromosome or plasmid)
barcode05_3Gb	contig_5810	25727	27266	emrB_fluoroquinolone_antibiotic	16	1539	1539	1.0	Unknown taxonomy (chromosome or plasmid)
barcode05_3Gb	contig_5810	32205	32391	rsmA_fluoroquinolone_antibiotic;_diaminopyrimidine_antibiotic;_phenicol_antibiotic	12	186	186	1.0	Unknown taxonomy (chromosome or plasmid)
barcode05_3Gb	contig_5815	29067	29397	qacG_disinfecting_agents_and_antiseptics	3	330	330	1.0	
barcode05_3Gb	contig_5850	976	1861	mphE_macrolide_antibiotic	28	885	885	1.0	Unknown taxonomy (chromosome or plasmid)
barcode05_3Gb	contig_5850	7074	8289	floR_phenicol_antibiotic	12	1215	1215	1.0	Unknown taxonomy (chromosome or plasmid)
barcode05_3Gb	contig_5850	8888	10163	tet(A)_tetracycline_antibiotic	12	1275	1275	1.0	Unknown taxonomy (chromosome or plasmid)
barcode05_3Gb	contig_5850	11244	12261	APH(6)-Id_aminoglycoside_antibiotic	7	1017	1017	1.0	Escherichia coli (chromosome or plasmid)
barcode05_3Gb	contig_5881	27384	28542	mdtE_macrolide_antibiotic;_fluoroquinolone_antibiotic;_penam	27	1158	1158	1.0	Unknown taxonomy (chromosome)
barcode05_3Gb	contig_5881	33139	33964	gadX_macrolide_antibiotic;_fluoroquinolone_antibiotic;_penam	18	825	825	1.0	Escherichia coli (chromosome)
barcode05_3Gb	contig_5900	6676	7042	qacG_disinfecting_agents_and_antiseptics	81	366	366	1.0	Acinetobacter johnsonii (chromosome)
barcode05_3Gb	contig_5949	13344	14490	ACT-87_carbapenem;_cephalosporin;_cephamycin;_penam	7	1146	1146	1.0	Enterobacter kobei (chromosome)
barcode05_3Gb	contig_5949	163360	163882	FosA2_phosphonic_acid_antibiotic	4	522	522	1.0	Enterobacter kobei (chromosome)
barcode05_3Gb	contig_5997	7893	9345	APH(3'')-Ib_aminoglycoside_antibiotic	18	1452	1452	1.0	Pseudomonas aeruginosa (chromosome or plasmid)
barcode05_3Gb	contig_5999	1108	1948	sul1_sulfonamide_antibiotic	28	840	840	1.0	Unknown taxonomy (chromosome or plasmid)
barcode05_3Gb	contig_5999	1941	2289	qacEdelta1_disinfecting_agents_and_antiseptics	28	348	348	1.0	Unknown taxonomy (chromosome or plasmid)
barcode05_3Gb	contig_5999	4411	5062	AAC(6')-Ib9_aminoglycoside_antibiotic	28	651	651	1.0	Unknown taxonomy (chromosome or plasmid)
barcode05_3Gb	contig_5999	5103	5967	GES-1_carbapenem;_cephalosporin;_penam	45	864	864	1.0	Unknown taxonomy (chromosome or plasmid)
barcode05_3Gb	contig_5999	14073	14853	APH(3')-VIa_aminoglycoside_antibiotic	25	780	780	1.0	Unknown taxonomy (chromosome or plasmid)
barcode05_3Gb	contig_5999	22056	22554	dfrA12_diaminopyrimidine_antibiotic	15	498	498	1.0	Unknown taxonomy (chromosome or plasmid)
barcode05_3Gb	contig_5999	22973	23753	aadA2_aminoglycoside_antibiotic	20	780	780	1.0	Unknown taxonomy (chromosome or plasmid)
barcode05_3Gb	contig_5999	23916	24264	qacEdelta1_disinfecting_agents_and_antiseptics	27	348	348	1.0	Unknown taxonomy (chromosome or plasmid)
barcode05_3Gb	contig_5999	24257	25097	sul1_sulfonamide_antibiotic	30	840	840	1.0	Unknown taxonomy (chromosome or plasmid)
barcode05_3Gb	contig_6121	5475	5964	nimJ_nitroimidazole_antibiotic	6	489	489	1.0	
barcode05_3Gb	contig_6128	12704	14624	tet(O)_tetracycline_antibiotic	41	1920	1920	1.0	Unknown taxonomy (chromosome or plasmid)
barcode05_3Gb	contig_6136	7491	8643	ADC-154_cephalosporin	10	1152	1152	1.0	Acinetobacter baumannii (chromosome or plasmid)
barcode05_3Gb	contig_6159	47384	47711	qacG_disinfecting_agents_and_antiseptics	8	327	327	1.0	
barcode05_3Gb	contig_6164	2948	3788	sul1_sulfonamide_antibiotic	23	840	840	1.0	Unknown taxonomy (chromosome or plasmid)
barcode05_3Gb	contig_6164	3781	4129	qacEdelta1_disinfecting_agents_and_antiseptics	27	348	348	1.0	Unknown taxonomy (chromosome or plasmid)
barcode05_3Gb	contig_6164	4351	4804	arr-3_rifamycin_antibiotic	23	453	453	1.0	Unknown taxonomy (chromosome or plasmid)
barcode05_3Gb	contig_6164	4888	5521	catB3_phenicol_antibiotic	32	633	633	1.0	Unknown taxonomy (chromosome or plasmid)
barcode05_3Gb	contig_6164	5658	6489	OXA-1_cephalosporin;_penam	30	831	831	1.0	Unknown taxonomy (chromosome or plasmid)
barcode05_3Gb	contig_6164	6619	7219	AAC(6')-Ib-cr6_fluoroquinolone_antibiotic;_aminoglycoside_antibiotic	31	600	600	1.0	Unknown taxonomy (chromosome or plasmid)
barcode05_3Gb	contig_6164	9473	10334	AAC(3)-IId_aminoglycoside_antibiotic	6	861	861	1.0	Unknown taxonomy (chromosome or plasmid)
barcode05_3Gb	contig_6169	930	1710	APH(3')-VIa_aminoglycoside_antibiotic	2	780	780	1.0	Unknown taxonomy (chromosome or plasmid)
barcode05_3Gb	contig_629	188954	189209	rsmA_fluoroquinolone_antibiotic;_diaminopyrimidine_antibiotic;_phenicol_antibiotic	16	255	255	1.0	
barcode05_3Gb	contig_634	208163	210158	lmrD_lincosamide_antibiotic	8	1995	1995	1.0	
barcode05_3Gb	contig_637	311172	313167	lmrD_lincosamide_antibiotic	12	1995	1995	1.0	
barcode05_3Gb	contig_640	21765	23148	mdeA_fluoroquinolone_antibiotic;_aminoglycoside_antibiotic;_penam;_tetracycline_antibiotic;_disinfecting_agents_and_antiseptics	6	1383	1383	1.0	
barcode05_3Gb	contig_71	5433	6693	EreB_macrolide_antibiotic	12	1260	1260	1.0	
barcode05_3Gb	contig_741	390739	393811	adeF_fluoroquinolone_antibiotic;_tetracycline_antibiotic	15	3072	3072	1.0	
barcode05_3Gb	contig_75	1736	3176	AAC(6')-Ie-APH(2'')-Ia bifunctional protein_aminoglycoside_antibiotic	11	1440	1440	1.0	Unknown taxonomy (chromosome or plasmid)
barcode05_3Gb	contig_755	22420	23200	APH(3')-VIa_aminoglycoside_antibiotic	28	780	780	1.0	Unknown taxonomy (chromosome or plasmid)
barcode05_3Gb	contig_756	10	856	aadA11_aminoglycoside_antibiotic	10	846	846	1.0	Unknown taxonomy (chromosome or plasmid)
barcode05_3Gb	contig_82	19958	20783	OXA-644_carbapenem;_penam	195	825	825	1.0	Acinetobacter johnsonii (chromosome)
barcode05_3Gb	contig_833	85388	86561	vanT gene in vanG cluster_glycopeptide_antibiotic	10	1173	1173	1.0	
barcode05_3Gb	contig_850	911418	912654	vanW gene in vanI cluster_glycopeptide_antibiotic	111	1236	1236	1.0	
barcode05_3Gb	contig_850	1614661	1615168	nimK_nitroimidazole_antibiotic	123	507	507	1.0	
barcode05_3Gb	contig_850	1870677	1873869	adeF_fluoroquinolone_antibiotic;_tetracycline_antibiotic	130	3192	3192	1.0	
barcode05_3Gb	contig_850	2117342	2118452	vanT gene in vanG cluster_glycopeptide_antibiotic	141	1110	1110	1.0	
barcode05_3Gb	contig_929	7309	8185	CTX-M-15_cephalosporin;_penam	17	876	876	1.0	Unknown taxonomy (chromosome or plasmid)
barcode05_3Gb	contig_929	12825	13482	QnrS1_fluoroquinolone_antibiotic	21	657	657	1.0	Unknown taxonomy (chromosome or plasmid)
barcode05_3Gb	contig_930	3595	4456	SHV-2A_carbapenem;_cephalosporin;_penam	11	861	861	1.0	Unknown taxonomy (chromosome or plasmid)
barcode05_3Gb	contig_930	84092	85331	Mrx_macrolide_antibiotic	13	1239	1239	1.0	Unknown taxonomy (chromosome or plasmid)
barcode05_6Gb	contig_10056	2	494	dfrA15b_diaminopyrimidine_antibiotic	7	492	492	1.0	Unknown taxonomy (chromosome or plasmid)
barcode05_6Gb	contig_10089	10101	10803	vanY gene in vanB cluster_glycopeptide_antibiotic	7	702	702	1.0	
barcode05_6Gb	contig_10117	16733	18089	vanT gene in vanG cluster_glycopeptide_antibiotic	15	1356	1356	1.0	
barcode05_6Gb	contig_10130	33951	34284	qacJ_disinfecting_agents_and_antiseptics	10	333	333	1.0	
barcode05_6Gb	contig_10161	4286	5825	emrB_fluoroquinolone_antibiotic	8	1539	1539	1.0	Citrobacter freundii (chromosome or plasmid)
barcode05_6Gb	contig_10161	5841	7014	emrA_fluoroquinolone_antibiotic	8	1173	1173	1.0	Citrobacter portucalensis (no genomic info)
barcode05_6Gb	contig_10161	7143	7674	emrR_fluoroquinolone_antibiotic	8	531	531	1.0	Citrobacter (chromosome)
barcode05_6Gb	contig_10264	342	567	vanY gene in vanG cluster_glycopeptide_antibiotic	1	225	225	1.0	
barcode05_6Gb	contig_10271	33517	36709	adeF_fluoroquinolone_antibiotic;_tetracycline_antibiotic	5	3192	3192	1.0	
barcode05_6Gb	contig_10298	1775	2921	CMY-27_cephamycin	6	1146	1146	1.0	Aeromonas caviae (chromosome or plasmid)
barcode05_6Gb	contig_10416	13146	14244	vanG_glycopeptide_antibiotic	10	1098	1098	1.0	Klebsiella pneumoniae (chromosome)
barcode05_6Gb	contig_10422	127	460	qacL_disinfecting_agents_and_antiseptics	22	333	333	1.0	Unknown taxonomy (chromosome or plasmid)
barcode05_6Gb	contig_10422	687	1551	GES-5_carbapenem;_cephalosporin;_penam	24	864	864	1.0	Unknown taxonomy (chromosome or plasmid)
barcode05_6Gb	contig_10422	1624	2083	AAC(6')-Il_aminoglycoside_antibiotic	34	459	459	1.0	Unknown taxonomy (chromosome or plasmid)
barcode05_6Gb	contig_10425	2131	2875	adeR_glycylcycline;_tetracycline_antibiotic	4	744	744	1.0	Acinetobacter baumannii (chromosome or plasmid)
barcode05_6Gb	contig_10499	20708	21446	ErmB_macrolide_antibiotic;_lincosamide_antibiotic;_streptogramin_antibiotic;_streptogramin_A_antibiotic;_streptogramin_B_antibiotic	16	738	738	1.0	Unknown taxonomy (chromosome or plasmid)
barcode05_6Gb	contig_10499	23017	23857	sul1_sulfonamide_antibiotic	23	840	840	1.0	Unknown taxonomy (chromosome or plasmid)
barcode05_6Gb	contig_10499	23850	24198	qacEdelta1_disinfecting_agents_and_antiseptics	19	348	348	1.0	Unknown taxonomy (chromosome or plasmid)
barcode05_6Gb	contig_10499	25610	26087	AAC(6')-Il_aminoglycoside_antibiotic	24	477	477	1.0	Unknown taxonomy (chromosome or plasmid)
barcode05_6Gb	contig_10503	1703	3095	Escherichia coli UhpT with mutation conferring resistance to fosfomycin_phosphonic_acid_antibiotic	7	1392	1392	1.0	Klebsiella michiganensis (chromosome or plasmid)
barcode05_6Gb	contig_10508	16308	17439	vanT gene in vanG cluster_glycopeptide_antibiotic	7	1131	1131	1.0	
barcode05_6Gb	contig_10595	22396	25510	acrD_aminoglycoside_antibiotic	8	3114	3114	1.0	Enterobacter (chromosome)
barcode05_6Gb	contig_10779	7329	8502	Klebsiella pneumoniae KpnG_macrolide_antibiotic;_fluoroquinolone_antibiotic;_aminoglycoside_antibiotic;_carbapenem;_cephalosporin;_penam;_peptide_antibiotic;_penem	7	1173	1173	1.0	Klebsiella (chromosome)
barcode05_6Gb	contig_10779	8517	10056	Klebsiella pneumoniae KpnH_macrolide_antibiotic;_fluoroquinolone_antibiotic;_aminoglycoside_antibiotic;_carbapenem;_cephalosporin;_penam;_peptide_antibiotic;_penem	10	1539	1539	1.0	Klebsiella michiganensis (chromosome)
barcode05_6Gb	contig_10825	237802	238138	qacG_disinfecting_agents_and_antiseptics	14	336	336	1.0	
barcode05_6Gb	contig_10861	7236	8424	vanT gene in vanG cluster_glycopeptide_antibiotic	4	1188	1188	1.0	
barcode05_6Gb	contig_10872	2078	3077	vanH gene in vanB cluster_glycopeptide_antibiotic	4	999	999	1.0	
barcode05_6Gb	contig_10887	62747	65861	acrD_aminoglycoside_antibiotic	9	3114	3114	1.0	Enterobacter roggenkampii (chromosome)
barcode05_6Gb	contig_11218	7324	8086	ArnT_peptide_antibiotic	12	762	762	1.0	Klebsiella quasipneumoniae (chromosome)
barcode05_6Gb	contig_11218	11349	12300	PmrF_peptide_antibiotic	12	951	951	1.0	
barcode05_6Gb	contig_11263	28195	29143	leuO_nucleoside_antibiotic;_disinfecting_agents_and_antiseptics	9	948	948	1.0	Citrobacter portucalensis (chromosome)
barcode05_6Gb	contig_11298	22847	24119	Acinetobacter baumannii AbaQ_fluoroquinolone_antibiotic	3	1272	1272	1.0	
barcode05_6Gb	contig_1131	192407	192734	qacG_disinfecting_agents_and_antiseptics	11	327	327	1.0	
barcode05_6Gb	contig_11357	7618	8614	CfxA6_cephamycin	16	996	996	1.0	
barcode05_6Gb	contig_1145	1357066	1360222	adeF_fluoroquinolone_antibiotic;_tetracycline_antibiotic	17	3156	3156	1.0	
barcode05_6Gb	contig_11492	2690	3335	QnrB19_fluoroquinolone_antibiotic	30	645	645	1.0	Unknown taxonomy (chromosome or plasmid)
barcode05_6Gb	contig_11498	4706	4895	rsmA_fluoroquinolone_antibiotic;_diaminopyrimidine_antibiotic;_phenicol_antibiotic	5	189	189	1.0	
barcode05_6Gb	contig_1178	203997	205182	Escherichia coli EF-Tu mutants conferring resistance to Pulvomycin_elfamycin_antibiotic	103	1185	1185	1.0	Aeromonas (chromosome or plasmid)
barcode05_6Gb	contig_1178	223202	224387	Escherichia coli EF-Tu mutants conferring resistance to Pulvomycin_elfamycin_antibiotic	98	1185	1185	1.0	Aeromonas caviae (chromosome or plasmid)
barcode05_6Gb	contig_1178	287491	290668	adeF_fluoroquinolone_antibiotic;_tetracycline_antibiotic	37	3177	3177	1.0	Unknown taxonomy (chromosome)
barcode05_6Gb	contig_1182	123944	125429	lsaE_lincosamide_antibiotic;_streptogramin_antibiotic;_pleuromutilin_antibiotic	14	1485	1485	1.0	Streptococcus (chromosome or plasmid)
barcode05_6Gb	contig_1182	125482	126286	lnuB_lincosamide_antibiotic	18	804	804	1.0	Unknown taxonomy (chromosome or plasmid)
barcode05_6Gb	contig_11822	128	494	qacG_disinfecting_agents_and_antiseptics	113	366	366	1.0	Acinetobacter johnsonii (chromosome)
barcode05_6Gb	contig_11823	147	492	qacG_disinfecting_agents_and_antiseptics	47	345	345	1.0	Acinetobacter (chromosome)
barcode05_6Gb	contig_1185	46480	46975	lnuC_lincosamide_antibiotic	38	495	495	1.0	Unknown taxonomy (chromosome or plasmid)
barcode05_6Gb	contig_1188	82372	83995	vanW gene in vanI cluster_glycopeptide_antibiotic	8	1623	1623	1.0	
barcode05_6Gb	contig_1188	703463	706580	adeF_fluoroquinolone_antibiotic;_tetracycline_antibiotic	12	3117	3117	1.0	
barcode05_6Gb	contig_1188	1249109	1250303	vanT gene in vanG cluster_glycopeptide_antibiotic	25	1194	1194	1.0	
barcode05_6Gb	contig_1188	1400983	1402156	vanT gene in vanG cluster_glycopeptide_antibiotic	21	1173	1173	1.0	
barcode05_6Gb	contig_1188	1409073	1411035	tet(O)_tetracycline_antibiotic	12	1962	1962	1.0	
barcode05_6Gb	contig_11881	157	973	aadA_aminoglycoside_antibiotic	36	816	816	1.0	Unknown taxonomy (chromosome or plasmid)
barcode05_6Gb	contig_11881	965	1766	OXA-10_cephalosporin;_penam	32	801	801	1.0	Unknown taxonomy (chromosome or plasmid)
barcode05_6Gb	contig_11881	2030	3290	cmlA5_phenicol_antibiotic	28	1260	1260	1.0	Unknown taxonomy (chromosome or plasmid)
barcode05_6Gb	contig_1191	268232	271424	adeF_fluoroquinolone_antibiotic;_tetracycline_antibiotic	57	3192	3192	1.0	
barcode05_6Gb	contig_11932	13539	15054	aadT_macrolide_antibiotic;_tetracycline_antibiotic;_disinfecting_agents_and_antiseptics	9	1515	1515	1.0	
barcode05_6Gb	contig_11934	18025	18889	GES-1_carbapenem;_cephalosporin;_penam	17	864	864	1.0	Unknown taxonomy (chromosome or plasmid)
barcode05_6Gb	contig_11934	18962	19421	AAC(6')-Il_aminoglycoside_antibiotic	25	459	459	1.0	Unknown taxonomy (chromosome or plasmid)
barcode05_6Gb	contig_11934	19438	19972	ANT(2'')-Ia_aminoglycoside_antibiotic	18	534	534	1.0	Unknown taxonomy (chromosome or plasmid)
barcode05_6Gb	contig_11934	20934	21789	ErmX_macrolide_antibiotic;_lincosamide_antibiotic;_streptogramin_antibiotic;_streptogramin_A_antibiotic;_streptogramin_B_antibiotic	11	855	855	1.0	Unknown taxonomy (chromosome or plasmid)
barcode05_6Gb	contig_11944	6981	7821	tet(O)_tetracycline_antibiotic	47	840	840	1.0	Unknown taxonomy (chromosome or plasmid)
barcode05_6Gb	contig_11944	7775	8900	tet(O)_tetracycline_antibiotic	58	1125	1125	1.0	Unknown taxonomy (chromosome or plasmid)
barcode05_6Gb	contig_11971	4327	6247	tet(W)_tetracycline_antibiotic	48	1920	1920	1.0	Unknown taxonomy (chromosome or plasmid)
barcode05_6Gb	contig_11994	0	1077	CMY-4_cephamycin	3	1077	1077	1.0	Unknown taxonomy (chromosome or plasmid)
barcode05_6Gb	contig_12020	141952	142138	rsmA_fluoroquinolone_antibiotic;_diaminopyrimidine_antibiotic;_phenicol_antibiotic	25	186	186	1.0	Unknown taxonomy (chromosome or plasmid)
barcode05_6Gb	contig_12041	5428	6310	KPC-2_monobactam;_carbapenem;_cephalosporin;_penam	95	882	882	1.0	Unknown taxonomy (chromosome or plasmid)
barcode05_6Gb	contig_12041	8725	9505	APH(3')-VIa_aminoglycoside_antibiotic	53	780	780	1.0	Unknown taxonomy (chromosome or plasmid)
barcode05_6Gb	contig_12062	3318	5796	vanT gene in vanG cluster_glycopeptide_antibiotic	22	2478	2478	1.0	
barcode05_6Gb	contig_12143	1538	1955	FosA3_phosphonic_acid_antibiotic	4	417	417	1.0	Unknown taxonomy (chromosome or plasmid)
barcode05_6Gb	contig_12143	4776	5571	APH(3')-IIa_aminoglycoside_antibiotic	6	795	795	1.0	Unknown taxonomy (chromosome or plasmid)
barcode05_6Gb	contig_12168	118539	121689	acrB_fluoroquinolone_antibiotic;_cephalosporin;_glycylcycline;_penam;_tetracycline_antibiotic;_rifamycin_antibiotic;_phenicol_antibiotic;_disinfecting_agents_and_antiseptics	23	3150	3150	1.0	Escherichia coli (chromosome or plasmid)
barcode05_6Gb	contig_12168	121711	122905	Escherichia coli acrA_fluoroquinolone_antibiotic;_cephalosporin;_glycylcycline;_penam;_tetracycline_antibiotic;_rifamycin_antibiotic;_phenicol_antibiotic;_disinfecting_agents_and_antiseptics	24	1194	1194	1.0	Unknown taxonomy (chromosome or plasmid)
barcode05_6Gb	contig_12168	123046	123694	Escherichia coli AcrAB-TolC with AcrR mutation conferring resistance to ciprofloxacin, tetracycline, and ceftazidime_fluoroquinolone_antibiotic;_cephalosporin;_glycylcycline;_penam;_tetracycline_antibiotic;_rifamycin_antibiotic;_phenicol_antibiotic;_disinfecting_agents_and_antiseptics	30	648	648	1.0	Unknown taxonomy (chromosome or plasmid)
barcode05_6Gb	contig_12174	7557	8367	mphG_macrolide_antibiotic	18	810	810	1.0	
barcode05_6Gb	contig_12174	9957	10773	sul2_sulfonamide_antibiotic	14	816	816	1.0	Unknown taxonomy (chromosome or plasmid)
barcode05_6Gb	contig_12202	55313	56522	mdtH_fluoroquinolone_antibiotic	15	1209	1209	1.0	Unknown taxonomy (chromosome or plasmid)
barcode05_6Gb	contig_12202	65152	66379	mdtG_phosphonic_acid_antibiotic	13	1227	1227	1.0	Unknown taxonomy (chromosome or plasmid)
barcode05_6Gb	contig_12251	14030	15215	Escherichia coli EF-Tu mutants conferring resistance to Pulvomycin_elfamycin_antibiotic	16	1185	1185	1.0	Citrobacter (chromosome or plasmid)
barcode05_6Gb	contig_12251	33573	34206	CRP_macrolide_antibiotic;_fluoroquinolone_antibiotic;_penam	16	633	633	1.0	Citrobacter werkmanii (chromosome)
barcode05_6Gb	contig_12266	42147	42678	emrR_fluoroquinolone_antibiotic	14	531	531	1.0	Enterobacter kobei (chromosome or plasmid)
barcode05_6Gb	contig_12266	42804	43977	emrA_fluoroquinolone_antibiotic	16	1173	1173	1.0	
barcode05_6Gb	contig_12266	43993	45541	emrB_fluoroquinolone_antibiotic	15	1548	1548	1.0	Enterobacter kobei (chromosome or plasmid)
barcode05_6Gb	contig_12266	52582	52768	rsmA_fluoroquinolone_antibiotic;_diaminopyrimidine_antibiotic;_phenicol_antibiotic	11	186	186	1.0	Enterobacter (chromosome or plasmid)
barcode05_6Gb	contig_12276	6119	7589	adeC_glycylcycline;_tetracycline_antibiotic	9	1470	1470	1.0	Acinetobacter baumannii (chromosome or plasmid)
barcode05_6Gb	contig_12289	1788	2526	ErmB_macrolide_antibiotic;_lincosamide_antibiotic;_streptogramin_antibiotic;_streptogramin_A_antibiotic;_streptogramin_B_antibiotic	8	738	738	1.0	Unknown taxonomy (chromosome or plasmid)
barcode05_6Gb	contig_12317	2992	3358	qacG_disinfecting_agents_and_antiseptics	9	366	366	1.0	
barcode05_6Gb	contig_12385	12165	12945	APH(3')-VIa_aminoglycoside_antibiotic	23	780	780	1.0	Unknown taxonomy (chromosome or plasmid)
barcode05_6Gb	contig_12434	2485	4129	eptB_peptide_antibiotic	5	1644	1644	1.0	Klebsiella (chromosome)
barcode05_6Gb	contig_12438	12536	13841	Acinetobacter baumannii AbaQ_fluoroquinolone_antibiotic	9	1305	1305	1.0	
barcode05_6Gb	contig_12476	3169	4159	vanH gene in vanB cluster_glycopeptide_antibiotic	12	990	990	1.0	
barcode05_6Gb	contig_12479	94	922	OXA-253_carbapenem;_penam	45	828	828	1.0	Acinetobacter baumannii (chromosome)
barcode05_6Gb	contig_1314	1427	2270	mphE_macrolide_antibiotic	52	843	843	1.0	Unknown taxonomy (chromosome or plasmid)
barcode05_6Gb	contig_1314	2325	3804	msrE_macrolide_antibiotic;_streptogramin_antibiotic	78	1479	1479	1.0	Unknown taxonomy (chromosome or plasmid)
barcode05_6Gb	contig_1315	25304	26231	PER-2_monobactam;_carbapenem;_cephalosporin;_penam;_penem	16	927	927	1.0	Unknown taxonomy (plasmid)
barcode05_6Gb	contig_1315	34484	35108	tetR_tetracycline_antibiotic	21	624	624	1.0	Unknown taxonomy (chromosome or plasmid)
barcode05_6Gb	contig_1315	35189	36395	tet(B)_tetracycline_antibiotic	17	1206	1206	1.0	Unknown taxonomy (chromosome or plasmid)
barcode05_6Gb	contig_1315	43365	43818	arr-3_rifamycin_antibiotic	41	453	453	1.0	Unknown taxonomy (chromosome or plasmid)
barcode05_6Gb	contig_1315	43923	44511	AAC(6')-Ib9_aminoglycoside_antibiotic	52	588	588	1.0	Unknown taxonomy (chromosome or plasmid)
barcode05_6Gb	contig_1315	44679	45027	qacEdelta1_disinfecting_agents_and_antiseptics	84	348	348	1.0	Unknown taxonomy (chromosome or plasmid)
barcode05_6Gb	contig_1315	45020	45860	sul1_sulfonamide_antibiotic	81	840	840	1.0	Unknown taxonomy (chromosome or plasmid)
barcode05_6Gb	contig_1316	35458	36238	APH(3')-VIa_aminoglycoside_antibiotic	38	780	780	1.0	Unknown taxonomy (chromosome or plasmid)
barcode05_6Gb	contig_1316	121081	121942	TEM-1_monobactam;_cephalosporin;_penam;_penem	20	861	861	1.0	Unknown taxonomy (chromosome or plasmid)
barcode05_6Gb	contig_1317	7334	8054	AAC(6')-Ib9_aminoglycoside_antibiotic	41	720	720	1.0	Unknown taxonomy (chromosome or plasmid)
barcode05_6Gb	contig_1317	8222	8570	qacEdelta1_disinfecting_agents_and_antiseptics	70	348	348	1.0	Unknown taxonomy (chromosome or plasmid)
barcode05_6Gb	contig_1317	8563	9403	sul1_sulfonamide_antibiotic	73	840	840	1.0	Unknown taxonomy (chromosome or plasmid)
barcode05_6Gb	contig_1330	21566	22031	AAC(3)-Ia_aminoglycoside_antibiotic	8	465	465	1.0	Unknown taxonomy (chromosome or plasmid)
barcode05_6Gb	contig_1368	9337	10522	Escherichia coli EF-Tu mutants conferring resistance to Pulvomycin_elfamycin_antibiotic	23	1185	1185	1.0	Unknown taxonomy (chromosome or plasmid)
barcode05_6Gb	contig_1371	131050	131683	CRP_macrolide_antibiotic;_fluoroquinolone_antibiotic;_penam	20	633	633	1.0	Enterobacter roggenkampii (chromosome or plasmid)
barcode05_6Gb	contig_1371	146641	147826	Escherichia coli EF-Tu mutants conferring resistance to Pulvomycin_elfamycin_antibiotic	36	1185	1185	1.0	Enterobacter (chromosome or plasmid)
barcode05_6Gb	contig_1372	28168	29314	ACT-87_carbapenem;_cephalosporin;_cephamycin;_penam	17	1146	1146	1.0	Enterobacter kobei (chromosome)
barcode05_6Gb	contig_1372	178584	179010	FosA2_phosphonic_acid_antibiotic	7	426	426	1.0	Enterobacter kobei (chromosome)
barcode05_6Gb	contig_1372	365149	366172	leuO_nucleoside_antibiotic;_disinfecting_agents_and_antiseptics	18	1023	1023	1.0	Enterobacter kobei (chromosome)
barcode05_6Gb	contig_1372	372334	374101	Haemophilus influenzae PBP3 conferring resistance to beta-lactam antibiotics_cephalosporin;_cephamycin;_penam	17	1767	1767	1.0	Enterobacter kobei (chromosome or plasmid)
barcode05_6Gb	contig_1382	9332	10517	Escherichia coli EF-Tu mutants conferring resistance to Pulvomycin_elfamycin_antibiotic	45	1185	1185	1.0	Unknown taxonomy (chromosome or plasmid)
barcode05_6Gb	contig_1382	47435	50540	AcrF_fluoroquinolone_antibiotic;_cephalosporin;_cephamycin;_penam	35	3105	3105	1.0	Escherichia coli (chromosome or plasmid)
barcode05_6Gb	contig_1382	50551	51709	AcrE_fluoroquinolone_antibiotic;_cephalosporin;_cephamycin;_penam	38	1158	1158	1.0	Unknown taxonomy (chromosome or plasmid)
barcode05_6Gb	contig_1382	52107	52770	AcrS_fluoroquinolone_antibiotic;_cephalosporin;_glycylcycline;_cephamycin;_penam;_tetracycline_antibiotic;_rifamycin_antibiotic;_phenicol_antibiotic;_disinfecting_agents_and_antiseptics	40	663	663	1.0	Unknown taxonomy (chromosome or plasmid)
barcode05_6Gb	contig_1387	22202	23348	MIR-17_monobactam;_cephalosporin	20	1146	1146	1.0	Enterobacter (chromosome)
barcode05_6Gb	contig_1390	33119	34304	Escherichia coli EF-Tu mutants conferring resistance to Pulvomycin_elfamycin_antibiotic	15	1185	1185	1.0	Klebsiella (chromosome or plasmid)
barcode05_6Gb	contig_1392	21218	24332	adeF_fluoroquinolone_antibiotic;_tetracycline_antibiotic	16	3114	3114	1.0	Enterobacter roggenkampii (chromosome)
barcode05_6Gb	contig_1396	7800	8784	PmrF_peptide_antibiotic	20	984	984	1.0	
barcode05_6Gb	contig_1396	11658	13314	ArnT_peptide_antibiotic	11	1656	1656	1.0	Enterobacter kobei (chromosome)
barcode05_6Gb	contig_1396	87757	88390	CRP_macrolide_antibiotic;_fluoroquinolone_antibiotic;_penam	23	633	633	1.0	Enterobacter (chromosome or plasmid)
barcode05_6Gb	contig_1396	161648	164762	adeF_fluoroquinolone_antibiotic;_tetracycline_antibiotic	13	3114	3114	1.0	Enterobacter kobei (chromosome)
barcode05_6Gb	contig_1408	88877	90269	Escherichia coli UhpT with mutation conferring resistance to fosfomycin_phosphonic_acid_antibiotic	17	1392	1392	1.0	Enterobacter kobei (chromosome or plasmid)
barcode05_6Gb	contig_1448	636423	638955	vanT gene in vanG cluster_glycopeptide_antibiotic	109	2532	2532	1.0	
barcode05_6Gb	contig_1588	1223846	1225004	vanT gene in vanG cluster_glycopeptide_antibiotic	42	1158	1158	1.0	
barcode05_6Gb	contig_1588	1806419	1807406	vanH gene in vanO cluster_glycopeptide_antibiotic	40	987	987	1.0	
barcode05_6Gb	contig_1752	822339	823575	vanW gene in vanI cluster_glycopeptide_antibiotic	251	1236	1236	1.0	
barcode05_6Gb	contig_1752	1525580	1526087	nimK_nitroimidazole_antibiotic	254	507	507	1.0	
barcode05_6Gb	contig_1752	1781610	1784802	adeF_fluoroquinolone_antibiotic;_tetracycline_antibiotic	285	3192	3192	1.0	
barcode05_6Gb	contig_1752	2028325	2029435	vanT gene in vanG cluster_glycopeptide_antibiotic	278	1110	1110	1.0	
barcode05_6Gb	contig_1759	2392979	2394356	vanW gene in vanI cluster_glycopeptide_antibiotic	12	1377	1377	1.0	
barcode05_6Gb	contig_1759	3334581	3335694	vanT gene in vanG cluster_glycopeptide_antibiotic	23	1113	1113	1.0	
barcode05_6Gb	contig_1759	3529983	3533124	adeF_fluoroquinolone_antibiotic;_tetracycline_antibiotic	16	3141	3141	1.0	
barcode05_6Gb	contig_1759	3632165	3633497	vanW gene in vanI cluster_glycopeptide_antibiotic	13	1332	1332	1.0	
barcode05_6Gb	contig_1763	70451	70640	rsmA_fluoroquinolone_antibiotic;_diaminopyrimidine_antibiotic;_phenicol_antibiotic	90	189	189	1.0	
barcode05_6Gb	contig_1819	12316	14290	tet(Q)_tetracycline_antibiotic	49	1974	1974	1.0	Unknown taxonomy (chromosome)
barcode05_6Gb	contig_1824	5451	6900	adeH_fluoroquinolone_antibiotic;_tetracycline_antibiotic	33	1449	1449	1.0	Acinetobacter baumannii (chromosome or plasmid)
barcode05_6Gb	contig_1824	6912	10092	adeF_fluoroquinolone_antibiotic;_tetracycline_antibiotic	25	3180	3180	1.0	Acinetobacter baumannii (chromosome or plasmid)
barcode05_6Gb	contig_1824	10098	11319	adeG_fluoroquinolone_antibiotic;_tetracycline_antibiotic	24	1221	1221	1.0	Acinetobacter baumannii (chromosome or plasmid)
barcode05_6Gb	contig_1824	11534	12548	adeL_fluoroquinolone_antibiotic;_tetracycline_antibiotic	25	1014	1014	1.0	Acinetobacter baumannii (chromosome or plasmid)
barcode05_6Gb	contig_1824	15856	16186	abeS_macrolide_antibiotic;_aminocoumarin_antibiotic	21	330	330	1.0	Acinetobacter baumannii (chromosome or plasmid)
barcode05_6Gb	contig_1902	3431	4271	sul1_sulfonamide_antibiotic	78	840	840	1.0	Unknown taxonomy (chromosome or plasmid)
barcode05_6Gb	contig_1902	4264	4612	qacEdelta1_disinfecting_agents_and_antiseptics	72	348	348	1.0	Unknown taxonomy (chromosome or plasmid)
barcode05_6Gb	contig_1902	4727	5264	ANT(2'')-Ia_aminoglycoside_antibiotic	44	537	537	1.0	Unknown taxonomy (chromosome or plasmid)
barcode05_6Gb	contig_1902	5386	6250	GES-1_carbapenem;_cephalosporin;_penam	48	864	864	1.0	Unknown taxonomy (chromosome or plasmid)
barcode05_6Gb	contig_1902	6725	7589	GES-1_carbapenem;_cephalosporin;_penam	51	864	864	1.0	Unknown taxonomy (chromosome or plasmid)
barcode05_6Gb	contig_192	229245	230364	vanT gene in vanG cluster_glycopeptide_antibiotic	11	1119	1119	1.0	
barcode05_6Gb	contig_192	360720	361602	vanW gene in vanG cluster_glycopeptide_antibiotic	367	882	882	1.0	Acinetobacter johnsonii (chromosome)
barcode05_6Gb	contig_2005	525	1353	OXA-253_carbapenem;_penam	40	828	828	1.0	Acinetobacter baumannii (chromosome)
barcode05_6Gb	contig_2218	1963	2623	catA1_phenicol_antibiotic	11	660	660	1.0	Unknown taxonomy (chromosome or plasmid)
barcode05_6Gb	contig_2327	10103	10448	qacG_disinfecting_agents_and_antiseptics	176	345	345	1.0	Acinetobacter johnsonii (chromosome)
barcode05_6Gb	contig_2501	47767	49027	EreB_macrolide_antibiotic	12	1260	1260	1.0	
barcode05_6Gb	contig_2502	2080	3340	EreB_macrolide_antibiotic	17	1260	1260	1.0	
barcode05_6Gb	contig_2513	125614	126292	kdpE_aminoglycoside_antibiotic	29	678	678	1.0	Escherichia coli (chromosome or plasmid)
barcode05_6Gb	contig_2520	147304	148537	Escherichia coli mdfA_tetracycline_antibiotic;_disinfecting_agents_and_antiseptics	24	1233	1233	1.0	Unknown taxonomy (chromosome or plasmid)
barcode05_6Gb	contig_2521	24814	25972	mdtE_macrolide_antibiotic;_fluoroquinolone_antibiotic;_penam	37	1158	1158	1.0	Unknown taxonomy (chromosome)
barcode05_6Gb	contig_2521	30569	31394	gadX_macrolide_antibiotic;_fluoroquinolone_antibiotic;_penam	42	825	825	1.0	Unknown taxonomy (chromosome)
barcode05_6Gb	contig_2583	9695	9950	rsmA_fluoroquinolone_antibiotic;_diaminopyrimidine_antibiotic;_phenicol_antibiotic	263	255	255	1.0	
barcode05_6Gb	contig_2605	388012	389215	vanT gene in vanG cluster_glycopeptide_antibiotic	29	1203	1203	1.0	
barcode05_6Gb	contig_2605	458506	460000	vanW gene in vanI cluster_glycopeptide_antibiotic	30	1494	1494	1.0	
barcode05_6Gb	contig_2605	1387890	1388385	lnuC_lincosamide_antibiotic	66	495	495	1.0	Unknown taxonomy (chromosome or plasmid)
barcode05_6Gb	contig_2660	103	448	qacG_disinfecting_agents_and_antiseptics	16	345	345	1.0	Unknown taxonomy (chromosome or plasmid)
barcode05_6Gb	contig_2661	2819	4034	floR_phenicol_antibiotic	13	1215	1215	1.0	Unknown taxonomy (chromosome or plasmid)
barcode05_6Gb	contig_2661	5986	6802	sul2_sulfonamide_antibiotic	26	816	816	1.0	Unknown taxonomy (chromosome or plasmid)
barcode05_6Gb	contig_2661	12924	14400	msrE_macrolide_antibiotic;_streptogramin_antibiotic	134	1476	1476	1.0	Unknown taxonomy (chromosome or plasmid)
barcode05_6Gb	contig_2661	14455	15238	mphE_macrolide_antibiotic	132	783	783	1.0	Unknown taxonomy (chromosome or plasmid)
barcode05_6Gb	contig_2661	16304	17165	TEM-1_monobactam;_cephalosporin;_penam;_penem	20	861	861	1.0	Unknown taxonomy (chromosome or plasmid)
barcode05_6Gb	contig_2661	17864	18689	OXA-9_penam	14	825	825	1.0	Unknown taxonomy (chromosome or plasmid)
barcode05_6Gb	contig_2661	18748	19525	aadA_aminoglycoside_antibiotic	20	777	777	1.0	Unknown taxonomy (chromosome or plasmid)
barcode05_6Gb	contig_2661	19606	20212	AAC(6')-Ib9_aminoglycoside_antibiotic	17	606	606	1.0	Unknown taxonomy (chromosome or plasmid)
barcode05_6Gb	contig_2714	7600	9115	aadT_macrolide_antibiotic;_tetracycline_antibiotic;_disinfecting_agents_and_antiseptics	21	1515	1515	1.0	
barcode05_6Gb	contig_2719	6633	6888	rsmA_fluoroquinolone_antibiotic;_diaminopyrimidine_antibiotic;_phenicol_antibiotic	241	255	255	1.0	
barcode05_6Gb	contig_2743	28235	29420	Escherichia coli EF-Tu mutants conferring resistance to Pulvomycin_elfamycin_antibiotic	29	1185	1185	1.0	Enterobacter (chromosome or plasmid)
barcode05_6Gb	contig_2744	17850	19053	ArnT_peptide_antibiotic	7	1203	1203	1.0	Enterobacter (chromosome)
barcode05_6Gb	contig_2744	22305	23289	PmrF_peptide_antibiotic	11	984	984	1.0	
barcode05_6Gb	contig_2746	7207	8392	Escherichia coli EF-Tu mutants conferring resistance to Pulvomycin_elfamycin_antibiotic	32	1185	1185	1.0	Unknown taxonomy (chromosome or plasmid)
barcode05_6Gb	contig_2773	1079240	1079570	qacG_disinfecting_agents_and_antiseptics	15	330	330	1.0	
barcode05_6Gb	contig_2773	1239142	1239889	vanY gene in vanG cluster_glycopeptide_antibiotic	14	747	747	1.0	
barcode05_6Gb	contig_2773	1897813	1899808	lmrD_lincosamide_antibiotic	17	1995	1995	1.0	
barcode05_6Gb	contig_2952	25769	26093	Escherichia coli soxS with mutation conferring antibiotic resistance_fluoroquinolone_antibiotic;_monobactam;_carbapenem;_cephalosporin;_glycylcycline;_cephamycin;_penam;_tetracycline_antibiotic;_rifamycin_antibiotic;_phenicol_antibiotic;_penem;_disinfecting_agents_and_antiseptics	4	324	324	1.0	Citrobacter (chromosome)
barcode05_6Gb	contig_3014	63211	63970	vanY gene in vanB cluster_glycopeptide_antibiotic	6	759	759	1.0	
barcode05_6Gb	contig_3015	90422	91553	vanT gene in vanG cluster_glycopeptide_antibiotic	5	1131	1131	1.0	
barcode05_6Gb	contig_3027	328	1168	sul1_sulfonamide_antibiotic	24	840	840	1.0	Unknown taxonomy (chromosome or plasmid)
barcode05_6Gb	contig_3027	1161	1509	qacEdelta1_disinfecting_agents_and_antiseptics	28	348	348	1.0	Unknown taxonomy (chromosome or plasmid)
barcode05_6Gb	contig_3027	1672	2452	aadA2_aminoglycoside_antibiotic	34	780	780	1.0	Unknown taxonomy (chromosome or plasmid)
barcode05_6Gb	contig_3027	2872	3370	dfrA12_diaminopyrimidine_antibiotic	25	498	498	1.0	Unknown taxonomy (chromosome or plasmid)
barcode05_6Gb	contig_3027	10575	11355	APH(3')-VIa_aminoglycoside_antibiotic	30	780	780	1.0	Unknown taxonomy (chromosome or plasmid)
barcode05_6Gb	contig_3027	19457	20321	GES-1_carbapenem;_cephalosporin;_penam	42	864	864	1.0	Unknown taxonomy (chromosome or plasmid)
barcode05_6Gb	contig_3027	20362	21013	AAC(6')-Ib9_aminoglycoside_antibiotic	37	651	651	1.0	Unknown taxonomy (chromosome or plasmid)
barcode05_6Gb	contig_3027	21967	22795	OXA-2_carbapenem;_cephalosporin;_penam	49	828	828	1.0	Unknown taxonomy (chromosome or plasmid)
barcode05_6Gb	contig_3027	23250	23598	qacEdelta1_disinfecting_agents_and_antiseptics	28	348	348	1.0	Unknown taxonomy (chromosome or plasmid)
barcode05_6Gb	contig_3027	23591	24431	sul1_sulfonamide_antibiotic	28	840	840	1.0	Unknown taxonomy (chromosome or plasmid)
barcode05_6Gb	contig_3028	4689	5616	PER-3_monobactam;_carbapenem;_cephalosporin;_penam;_penem	10	927	927	1.0	Unknown taxonomy (chromosome or plasmid)
barcode05_6Gb	contig_3031	4688	5468	APH(3')-VIa_aminoglycoside_antibiotic	45	780	780	1.0	Unknown taxonomy (chromosome or plasmid)
barcode05_6Gb	contig_3040	25442	26594	MOX-13_cephalosporin;_cephamycin;_penam	52	1152	1152	1.0	Aeromonas caviae (chromosome or plasmid)
barcode05_6Gb	contig_3059	6547	9712	adeF_fluoroquinolone_antibiotic;_tetracycline_antibiotic	28	3165	3165	1.0	Acinetobacter (chromosome or plasmid)
barcode05_6Gb	contig_3069	4459	5116	QnrVC1_fluoroquinolone_antibiotic	8	657	657	1.0	Unknown taxonomy (chromosome or plasmid)
barcode05_6Gb	contig_3071	143	1004	TEM-1_monobactam;_cephalosporin;_penam;_penem	42	861	861	1.0	Unknown taxonomy (chromosome or plasmid)
barcode05_6Gb	contig_3073	20207	20609	FosA8_phosphonic_acid_antibiotic	68	402	402	1.0	Aeromonas caviae (chromosome or plasmid)
barcode05_6Gb	contig_3091	18339	18594	rsmA_fluoroquinolone_antibiotic;_diaminopyrimidine_antibiotic;_phenicol_antibiotic	35	255	255	1.0	
barcode05_6Gb	contig_3096	726542	727652	vanT gene in vanG cluster_glycopeptide_antibiotic	63	1110	1110	1.0	
barcode05_6Gb	contig_3112	38809	40201	Escherichia coli UhpT with mutation conferring resistance to fosfomycin_phosphonic_acid_antibiotic	10	1392	1392	1.0	Unknown taxonomy (chromosome or plasmid)
barcode05_6Gb	contig_3177	116047	117253	Mef(En2)_macrolide_antibiotic;_lincosamide_antibiotic	27	1206	1206	1.0	Unknown taxonomy (chromosome)
barcode05_6Gb	contig_3217	110864	113936	adeF_fluoroquinolone_antibiotic;_tetracycline_antibiotic	32	3072	3072	1.0	
barcode05_6Gb	contig_3296	153582	154743	vanT gene in vanG cluster_glycopeptide_antibiotic	6	1161	1161	1.0	
barcode05_6Gb	contig_3384	311779	313774	lmrD_lincosamide_antibiotic	20	1995	1995	1.0	
barcode05_6Gb	contig_3384	987825	988572	vanY gene in vanG cluster_glycopeptide_antibiotic	18	747	747	1.0	
barcode05_6Gb	contig_3452	5116	5998	KPC-2_monobactam;_carbapenem;_cephalosporin;_penam	38	882	882	1.0	Unknown taxonomy (chromosome or plasmid)
barcode05_6Gb	contig_3462	132	1320	tet(39)_tetracycline_antibiotic	41	1188	1188	1.0	Unknown taxonomy (plasmid)
barcode05_6Gb	contig_3653	16049	19202	adeF_fluoroquinolone_antibiotic;_tetracycline_antibiotic	7	3153	3153	1.0	
barcode05_6Gb	contig_3725	15956	16580	catS_phenicol_antibiotic	12	624	624	1.0	Parvimonas micra (chromosome)
barcode05_6Gb	contig_3854	43198	44383	Escherichia coli EF-Tu mutants conferring resistance to Pulvomycin_elfamycin_antibiotic	22	1185	1185	1.0	Enterobacter (chromosome or plasmid)
barcode05_6Gb	contig_3886	259862	260585	baeR_aminoglycoside_antibiotic;_aminocoumarin_antibiotic	8	723	723	1.0	Enterobacter kobei (chromosome)
barcode05_6Gb	contig_3886	260581	261985	baeS_aminoglycoside_antibiotic;_aminocoumarin_antibiotic	9	1404	1404	1.0	
barcode05_6Gb	contig_3891	20079	20874	OXA-504_penam	46	795	795	1.0	Aeromonas caviae (chromosome or plasmid)
barcode05_6Gb	contig_3895	1185	1980	OXA-504_penam	67	795	795	1.0	Aeromonas caviae (chromosome)
barcode05_6Gb	contig_3942	5096	5891	OXA-504_penam	29	795	795	1.0	Aeromonas caviae (chromosome)
barcode05_6Gb	contig_3988	2776	3874	vanT gene in vanG cluster_glycopeptide_antibiotic	4	1098	1098	1.0	
barcode05_6Gb	contig_3999	56507	57164	QnrVC1_fluoroquinolone_antibiotic	33	657	657	1.0	Unknown taxonomy (chromosome or plasmid)
barcode05_6Gb	contig_3999	57322	57796	dfrA6_diaminopyrimidine_antibiotic	29	474	474	1.0	Unknown taxonomy (chromosome or plasmid)
barcode05_6Gb	contig_4067	11092	11905	NDM-1_carbapenem;_cephalosporin;_cephamycin;_penam	22	813	813	1.0	Unknown taxonomy (chromosome or plasmid)
barcode05_6Gb	contig_4067	13182	13962	APH(3')-VIa_aminoglycoside_antibiotic	17	780	780	1.0	Unknown taxonomy (chromosome or plasmid)
barcode05_6Gb	contig_4069	2361	3141	APH(3')-VIa_aminoglycoside_antibiotic	23	780	780	1.0	Unknown taxonomy (chromosome or plasmid)
barcode05_6Gb	contig_4108	5572	6457	mphE_macrolide_antibiotic	138	885	885	1.0	Unknown taxonomy (chromosome or plasmid)
barcode05_6Gb	contig_4108	6512	7988	msrE_macrolide_antibiotic;_streptogramin_antibiotic	141	1476	1476	1.0	Unknown taxonomy (chromosome or plasmid)
barcode05_6Gb	contig_4137	15828	16629	ErmF_macrolide_antibiotic;_lincosamide_antibiotic;_streptogramin_antibiotic;_streptogramin_A_antibiotic;_streptogramin_B_antibiotic	20	801	801	1.0	Unknown taxonomy (chromosome or plasmid)
barcode05_6Gb	contig_4137	16841	17978	tet(X)_glycylcycline;_tetracycline_antibiotic	19	1137	1137	1.0	Unknown taxonomy (chromosome or plasmid)
barcode05_6Gb	contig_4137	18715	20641	tet(Q)_tetracycline_antibiotic	9	1926	1926	1.0	Unknown taxonomy (chromosome)
barcode05_6Gb	contig_4144	166613	169106	vanT gene in vanG cluster_glycopeptide_antibiotic	11	2493	2493	1.0	
barcode05_6Gb	contig_4240	31833	32490	QnrS1_fluoroquinolone_antibiotic	5	657	657	1.0	Unknown taxonomy (chromosome or plasmid)
barcode05_6Gb	contig_4240	40513	41713	tet(A)_tetracycline_antibiotic	19	1200	1200	1.0	Unknown taxonomy (chromosome or plasmid)
barcode05_6Gb	contig_4253	36431	37292	TEM-1_monobactam;_cephalosporin;_penam;_penem	13	861	861	1.0	Unknown taxonomy (chromosome or plasmid)
barcode05_6Gb	contig_4253	44258	44903	QnrB19_fluoroquinolone_antibiotic	25	645	645	1.0	Unknown taxonomy (chromosome or plasmid)
barcode05_6Gb	contig_4261	13278	14163	mphE_macrolide_antibiotic	175	885	885	1.0	Unknown taxonomy (chromosome or plasmid)
barcode05_6Gb	contig_4261	14218	15694	msrE_macrolide_antibiotic;_streptogramin_antibiotic	185	1476	1476	1.0	Unknown taxonomy (chromosome or plasmid)
barcode05_6Gb	contig_4263	2202	3039	APH(6)-Id_aminoglycoside_antibiotic	86	837	837	1.0	Unknown taxonomy (chromosome or plasmid)
barcode05_6Gb	contig_4263	3038	3842	APH(3'')-Ib_aminoglycoside_antibiotic	88	804	804	1.0	Unknown taxonomy (chromosome or plasmid)
barcode05_6Gb	contig_4302	23294	24536	mdtM_fluoroquinolone_antibiotic;_lincosamide_antibiotic;_nucleoside_antibiotic;_phenicol_antibiotic;_disinfecting_agents_and_antiseptics	8	1242	1242	1.0	
barcode05_6Gb	contig_4312	2802	3603	ErmF_macrolide_antibiotic;_lincosamide_antibiotic;_streptogramin_antibiotic;_streptogramin_A_antibiotic;_streptogramin_B_antibiotic	14	801	801	1.0	Unknown taxonomy (chromosome or plasmid)
barcode05_6Gb	contig_4406	24352	24787	Escherichia coli AcrAB-TolC with MarR mutations conferring resistance to ciprofloxacin and tetracycline_fluoroquinolone_antibiotic;_cephalosporin;_glycylcycline;_penam;_tetracycline_antibiotic;_rifamycin_antibiotic;_phenicol_antibiotic;_disinfecting_agents_and_antiseptics	13	435	435	1.0	Unknown taxonomy (chromosome or plasmid)
barcode05_6Gb	contig_4406	24806	25190	marA_fluoroquinolone_antibiotic;_monobactam;_carbapenem;_cephalosporin;_glycylcycline;_cephamycin;_penam;_tetracycline_antibiotic;_rifamycin_antibiotic;_phenicol_antibiotic;_penem;_disinfecting_agents_and_antiseptics	13	384	384	1.0	Unknown taxonomy (chromosome or plasmid)
barcode05_6Gb	contig_4406	63837	64167	Klebsiella pneumoniae KpnF_macrolide_antibiotic;_aminoglycoside_antibiotic;_cephalosporin;_tetracycline_antibiotic;_peptide_antibiotic;_rifamycin_antibiotic;_disinfecting_agents_and_antiseptics	24	330	330	1.0	Unknown taxonomy (chromosome or plasmid)
barcode05_6Gb	contig_4406	64153	64519	Klebsiella pneumoniae KpnE_macrolide_antibiotic;_aminoglycoside_antibiotic;_cephalosporin;_tetracycline_antibiotic;_peptide_antibiotic;_rifamycin_antibiotic;_disinfecting_agents_and_antiseptics	23	366	366	1.0	Unknown taxonomy (chromosome or plasmid)
barcode05_6Gb	contig_4434	6048	7239	tet(C)_tetracycline_antibiotic	30	1191	1191	1.0	Unknown taxonomy (chromosome or plasmid)
barcode05_6Gb	contig_4436	1685	2525	sul1_sulfonamide_antibiotic	48	840	840	1.0	Unknown taxonomy (chromosome or plasmid)
barcode05_6Gb	contig_4436	2518	2866	qacEdelta1_disinfecting_agents_and_antiseptics	47	348	348	1.0	Unknown taxonomy (chromosome or plasmid)
barcode05_6Gb	contig_445	33627	34452	OXA-644_carbapenem;_penam	365	825	825	1.0	Acinetobacter johnsonii (chromosome)
barcode05_6Gb	contig_4458	27634	28267	CRP_macrolide_antibiotic;_fluoroquinolone_antibiotic;_penam	8	633	633	1.0	Klebsiella michiganensis (chromosome)
barcode05_6Gb	contig_4467	1720	2905	Escherichia coli EF-Tu mutants conferring resistance to Pulvomycin_elfamycin_antibiotic	20	1185	1185	1.0	Unknown taxonomy (chromosome or plasmid)
barcode05_6Gb	contig_4467	17958	18591	CRP_macrolide_antibiotic;_fluoroquinolone_antibiotic;_penam	9	633	633	1.0	Klebsiella pneumoniae (chromosome)
barcode05_6Gb	contig_450	232219	233107	vanW gene in vanG cluster_glycopeptide_antibiotic	9	888	888	1.0	
barcode05_6Gb	contig_4511	36503	37688	Escherichia coli EF-Tu mutants conferring resistance to Pulvomycin_elfamycin_antibiotic	25	1185	1185	1.0	Unknown taxonomy (chromosome)
barcode05_6Gb	contig_4511	57640	58825	Escherichia coli EF-Tu mutants conferring resistance to Pulvomycin_elfamycin_antibiotic	15	1185	1185	1.0	Unknown taxonomy (chromosome or plasmid)
barcode05_6Gb	contig_4614	28314	28512	rsmA_fluoroquinolone_antibiotic;_diaminopyrimidine_antibiotic;_phenicol_antibiotic	15	198	198	1.0	
barcode05_6Gb	contig_4619	35766	36999	mdtM_fluoroquinolone_antibiotic;_lincosamide_antibiotic;_nucleoside_antibiotic;_phenicol_antibiotic;_disinfecting_agents_and_antiseptics	23	1233	1233	1.0	Unknown taxonomy (chromosome or plasmid)
barcode05_6Gb	contig_4619	193943	194888	leuO_nucleoside_antibiotic;_disinfecting_agents_and_antiseptics	27	945	945	1.0	Unknown taxonomy (chromosome or plasmid)
barcode05_6Gb	contig_4619	200988	202755	Haemophilus influenzae PBP3 conferring resistance to beta-lactam antibiotics_cephalosporin;_cephamycin;_penam	28	1767	1767	1.0	Escherichia coli (chromosome or plasmid)
barcode05_6Gb	contig_4660	7989	8244	rsmA_fluoroquinolone_antibiotic;_diaminopyrimidine_antibiotic;_phenicol_antibiotic	15	255	255	1.0	
barcode05_6Gb	contig_4668	11476	11953	emrR_fluoroquinolone_antibiotic	9	477	477	1.0	Klebsiella pneumoniae (chromosome or plasmid)
barcode05_6Gb	contig_469	77756	79061	Acinetobacter baumannii AbaQ_fluoroquinolone_antibiotic	12	1305	1305	1.0	
barcode05_6Gb	contig_4785	12379	14299	tet(W)_tetracycline_antibiotic	39	1920	1920	1.0	Unknown taxonomy (chromosome or plasmid)
barcode05_6Gb	contig_482	8872	9715	OXA-58_carbapenem;_penam	21	843	843	1.0	Unknown taxonomy (chromosome or plasmid)
barcode05_6Gb	contig_491	25915	26800	mphE_macrolide_antibiotic	161	885	885	1.0	Unknown taxonomy (chromosome or plasmid)
barcode05_6Gb	contig_491	26855	28331	msrE_macrolide_antibiotic;_streptogramin_antibiotic	151	1476	1476	1.0	Unknown taxonomy (chromosome or plasmid)
barcode05_6Gb	contig_4926	11632	12256	tetR_tetracycline_antibiotic	25	624	624	1.0	Unknown taxonomy (chromosome or plasmid)
barcode05_6Gb	contig_4926	12337	13543	tet(B)_tetracycline_antibiotic	21	1206	1206	1.0	Unknown taxonomy (chromosome or plasmid)
barcode05_6Gb	contig_4935	4982	5843	AAC(3)-IIe_aminoglycoside_antibiotic	20	861	861	1.0	Unknown taxonomy (chromosome or plasmid)
barcode05_6Gb	contig_4935	5984	6845	TEM-1_monobactam;_cephalosporin;_penam;_penem	15	861	861	1.0	Unknown taxonomy (chromosome or plasmid)
barcode05_6Gb	contig_4935	9663	10563	VEB-9_monobactam;_cephalosporin	9	900	900	1.0	Unknown taxonomy (chromosome or plasmid)
barcode05_6Gb	contig_4937	8380	9208	vanY gene in vanB cluster_glycopeptide_antibiotic	5	828	828	1.0	
barcode05_6Gb	contig_4972	5644	6367	baeR_aminoglycoside_antibiotic;_aminocoumarin_antibiotic	9	723	723	1.0	Citrobacter portucalensis (chromosome)
barcode05_6Gb	contig_5052	328	1168	sul1_sulfonamide_antibiotic	46	840	840	1.0	Unknown taxonomy (chromosome or plasmid)
barcode05_6Gb	contig_5052	1161	1509	qacEdelta1_disinfecting_agents_and_antiseptics	57	348	348	1.0	Unknown taxonomy (chromosome or plasmid)
barcode05_6Gb	contig_5052	1731	2184	arr-3_rifamycin_antibiotic	49	453	453	1.0	Unknown taxonomy (chromosome or plasmid)
barcode05_6Gb	contig_5052	2268	2901	catB3_phenicol_antibiotic	52	633	633	1.0	Unknown taxonomy (chromosome or plasmid)
barcode05_6Gb	contig_5052	3038	3869	OXA-1_cephalosporin;_penam	56	831	831	1.0	Unknown taxonomy (chromosome or plasmid)
barcode05_6Gb	contig_5052	3999	4599	AAC(6')-Ib-cr6_fluoroquinolone_antibiotic;_aminoglycoside_antibiotic	46	600	600	1.0	Unknown taxonomy (chromosome or plasmid)
barcode05_6Gb	contig_5052	6853	7714	AAC(3)-IId_aminoglycoside_antibiotic	21	861	861	1.0	Unknown taxonomy (chromosome or plasmid)
barcode05_6Gb	contig_5052	12685	13546	TEM-1_monobactam;_cephalosporin;_penam;_penem	22	861	861	1.0	Unknown taxonomy (chromosome or plasmid)
barcode05_6Gb	contig_5054	4648	5287	AAC(6')-Ib8_aminoglycoside_antibiotic	14	639	639	1.0	Unknown taxonomy (chromosome or plasmid)
barcode05_6Gb	contig_5054	6047	6680	catB3_phenicol_antibiotic	13	633	633	1.0	Unknown taxonomy (chromosome or plasmid)
barcode05_6Gb	contig_5054	6836	7184	qacEdelta1_disinfecting_agents_and_antiseptics	22	348	348	1.0	Unknown taxonomy (chromosome or plasmid)
barcode05_6Gb	contig_5054	7177	8017	sul1_sulfonamide_antibiotic	22	840	840	1.0	Unknown taxonomy (chromosome or plasmid)
barcode05_6Gb	contig_5057	9837	10674	APH(6)-Id_aminoglycoside_antibiotic	63	837	837	1.0	Unknown taxonomy (chromosome or plasmid)
barcode05_6Gb	contig_5063	2631	3231	AAC(6')-Ib-cr6_fluoroquinolone_antibiotic;_aminoglycoside_antibiotic	42	600	600	1.0	Unknown taxonomy (chromosome or plasmid)
barcode05_6Gb	contig_5063	3361	4192	OXA-1_cephalosporin;_penam	48	831	831	1.0	Unknown taxonomy (chromosome or plasmid)
barcode05_6Gb	contig_5063	4329	4962	catB3_phenicol_antibiotic	42	633	633	1.0	Unknown taxonomy (chromosome or plasmid)
barcode05_6Gb	contig_5063	5118	5466	qacEdelta1_disinfecting_agents_and_antiseptics	44	348	348	1.0	Unknown taxonomy (chromosome or plasmid)
barcode05_6Gb	contig_5063	5459	6299	sul1_sulfonamide_antibiotic	40	840	840	1.0	Unknown taxonomy (chromosome or plasmid)
barcode05_6Gb	contig_5080	22565	23039	dfrF_diaminopyrimidine_antibiotic	10	474	474	1.0	Unknown taxonomy (chromosome or plasmid)
barcode05_6Gb	contig_5178	556	1705	FOX-3_cephalosporin;_cephamycin	5	1149	1149	1.0	Enterobacter asburiae (chromosome or plasmid)
barcode05_6Gb	contig_5194	16304	16502	rsmA_fluoroquinolone_antibiotic;_diaminopyrimidine_antibiotic;_phenicol_antibiotic	6	198	198	1.0	Shewanella putrefaciens (chromosome)
barcode05_6Gb	contig_5196	1412	2786	cpxA_aminoglycoside_antibiotic;_aminocoumarin_antibiotic	35	1374	1374	1.0	Unknown taxonomy (chromosome or plasmid)
barcode05_6Gb	contig_5200	15237	16446	vanT gene in vanG cluster_glycopeptide_antibiotic	7	1209	1209	1.0	
barcode05_6Gb	contig_5349	1844	2279	Escherichia coli AcrAB-TolC with MarR mutations conferring resistance to ciprofloxacin and tetracycline_fluoroquinolone_antibiotic;_cephalosporin;_glycylcycline;_penam;_tetracycline_antibiotic;_rifamycin_antibiotic;_phenicol_antibiotic;_disinfecting_agents_and_antiseptics	13	435	435	1.0	Enterobacter cloacae (chromosome)
barcode05_6Gb	contig_5366	418	871	arr-3_rifamycin_antibiotic	18	453	453	1.0	Unknown taxonomy (chromosome or plasmid)
barcode05_6Gb	contig_5366	955	1588	catB3_phenicol_antibiotic	23	633	633	1.0	Unknown taxonomy (chromosome or plasmid)
barcode05_6Gb	contig_5366	1725	2601	OXA-1_cephalosporin;_penam	32	876	876	1.0	Klebsiella pneumoniae (chromosome or plasmid)
barcode05_6Gb	contig_5366	2686	3286	AAC(6')-Ib-cr6_fluoroquinolone_antibiotic;_aminoglycoside_antibiotic	34	600	600	1.0	Unknown taxonomy (chromosome or plasmid)
barcode05_6Gb	contig_5407	621	1050	FosI_phosphonic_acid_antibiotic	1	429	429	1.0	
barcode05_6Gb	contig_5421	23006	24755	msbA_nitroimidazole_antibiotic	15	1749	1749	1.0	Escherichia coli (chromosome)
barcode05_6Gb	contig_5472	7563	7818	rsmA_fluoroquinolone_antibiotic;_diaminopyrimidine_antibiotic;_phenicol_antibiotic	15	255	255	1.0	
barcode05_6Gb	contig_5566	879	1605	vanW gene in vanI cluster_glycopeptide_antibiotic	3	726	726	1.0	
barcode05_6Gb	contig_5583	5957	7145	tet(39)_tetracycline_antibiotic	33	1188	1188	1.0	Unknown taxonomy (plasmid)
barcode05_6Gb	contig_5603	158079	158904	OXA-441_carbapenem;_penam	18	825	825	1.0	Acinetobacter baumannii (chromosome or plasmid)
barcode05_6Gb	contig_562	1716	2208	ANT(3'')-IIb_aminoglycoside_antibiotic	22	492	492	1.0	Acinetobacter baumannii (chromosome or plasmid)
barcode05_6Gb	contig_5632	13910	14342	Escherichia coli AcrAB-TolC with MarR mutations conferring resistance to ciprofloxacin and tetracycline_fluoroquinolone_antibiotic;_cephalosporin;_glycylcycline;_penam;_tetracycline_antibiotic;_rifamycin_antibiotic;_phenicol_antibiotic;_disinfecting_agents_and_antiseptics	3	432	432	1.0	
barcode05_6Gb	contig_5703	9907	11827	tet(O)_tetracycline_antibiotic	69	1920	1920	1.0	Unknown taxonomy (chromosome or plasmid)
barcode05_6Gb	contig_5820	130575	131676	LpsB_peptide_antibiotic	54	1101	1101	1.0	Acinetobacter baumannii (chromosome or plasmid)
barcode05_6Gb	contig_5820	176905	178252	abeM_fluoroquinolone_antibiotic;_disinfecting_agents_and_antiseptics	35	1347	1347	1.0	Acinetobacter baumannii (chromosome or plasmid)
barcode05_6Gb	contig_5820	388535	390755	Acinetobacter baumannii parC conferring resistance to fluoroquinolones_fluoroquinolone_antibiotic	58	2220	2220	1.0	Acinetobacter baumannii (chromosome or plasmid)
barcode05_6Gb	contig_5988	51310	52849	emrY_tetracycline_antibiotic	19	1539	1539	1.0	Unknown taxonomy (chromosome or plasmid)
barcode05_6Gb	contig_5988	52848	53904	emrK_tetracycline_antibiotic	14	1056	1056	1.0	Unknown taxonomy (chromosome or plasmid)
barcode05_6Gb	contig_5988	54427	55042	evgA_macrolide_antibiotic;_fluoroquinolone_antibiotic;_penam;_tetracycline_antibiotic	24	615	615	1.0	Unknown taxonomy (chromosome or plasmid)
barcode05_6Gb	contig_5988	55046	58640	evgS_macrolide_antibiotic;_fluoroquinolone_antibiotic;_penam;_tetracycline_antibiotic	16	3594	3594	1.0	Escherichia coli (chromosome or plasmid)
barcode05_6Gb	contig_6045	26989	28444	adeK_macrolide_antibiotic;_fluoroquinolone_antibiotic;_lincosamide_antibiotic;_carbapenem;_cephalosporin;_tetracycline_antibiotic;_rifamycin_antibiotic;_diaminopyrimidine_antibiotic;_phenicol_antibiotic;_penem	51	1455	1455	1.0	Acinetobacter baumannii (chromosome or plasmid)
barcode05_6Gb	contig_6045	28443	31620	adeJ_macrolide_antibiotic;_fluoroquinolone_antibiotic;_lincosamide_antibiotic;_carbapenem;_cephalosporin;_tetracycline_antibiotic;_rifamycin_antibiotic;_diaminopyrimidine_antibiotic;_phenicol_antibiotic;_penem	42	3177	3177	1.0	Acinetobacter baumannii (chromosome or plasmid)
barcode05_6Gb	contig_6045	31632	32883	adeI_macrolide_antibiotic;_fluoroquinolone_antibiotic;_lincosamide_antibiotic;_carbapenem;_cephalosporin;_tetracycline_antibiotic;_rifamycin_antibiotic;_diaminopyrimidine_antibiotic;_phenicol_antibiotic;_penem	34	1251	1251	1.0	Acinetobacter baumannii (chromosome or plasmid)
barcode05_6Gb	contig_6045	392005	393157	ADC-154_cephalosporin	29	1152	1152	1.0	Acinetobacter baumannii (chromosome or plasmid)
barcode05_6Gb	contig_607	33606	34794	tet(39)_tetracycline_antibiotic	29	1188	1188	1.0	Unknown taxonomy (plasmid)
barcode05_6Gb	contig_6098	3147	4425	mdtM_fluoroquinolone_antibiotic;_lincosamide_antibiotic;_nucleoside_antibiotic;_phenicol_antibiotic;_disinfecting_agents_and_antiseptics	6	1278	1278	1.0	Escherichia coli (chromosome or plasmid)
barcode05_6Gb	contig_6216	22085	23051	CfxA2_cephamycin	40	966	966	1.0	Unknown taxonomy (chromosome or plasmid)
barcode05_6Gb	contig_6413	7247	9695	vanT gene in vanG cluster_glycopeptide_antibiotic	20	2448	2448	1.0	
barcode05_6Gb	contig_6462	2687	3515	OXA-253_carbapenem;_penam	57	828	828	1.0	Acinetobacter baumannii (chromosome)
barcode05_6Gb	contig_6469	566	911	qacG_disinfecting_agents_and_antiseptics	25	345	345	1.0	Unknown taxonomy (chromosome or plasmid)
barcode05_6Gb	contig_6469	1949	2777	OXA-72_carbapenem;_penam	22	828	828	1.0	Unknown taxonomy (chromosome or plasmid)
barcode05_6Gb	contig_6510	1253	1910	QnrS1_fluoroquinolone_antibiotic	29	657	657	1.0	Unknown taxonomy (chromosome or plasmid)
barcode05_6Gb	contig_6510	6550	7426	CTX-M-15_cephalosporin;_penam	27	876	876	1.0	Unknown taxonomy (chromosome or plasmid)
barcode05_6Gb	contig_6512	4811	5627	sul2_sulfonamide_antibiotic	26	816	816	1.0	Unknown taxonomy (chromosome or plasmid)
barcode05_6Gb	contig_6512	6871	7219	qacEdelta1_disinfecting_agents_and_antiseptics	22	348	348	1.0	Unknown taxonomy (chromosome or plasmid)
barcode05_6Gb	contig_6512	7382	8162	aadA_aminoglycoside_antibiotic	35	780	780	1.0	Unknown taxonomy (chromosome or plasmid)
barcode05_6Gb	contig_6512	8266	8740	dfrA1_diaminopyrimidine_antibiotic	27	474	474	1.0	Unknown taxonomy (chromosome or plasmid)
barcode05_6Gb	contig_6526	110360	111849	TolC_macrolide_antibiotic;_fluoroquinolone_antibiotic;_aminoglycoside_antibiotic;_carbapenem;_cephalosporin;_glycylcycline;_cephamycin;_penam;_tetracycline_antibiotic;_peptide_antibiotic;_aminocoumarin_antibiotic;_rifamycin_antibiotic;_phenicol_antibiotic;_penem;_disinfecting_agents_and_antiseptics	38	1489	1489	1.0	Unknown taxonomy (chromosome or plasmid)
barcode05_6Gb	contig_6526	134234	135056	bacA_peptide_antibiotic	34	822	822	1.0	Unknown taxonomy (chromosome or plasmid)
barcode05_6Gb	contig_6585	13747	14002	rsmA_fluoroquinolone_antibiotic;_diaminopyrimidine_antibiotic;_phenicol_antibiotic	27	255	255	1.0	
barcode05_6Gb	contig_6599	14097	14730	CRP_macrolide_antibiotic;_fluoroquinolone_antibiotic;_penam	47	633	633	1.0	Unknown taxonomy (chromosome or plasmid)
barcode05_6Gb	contig_6599	29521	30706	Escherichia coli EF-Tu mutants conferring resistance to Pulvomycin_elfamycin_antibiotic	17	1185	1185	1.0	Unknown taxonomy (chromosome or plasmid)
barcode05_6Gb	contig_6653	183885	184071	rsmA_fluoroquinolone_antibiotic;_diaminopyrimidine_antibiotic;_phenicol_antibiotic	31	186	186	1.0	Unknown taxonomy (chromosome or plasmid)
barcode05_6Gb	contig_6653	189010	190549	emrB_fluoroquinolone_antibiotic	29	1539	1539	1.0	Unknown taxonomy (chromosome or plasmid)
barcode05_6Gb	contig_6653	190565	191738	emrA_fluoroquinolone_antibiotic	27	1173	1173	1.0	Unknown taxonomy (chromosome or plasmid)
barcode05_6Gb	contig_6653	191864	192395	emrR_fluoroquinolone_antibiotic	30	531	531	1.0	Unknown taxonomy (chromosome or plasmid)
barcode05_6Gb	contig_6724	11910	13128	tet(E)_tetracycline_antibiotic	10	1218	1218	1.0	Aeromonas (chromosome)
barcode05_6Gb	contig_6748	56832	58080	mdtA_aminocoumarin_antibiotic	22	1248	1248	1.0	Escherichia coli (chromosome or plasmid)
barcode05_6Gb	contig_6748	58079	61202	mdtB_aminocoumarin_antibiotic	19	3123	3123	1.0	Escherichia coli (chromosome or plasmid)
barcode05_6Gb	contig_6748	61202	64280	mdtC_aminocoumarin_antibiotic	15	3078	3078	1.0	Unknown taxonomy (chromosome or plasmid)
barcode05_6Gb	contig_6748	67092	67815	baeR_aminoglycoside_antibiotic;_aminocoumarin_antibiotic	19	723	723	1.0	Unknown taxonomy (chromosome or plasmid)
barcode05_6Gb	contig_6749	27103	28270	ugd_peptide_antibiotic	16	1167	1167	1.0	Unknown taxonomy (chromosome or plasmid)
barcode05_6Gb	contig_6773	4788	5001	vanU gene in vanG cluster_glycopeptide_antibiotic	11	213	213	1.0	
barcode05_6Gb	contig_680	218778	221928	adeF_fluoroquinolone_antibiotic;_tetracycline_antibiotic	64	3150	3150	1.0	Aeromonas caviae (chromosome or plasmid)
barcode05_6Gb	contig_684	9563	10748	Escherichia coli EF-Tu mutants conferring resistance to Pulvomycin_elfamycin_antibiotic	48	1185	1185	1.0	Unknown taxonomy (chromosome or plasmid)
barcode05_6Gb	contig_684	152020	152344	Escherichia coli soxS with mutation conferring antibiotic resistance_fluoroquinolone_antibiotic;_monobactam;_carbapenem;_cephalosporin;_glycylcycline;_cephamycin;_penam;_tetracycline_antibiotic;_rifamycin_antibiotic;_phenicol_antibiotic;_penem;_disinfecting_agents_and_antiseptics	32	324	324	1.0	Unknown taxonomy (chromosome or plasmid)
barcode05_6Gb	contig_684	152429	152894	Escherichia coli soxR with mutation conferring antibiotic resistance_fluoroquinolone_antibiotic;_cephalosporin;_glycylcycline;_penam;_tetracycline_antibiotic;_rifamycin_antibiotic;_phenicol_antibiotic;_disinfecting_agents_and_antiseptics	32	465	465	1.0	Unknown taxonomy (chromosome or plasmid)
barcode05_6Gb	contig_684	177704	178736	mdtN_nucleoside_antibiotic;_disinfecting_agents_and_antiseptics	35	1032	1032	1.0	Unknown taxonomy (chromosome or plasmid)
barcode05_6Gb	contig_684	208096	209740	eptA_peptide_antibiotic	40	1644	1644	1.0	Unknown taxonomy (chromosome or plasmid)
barcode05_6Gb	contig_684	273750	274884	EC-15_cephalosporin	36	1134	1134	1.0	Unknown taxonomy (chromosome or plasmid)
barcode05_6Gb	contig_6845	12482	13643	vanL_glycopeptide_antibiotic	9	1161	1161	1.0	
barcode05_6Gb	contig_688	184	1027	TEM-214_monobactam;_cephalosporin;_penam;_penem	10	843	843	1.0	Unknown taxonomy (chromosome or plasmid)
barcode05_6Gb	contig_689	2457	3696	Mrx_macrolide_antibiotic	77	1239	1239	1.0	Unknown taxonomy (chromosome or plasmid)
barcode05_6Gb	contig_689	3692	4598	mphA_macrolide_antibiotic	74	906	906	1.0	Unknown taxonomy (chromosome or plasmid)
barcode05_6Gb	contig_689	8129	8990	SHV-2_carbapenem;_cephalosporin;_penam	37	861	861	1.0	Unknown taxonomy (chromosome or plasmid)
barcode05_6Gb	contig_690	5334	6573	Mrx_macrolide_antibiotic	84	1239	1239	1.0	Unknown taxonomy (chromosome or plasmid)
barcode05_6Gb	contig_690	6569	7475	mphA_macrolide_antibiotic	78	906	906	1.0	Unknown taxonomy (chromosome or plasmid)
barcode05_6Gb	contig_690	11825	12398	AAC(6')-Ian_aminoglycoside_antibiotic	9	573	573	1.0	Unknown taxonomy (chromosome or plasmid)
barcode05_6Gb	contig_690	15053	15980	PER-12_monobactam;_carbapenem;_cephalosporin;_penam;_penem	11	927	927	1.0	Unknown taxonomy (chromosome or plasmid)
barcode05_6Gb	contig_690	21541	22051	dfrA8_diaminopyrimidine_antibiotic	19	510	510	1.0	Unknown taxonomy (chromosome or plasmid)
barcode05_6Gb	contig_690	25423	26260	APH(6)-Id_aminoglycoside_antibiotic	50	837	837	1.0	Unknown taxonomy (chromosome or plasmid)
barcode05_6Gb	contig_6913	3517	6664	adeF_fluoroquinolone_antibiotic;_tetracycline_antibiotic	7	3147	3147	1.0	
barcode05_6Gb	contig_6977	145067	145397	qacG_disinfecting_agents_and_antiseptics	8	330	330	1.0	
barcode05_6Gb	contig_6977	278554	279937	mdeA_fluoroquinolone_antibiotic;_aminoglycoside_antibiotic;_penam;_tetracycline_antibiotic;_disinfecting_agents_and_antiseptics	10	1383	1383	1.0	
barcode05_6Gb	contig_698	3554	4385	sul1_sulfonamide_antibiotic	24	831	831	1.0	Unknown taxonomy (chromosome or plasmid)
barcode05_6Gb	contig_6986	12637	14011	cpxA_aminoglycoside_antibiotic;_aminocoumarin_antibiotic	15	1374	1374	1.0	
barcode05_6Gb	contig_7001	32795	33896	vanG_glycopeptide_antibiotic	15	1101	1101	1.0	Enterobacter roggenkampii (chromosome)
barcode05_6Gb	contig_7001	130127	133274	acrB_fluoroquinolone_antibiotic;_cephalosporin;_glycylcycline;_penam;_tetracycline_antibiotic;_rifamycin_antibiotic;_phenicol_antibiotic;_disinfecting_agents_and_antiseptics	22	3147	3147	1.0	Unknown taxonomy (chromosome)
barcode05_6Gb	contig_7001	133296	134490	Enterobacter cloacae acrA_fluoroquinolone_antibiotic;_cephalosporin;_glycylcycline;_penam;_tetracycline_antibiotic;_rifamycin_antibiotic;_phenicol_antibiotic;_disinfecting_agents_and_antiseptics	17	1194	1194	1.0	Enterobacter (chromosome)
barcode05_6Gb	contig_7010	76915	77479	lnuC_lincosamide_antibiotic	66	564	564	1.0	Unknown taxonomy (chromosome or plasmid)
barcode05_6Gb	contig_7010	145669	148822	adeF_fluoroquinolone_antibiotic;_tetracycline_antibiotic	30	3153	3153	1.0	
barcode05_6Gb	contig_7054	21695	23087	Escherichia coli UhpT with mutation conferring resistance to fosfomycin_phosphonic_acid_antibiotic	10	1392	1392	1.0	Citrobacter freundii (chromosome or plasmid)
barcode05_6Gb	contig_706	68263	68920	QnrVC1_fluoroquinolone_antibiotic	32	657	657	1.0	Unknown taxonomy (chromosome or plasmid)
barcode05_6Gb	contig_706	69080	69860	aadA_aminoglycoside_antibiotic	60	780	780	1.0	Unknown taxonomy (chromosome or plasmid)
barcode05_6Gb	contig_706	70023	70371	qacEdelta1_disinfecting_agents_and_antiseptics	82	348	348	1.0	Unknown taxonomy (chromosome or plasmid)
barcode05_6Gb	contig_706	70364	71204	sul1_sulfonamide_antibiotic	89	840	840	1.0	Unknown taxonomy (chromosome or plasmid)
barcode05_6Gb	contig_706	75279	76518	Mrx_macrolide_antibiotic	112	1239	1239	1.0	Unknown taxonomy (chromosome or plasmid)
barcode05_6Gb	contig_706	76514	77420	mphA_macrolide_antibiotic	107	906	906	1.0	Unknown taxonomy (chromosome or plasmid)
barcode05_6Gb	contig_706	78396	79212	APH(3')-Ia_aminoglycoside_antibiotic	48	816	816	1.0	Unknown taxonomy (chromosome or plasmid)
barcode05_6Gb	contig_7079	6902	8261	Escherichia coli GlpT with mutation conferring resistance to fosfomycin_phosphonic_acid_antibiotic	9	1359	1359	1.0	Citrobacter portucalensis (chromosome or plasmid)
barcode05_6Gb	contig_708	1538	2195	QnrVC1_fluoroquinolone_antibiotic	15	657	657	1.0	Unknown taxonomy (chromosome or plasmid)
barcode05_6Gb	contig_708	3913	4387	dfrA6_diaminopyrimidine_antibiotic	14	474	474	1.0	Unknown taxonomy (chromosome or plasmid)
barcode05_6Gb	contig_708	4519	5383	GES-1_carbapenem;_cephalosporin;_penam	30	864	864	1.0	Unknown taxonomy (chromosome or plasmid)
barcode05_6Gb	contig_708	5456	5915	AAC(6')-Il_aminoglycoside_antibiotic	35	459	459	1.0	Unknown taxonomy (chromosome or plasmid)
barcode05_6Gb	contig_708	11469	12003	ANT(2'')-Ia_aminoglycoside_antibiotic	40	534	534	1.0	Unknown taxonomy (chromosome or plasmid)
barcode05_6Gb	contig_708	12125	12989	GES-1_carbapenem;_cephalosporin;_penam	44	864	864	1.0	Unknown taxonomy (chromosome or plasmid)
barcode05_6Gb	contig_708	13062	13521	AAC(6')-Il_aminoglycoside_antibiotic	41	459	459	1.0	Unknown taxonomy (chromosome or plasmid)
barcode05_6Gb	contig_709	17990	18764	mphA_macrolide_antibiotic	78	774	774	1.0	Unknown taxonomy (chromosome or plasmid)
barcode05_6Gb	contig_709	21508	22393	mphE_macrolide_antibiotic	59	885	885	1.0	Unknown taxonomy (chromosome or plasmid)
barcode05_6Gb	contig_709	22448	23924	msrE_macrolide_antibiotic;_streptogramin_antibiotic	50	1476	1476	1.0	Unknown taxonomy (chromosome or plasmid)
barcode05_6Gb	contig_709	25280	25814	ANT(2'')-Ia_aminoglycoside_antibiotic	19	534	534	1.0	Unknown taxonomy (chromosome or plasmid)
barcode05_6Gb	contig_709	25958	26858	VEB-1_monobactam;_cephalosporin	15	900	900	1.0	Unknown taxonomy (chromosome or plasmid)
barcode05_6Gb	contig_709	26976	28236	cmlA5_phenicol_antibiotic	23	1260	1260	1.0	Unknown taxonomy (chromosome or plasmid)
barcode05_6Gb	contig_709	28451	29090	AAC(6')-Ib9_aminoglycoside_antibiotic	17	639	639	1.0	Unknown taxonomy (chromosome or plasmid)
barcode05_6Gb	contig_71	165497	168608	adeB_glycylcycline;_tetracycline_antibiotic	18	3111	3111	1.0	Acinetobacter baumannii (no genomic info)
barcode05_6Gb	contig_71	237262	238567	Acinetobacter baumannii AbaQ_fluoroquinolone_antibiotic	11	1305	1305	1.0	Acinetobacter baumannii (chromosome or plasmid)
barcode05_6Gb	contig_71	475153	475807	adeN_macrolide_antibiotic;_fluoroquinolone_antibiotic;_lincosamide_antibiotic;_carbapenem;_cephalosporin;_tetracycline_antibiotic;_rifamycin_antibiotic;_diaminopyrimidine_antibiotic;_phenicol_antibiotic;_penem	22	654	654	1.0	Acinetobacter baumannii (chromosome or plasmid)
barcode05_6Gb	contig_71	585359	586868	Acinetobacter baumannii AmvA_macrolide_antibiotic;_disinfecting_agents_and_antiseptics	23	1509	1509	1.0	Acinetobacter baumannii (chromosome or plasmid)
barcode05_6Gb	contig_710	27524	28763	Mrx_macrolide_antibiotic	71	1239	1239	1.0	Unknown taxonomy (chromosome or plasmid)
barcode05_6Gb	contig_710	28759	29665	mphA_macrolide_antibiotic	72	906	906	1.0	Unknown taxonomy (chromosome or plasmid)
barcode05_6Gb	contig_710	30887	31727	sul1_sulfonamide_antibiotic	26	840	840	1.0	Unknown taxonomy (chromosome or plasmid)
barcode05_6Gb	contig_710	31720	32068	qacEdelta1_disinfecting_agents_and_antiseptics	22	348	348	1.0	Unknown taxonomy (chromosome or plasmid)
barcode05_6Gb	contig_710	32273	33062	aadA5_aminoglycoside_antibiotic	25	789	789	1.0	Unknown taxonomy (chromosome or plasmid)
barcode05_6Gb	contig_710	33192	33792	dfrA17_diaminopyrimidine_antibiotic	21	600	600	1.0	Unknown taxonomy (chromosome or plasmid)
barcode05_6Gb	contig_712	30011	31250	Mrx_macrolide_antibiotic	57	1239	1239	1.0	Unknown taxonomy (chromosome or plasmid)
barcode05_6Gb	contig_712	31246	32152	mphA_macrolide_antibiotic	60	906	906	1.0	Unknown taxonomy (chromosome or plasmid)
barcode05_6Gb	contig_712	33219	34080	TEM-1_monobactam;_cephalosporin;_penam;_penem	14	861	861	1.0	Unknown taxonomy (chromosome or plasmid)
barcode05_6Gb	contig_7120	11669	12002	qacE_disinfecting_agents_and_antiseptics	13	333	333	1.0	Unknown taxonomy (chromosome or plasmid)
barcode05_6Gb	contig_7140	113700	114489	ANT(3'')-IIa_aminoglycoside_antibiotic	49	789	789	1.0	Acinetobacter (chromosome or plasmid)
barcode05_6Gb	contig_7141	1467	2439	leuO_nucleoside_antibiotic;_disinfecting_agents_and_antiseptics	7	972	972	1.0	
barcode05_6Gb	contig_7146	100	445	qacG_disinfecting_agents_and_antiseptics	19	345	345	1.0	Unknown taxonomy (chromosome or plasmid)
barcode05_6Gb	contig_715	77165	80321	adeF_fluoroquinolone_antibiotic;_tetracycline_antibiotic	7	3156	3156	1.0	
barcode05_6Gb	contig_7180	569647	570463	sul2_sulfonamide_antibiotic	26	816	816	1.0	Unknown taxonomy (chromosome or plasmid)
barcode05_6Gb	contig_7180	571326	572163	APH(6)-Id_aminoglycoside_antibiotic	55	837	837	1.0	Unknown taxonomy (chromosome or plasmid)
barcode05_6Gb	contig_7180	573240	574440	tet(A)_tetracycline_antibiotic	34	1200	1200	1.0	Unknown taxonomy (chromosome or plasmid)
barcode05_6Gb	contig_7200	4961	5294	qacL_disinfecting_agents_and_antiseptics	18	333	333	1.0	Unknown taxonomy (chromosome or plasmid)
barcode05_6Gb	contig_7218	13236	13644	H-NS_macrolide_antibiotic;_fluoroquinolone_antibiotic;_cephalosporin;_cephamycin;_penam;_tetracycline_antibiotic	21	408	408	1.0	Klebsiella (chromosome or plasmid)
barcode05_6Gb	contig_7263	96094	97861	Haemophilus influenzae PBP3 conferring resistance to beta-lactam antibiotics_cephalosporin;_cephamycin;_penam	24	1767	1767	1.0	Enterobacter roggenkampii (chromosome or plasmid)
barcode05_6Gb	contig_7263	104029	104992	leuO_nucleoside_antibiotic;_disinfecting_agents_and_antiseptics	19	963	963	1.0	Enterobacter roggenkampii (chromosome)
barcode05_6Gb	contig_7356	19523	19943	FosA6_phosphonic_acid_antibiotic	9	420	420	1.0	Unknown taxonomy (chromosome or plasmid)
barcode05_6Gb	contig_7374	9911	10166	FosA8_phosphonic_acid_antibiotic	11	255	255	1.0	
barcode05_6Gb	contig_7382	1438	1855	FosI_phosphonic_acid_antibiotic	2	417	417	1.0	
barcode05_6Gb	contig_7483	3303	3489	rsmA_fluoroquinolone_antibiotic;_diaminopyrimidine_antibiotic;_phenicol_antibiotic	9	186	186	1.0	Enterobacter (chromosome or plasmid)
barcode05_6Gb	contig_7483	12014	13187	emrA_fluoroquinolone_antibiotic	13	1173	1173	1.0	
barcode05_6Gb	contig_7483	13313	13844	emrR_fluoroquinolone_antibiotic	10	531	531	1.0	Enterobacter asburiae (chromosome)
barcode05_6Gb	contig_7530	3380	4568	tet(39)_tetracycline_antibiotic	26	1188	1188	1.0	Unknown taxonomy (plasmid)
barcode05_6Gb	contig_7630	3887	4751	aadS_aminoglycoside_antibiotic	22	864	864	1.0	Unknown taxonomy (chromosome or plasmid)
barcode05_6Gb	contig_7630	5993	6794	ErmF_macrolide_antibiotic;_lincosamide_antibiotic;_streptogramin_antibiotic;_streptogramin_A_antibiotic;_streptogramin_B_antibiotic	13	801	801	1.0	Unknown taxonomy (chromosome or plasmid)
barcode05_6Gb	contig_770	4794	5676	KPC-2_monobactam;_carbapenem;_cephalosporin;_penam	270	882	882	1.0	Unknown taxonomy (chromosome or plasmid)
barcode05_6Gb	contig_789	4225	5425	tet(A)_tetracycline_antibiotic	44	1200	1200	1.0	Unknown taxonomy (chromosome or plasmid)
barcode05_6Gb	contig_789	12263	13043	aadA_aminoglycoside_antibiotic	35	780	780	1.0	Unknown taxonomy (chromosome or plasmid)
barcode05_6Gb	contig_789	13118	13919	OXA-101_cephalosporin;_penam	10	801	801	1.0	Unknown taxonomy (chromosome or plasmid)
barcode05_6Gb	contig_789	14478	15342	sul4_sulfonamide_antibiotic	10	864	864	1.0	Unknown taxonomy (chromosome or plasmid)
barcode05_6Gb	contig_791	6581	7214	catB3_phenicol_antibiotic	17	633	633	1.0	Unknown taxonomy (chromosome or plasmid)
barcode05_6Gb	contig_791	7307	8153	aadA6_aminoglycoside_antibiotic	31	846	846	1.0	Unknown taxonomy (chromosome or plasmid)
barcode05_6Gb	contig_791	8269	8617	qacEdelta1_disinfecting_agents_and_antiseptics	37	348	348	1.0	Unknown taxonomy (chromosome or plasmid)
barcode05_6Gb	contig_791	8610	9450	sul1_sulfonamide_antibiotic	34	840	840	1.0	Unknown taxonomy (chromosome or plasmid)
barcode05_6Gb	contig_794	4552	5389	APH(6)-Id_aminoglycoside_antibiotic	77	837	837	1.0	Unknown taxonomy (chromosome or plasmid)
barcode05_6Gb	contig_794	49632	50823	tet(C)_tetracycline_antibiotic	33	1191	1191	1.0	Unknown taxonomy (chromosome or plasmid)
barcode05_6Gb	contig_8010	60428	61820	Escherichia coli UhpT with mutation conferring resistance to fosfomycin_phosphonic_acid_antibiotic	12	1392	1392	1.0	Klebsiella (chromosome or plasmid)
barcode05_6Gb	contig_805	4430	5576	tet(A)_tetracycline_antibiotic	15	1146	1146	1.0	Unknown taxonomy (chromosome or plasmid)
barcode05_6Gb	contig_8065	107729	109373	YojI_peptide_antibiotic	19	1644	1644	1.0	Escherichia coli (chromosome or plasmid)
barcode05_6Gb	contig_8065	144573	145932	Escherichia coli GlpT with mutation conferring resistance to fosfomycin_phosphonic_acid_antibiotic	24	1359	1359	1.0	Unknown taxonomy (chromosome or plasmid)
barcode05_6Gb	contig_8065	160454	161423	PmrF_peptide_antibiotic	13	969	969	1.0	Unknown taxonomy (chromosome or plasmid)
barcode05_6Gb	contig_8065	164291	165944	ArnT_peptide_antibiotic	16	1653	1653	1.0	Unknown taxonomy (chromosome or plasmid)
barcode05_6Gb	contig_8067	97986	99642	ArnT_peptide_antibiotic	8	1656	1656	1.0	Escherichia coli (no genomic info)
barcode05_6Gb	contig_8067	102522	103503	PmrF_peptide_antibiotic	11	981	981	1.0	
barcode05_6Gb	contig_807	728	1076	qacEdelta1_disinfecting_agents_and_antiseptics	8	348	348	1.0	Unknown taxonomy (chromosome or plasmid)
barcode05_6Gb	contig_807	1244	1763	AAC(6')-Ib-cr1_fluoroquinolone_antibiotic;_aminoglycoside_antibiotic	9	519	519	1.0	Unknown taxonomy (chromosome or plasmid)
barcode05_6Gb	contig_813	8901	9375	dfrA23_diaminopyrimidine_antibiotic	4	474	474	1.0	Unknown taxonomy (chromosome or plasmid)
barcode05_6Gb	contig_818	64845	66321	msrE_macrolide_antibiotic;_streptogramin_antibiotic	68	1476	1476	1.0	Unknown taxonomy (chromosome or plasmid)
barcode05_6Gb	contig_818	66376	67261	mphE_macrolide_antibiotic	52	885	885	1.0	Unknown taxonomy (chromosome or plasmid)
barcode05_6Gb	contig_818	69134	70325	tet(C)_tetracycline_antibiotic	27	1191	1191	1.0	Unknown taxonomy (chromosome or plasmid)
barcode05_6Gb	contig_821	1049	2249	tet(A)_tetracycline_antibiotic	34	1200	1200	1.0	Unknown taxonomy (chromosome or plasmid)
barcode05_6Gb	contig_8236	9108	9432	Escherichia coli soxS with mutation conferring antibiotic resistance_fluoroquinolone_antibiotic;_monobactam;_carbapenem;_cephalosporin;_glycylcycline;_cephamycin;_penam;_tetracycline_antibiotic;_rifamycin_antibiotic;_phenicol_antibiotic;_penem;_disinfecting_agents_and_antiseptics	4	324	324	1.0	Citrobacter (chromosome)
barcode05_6Gb	contig_8362	1571	2696	vanT gene in vanG cluster_glycopeptide_antibiotic	4	1125	1125	1.0	
barcode05_6Gb	contig_8393	17286	18828	Haemophilus influenzae PBP3 conferring resistance to beta-lactam antibiotics_cephalosporin;_cephamycin;_penam	6	1542	1542	1.0	Klebsiella michiganensis (chromosome)
barcode05_6Gb	contig_8419	8407	9529	vanW gene in vanI cluster_glycopeptide_antibiotic	8	1122	1122	1.0	
barcode05_6Gb	contig_8448	21379	21757	marA_fluoroquinolone_antibiotic;_monobactam;_carbapenem;_cephalosporin;_glycylcycline;_cephamycin;_penam;_tetracycline_antibiotic;_rifamycin_antibiotic;_phenicol_antibiotic;_penem;_disinfecting_agents_and_antiseptics	16	378	378	1.0	Enterobacter kobei (chromosome or plasmid)
barcode05_6Gb	contig_8478	20380	20725	qacG_disinfecting_agents_and_antiseptics	6	345	345	1.0	
barcode05_6Gb	contig_8479	1	931	PmrF_peptide_antibiotic	3	930	930	1.0	Citrobacter freundii (chromosome or plasmid)
barcode05_6Gb	contig_8582	3064	3880	APH(3')-Ia_aminoglycoside_antibiotic	12	816	816	1.0	Unknown taxonomy (chromosome or plasmid)
barcode05_6Gb	contig_8608	1819	2476	QnrS2_fluoroquinolone_antibiotic	23	657	657	1.0	Unknown taxonomy (chromosome or plasmid)
barcode05_6Gb	contig_8633	2287	2932	QnrB19_fluoroquinolone_antibiotic	62	645	645	1.0	Salmonella enterica (chromosome or plasmid)
barcode05_6Gb	contig_8652	6268	7129	TEM-1_monobactam;_cephalosporin;_penam;_penem	23	861	861	1.0	Unknown taxonomy (chromosome or plasmid)
barcode05_6Gb	contig_8682	442699	442954	rsmA_fluoroquinolone_antibiotic;_diaminopyrimidine_antibiotic;_phenicol_antibiotic	10	255	255	1.0	
barcode05_6Gb	contig_8724	36797	37052	rsmA_fluoroquinolone_antibiotic;_diaminopyrimidine_antibiotic;_phenicol_antibiotic	14	255	255	1.0	
barcode05_6Gb	contig_8754	42696	43185	nimJ_nitroimidazole_antibiotic	4	489	489	1.0	
barcode05_6Gb	contig_8819	2446	4069	Haemophilus influenzae PBP3 conferring resistance to beta-lactam antibiotics_cephalosporin;_cephamycin;_penam	6	1623	1623	1.0	Unknown taxonomy (chromosome or plasmid)
barcode05_6Gb	contig_8908	2339	3065	vanY gene in vanB cluster_glycopeptide_antibiotic	9	726	726	1.0	Roseburia hominis (no genomic info)
barcode05_6Gb	contig_8956	2580	4044	vanY gene in vanB cluster_glycopeptide_antibiotic	6	1464	1464	1.0	Faecalibacterium prausnitzii (no genomic info)
barcode05_6Gb	contig_9048	6963	7701	ErmB_macrolide_antibiotic;_lincosamide_antibiotic;_streptogramin_antibiotic;_streptogramin_A_antibiotic;_streptogramin_B_antibiotic	13	738	738	1.0	Unknown taxonomy (chromosome or plasmid)
barcode05_6Gb	contig_9100	61812	62142	qacG_disinfecting_agents_and_antiseptics	7	330	330	1.0	
barcode05_6Gb	contig_9107	2086	2431	qacG_disinfecting_agents_and_antiseptics	25	345	345	1.0	Unknown taxonomy (chromosome or plasmid)
barcode05_6Gb	contig_9116	1360	3280	tet(W)_tetracycline_antibiotic	42	1920	1920	1.0	Trueperella pyogenes (chromosome or plasmid)
barcode05_6Gb	contig_9207	21879	22614	ErmG_macrolide_antibiotic;_lincosamide_antibiotic;_streptogramin_antibiotic;_streptogramin_A_antibiotic;_streptogramin_B_antibiotic	9	735	735	1.0	Unknown taxonomy (chromosome)
barcode05_6Gb	contig_9279	52878	53604	vanY gene in vanB cluster_glycopeptide_antibiotic	5	726	726	1.0	Roseburia hominis (no genomic info)
barcode05_6Gb	contig_928	24289	25235	TLA-1_monobactam;_cephalosporin	9	946	946	1.0	
barcode05_6Gb	contig_9336	48639	51201	adeF_fluoroquinolone_antibiotic;_tetracycline_antibiotic	30	2562	2562	1.0	Unknown taxonomy (chromosome or plasmid)
barcode05_6Gb	contig_9336	80797	81118	Klebsiella pneumoniae KpnE_macrolide_antibiotic;_aminoglycoside_antibiotic;_cephalosporin;_tetracycline_antibiotic;_peptide_antibiotic;_rifamycin_antibiotic;_disinfecting_agents_and_antiseptics	15	321	321	1.0	Enterobacter kobei (chromosome)
barcode05_6Gb	contig_9358	2357	3248	CblA-1_cephalosporin	8	891	891	1.0	Phocaeicola dorei (no genomic info)
barcode05_6Gb	contig_9358	3384	6498	adeF_fluoroquinolone_antibiotic;_tetracycline_antibiotic	10	3114	3114	1.0	
barcode05_6Gb	contig_941	10888	11704	sul2_sulfonamide_antibiotic	39	816	816	1.0	Unknown taxonomy (chromosome or plasmid)
barcode05_6Gb	contig_941	14206	15421	floR_phenicol_antibiotic	28	1215	1215	1.0	Unknown taxonomy (chromosome or plasmid)
barcode05_6Gb	contig_9523	19944	21594	ArnT_peptide_antibiotic	10	1650	1650	1.0	Pseudomonas fluorescens (no genomic info)
barcode05_6Gb	contig_9578	34586	35375	ANT(3'')-IIa_aminoglycoside_antibiotic	47	789	789	1.0	Acinetobacter baumannii (chromosome or plasmid)
barcode05_6Gb	contig_9645	70866	71100	FosA8_phosphonic_acid_antibiotic	9	234	234	1.0	Enterobacter (chromosome)
barcode05_6Gb	contig_9721	2699	3635	vanH gene in vanO cluster_glycopeptide_antibiotic	5	936	936	1.0	
barcode05_6Gb	contig_9885	681	1341	catA1_phenicol_antibiotic	7	660	660	1.0	Unknown taxonomy (chromosome or plasmid)
barcode05_6Gb	contig_9885	3505	4315	TEM-163_monobactam;_cephalosporin;_penam;_penem	10	810	810	1.0	Unknown taxonomy (chromosome or plasmid)
barcode05_6Gb	contig_9885	4973	5747	aadA_aminoglycoside_antibiotic	13	774	774	1.0	Unknown taxonomy (chromosome or plasmid)
barcode05_9Gb	contig_1	15840	16173	qacE_disinfecting_agents_and_antiseptics	18	333	333	1.0	Unknown taxonomy (chromosome or plasmid)
barcode05_9Gb	contig_1007	23394	25620	adeF_fluoroquinolone_antibiotic;_tetracycline_antibiotic	9	2226	2226	1.0	
barcode05_9Gb	contig_1013	1773	2919	CMY-27_cephamycin	14	1146	1146	1.0	Aeromonas caviae (chromosome or plasmid)
barcode05_9Gb	contig_10196	38329	39802	vanW gene in vanI cluster_glycopeptide_antibiotic	10	1473	1473	1.0	
barcode05_9Gb	contig_10236	638	1565	PER-2_monobactam;_carbapenem;_cephalosporin;_penam;_penem	8	927	927	1.0	Unknown taxonomy (plasmid)
barcode05_9Gb	contig_10236	9854	10478	tetR_tetracycline_antibiotic	29	624	624	1.0	Unknown taxonomy (chromosome or plasmid)
barcode05_9Gb	contig_10236	10559	11765	tet(B)_tetracycline_antibiotic	24	1206	1206	1.0	Unknown taxonomy (chromosome or plasmid)
barcode05_9Gb	contig_10263	155300	156266	CfxA4_cephamycin	40	966	966	1.0	Unknown taxonomy (chromosome or plasmid)
barcode05_9Gb	contig_10292	44461	45163	vanY gene in vanB cluster_glycopeptide_antibiotic	16	702	702	1.0	
barcode05_9Gb	contig_1031	13974	14163	rsmA_fluoroquinolone_antibiotic;_diaminopyrimidine_antibiotic;_phenicol_antibiotic	130	189	189	1.0	
barcode05_9Gb	contig_10325	3827	4157	qacG_disinfecting_agents_and_antiseptics	8	330	330	1.0	
barcode05_9Gb	contig_10410	3417	4356	tet(O)_tetracycline_antibiotic	41	939	939	1.0	Unknown taxonomy (chromosome or plasmid)
barcode05_9Gb	contig_10410	4515	5349	tet(O)_tetracycline_antibiotic	31	834	834	1.0	Unknown taxonomy (chromosome or plasmid)
barcode05_9Gb	contig_10427	11	977	CfxA3_cephamycin	40	966	966	1.0	Unknown taxonomy (chromosome or plasmid)
barcode05_9Gb	contig_10449	882	2667	tet(W)_tetracycline_antibiotic	25	1785	1785	1.0	Unknown taxonomy (chromosome or plasmid)
barcode05_9Gb	contig_10449	4397	5618	tet(40)_tetracycline_antibiotic	6	1221	1221	1.0	Unknown taxonomy (chromosome)
barcode05_9Gb	contig_10454	14228	15326	vanG_glycopeptide_antibiotic	14	1098	1098	1.0	Klebsiella pneumoniae (chromosome)
barcode05_9Gb	contig_10500	123	309	rsmA_fluoroquinolone_antibiotic;_diaminopyrimidine_antibiotic;_phenicol_antibiotic	5	186	186	1.0	Unknown taxonomy (chromosome or plasmid)
barcode05_9Gb	contig_10500	8183	9722	Klebsiella pneumoniae KpnH_macrolide_antibiotic;_fluoroquinolone_antibiotic;_aminoglycoside_antibiotic;_carbapenem;_cephalosporin;_penam;_peptide_antibiotic;_penem	5	1539	1539	1.0	Klebsiella pneumoniae (chromosome or plasmid)
barcode05_9Gb	contig_10500	9737	10910	Klebsiella pneumoniae KpnG_macrolide_antibiotic;_fluoroquinolone_antibiotic;_aminoglycoside_antibiotic;_carbapenem;_cephalosporin;_penam;_peptide_antibiotic;_penem	7	1173	1173	1.0	Klebsiella pneumoniae (chromosome or plasmid)
barcode05_9Gb	contig_10500	11035	11566	emrR_fluoroquinolone_antibiotic	10	531	531	1.0	Klebsiella (chromosome or plasmid)
barcode05_9Gb	contig_10514	1809	2433	catS_phenicol_antibiotic	18	624	624	1.0	Parvimonas micra (chromosome)
barcode05_9Gb	contig_10546	21172	22564	ArnT_peptide_antibiotic	4	1392	1392	1.0	Enterobacter asburiae (chromosome)
barcode05_9Gb	contig_1057	892634	893870	vanW gene in vanI cluster_glycopeptide_antibiotic	357	1236	1236	1.0	
barcode05_9Gb	contig_1057	1595872	1596379	nimK_nitroimidazole_antibiotic	401	507	507	1.0	
barcode05_9Gb	contig_1057	1851913	1855105	adeF_fluoroquinolone_antibiotic;_tetracycline_antibiotic	420	3192	3192	1.0	
barcode05_9Gb	contig_1057	2101039	2102149	vanT gene in vanG cluster_glycopeptide_antibiotic	418	1110	1110	1.0	
barcode05_9Gb	contig_10572	11176	12289	vanT gene in vanG cluster_glycopeptide_antibiotic	7	1113	1113	1.0	
barcode05_9Gb	contig_10621	30269	31643	cpxA_aminoglycoside_antibiotic;_aminocoumarin_antibiotic	18	1374	1374	1.0	
barcode05_9Gb	contig_10669	8062	9244	vanT gene in vanG cluster_glycopeptide_antibiotic	3	1182	1182	1.0	
barcode05_9Gb	contig_10763	34283	37475	adeF_fluoroquinolone_antibiotic;_tetracycline_antibiotic	9	3192	3192	1.0	
barcode05_9Gb	contig_10898	3609	4065	emrR_fluoroquinolone_antibiotic	11	456	456	1.0	Enterobacter cloacae (chromosome)
barcode05_9Gb	contig_10907	59	1247	tet(39)_tetracycline_antibiotic	30	1188	1188	1.0	Unknown taxonomy (plasmid)
barcode05_9Gb	contig_10929	6408	7131	baeR_aminoglycoside_antibiotic;_aminocoumarin_antibiotic	5	723	723	1.0	Klebsiella (chromosome)
barcode05_9Gb	contig_10950	15594	16704	vanT gene in vanG cluster_glycopeptide_antibiotic	3	1110	1110	1.0	
barcode05_9Gb	contig_10977	161478	164604	adeF_fluoroquinolone_antibiotic;_tetracycline_antibiotic	8	3126	3126	1.0	
barcode05_9Gb	contig_10986	27863	28463	AAC(6')-Ib-cr6_fluoroquinolone_antibiotic;_aminoglycoside_antibiotic	28	600	600	1.0	Unknown taxonomy (chromosome or plasmid)
barcode05_9Gb	contig_10986	29931	30279	qacEdelta1_disinfecting_agents_and_antiseptics	69	348	348	1.0	Unknown taxonomy (chromosome or plasmid)
barcode05_9Gb	contig_10986	30272	31112	sul1_sulfonamide_antibiotic	83	840	840	1.0	Unknown taxonomy (chromosome or plasmid)
barcode05_9Gb	contig_11007	1518	1704	rsmA_fluoroquinolone_antibiotic;_diaminopyrimidine_antibiotic;_phenicol_antibiotic	4	186	186	1.0	Unknown taxonomy (chromosome or plasmid)
barcode05_9Gb	contig_11031	506	929	qacG_disinfecting_agents_and_antiseptics	4	423	423	1.0	Acinetobacter johnsonii (chromosome)
barcode05_9Gb	contig_11042	4102	4288	rsmA_fluoroquinolone_antibiotic;_diaminopyrimidine_antibiotic;_phenicol_antibiotic	9	186	186	1.0	Unknown taxonomy (chromosome or plasmid)
barcode05_9Gb	contig_11042	11532	13080	emrB_fluoroquinolone_antibiotic	9	1548	1548	1.0	Enterobacter hormaechei (chromosome or plasmid)
barcode05_9Gb	contig_11042	14399	14930	emrR_fluoroquinolone_antibiotic	6	531	531	1.0	Enterobacter hormaechei (chromosome or plasmid)
barcode05_9Gb	contig_1110	80612	80945	qacJ_disinfecting_agents_and_antiseptics	14	333	333	1.0	
barcode05_9Gb	contig_1115	46706	49847	adeF_fluoroquinolone_antibiotic;_tetracycline_antibiotic	29	3141	3141	1.0	
barcode05_9Gb	contig_1115	244136	245249	vanT gene in vanG cluster_glycopeptide_antibiotic	34	1113	1113	1.0	
barcode05_9Gb	contig_1115	1185461	1186838	vanW gene in vanI cluster_glycopeptide_antibiotic	21	1377	1377	1.0	
barcode05_9Gb	contig_1115	3599971	3601303	vanW gene in vanI cluster_glycopeptide_antibiotic	26	1332	1332	1.0	
barcode05_9Gb	contig_11152	66994	70141	acrB_fluoroquinolone_antibiotic;_cephalosporin;_glycylcycline;_penam;_tetracycline_antibiotic;_rifamycin_antibiotic;_phenicol_antibiotic;_disinfecting_agents_and_antiseptics	33	3147	3147	1.0	Unknown taxonomy (chromosome)
barcode05_9Gb	contig_11152	70163	71357	Enterobacter cloacae acrA_fluoroquinolone_antibiotic;_cephalosporin;_glycylcycline;_penam;_tetracycline_antibiotic;_rifamycin_antibiotic;_phenicol_antibiotic;_disinfecting_agents_and_antiseptics	31	1194	1194	1.0	Enterobacter (chromosome)
barcode05_9Gb	contig_11152	196562	196937	ramA_fluoroquinolone_antibiotic;_monobactam;_carbapenem;_cephalosporin;_glycylcycline;_cephamycin;_penam;_tetracycline_antibiotic;_rifamycin_antibiotic;_phenicol_antibiotic;_penem;_disinfecting_agents_and_antiseptics	20	375	375	1.0	Enterobacter kobei (no genomic info)
barcode05_9Gb	contig_11167	3221	4454	mdtM_fluoroquinolone_antibiotic;_lincosamide_antibiotic;_nucleoside_antibiotic;_phenicol_antibiotic;_disinfecting_agents_and_antiseptics	11	1233	1233	1.0	Escherichia coli (chromosome or plasmid)
barcode05_9Gb	contig_11174	8198	8501	qacG_disinfecting_agents_and_antiseptics	4	303	303	1.0	
barcode05_9Gb	contig_11175	33053	33383	qacG_disinfecting_agents_and_antiseptics	8	330	330	1.0	
barcode05_9Gb	contig_11270	4808	4994	rsmA_fluoroquinolone_antibiotic;_diaminopyrimidine_antibiotic;_phenicol_antibiotic	10	186	186	1.0	Citrobacter (chromosome or plasmid)
barcode05_9Gb	contig_11270	9892	11431	emrB_fluoroquinolone_antibiotic	5	1539	1539	1.0	Citrobacter freundii (chromosome or plasmid)
barcode05_9Gb	contig_11270	12828	13284	emrR_fluoroquinolone_antibiotic	4	456	456	1.0	Citrobacter (chromosome)
barcode05_9Gb	contig_11307	25737	26970	vanG_glycopeptide_antibiotic	3	1233	1233	1.0	Citrobacter (chromosome or plasmid)
barcode05_9Gb	contig_11439	8136	8622	lnuC_lincosamide_antibiotic	46	486	486	1.0	Unknown taxonomy (chromosome or plasmid)
barcode05_9Gb	contig_11452	11349	11853	vanY gene in vanB cluster_glycopeptide_antibiotic	7	504	504	1.0	Roseburia hominis (no genomic info)
barcode05_9Gb	contig_11573	11496	13416	tet(W)_tetracycline_antibiotic	21	1920	1920	1.0	Eggerthella lenta (chromosome or plasmid)
barcode05_9Gb	contig_11594	2	893	tet(M)_tetracycline_antibiotic	3	891	891	1.0	Unknown taxonomy (chromosome or plasmid)
barcode05_9Gb	contig_11594	1073	2003	Erm(52)_macrolide_antibiotic;_lincosamide_antibiotic;_streptogramin_antibiotic	3	930	930	1.0	
barcode05_9Gb	contig_11613	1917	2655	ErmB_macrolide_antibiotic;_lincosamide_antibiotic;_streptogramin_antibiotic;_streptogramin_A_antibiotic;_streptogramin_B_antibiotic	25	738	738	1.0	Unknown taxonomy (chromosome or plasmid)
barcode05_9Gb	contig_11630	59855	62333	vanT gene in vanG cluster_glycopeptide_antibiotic	137	2478	2478	1.0	
barcode05_9Gb	contig_11864	53227	53722	lnuC_lincosamide_antibiotic	51	495	495	1.0	Unknown taxonomy (chromosome or plasmid)
barcode05_9Gb	contig_11868	1550	2024	dfrA6_diaminopyrimidine_antibiotic	20	474	474	1.0	Vibrio (chromosome or plasmid)
barcode05_9Gb	contig_11868	2344	3604	cmlA5_phenicol_antibiotic	40	1260	1260	1.0	Unknown taxonomy (chromosome or plasmid)
barcode05_9Gb	contig_11868	4663	5479	aadA_aminoglycoside_antibiotic	79	816	816	1.0	Unknown taxonomy (chromosome or plasmid)
barcode05_9Gb	contig_11868	5642	5990	qacEdelta1_disinfecting_agents_and_antiseptics	69	348	348	1.0	Unknown taxonomy (chromosome or plasmid)
barcode05_9Gb	contig_11868	5983	6823	sul1_sulfonamide_antibiotic	68	840	840	1.0	Unknown taxonomy (chromosome or plasmid)
barcode05_9Gb	contig_11983	23069	23456	qacG_disinfecting_agents_and_antiseptics	4	387	387	1.0	
barcode05_9Gb	contig_11999	7262	8105	OXA-58_carbapenem;_penam	19	843	843	1.0	Unknown taxonomy (chromosome or plasmid)
barcode05_9Gb	contig_12045	5005	5311	qacG_disinfecting_agents_and_antiseptics	14	306	306	1.0	Unknown taxonomy (chromosome or plasmid)
barcode05_9Gb	contig_12060	130	994	aadS_aminoglycoside_antibiotic	41	864	864	1.0	Unknown taxonomy (chromosome or plasmid)
barcode05_9Gb	contig_12060	52149	52950	ErmF_macrolide_antibiotic;_lincosamide_antibiotic;_streptogramin_antibiotic;_streptogramin_A_antibiotic;_streptogramin_B_antibiotic	22	801	801	1.0	Unknown taxonomy (chromosome or plasmid)
barcode05_9Gb	contig_12267	59840	60026	rsmA_fluoroquinolone_antibiotic;_diaminopyrimidine_antibiotic;_phenicol_antibiotic	43	186	186	1.0	Unknown taxonomy (chromosome or plasmid)
barcode05_9Gb	contig_12267	64833	66372	emrB_fluoroquinolone_antibiotic	44	1539	1539	1.0	Unknown taxonomy (chromosome or plasmid)
barcode05_9Gb	contig_12267	66388	67561	emrA_fluoroquinolone_antibiotic	42	1173	1173	1.0	Unknown taxonomy (chromosome or plasmid)
barcode05_9Gb	contig_12267	67687	68218	emrR_fluoroquinolone_antibiotic	47	531	531	1.0	Unknown taxonomy (chromosome or plasmid)
barcode05_9Gb	contig_1227	2886	4827	tet(W)_tetracycline_antibiotic	33	1941	1941	1.0	Trueperella pyogenes (chromosome or plasmid)
barcode05_9Gb	contig_12272	1287	2091	APH(3'')-Ib_aminoglycoside_antibiotic	13	804	804	1.0	Unknown taxonomy (chromosome or plasmid)
barcode05_9Gb	contig_12334	5155	6016	TEM-1_monobactam;_cephalosporin;_penam;_penem	45	861	861	1.0	Unknown taxonomy (chromosome or plasmid)
barcode05_9Gb	contig_12334	6157	7018	AAC(3)-IIe_aminoglycoside_antibiotic	31	861	861	1.0	Unknown taxonomy (chromosome or plasmid)
barcode05_9Gb	contig_12335	7299	8829	aadT_macrolide_antibiotic;_tetracycline_antibiotic;_disinfecting_agents_and_antiseptics	6	1530	1530	1.0	
barcode05_9Gb	contig_12336	1582	2482	VEB-9_monobactam;_cephalosporin	10	900	900	1.0	Unknown taxonomy (chromosome or plasmid)
barcode05_9Gb	contig_12464	5033	5408	ramA_fluoroquinolone_antibiotic;_monobactam;_carbapenem;_cephalosporin;_glycylcycline;_cephamycin;_penam;_tetracycline_antibiotic;_rifamycin_antibiotic;_phenicol_antibiotic;_penem;_disinfecting_agents_and_antiseptics	19	375	375	1.0	Enterobacter (chromosome)
barcode05_9Gb	contig_12475	10342	11080	ErmB_macrolide_antibiotic;_lincosamide_antibiotic;_streptogramin_antibiotic;_streptogramin_A_antibiotic;_streptogramin_B_antibiotic	30	738	738	1.0	Unknown taxonomy (chromosome or plasmid)
barcode05_9Gb	contig_12485	43656	44040	marA_fluoroquinolone_antibiotic;_monobactam;_carbapenem;_cephalosporin;_glycylcycline;_cephamycin;_penam;_tetracycline_antibiotic;_rifamycin_antibiotic;_phenicol_antibiotic;_penem;_disinfecting_agents_and_antiseptics	23	384	384	1.0	Unknown taxonomy (chromosome)
barcode05_9Gb	contig_12640	45155	46709	vanW gene in vanI cluster_glycopeptide_antibiotic	4	1554	1554	1.0	
barcode05_9Gb	contig_12654	28050	29223	vanY gene in vanF cluster_glycopeptide_antibiotic	6	1173	1173	1.0	
barcode05_9Gb	contig_12702	9249	10077	OXA-253_carbapenem;_penam	13	828	828	1.0	Acinetobacter baumannii (chromosome)
barcode05_9Gb	contig_12812	6074	6332	FosA8_phosphonic_acid_antibiotic	16	258	258	1.0	Enterobacter asburiae (chromosome)
barcode05_9Gb	contig_12842	28263	29364	vanG_glycopeptide_antibiotic	16	1101	1101	1.0	Enterobacter kobei (chromosome)
barcode05_9Gb	contig_12873	2172	2370	rsmA_fluoroquinolone_antibiotic;_diaminopyrimidine_antibiotic;_phenicol_antibiotic	8	198	198	1.0	Shewanella putrefaciens (chromosome)
barcode05_9Gb	contig_13024	8129	9353	mef(C)_macrolide_antibiotic;_tetracycline_antibiotic	9	1224	1224	1.0	
barcode05_9Gb	contig_13098	9313	9637	Escherichia coli soxS with mutation conferring antibiotic resistance_fluoroquinolone_antibiotic;_monobactam;_carbapenem;_cephalosporin;_glycylcycline;_cephamycin;_penam;_tetracycline_antibiotic;_rifamycin_antibiotic;_phenicol_antibiotic;_penem;_disinfecting_agents_and_antiseptics	6	324	324	1.0	Citrobacter freundii (chromosome)
barcode05_9Gb	contig_13099	13908	14232	Escherichia coli soxS with mutation conferring antibiotic resistance_fluoroquinolone_antibiotic;_monobactam;_carbapenem;_cephalosporin;_glycylcycline;_cephamycin;_penam;_tetracycline_antibiotic;_rifamycin_antibiotic;_phenicol_antibiotic;_penem;_disinfecting_agents_and_antiseptics	6	324	324	1.0	Citrobacter (chromosome)
barcode05_9Gb	contig_13107	35100	36657	vanW gene in vanI cluster_glycopeptide_antibiotic	8	1557	1557	1.0	
barcode05_9Gb	contig_13137	32078	32441	Klebsiella pneumoniae KpnE_macrolide_antibiotic;_aminoglycoside_antibiotic;_cephalosporin;_tetracycline_antibiotic;_peptide_antibiotic;_rifamycin_antibiotic;_disinfecting_agents_and_antiseptics	21	363	363	1.0	Enterobacter kobei (chromosome)
barcode05_9Gb	contig_13137	32427	32757	Klebsiella pneumoniae KpnF_macrolide_antibiotic;_aminoglycoside_antibiotic;_cephalosporin;_tetracycline_antibiotic;_peptide_antibiotic;_rifamycin_antibiotic;_disinfecting_agents_and_antiseptics	23	330	330	1.0	Enterobacter kobei (chromosome)
barcode05_9Gb	contig_13137	60761	61937	oqxA_fluoroquinolone_antibiotic;_glycylcycline;_tetracycline_antibiotic;_diaminopyrimidine_antibiotic;_nitrofuran_antibiotic	7	1176	1176	1.0	Enterobacter kobei (chromosome)
barcode05_9Gb	contig_13205	14243	15191	leuO_nucleoside_antibiotic;_disinfecting_agents_and_antiseptics	16	948	948	1.0	Citrobacter portucalensis (chromosome)
barcode05_9Gb	contig_13205	21393	23160	Haemophilus influenzae PBP3 conferring resistance to beta-lactam antibiotics_cephalosporin;_cephamycin;_penam	13	1767	1767	1.0	Citrobacter portucalensis (chromosome or plasmid)
barcode05_9Gb	contig_13213	3190	3985	APH(3')-IIa_aminoglycoside_antibiotic	6	795	795	1.0	Unknown taxonomy (chromosome or plasmid)
barcode05_9Gb	contig_13213	6806	7223	FosA3_phosphonic_acid_antibiotic	7	417	417	1.0	Unknown taxonomy (chromosome or plasmid)
barcode05_9Gb	contig_13213	8368	9106	TEM-244_monobactam;_cephalosporin;_penam;_penem	10	738	738	1.0	Unknown taxonomy (chromosome or plasmid)
barcode05_9Gb	contig_13213	9887	10763	CTX-M-55_cephalosporin	8	876	876	1.0	Unknown taxonomy (chromosome or plasmid)
barcode05_9Gb	contig_13235	37211	37574	Klebsiella pneumoniae KpnE_macrolide_antibiotic;_aminoglycoside_antibiotic;_cephalosporin;_tetracycline_antibiotic;_peptide_antibiotic;_rifamycin_antibiotic;_disinfecting_agents_and_antiseptics	11	363	363	1.0	Enterobacter (chromosome)
barcode05_9Gb	contig_13235	37560	37965	Klebsiella pneumoniae KpnF_macrolide_antibiotic;_aminoglycoside_antibiotic;_cephalosporin;_tetracycline_antibiotic;_peptide_antibiotic;_rifamycin_antibiotic;_disinfecting_agents_and_antiseptics	12	405	405	1.0	
barcode05_9Gb	contig_13235	68836	70012	oqxA_fluoroquinolone_antibiotic;_glycylcycline;_tetracycline_antibiotic;_diaminopyrimidine_antibiotic;_nitrofuran_antibiotic	20	1176	1176	1.0	Enterobacter (chromosome)
barcode05_9Gb	contig_1355	70777	71908	vanT gene in vanG cluster_glycopeptide_antibiotic	11	1131	1131	1.0	
barcode05_9Gb	contig_13580	79558	80800	mdtM_fluoroquinolone_antibiotic;_lincosamide_antibiotic;_nucleoside_antibiotic;_phenicol_antibiotic;_disinfecting_agents_and_antiseptics	12	1242	1242	1.0	
barcode05_9Gb	contig_13629	15832	16150	qacJ_disinfecting_agents_and_antiseptics	5	318	318	1.0	
barcode05_9Gb	contig_13675	417	741	qacG_disinfecting_agents_and_antiseptics	2	324	324	1.0	
barcode05_9Gb	contig_13675	4246	4696	qacG_disinfecting_agents_and_antiseptics	2	450	450	1.0	
barcode05_9Gb	contig_13705	17484	18960	vanW gene in vanI cluster_glycopeptide_antibiotic	6	1476	1476	1.0	
barcode05_9Gb	contig_1383	125952	126630	kdpE_aminoglycoside_antibiotic	39	678	678	1.0	Escherichia coli (chromosome or plasmid)
barcode05_9Gb	contig_1390	7870	8968	vanG_glycopeptide_antibiotic	3	1098	1098	1.0	Faecalibacterium prausnitzii (chromosome)
barcode05_9Gb	contig_14002	20116	20476	qacJ_disinfecting_agents_and_antiseptics	10	360	360	1.0	
barcode05_9Gb	contig_14209	7080	10191	mdtB_aminocoumarin_antibiotic	17	3111	3111	1.0	
barcode05_9Gb	contig_14209	16230	16953	baeR_aminoglycoside_antibiotic;_aminocoumarin_antibiotic	8	723	723	1.0	Klebsiella (chromosome)
barcode05_9Gb	contig_14215	22866	23742	CTX-M-95_cephalosporin	11	876	876	1.0	
barcode05_9Gb	contig_14304	3661	5317	vanW gene in vanI cluster_glycopeptide_antibiotic	4	1656	1656	1.0	
barcode05_9Gb	contig_14319	20769	22011	mdtM_fluoroquinolone_antibiotic;_lincosamide_antibiotic;_nucleoside_antibiotic;_phenicol_antibiotic;_disinfecting_agents_and_antiseptics	6	1242	1242	1.0	
barcode05_9Gb	contig_14324	3078	4077	vanH gene in vanD cluster_glycopeptide_antibiotic	5	999	999	1.0	
barcode05_9Gb	contig_14338	5874	6429	AAC(6')-IIa_aminoglycoside_antibiotic	4	555	555	1.0	Unknown taxonomy (chromosome or plasmid)
barcode05_9Gb	contig_14338	6576	7035	AAC(6')-Il_aminoglycoside_antibiotic	30	459	459	1.0	Unknown taxonomy (chromosome or plasmid)
barcode05_9Gb	contig_14383	5249	6440	tet(C)_tetracycline_antibiotic	23	1191	1191	1.0	Unknown taxonomy (chromosome or plasmid)
barcode05_9Gb	contig_1450	11870	14942	adeF_fluoroquinolone_antibiotic;_tetracycline_antibiotic	43	3072	3072	1.0	
barcode05_9Gb	contig_14630	3806	5810	tet(Q)_tetracycline_antibiotic	3	2004	2004	1.0	Collinsella aerofaciens (no genomic info)
barcode05_9Gb	contig_14706	3606	4461	ACI-1_cephalosporin;_penam;_penem	7	855	855	1.0	
barcode05_9Gb	contig_14715	10320	11559	tet(40)_tetracycline_antibiotic	13	1239	1239	1.0	Faecalibacterium prausnitzii (chromosome)
barcode05_9Gb	contig_14715	11610	12345	tet(O)_tetracycline_antibiotic	30	735	735	1.0	Unknown taxonomy (chromosome or plasmid)
barcode05_9Gb	contig_14715	12398	13532	tet(O)_tetracycline_antibiotic	35	1134	1134	1.0	Unknown taxonomy (chromosome or plasmid)
barcode05_9Gb	contig_14753	2954	3635	QnrB17_fluoroquinolone_antibiotic	6	681	681	1.0	Citrobacter freundii (chromosome or plasmid)
barcode05_9Gb	contig_14830	2622	2967	qacG_disinfecting_agents_and_antiseptics	17	345	345	1.0	Unknown taxonomy (chromosome or plasmid)
barcode05_9Gb	contig_14884	15534	16734	PmrF_peptide_antibiotic	7	1200	1200	1.0	Citrobacter amalonaticus (no genomic info)
barcode05_9Gb	contig_14969	3793	3979	rsmA_fluoroquinolone_antibiotic;_diaminopyrimidine_antibiotic;_phenicol_antibiotic	12	186	186	1.0	Enterobacter (chromosome or plasmid)
barcode05_9Gb	contig_14969	10946	12494	emrB_fluoroquinolone_antibiotic	15	1548	1548	1.0	Enterobacter roggenkampii (chromosome or plasmid)
barcode05_9Gb	contig_14969	12510	13683	emrA_fluoroquinolone_antibiotic	13	1173	1173	1.0	
barcode05_9Gb	contig_14969	13809	14340	emrR_fluoroquinolone_antibiotic	13	531	531	1.0	Enterobacter (chromosome)
barcode05_9Gb	contig_15018	5013	5268	rsmA_fluoroquinolone_antibiotic;_diaminopyrimidine_antibiotic;_phenicol_antibiotic	6	255	255	1.0	
barcode05_9Gb	contig_15170	37318	38566	mdtA_aminocoumarin_antibiotic	25	1248	1248	1.0	Escherichia coli (chromosome or plasmid)
barcode05_9Gb	contig_15170	41689	44767	mdtC_aminocoumarin_antibiotic	29	3078	3078	1.0	Escherichia coli (chromosome or plasmid)
barcode05_9Gb	contig_15170	47580	48303	baeR_aminoglycoside_antibiotic;_aminocoumarin_antibiotic	26	723	723	1.0	Unknown taxonomy (chromosome or plasmid)
barcode05_9Gb	contig_15452	81270	82629	Escherichia coli GlpT with mutation conferring resistance to fosfomycin_phosphonic_acid_antibiotic	12	1359	1359	1.0	Citrobacter (chromosome or plasmid)
barcode05_9Gb	contig_15452	91082	93722	Escherichia coli gyrA conferring resistance to fluoroquinolones_fluoroquinolone_antibiotic	17	2640	2640	1.0	Citrobacter (chromosome or plasmid)
barcode05_9Gb	contig_15519	3883	4702	bacA_peptide_antibiotic	4	819	819	1.0	Escherichia albertii (chromosome)
barcode05_9Gb	contig_15568	3358	5806	vanT gene in vanG cluster_glycopeptide_antibiotic	25	2448	2448	1.0	
barcode05_9Gb	contig_15623	8977	10174	Escherichia coli acrA_fluoroquinolone_antibiotic;_cephalosporin;_glycylcycline;_penam;_tetracycline_antibiotic;_rifamycin_antibiotic;_phenicol_antibiotic;_disinfecting_agents_and_antiseptics	9	1197	1197	1.0	Citrobacter (chromosome or plasmid)
barcode05_9Gb	contig_15713	2540	5081	vanT gene in vanG cluster_glycopeptide_antibiotic	6	2541	2541	1.0	Bacteroides ovatus (chromosome)
barcode05_9Gb	contig_15747	11113	11848	tet(O)_tetracycline_antibiotic	27	735	735	1.0	Unknown taxonomy (chromosome or plasmid)
barcode05_9Gb	contig_15747	12102	13038	tet(O)_tetracycline_antibiotic	18	936	936	1.0	Unknown taxonomy (chromosome or plasmid)
barcode05_9Gb	contig_15826	86420	88895	vanT gene in vanG cluster_glycopeptide_antibiotic	10	2475	2475	1.0	
barcode05_9Gb	contig_15838	4993	8140	adeF_fluoroquinolone_antibiotic;_tetracycline_antibiotic	6	3147	3147	1.0	Shewanella putrefaciens (chromosome)
barcode05_9Gb	contig_15868	34294	34489	rsmA_fluoroquinolone_antibiotic;_diaminopyrimidine_antibiotic;_phenicol_antibiotic	15	195	195	1.0	
barcode05_9Gb	contig_15939	13195	14050	ErmX_macrolide_antibiotic;_lincosamide_antibiotic;_streptogramin_antibiotic;_streptogramin_A_antibiotic;_streptogramin_B_antibiotic	22	855	855	1.0	Unknown taxonomy (chromosome or plasmid)
barcode05_9Gb	contig_15939	15012	15546	ANT(2'')-Ia_aminoglycoside_antibiotic	24	534	534	1.0	Unknown taxonomy (chromosome or plasmid)
barcode05_9Gb	contig_15939	15563	16022	AAC(6')-Il_aminoglycoside_antibiotic	35	459	459	1.0	Unknown taxonomy (chromosome or plasmid)
barcode05_9Gb	contig_15939	16095	16959	GES-1_carbapenem;_cephalosporin;_penam	29	864	864	1.0	Unknown taxonomy (chromosome or plasmid)
barcode05_9Gb	contig_1595	2502	3762	EreB_macrolide_antibiotic	21	1260	1260	1.0	
barcode05_9Gb	contig_15954	6973	8083	vanG_glycopeptide_antibiotic	11	1110	1110	1.0	
barcode05_9Gb	contig_15977	2165	3002	vanW gene in vanB cluster_glycopeptide_antibiotic	3	837	837	1.0	
barcode05_9Gb	contig_15977	3414	3966	vanH gene in vanF cluster_glycopeptide_antibiotic	4	552	552	1.0	
barcode05_9Gb	contig_16009	2378	2564	rsmA_fluoroquinolone_antibiotic;_diaminopyrimidine_antibiotic;_phenicol_antibiotic	4	186	186	1.0	Unknown taxonomy (chromosome or plasmid)
barcode05_9Gb	contig_16065	4320	4953	CRP_macrolide_antibiotic;_fluoroquinolone_antibiotic;_penam	11	633	633	1.0	Citrobacter (chromosome)
barcode05_9Gb	contig_16120	19602	19893	FosA8_phosphonic_acid_antibiotic	17	291	291	1.0	Klebsiella (chromosome)
barcode05_9Gb	contig_16141	18797	19922	vanT gene in vanG cluster_glycopeptide_antibiotic	6	1125	1125	1.0	
barcode05_9Gb	contig_16317	5332	6181	bacA_peptide_antibiotic	3	849	849	1.0	
barcode05_9Gb	contig_16337	15576	16692	vanY gene in vanB cluster_glycopeptide_antibiotic	5	1116	1116	1.0	
barcode05_9Gb	contig_16391	29408	30233	vanY gene in vanF cluster_glycopeptide_antibiotic	4	825	825	1.0	
barcode05_9Gb	contig_16391	30229	30949	vanY gene in vanF cluster_glycopeptide_antibiotic	4	720	720	1.0	
barcode05_9Gb	contig_16489	1	565	vanY gene in vanB cluster_glycopeptide_antibiotic	2	564	564	1.0	
barcode05_9Gb	contig_16522	3115	3916	ErmF_macrolide_antibiotic;_lincosamide_antibiotic;_streptogramin_antibiotic;_streptogramin_A_antibiotic;_streptogramin_B_antibiotic	15	801	801	1.0	Unknown taxonomy (chromosome or plasmid)
barcode05_9Gb	contig_16729	23661	24006	qacG_disinfecting_agents_and_antiseptics	13	345	345	1.0	
barcode05_9Gb	contig_16748	167898	168897	vanH gene in vanB cluster_glycopeptide_antibiotic	7	999	999	1.0	
barcode05_9Gb	contig_16783	24267	25908	vanT gene in vanG cluster_glycopeptide_antibiotic	9	1641	1641	1.0	
barcode05_9Gb	contig_16880	8010	11571	Bifidobacterium adolescentis rpoB mutants conferring resistance to rifampicin_rifamycin_antibiotic	7	3561	3561	1.0	Bifidobacterium (chromosome)
barcode05_9Gb	contig_16901	56804	57239	Escherichia coli AcrAB-TolC with MarR mutations conferring resistance to ciprofloxacin and tetracycline_fluoroquinolone_antibiotic;_cephalosporin;_glycylcycline;_penam;_tetracycline_antibiotic;_rifamycin_antibiotic;_phenicol_antibiotic;_disinfecting_agents_and_antiseptics	17	435	435	1.0	Enterobacter (chromosome)
barcode05_9Gb	contig_16901	57258	57639	marA_fluoroquinolone_antibiotic;_monobactam;_carbapenem;_cephalosporin;_glycylcycline;_cephamycin;_penam;_tetracycline_antibiotic;_rifamycin_antibiotic;_phenicol_antibiotic;_penem;_disinfecting_agents_and_antiseptics	15	381	381	1.0	Enterobacter (chromosome or plasmid)
barcode05_9Gb	contig_16910	361	1582	mdtG_phosphonic_acid_antibiotic	3	1221	1221	1.0	Citrobacter (chromosome)
barcode05_9Gb	contig_1696	51	1236	Escherichia coli EF-Tu mutants conferring resistance to Pulvomycin_elfamycin_antibiotic	64	1185	1185	1.0	Unknown taxonomy (chromosome or plasmid)
barcode05_9Gb	contig_1696	16026	16659	CRP_macrolide_antibiotic;_fluoroquinolone_antibiotic;_penam	79	633	633	1.0	Unknown taxonomy (chromosome or plasmid)
barcode05_9Gb	contig_1696	50404	52330	tet(Q)_tetracycline_antibiotic	9	1926	1926	1.0	Unknown taxonomy (chromosome)
barcode05_9Gb	contig_1696	53127	54204	tet(X4)_glycylcycline;_tetracycline_antibiotic	17	1077	1077	1.0	Unknown taxonomy (chromosome or plasmid)
barcode05_9Gb	contig_1696	54416	55217	ErmF_macrolide_antibiotic;_lincosamide_antibiotic;_streptogramin_antibiotic;_streptogramin_A_antibiotic;_streptogramin_B_antibiotic	26	801	801	1.0	Unknown taxonomy (chromosome or plasmid)
barcode05_9Gb	contig_16986	40257	40605	qacEdelta1_disinfecting_agents_and_antiseptics	3	348	348	1.0	Unknown taxonomy (chromosome or plasmid)
barcode05_9Gb	contig_17028	9282	9606	Klebsiella pneumoniae KpnF_macrolide_antibiotic;_aminoglycoside_antibiotic;_cephalosporin;_tetracycline_antibiotic;_peptide_antibiotic;_rifamycin_antibiotic;_disinfecting_agents_and_antiseptics	5	324	324	1.0	Enterobacter hormaechei (chromosome)
barcode05_9Gb	contig_17074	32921	33872	leuO_nucleoside_antibiotic;_disinfecting_agents_and_antiseptics	3	951	951	1.0	Klebsiella michiganensis (chromosome)
barcode05_9Gb	contig_17114	18811	19924	vanG_glycopeptide_antibiotic	6	1113	1113	1.0	Citrobacter (chromosome or plasmid)
barcode05_9Gb	contig_1716	8822	9728	mphA_macrolide_antibiotic	126	906	906	1.0	Unknown taxonomy (chromosome or plasmid)
barcode05_9Gb	contig_1716	9724	10963	Mrx_macrolide_antibiotic	114	1239	1239	1.0	Unknown taxonomy (chromosome or plasmid)
barcode05_9Gb	contig_1716	13938	14778	sul1_sulfonamide_antibiotic	83	840	840	1.0	Unknown taxonomy (chromosome or plasmid)
barcode05_9Gb	contig_1716	14771	15119	qacEdelta1_disinfecting_agents_and_antiseptics	67	348	348	1.0	Unknown taxonomy (chromosome or plasmid)
barcode05_9Gb	contig_1716	15340	16204	GES-1_carbapenem;_cephalosporin;_penam	45	864	864	1.0	Unknown taxonomy (chromosome or plasmid)
barcode05_9Gb	contig_1716	16310	16643	qacL_disinfecting_agents_and_antiseptics	41	333	333	1.0	Unknown taxonomy (chromosome or plasmid)
barcode05_9Gb	contig_1716	16870	17734	GES-5_carbapenem;_cephalosporin;_penam	57	864	864	1.0	Unknown taxonomy (chromosome or plasmid)
barcode05_9Gb	contig_17182	457	1258	OXA-205_penam	9	801	801	1.0	Pseudomonas aeruginosa (no genomic info)
barcode05_9Gb	contig_17214	4364	4565	rsmA_fluoroquinolone_antibiotic;_diaminopyrimidine_antibiotic;_phenicol_antibiotic	6	201	201	1.0	Aeromonas veronii (chromosome)
barcode05_9Gb	contig_17217	2021	3617	vanW gene in vanI cluster_glycopeptide_antibiotic	8	1596	1596	1.0	
barcode05_9Gb	contig_1726	9375	10155	APH(3')-VIa_aminoglycoside_antibiotic	112	780	780	1.0	Unknown taxonomy (chromosome or plasmid)
barcode05_9Gb	contig_1726	12570	13452	KPC-2_monobactam;_carbapenem;_cephalosporin;_penam	142	882	882	1.0	Unknown taxonomy (chromosome or plasmid)
barcode05_9Gb	contig_1727	2471	3662	tet(C)_tetracycline_antibiotic	28	1191	1191	1.0	Unknown taxonomy (chromosome or plasmid)
barcode05_9Gb	contig_1727	5168	6359	tet(C)_tetracycline_antibiotic	23	1191	1191	1.0	Unknown taxonomy (chromosome or plasmid)
barcode05_9Gb	contig_1728	8577	8925	qacEdelta1_disinfecting_agents_and_antiseptics	57	348	348	1.0	Unknown taxonomy (chromosome or plasmid)
barcode05_9Gb	contig_1728	8918	9758	sul1_sulfonamide_antibiotic	64	840	840	1.0	Unknown taxonomy (chromosome or plasmid)
barcode05_9Gb	contig_1728	11302	12493	tet(C)_tetracycline_antibiotic	18	1191	1191	1.0	Unknown taxonomy (chromosome or plasmid)
barcode05_9Gb	contig_1728	13999	15190	tet(C)_tetracycline_antibiotic	25	1191	1191	1.0	Unknown taxonomy (chromosome or plasmid)
barcode05_9Gb	contig_1728	17063	17948	mphE_macrolide_antibiotic	55	885	885	1.0	Unknown taxonomy (chromosome or plasmid)
barcode05_9Gb	contig_1728	18003	19479	msrE_macrolide_antibiotic;_streptogramin_antibiotic	57	1476	1476	1.0	Unknown taxonomy (chromosome or plasmid)
barcode05_9Gb	contig_17306	107	944	APH(6)-Id_aminoglycoside_antibiotic	45	837	837	1.0	Unknown taxonomy (chromosome or plasmid)
barcode05_9Gb	contig_17306	943	1747	APH(3'')-Ib_aminoglycoside_antibiotic	42	804	804	1.0	Unknown taxonomy (chromosome or plasmid)
barcode05_9Gb	contig_17337	5858	6638	APH(3')-VIa_aminoglycoside_antibiotic	78	780	780	1.0	Unknown taxonomy (chromosome or plasmid)
barcode05_9Gb	contig_17337	14745	15609	GES-5_carbapenem;_cephalosporin;_penam	40	864	864	1.0	Unknown taxonomy (chromosome or plasmid)
barcode05_9Gb	contig_17337	15650	16301	AAC(6')-Ib9_aminoglycoside_antibiotic	12	651	651	1.0	Unknown taxonomy (chromosome or plasmid)
barcode05_9Gb	contig_1741	97709	98894	Escherichia coli EF-Tu mutants conferring resistance to Pulvomycin_elfamycin_antibiotic	27	1185	1185	1.0	Citrobacter (chromosome or plasmid)
barcode05_9Gb	contig_17411	6789	7980	tet(C)_tetracycline_antibiotic	26	1191	1191	1.0	Unknown taxonomy (chromosome or plasmid)
barcode05_9Gb	contig_17411	9663	10500	APH(6)-Id_aminoglycoside_antibiotic	7	837	837	1.0	Unknown taxonomy (chromosome or plasmid)
barcode05_9Gb	contig_17433	343	1171	OXA-253_carbapenem;_penam	45	828	828	1.0	Acinetobacter baumannii (chromosome)
barcode05_9Gb	contig_1744	312528	313512	PmrF_peptide_antibiotic	15	984	984	1.0	
barcode05_9Gb	contig_1744	316387	318301	ArnT_peptide_antibiotic	11	1914	1914	1.0	Enterobacter (chromosome)
barcode05_9Gb	contig_1744	407660	408293	CRP_macrolide_antibiotic;_fluoroquinolone_antibiotic;_penam	21	633	633	1.0	Enterobacter (chromosome or plasmid)
barcode05_9Gb	contig_1744	431443	432628	Escherichia coli EF-Tu mutants conferring resistance to Pulvomycin_elfamycin_antibiotic	64	1185	1185	1.0	Enterobacter (chromosome or plasmid)
barcode05_9Gb	contig_17454	18793	20098	Acinetobacter baumannii AbaQ_fluoroquinolone_antibiotic	12	1305	1305	1.0	
barcode05_9Gb	contig_1746	326572	327757	Escherichia coli EF-Tu mutants conferring resistance to Pulvomycin_elfamycin_antibiotic	25	1185	1185	1.0	Unknown taxonomy (chromosome or plasmid)
barcode05_9Gb	contig_17460	1229	2057	OXA-253_carbapenem;_penam	49	828	828	1.0	Acinetobacter baumannii (chromosome)
barcode05_9Gb	contig_17491	45859	47608	msbA_nitroimidazole_antibiotic	16	1749	1749	1.0	Enterobacter kobei (chromosome)
barcode05_9Gb	contig_17501	19986	22452	vanT gene in vanG cluster_glycopeptide_antibiotic	9	2466	2466	1.0	Phocaeicola (chromosome)
barcode05_9Gb	contig_17510	1056	2241	Escherichia coli EF-Tu mutants conferring resistance to Pulvomycin_elfamycin_antibiotic	32	1185	1185	1.0	Citrobacter (chromosome or plasmid)
barcode05_9Gb	contig_17510	20661	21294	CRP_macrolide_antibiotic;_fluoroquinolone_antibiotic;_penam	9	633	633	1.0	Citrobacter freundii (chromosome)
barcode05_9Gb	contig_17524	3553	4648	vanG_glycopeptide_antibiotic	21	1095	1095	1.0	Escherichia coli (chromosome or plasmid)
barcode05_9Gb	contig_17524	86273	89423	acrB_fluoroquinolone_antibiotic;_cephalosporin;_glycylcycline;_penam;_tetracycline_antibiotic;_rifamycin_antibiotic;_phenicol_antibiotic;_disinfecting_agents_and_antiseptics	32	3150	3150	1.0	Escherichia coli (chromosome or plasmid)
barcode05_9Gb	contig_17524	89445	90639	Escherichia coli acrA_fluoroquinolone_antibiotic;_cephalosporin;_glycylcycline;_penam;_tetracycline_antibiotic;_rifamycin_antibiotic;_phenicol_antibiotic;_disinfecting_agents_and_antiseptics	41	1194	1194	1.0	Unknown taxonomy (chromosome or plasmid)
barcode05_9Gb	contig_17524	90780	91428	Escherichia coli AcrAB-TolC with AcrR mutation conferring resistance to ciprofloxacin, tetracycline, and ceftazidime_fluoroquinolone_antibiotic;_cephalosporin;_glycylcycline;_penam;_tetracycline_antibiotic;_rifamycin_antibiotic;_phenicol_antibiotic;_disinfecting_agents_and_antiseptics	47	648	648	1.0	Unknown taxonomy (chromosome or plasmid)
barcode05_9Gb	contig_17525	93500	93914	H-NS_macrolide_antibiotic;_fluoroquinolone_antibiotic;_cephalosporin;_cephamycin;_penam;_tetracycline_antibiotic	22	414	414	1.0	Unknown taxonomy (chromosome or plasmid)
barcode05_9Gb	contig_1754	34625	35810	Escherichia coli EF-Tu mutants conferring resistance to Pulvomycin_elfamycin_antibiotic	44	1185	1185	1.0	Enterobacter (chromosome or plasmid)
barcode05_9Gb	contig_17562	38230	39604	cpxA_aminoglycoside_antibiotic;_aminocoumarin_antibiotic	7	1374	1374	1.0	
barcode05_9Gb	contig_17563	13179	13914	ErmG_macrolide_antibiotic;_lincosamide_antibiotic;_streptogramin_antibiotic;_streptogramin_A_antibiotic;_streptogramin_B_antibiotic	7	735	735	1.0	Unknown taxonomy (chromosome)
barcode05_9Gb	contig_1760	122487	123018	emrR_fluoroquinolone_antibiotic	18	531	531	1.0	Enterobacter kobei (chromosome or plasmid)
barcode05_9Gb	contig_1760	123144	124317	emrA_fluoroquinolone_antibiotic	19	1173	1173	1.0	
barcode05_9Gb	contig_1760	124333	125881	emrB_fluoroquinolone_antibiotic	21	1548	1548	1.0	Enterobacter kobei (chromosome or plasmid)
barcode05_9Gb	contig_1760	132923	133109	rsmA_fluoroquinolone_antibiotic;_diaminopyrimidine_antibiotic;_phenicol_antibiotic	19	186	186	1.0	Enterobacter (chromosome or plasmid)
barcode05_9Gb	contig_17631	1738	2929	tet(C)_tetracycline_antibiotic	32	1191	1191	1.0	Unknown taxonomy (chromosome or plasmid)
barcode05_9Gb	contig_17646	7128	7785	QnrVC1_fluoroquinolone_antibiotic	40	657	657	1.0	Unknown taxonomy (chromosome or plasmid)
barcode05_9Gb	contig_17646	7943	8417	dfrA6_diaminopyrimidine_antibiotic	39	474	474	1.0	Unknown taxonomy (chromosome or plasmid)
barcode05_9Gb	contig_17707	38246	39638	Escherichia coli UhpT with mutation conferring resistance to fosfomycin_phosphonic_acid_antibiotic	28	1392	1392	1.0	Enterobacter kobei (chromosome or plasmid)
barcode05_9Gb	contig_1774	104691	105837	MIR-17_monobactam;_cephalosporin	23	1146	1146	1.0	Enterobacter (chromosome)
barcode05_9Gb	contig_17818	205	1465	cmlA5_phenicol_antibiotic	5	1260	1260	1.0	Unknown taxonomy (chromosome or plasmid)
barcode05_9Gb	contig_17818	1569	2349	aadA_aminoglycoside_antibiotic	28	780	780	1.0	Unknown taxonomy (chromosome or plasmid)
barcode05_9Gb	contig_17818	2518	2851	qacL_disinfecting_agents_and_antiseptics	10	333	333	1.0	Unknown taxonomy (chromosome or plasmid)
barcode05_9Gb	contig_17818	4276	5962	tet(M)_tetracycline_antibiotic	15	1686	1686	1.0	Unknown taxonomy (chromosome or plasmid)
barcode05_9Gb	contig_1782	142499	145613	acrD_aminoglycoside_antibiotic	19	3114	3114	1.0	Enterobacter (chromosome)
barcode05_9Gb	contig_1783	71199	72384	Escherichia coli EF-Tu mutants conferring resistance to Pulvomycin_elfamycin_antibiotic	42	1185	1185	1.0	Enterobacter roggenkampii (chromosome or plasmid)
barcode05_9Gb	contig_17834	6080	8546	vanT gene in vanG cluster_glycopeptide_antibiotic	9	2466	2466	1.0	Phocaeicola dorei (chromosome)
barcode05_9Gb	contig_17836	72258	73419	vanT gene in vanG cluster_glycopeptide_antibiotic	8	1161	1161	1.0	
barcode05_9Gb	contig_17838	331	697	qacG_disinfecting_agents_and_antiseptics	14	366	366	1.0	
barcode05_9Gb	contig_1784	20354	21500	CMY-48_cephamycin	10	1146	1146	1.0	Citrobacter (chromosome or plasmid)
barcode05_9Gb	contig_1785	4281	5466	Escherichia coli EF-Tu mutants conferring resistance to Pulvomycin_elfamycin_antibiotic	21	1185	1185	1.0	Klebsiella michiganensis (chromosome or plasmid)
barcode05_9Gb	contig_17876	58054	59488	vanW gene in vanI cluster_glycopeptide_antibiotic	6	1434	1434	1.0	
barcode05_9Gb	contig_17917	11845	12502	QnrS1_fluoroquinolone_antibiotic	9	657	657	1.0	Unknown taxonomy (chromosome or plasmid)
barcode05_9Gb	contig_17917	20494	21694	tet(A)_tetracycline_antibiotic	26	1200	1200	1.0	Unknown taxonomy (chromosome or plasmid)
barcode05_9Gb	contig_17932	0	840	APH(3'')-Ib_aminoglycoside_antibiotic	11	840	840	1.0	Unknown taxonomy (chromosome or plasmid)
barcode05_9Gb	contig_17932	845	1676	APH(6)-Id_aminoglycoside_antibiotic	22	831	831	1.0	Unknown taxonomy (chromosome or plasmid)
barcode05_9Gb	contig_17959	14970	17013	tet(Q)_tetracycline_antibiotic	9	2043	2043	1.0	Collinsella aerofaciens (no genomic info)
barcode05_9Gb	contig_17961	7593	8052	AAC(6')-Il_aminoglycoside_antibiotic	73	459	459	1.0	Unknown taxonomy (chromosome or plasmid)
barcode05_9Gb	contig_17961	8125	8989	GES-1_carbapenem;_cephalosporin;_penam	71	864	864	1.0	Unknown taxonomy (chromosome or plasmid)
barcode05_9Gb	contig_17961	9111	9645	ANT(2'')-Ia_aminoglycoside_antibiotic	50	534	534	1.0	Unknown taxonomy (chromosome or plasmid)
barcode05_9Gb	contig_17961	9712	10186	dfrA6_diaminopyrimidine_antibiotic	23	474	474	1.0	Unknown taxonomy (chromosome or plasmid)
barcode05_9Gb	contig_1799	106758	107580	bacA_peptide_antibiotic	10	822	822	1.0	
barcode05_9Gb	contig_1799	421686	424800	adeF_fluoroquinolone_antibiotic;_tetracycline_antibiotic	19	3114	3114	1.0	Enterobacter kobei (chromosome)
barcode05_9Gb	contig_18002	13039	14254	Acinetobacter baumannii AbaQ_fluoroquinolone_antibiotic	6	1215	1215	1.0	
barcode05_9Gb	contig_18105	3376	4000	Campylobacter coli chloramphenicol acetyltransferase_phenicol_antibiotic	6	624	624	1.0	Unknown taxonomy (chromosome)
barcode05_9Gb	contig_18194	22459	22783	Escherichia coli soxS with mutation conferring antibiotic resistance_fluoroquinolone_antibiotic;_monobactam;_carbapenem;_cephalosporin;_glycylcycline;_cephamycin;_penam;_tetracycline_antibiotic;_rifamycin_antibiotic;_phenicol_antibiotic;_penem;_disinfecting_agents_and_antiseptics	8	324	324	1.0	Citrobacter portucalensis (chromosome)
barcode05_9Gb	contig_18213	6397	8695	adeF_fluoroquinolone_antibiotic;_tetracycline_antibiotic	19	2298	2298	1.0	Unknown taxonomy (chromosome)
barcode05_9Gb	contig_18247	51916	55030	adeF_fluoroquinolone_antibiotic;_tetracycline_antibiotic	10	3114	3114	1.0	
barcode05_9Gb	contig_18247	55166	56057	CblA-1_cephalosporin	9	891	891	1.0	Phocaeicola dorei (no genomic info)
barcode05_9Gb	contig_18260	3356	3542	rsmA_fluoroquinolone_antibiotic;_diaminopyrimidine_antibiotic;_phenicol_antibiotic	10	186	186	1.0	Citrobacter (chromosome or plasmid)
barcode05_9Gb	contig_18260	9908	11447	emrB_fluoroquinolone_antibiotic	6	1539	1539	1.0	Citrobacter portucalensis (chromosome or plasmid)
barcode05_9Gb	contig_18260	11463	12636	emrA_fluoroquinolone_antibiotic	7	1173	1173	1.0	Citrobacter portucalensis (no genomic info)
barcode05_9Gb	contig_18260	12765	13296	emrR_fluoroquinolone_antibiotic	9	531	531	1.0	Citrobacter freundii (chromosome or plasmid)
barcode05_9Gb	contig_18266	9643	11158	aadT_macrolide_antibiotic;_tetracycline_antibiotic;_disinfecting_agents_and_antiseptics	23	1515	1515	1.0	
barcode05_9Gb	contig_18278	20916	22590	eptB_peptide_antibiotic	5	1674	1674	1.0	Klebsiella pneumoniae (chromosome)
barcode05_9Gb	contig_18286	9957	10737	APH(3')-VIa_aminoglycoside_antibiotic	38	780	780	1.0	Unknown taxonomy (chromosome or plasmid)
barcode05_9Gb	contig_1829	3716	4220	vanY gene in vanB cluster_glycopeptide_antibiotic	7	504	504	1.0	Roseburia hominis (no genomic info)
barcode05_9Gb	contig_18292	450	1416	CfxA3_cephamycin	25	966	966	1.0	Unknown taxonomy (chromosome or plasmid)
barcode05_9Gb	contig_18313	25071	26739	ErmF_macrolide_antibiotic;_lincosamide_antibiotic;_streptogramin_antibiotic;_streptogramin_A_antibiotic;_streptogramin_B_antibiotic	4	1668	1668	1.0	Unknown taxonomy (chromosome or plasmid)
barcode05_9Gb	contig_18357	1128	2295	tet(X)_glycylcycline;_tetracycline_antibiotic	9	1167	1167	1.0	Unknown taxonomy (chromosome or plasmid)
barcode05_9Gb	contig_18357	2504	3305	ErmF_macrolide_antibiotic;_lincosamide_antibiotic;_streptogramin_antibiotic;_streptogramin_A_antibiotic;_streptogramin_B_antibiotic	12	801	801	1.0	Unknown taxonomy (chromosome or plasmid)
barcode05_9Gb	contig_18400	40797	41958	vanL_glycopeptide_antibiotic	15	1161	1161	1.0	
barcode05_9Gb	contig_18400	163923	167070	acrB_fluoroquinolone_antibiotic;_cephalosporin;_glycylcycline;_penam;_tetracycline_antibiotic;_rifamycin_antibiotic;_phenicol_antibiotic;_disinfecting_agents_and_antiseptics	11	3147	3147	1.0	Unknown taxonomy (chromosome)
barcode05_9Gb	contig_18400	167092	168289	Shigella flexneri acrA_fluoroquinolone_antibiotic;_cephalosporin;_glycylcycline;_penam;_tetracycline_antibiotic;_rifamycin_antibiotic;_phenicol_antibiotic;_disinfecting_agents_and_antiseptics	12	1197	1197	1.0	Unknown taxonomy (chromosome)
barcode05_9Gb	contig_18403	30569	32084	aadT_macrolide_antibiotic;_tetracycline_antibiotic;_disinfecting_agents_and_antiseptics	7	1515	1515	1.0	
barcode05_9Gb	contig_18412	8375	11492	adeF_fluoroquinolone_antibiotic;_tetracycline_antibiotic	12	3117	3117	1.0	Phocaeicola (chromosome)
barcode05_9Gb	contig_18553	3698	4031	qacL_disinfecting_agents_and_antiseptics	15	333	333	1.0	Klebsiella pneumoniae (chromosome or plasmid)
barcode05_9Gb	contig_18556	5511	6699	tet(39)_tetracycline_antibiotic	42	1188	1188	1.0	Unknown taxonomy (plasmid)
barcode05_9Gb	contig_18582	1829	2486	QnrS2_fluoroquinolone_antibiotic	23	657	657	1.0	Unknown taxonomy (chromosome or plasmid)
barcode05_9Gb	contig_18582	6986	7643	QnrS2_fluoroquinolone_antibiotic	27	657	657	1.0	Unknown taxonomy (chromosome or plasmid)
barcode05_9Gb	contig_1890	31283	32396	vanW gene in vanI cluster_glycopeptide_antibiotic	9	1113	1113	1.0	
barcode05_9Gb	contig_2004	16080	16908	OXA-253_carbapenem;_penam	40	828	828	1.0	Acinetobacter baumannii (chromosome)
barcode05_9Gb	contig_2008	4831	5659	OXA-72_carbapenem;_penam	17	828	828	1.0	Unknown taxonomy (chromosome or plasmid)
barcode05_9Gb	contig_2008	6694	7039	qacG_disinfecting_agents_and_antiseptics	32	345	345	1.0	Unknown taxonomy (chromosome or plasmid)
barcode05_9Gb	contig_2010	127	472	qacG_disinfecting_agents_and_antiseptics	23	345	345	1.0	Unknown taxonomy (chromosome or plasmid)
barcode05_9Gb	contig_2021	11764	12592	OXA-253_carbapenem;_penam	65	828	828	1.0	Acinetobacter baumannii (chromosome)
barcode05_9Gb	contig_2034	732	1617	mphE_macrolide_antibiotic	39	885	885	1.0	Unknown taxonomy (chromosome or plasmid)
barcode05_9Gb	contig_2037	627	1455	OXA-253_carbapenem;_penam	8	828	828	1.0	Acinetobacter baumannii (chromosome or plasmid)
barcode05_9Gb	contig_2056	23044	23929	mphE_macrolide_antibiotic	231	885	885	1.0	Unknown taxonomy (chromosome or plasmid)
barcode05_9Gb	contig_2056	23984	25460	msrE_macrolide_antibiotic;_streptogramin_antibiotic	242	1476	1476	1.0	Unknown taxonomy (chromosome or plasmid)
barcode05_9Gb	contig_2070	12727	13612	mphE_macrolide_antibiotic	207	885	885	1.0	Unknown taxonomy (chromosome or plasmid)
barcode05_9Gb	contig_2070	13667	15143	msrE_macrolide_antibiotic;_streptogramin_antibiotic	194	1476	1476	1.0	Unknown taxonomy (chromosome or plasmid)
barcode05_9Gb	contig_2092	68	1256	tet(39)_tetracycline_antibiotic	29	1188	1188	1.0	Unknown taxonomy (plasmid)
barcode05_9Gb	contig_2104	10372	11200	OXA-253_carbapenem;_penam	34	828	828	1.0	Acinetobacter baumannii (chromosome)
barcode05_9Gb	contig_2349	1161	1818	QnrVC1_fluoroquinolone_antibiotic	21	657	657	1.0	Unknown taxonomy (chromosome or plasmid)
barcode05_9Gb	contig_2349	1976	2450	dfrA31_diaminopyrimidine_antibiotic	12	474	474	1.0	Vibrio (chromosome or plasmid)
barcode05_9Gb	contig_2353	11736	12975	Mrx_macrolide_antibiotic	157	1239	1239	1.0	Unknown taxonomy (chromosome or plasmid)
barcode05_9Gb	contig_2353	12971	13877	mphA_macrolide_antibiotic	162	906	906	1.0	Unknown taxonomy (chromosome or plasmid)
barcode05_9Gb	contig_2353	16488	17373	mphE_macrolide_antibiotic	35	885	885	1.0	Unknown taxonomy (chromosome or plasmid)
barcode05_9Gb	contig_2353	17428	18904	msrE_macrolide_antibiotic;_streptogramin_antibiotic	34	1476	1476	1.0	Unknown taxonomy (chromosome or plasmid)
barcode05_9Gb	contig_2353	20260	20794	ANT(2'')-Ia_aminoglycoside_antibiotic	33	534	534	1.0	Unknown taxonomy (chromosome or plasmid)
barcode05_9Gb	contig_2353	20938	21838	VEB-1_monobactam;_cephalosporin	20	900	900	1.0	Unknown taxonomy (chromosome or plasmid)
barcode05_9Gb	contig_2353	21956	23216	cmlA5_phenicol_antibiotic	26	1260	1260	1.0	Unknown taxonomy (chromosome or plasmid)
barcode05_9Gb	contig_2353	23430	24069	AAC(6')-Ib9_aminoglycoside_antibiotic	28	639	639	1.0	Unknown taxonomy (chromosome or plasmid)
barcode05_9Gb	contig_2353	24151	24808	QnrVC4_fluoroquinolone_antibiotic	27	657	657	1.0	Unknown taxonomy (chromosome or plasmid)
barcode05_9Gb	contig_2355	164	1049	mphE_macrolide_antibiotic	11	885	885	1.0	Unknown taxonomy (chromosome or plasmid)
barcode05_9Gb	contig_2362	11040	11820	APH(3')-VIa_aminoglycoside_antibiotic	15	780	780	1.0	Unknown taxonomy (chromosome or plasmid)
barcode05_9Gb	contig_2362	13097	13910	NDM-1_carbapenem;_cephalosporin;_cephamycin;_penam	21	813	813	1.0	Unknown taxonomy (chromosome or plasmid)
barcode05_9Gb	contig_2363	7827	8607	APH(3')-VIa_aminoglycoside_antibiotic	19	780	780	1.0	Unknown taxonomy (chromosome or plasmid)
barcode05_9Gb	contig_2371	85114	85894	APH(3')-VIa_aminoglycoside_antibiotic	60	780	780	1.0	Unknown taxonomy (chromosome or plasmid)
barcode05_9Gb	contig_2374	375	1200	NDM-44_carbapenem;_cephalosporin;_cephamycin;_penam	13	825	825	1.0	Unknown taxonomy (chromosome or plasmid)
barcode05_9Gb	contig_2374	5911	6244	qacJ_disinfecting_agents_and_antiseptics	10	333	333	1.0	Unknown taxonomy (chromosome or plasmid)
barcode05_9Gb	contig_2393	8795	9632	APH(6)-Id_aminoglycoside_antibiotic	37	837	837	1.0	Unknown taxonomy (chromosome or plasmid)
barcode05_9Gb	contig_2397	3111	3927	aadA_aminoglycoside_antibiotic	27	816	816	1.0	Unknown taxonomy (chromosome or plasmid)
barcode05_9Gb	contig_2397	6555	7335	aadA2_aminoglycoside_antibiotic	30	780	780	1.0	Unknown taxonomy (chromosome or plasmid)
barcode05_9Gb	contig_2397	7754	8252	dfrA12_diaminopyrimidine_antibiotic	20	498	498	1.0	Unknown taxonomy (chromosome or plasmid)
barcode05_9Gb	contig_2402	2326	3151	OXA-644_carbapenem;_penam	572	825	825	1.0	Acinetobacter johnsonii (chromosome)
barcode05_9Gb	contig_2409	36517	37171	adeN_macrolide_antibiotic;_fluoroquinolone_antibiotic;_lincosamide_antibiotic;_carbapenem;_cephalosporin;_tetracycline_antibiotic;_rifamycin_antibiotic;_diaminopyrimidine_antibiotic;_phenicol_antibiotic;_penem	33	654	654	1.0	Acinetobacter baumannii (chromosome or plasmid)
barcode05_9Gb	contig_2409	258478	259783	Acinetobacter baumannii AbaQ_fluoroquinolone_antibiotic	19	1305	1305	1.0	Acinetobacter baumannii (chromosome or plasmid)
barcode05_9Gb	contig_2423	105744	108261	vanT gene in vanG cluster_glycopeptide_antibiotic	7	2517	2517	1.0	
barcode05_9Gb	contig_2532	6476	7661	Escherichia coli EF-Tu mutants conferring resistance to Pulvomycin_elfamycin_antibiotic	7	1185	1185	1.0	Unknown taxonomy (chromosome)
barcode05_9Gb	contig_2593	346	1207	AAC(3)-IIe_aminoglycoside_antibiotic	11	861	861	1.0	Unknown taxonomy (chromosome or plasmid)
barcode05_9Gb	contig_2593	1694	2339	QnrB19_fluoroquinolone_antibiotic	34	645	645	1.0	Unknown taxonomy (chromosome or plasmid)
barcode05_9Gb	contig_2675	105102	106335	Escherichia coli mdfA_tetracycline_antibiotic;_disinfecting_agents_and_antiseptics	16	1233	1233	1.0	
barcode05_9Gb	contig_2677	13862	14690	vanY gene in vanB cluster_glycopeptide_antibiotic	7	828	828	1.0	
barcode05_9Gb	contig_2904	29624	30809	Escherichia coli EF-Tu mutants conferring resistance to Pulvomycin_elfamycin_antibiotic	36	1185	1185	1.0	Unknown taxonomy (chromosome or plasmid)
barcode05_9Gb	contig_2904	53948	54581	CRP_macrolide_antibiotic;_fluoroquinolone_antibiotic;_penam	23	633	633	1.0	Enterobacter (chromosome or plasmid)
barcode05_9Gb	contig_2904	129016	130672	ArnT_peptide_antibiotic	18	1656	1656	1.0	Enterobacter kobei (chromosome)
barcode05_9Gb	contig_2904	133546	134530	PmrF_peptide_antibiotic	25	984	984	1.0	
barcode05_9Gb	contig_2905	7780	8965	Escherichia coli EF-Tu mutants conferring resistance to Pulvomycin_elfamycin_antibiotic	38	1185	1185	1.0	Klebsiella pneumoniae (chromosome or plasmid)
barcode05_9Gb	contig_2905	24013	24646	CRP_macrolide_antibiotic;_fluoroquinolone_antibiotic;_penam	11	633	633	1.0	Klebsiella (chromosome)
barcode05_9Gb	contig_2906	8155	9340	Escherichia coli EF-Tu mutants conferring resistance to Pulvomycin_elfamycin_antibiotic	52	1185	1185	1.0	Klebsiella michiganensis (chromosome or plasmid)
barcode05_9Gb	contig_2906	27628	28261	CRP_macrolide_antibiotic;_fluoroquinolone_antibiotic;_penam	12	633	633	1.0	Klebsiella (chromosome)
barcode05_9Gb	contig_2909	105909	107067	mdtE_macrolide_antibiotic;_fluoroquinolone_antibiotic;_penam	62	1158	1158	1.0	Unknown taxonomy (chromosome)
barcode05_9Gb	contig_2909	111664	112489	gadX_macrolide_antibiotic;_fluoroquinolone_antibiotic;_penam	63	825	825	1.0	Unknown taxonomy (chromosome)
barcode05_9Gb	contig_2928	76696	77320	tetR_tetracycline_antibiotic	45	624	624	1.0	Unknown taxonomy (chromosome or plasmid)
barcode05_9Gb	contig_2928	77401	78607	tet(B)_tetracycline_antibiotic	43	1206	1206	1.0	Unknown taxonomy (chromosome or plasmid)
barcode05_9Gb	contig_2938	4185	5370	Escherichia coli EF-Tu mutants conferring resistance to Pulvomycin_elfamycin_antibiotic	75	1185	1185	1.0	Unknown taxonomy (chromosome or plasmid)
barcode05_9Gb	contig_2939	5529	8634	AcrF_fluoroquinolone_antibiotic;_cephalosporin;_cephamycin;_penam	50	3105	3105	1.0	Escherichia coli (chromosome or plasmid)
barcode05_9Gb	contig_2939	8645	9803	AcrE_fluoroquinolone_antibiotic;_cephalosporin;_cephamycin;_penam	53	1158	1158	1.0	Unknown taxonomy (chromosome or plasmid)
barcode05_9Gb	contig_2939	10201	10864	AcrS_fluoroquinolone_antibiotic;_cephalosporin;_glycylcycline;_cephamycin;_penam;_tetracycline_antibiotic;_rifamycin_antibiotic;_phenicol_antibiotic;_disinfecting_agents_and_antiseptics	60	663	663	1.0	Unknown taxonomy (chromosome or plasmid)
barcode05_9Gb	contig_2945	64341	65715	cpxA_aminoglycoside_antibiotic;_aminocoumarin_antibiotic	54	1374	1374	1.0	Unknown taxonomy (chromosome or plasmid)
barcode05_9Gb	contig_2950	66266	67499	Escherichia coli mdfA_tetracycline_antibiotic;_disinfecting_agents_and_antiseptics	29	1233	1233	1.0	Unknown taxonomy (chromosome or plasmid)
barcode05_9Gb	contig_2962	134976	135300	Escherichia coli soxS with mutation conferring antibiotic resistance_fluoroquinolone_antibiotic;_monobactam;_carbapenem;_cephalosporin;_glycylcycline;_cephamycin;_penam;_tetracycline_antibiotic;_rifamycin_antibiotic;_phenicol_antibiotic;_penem;_disinfecting_agents_and_antiseptics	49	324	324	1.0	Unknown taxonomy (chromosome or plasmid)
barcode05_9Gb	contig_2962	135385	135850	Escherichia coli soxR with mutation conferring antibiotic resistance_fluoroquinolone_antibiotic;_cephalosporin;_glycylcycline;_penam;_tetracycline_antibiotic;_rifamycin_antibiotic;_phenicol_antibiotic;_disinfecting_agents_and_antiseptics	50	465	465	1.0	Unknown taxonomy (chromosome or plasmid)
barcode05_9Gb	contig_2962	160659	161691	mdtN_nucleoside_antibiotic;_disinfecting_agents_and_antiseptics	54	1032	1032	1.0	Escherichia coli (chromosome or plasmid)
barcode05_9Gb	contig_2962	184419	186063	eptA_peptide_antibiotic	57	1644	1644	1.0	Escherichia coli (chromosome or plasmid)
barcode05_9Gb	contig_2963	28490	29708	tet(E)_tetracycline_antibiotic	19	1218	1218	1.0	Aeromonas veronii (chromosome)
barcode05_9Gb	contig_2970	15254	16388	EC-14_cephalosporin	52	1134	1134	1.0	Unknown taxonomy (chromosome or plasmid)
barcode05_9Gb	contig_2978	30723	31956	mdtM_fluoroquinolone_antibiotic;_lincosamide_antibiotic;_nucleoside_antibiotic;_phenicol_antibiotic;_disinfecting_agents_and_antiseptics	34	1233	1233	1.0	Unknown taxonomy (chromosome or plasmid)
barcode05_9Gb	contig_2978	187371	188316	leuO_nucleoside_antibiotic;_disinfecting_agents_and_antiseptics	40	945	945	1.0	Unknown taxonomy (chromosome or plasmid)
barcode05_9Gb	contig_2978	194417	196184	Haemophilus influenzae PBP3 conferring resistance to beta-lactam antibiotics_cephalosporin;_cephamycin;_penam	45	1767	1767	1.0	Escherichia coli (chromosome or plasmid)
barcode05_9Gb	contig_3028	23005	24754	msbA_nitroimidazole_antibiotic	27	1749	1749	1.0	Unknown taxonomy (chromosome)
barcode05_9Gb	contig_3034	30306	31533	mdtG_phosphonic_acid_antibiotic	20	1227	1227	1.0	Unknown taxonomy (chromosome or plasmid)
barcode05_9Gb	contig_3034	40163	41372	mdtH_fluoroquinolone_antibiotic	21	1209	1209	1.0	Unknown taxonomy (chromosome or plasmid)
barcode05_9Gb	contig_3091	4502	5348	aadA11_aminoglycoside_antibiotic	36	846	846	1.0	Unknown taxonomy (chromosome or plasmid)
barcode05_9Gb	contig_3146	304368	306363	lmrD_lincosamide_antibiotic	29	1995	1995	1.0	
barcode05_9Gb	contig_3146	980398	981145	vanY gene in vanG cluster_glycopeptide_antibiotic	27	747	747	1.0	
barcode05_9Gb	contig_3149	35023	35908	mphE_macrolide_antibiotic	175	885	885	1.0	Unknown taxonomy (chromosome or plasmid)
barcode05_9Gb	contig_3149	35963	37439	msrE_macrolide_antibiotic;_streptogramin_antibiotic	178	1476	1476	1.0	Unknown taxonomy (chromosome or plasmid)
barcode05_9Gb	contig_3158	13791	15030	Mrx_macrolide_antibiotic	37	1239	1239	1.0	Unknown taxonomy (chromosome or plasmid)
barcode05_9Gb	contig_3158	15026	15932	mphA_macrolide_antibiotic	51	906	906	1.0	Unknown taxonomy (chromosome or plasmid)
barcode05_9Gb	contig_3371	1293071	1293401	qacG_disinfecting_agents_and_antiseptics	22	330	330	1.0	
barcode05_9Gb	contig_3371	1452972	1453719	vanY gene in vanG cluster_glycopeptide_antibiotic	21	747	747	1.0	
barcode05_9Gb	contig_3371	2111637	2113632	lmrD_lincosamide_antibiotic	26	1995	1995	1.0	
barcode05_9Gb	contig_3372	166722	168120	Escherichia coli UhpT with mutation conferring resistance to fosfomycin_phosphonic_acid_antibiotic	10	1398	1398	1.0	Citrobacter freundii (chromosome or plasmid)
barcode05_9Gb	contig_3422	153680	156173	vanT gene in vanG cluster_glycopeptide_antibiotic	19	2493	2493	1.0	
barcode05_9Gb	contig_3571	48252	50178	tet(Q)_tetracycline_antibiotic	75	1926	1926	1.0	Unknown taxonomy (chromosome)
barcode05_9Gb	contig_3592	35333	36314	vanH gene in vanO cluster_glycopeptide_antibiotic	6	981	981	1.0	Faecalibacterium prausnitzii (no genomic info)
barcode05_9Gb	contig_3595	148717	149863	ACT-87_carbapenem;_cephalosporin;_cephamycin;_penam	24	1146	1146	1.0	Enterobacter kobei (chromosome)
barcode05_9Gb	contig_3733	165385	165718	qacG_disinfecting_agents_and_antiseptics	8	333	333	1.0	
barcode05_9Gb	contig_3803	752	1937	Escherichia coli EF-Tu mutants conferring resistance to Pulvomycin_elfamycin_antibiotic	129	1185	1185	1.0	Aeromonas caviae (chromosome or plasmid)
barcode05_9Gb	contig_3803	19958	21143	Escherichia coli EF-Tu mutants conferring resistance to Pulvomycin_elfamycin_antibiotic	140	1185	1185	1.0	Aeromonas caviae (chromosome or plasmid)
barcode05_9Gb	contig_3809	1151	2015	APH(3'')-Ib_aminoglycoside_antibiotic	23	864	864	1.0	Unknown taxonomy (chromosome or plasmid)
barcode05_9Gb	contig_3809	2014	2851	APH(6)-Id_aminoglycoside_antibiotic	39	837	837	1.0	Unknown taxonomy (chromosome or plasmid)
barcode05_9Gb	contig_3887	30011	31700	eptB_peptide_antibiotic	11	1689	1689	1.0	Klebsiella michiganensis (chromosome)
barcode05_9Gb	contig_3997	196234	196489	rsmA_fluoroquinolone_antibiotic;_diaminopyrimidine_antibiotic;_phenicol_antibiotic	383	255	255	1.0	
barcode05_9Gb	contig_4073	22947	26112	adeF_fluoroquinolone_antibiotic;_tetracycline_antibiotic	43	3165	3165	1.0	Acinetobacter (chromosome or plasmid)
barcode05_9Gb	contig_4112	47376	48360	vanH gene in vanO cluster_glycopeptide_antibiotic	10	984	984	1.0	
barcode05_9Gb	contig_4116	4860	5976	vanT gene in vanG cluster_glycopeptide_antibiotic	10	1116	1116	1.0	
barcode05_9Gb	contig_4201	767957	768944	vanH gene in vanO cluster_glycopeptide_antibiotic	69	987	987	1.0	
barcode05_9Gb	contig_4201	1350351	1351509	vanT gene in vanG cluster_glycopeptide_antibiotic	75	1158	1158	1.0	
barcode05_9Gb	contig_4202	382371	382860	nimJ_nitroimidazole_antibiotic	12	489	489	1.0	
barcode05_9Gb	contig_4202	1248187	1249306	vanT gene in vanG cluster_glycopeptide_antibiotic	16	1119	1119	1.0	
barcode05_9Gb	contig_4203	13110	14595	lsaE_lincosamide_antibiotic;_streptogramin_antibiotic;_pleuromutilin_antibiotic	16	1485	1485	1.0	Streptococcus (chromosome or plasmid)
barcode05_9Gb	contig_4203	14648	15452	lnuB_lincosamide_antibiotic	22	804	804	1.0	Unknown taxonomy (chromosome or plasmid)
barcode05_9Gb	contig_4203	2305854	2307825	tet(O)_tetracycline_antibiotic	25	1971	1971	1.0	
barcode05_9Gb	contig_4203	2314735	2315908	vanT gene in vanG cluster_glycopeptide_antibiotic	23	1173	1173	1.0	
barcode05_9Gb	contig_4203	2466609	2467782	vanT gene in vanG cluster_glycopeptide_antibiotic	28	1173	1173	1.0	
barcode05_9Gb	contig_4203	3010248	3013419	adeF_fluoroquinolone_antibiotic;_tetracycline_antibiotic	17	3171	3171	1.0	
barcode05_9Gb	contig_4203	3632939	3634493	vanW gene in vanI cluster_glycopeptide_antibiotic	18	1554	1554	1.0	
barcode05_9Gb	contig_4281	388799	391955	adeF_fluoroquinolone_antibiotic;_tetracycline_antibiotic	19	3156	3156	1.0	
barcode05_9Gb	contig_4281	2542936	2543272	qacG_disinfecting_agents_and_antiseptics	22	336	336	1.0	
barcode05_9Gb	contig_4281	3151979	3152795	sul2_sulfonamide_antibiotic	41	816	816	1.0	Unknown taxonomy (chromosome or plasmid)
barcode05_9Gb	contig_4281	3153658	3154495	APH(6)-Id_aminoglycoside_antibiotic	41	837	837	1.0	Unknown taxonomy (chromosome or plasmid)
barcode05_9Gb	contig_4281	3155572	3156772	tet(A)_tetracycline_antibiotic	48	1200	1200	1.0	Unknown taxonomy (chromosome or plasmid)
barcode05_9Gb	contig_4345	513958	514522	lnuC_lincosamide_antibiotic	90	564	564	1.0	Unknown taxonomy (chromosome or plasmid)
barcode05_9Gb	contig_4345	1442383	1443877	vanW gene in vanI cluster_glycopeptide_antibiotic	30	1494	1494	1.0	
barcode05_9Gb	contig_4345	1513168	1514371	vanT gene in vanG cluster_glycopeptide_antibiotic	43	1203	1203	1.0	
barcode05_9Gb	contig_4345	2219135	2219699	lnuC_lincosamide_antibiotic	84	564	564	1.0	Unknown taxonomy (chromosome or plasmid)
barcode05_9Gb	contig_4345	2287860	2291013	adeF_fluoroquinolone_antibiotic;_tetracycline_antibiotic	48	3153	3153	1.0	
barcode05_9Gb	contig_4362	31793	32675	vanW gene in vanG cluster_glycopeptide_antibiotic	559	882	882	1.0	Acinetobacter johnsonii (chromosome)
barcode05_9Gb	contig_4388	1861	2677	sul2_sulfonamide_antibiotic	31	816	816	1.0	Unknown taxonomy (chromosome or plasmid)
barcode05_9Gb	contig_4388	3540	4377	APH(6)-Id_aminoglycoside_antibiotic	26	837	837	1.0	Unknown taxonomy (chromosome or plasmid)
barcode05_9Gb	contig_4388	5454	6648	tet(A)_tetracycline_antibiotic	22	1194	1194	1.0	Unknown taxonomy (chromosome or plasmid)
barcode05_9Gb	contig_4396	86	902	APH(3')-Ia_aminoglycoside_antibiotic	65	816	816	1.0	Unknown taxonomy (chromosome or plasmid)
barcode05_9Gb	contig_4401	65458	66697	Mrx_macrolide_antibiotic	95	1239	1239	1.0	Unknown taxonomy (chromosome or plasmid)
barcode05_9Gb	contig_4401	66693	67599	mphA_macrolide_antibiotic	105	906	906	1.0	Unknown taxonomy (chromosome or plasmid)
barcode05_9Gb	contig_4401	68666	69527	TEM-1_monobactam;_cephalosporin;_penam;_penem	31	861	861	1.0	Unknown taxonomy (chromosome or plasmid)
barcode05_9Gb	contig_4402	18206	19403	Shigella flexneri acrA_fluoroquinolone_antibiotic;_cephalosporin;_glycylcycline;_penam;_tetracycline_antibiotic;_rifamycin_antibiotic;_phenicol_antibiotic;_disinfecting_agents_and_antiseptics	11	1197	1197	1.0	
barcode05_9Gb	contig_4403	2736	3921	tet(D)_tetracycline_antibiotic	4	1185	1185	1.0	Unknown taxonomy (chromosome or plasmid)
barcode05_9Gb	contig_4407	631	1846	floR_phenicol_antibiotic	22	1215	1215	1.0	Unknown taxonomy (chromosome or plasmid)
barcode05_9Gb	contig_4407	7313	7958	QnrB19_fluoroquinolone_antibiotic	27	645	645	1.0	Unknown taxonomy (chromosome or plasmid)
barcode05_9Gb	contig_4407	14841	15702	TEM-1_monobactam;_cephalosporin;_penam;_penem	39	861	861	1.0	Unknown taxonomy (chromosome or plasmid)
barcode05_9Gb	contig_4409	12584	13184	AAC(6')-Ib-cr6_fluoroquinolone_antibiotic;_aminoglycoside_antibiotic	57	600	600	1.0	Unknown taxonomy (chromosome or plasmid)
barcode05_9Gb	contig_4409	13314	14145	OXA-1_cephalosporin;_penam	57	831	831	1.0	Unknown taxonomy (chromosome or plasmid)
barcode05_9Gb	contig_4409	14282	14915	catB3_phenicol_antibiotic	47	633	633	1.0	Unknown taxonomy (chromosome or plasmid)
barcode05_9Gb	contig_4409	15071	15419	qacEdelta1_disinfecting_agents_and_antiseptics	35	348	348	1.0	Unknown taxonomy (chromosome or plasmid)
barcode05_9Gb	contig_4415	1212	2379	tet(X3)_glycylcycline;_tetracycline_antibiotic	6	1167	1167	1.0	Unknown taxonomy (chromosome or plasmid)
barcode05_9Gb	contig_4416	3615	4491	CTX-M-27_carbapenem;_cephalosporin;_penam	10	876	876	1.0	Unknown taxonomy (chromosome or plasmid)
barcode05_9Gb	contig_4423	15309	16935	eptB_peptide_antibiotic	4	1626	1626	1.0	Klebsiella quasipneumoniae (chromosome)
barcode05_9Gb	contig_4451	2735	3473	ErmB_macrolide_antibiotic;_lincosamide_antibiotic;_streptogramin_antibiotic;_streptogramin_A_antibiotic;_streptogramin_B_antibiotic	18	738	738	1.0	Unknown taxonomy (chromosome or plasmid)
barcode05_9Gb	contig_4498	626	1286	catA1_phenicol_antibiotic	18	660	660	1.0	Unknown taxonomy (chromosome or plasmid)
barcode05_9Gb	contig_4523	8392	9253	SHV-5_carbapenem;_cephalosporin;_penam	40	861	861	1.0	Unknown taxonomy (chromosome or plasmid)
barcode05_9Gb	contig_4524	71	977	mphA_macrolide_antibiotic	21	906	906	1.0	Unknown taxonomy (chromosome or plasmid)
barcode05_9Gb	contig_4527	715958	717068	vanT gene in vanG cluster_glycopeptide_antibiotic	91	1110	1110	1.0	
barcode05_9Gb	contig_4589	11607	12264	QnrVC1_fluoroquinolone_antibiotic	36	657	657	1.0	Unknown taxonomy (chromosome or plasmid)
barcode05_9Gb	contig_4589	12422	12896	dfrA6_diaminopyrimidine_antibiotic	32	474	474	1.0	Unknown taxonomy (chromosome or plasmid)
barcode05_9Gb	contig_4660	128822	129077	rsmA_fluoroquinolone_antibiotic;_diaminopyrimidine_antibiotic;_phenicol_antibiotic	19	255	255	1.0	
barcode05_9Gb	contig_467	5636	6941	Acinetobacter baumannii AbaQ_fluoroquinolone_antibiotic	12	1305	1305	1.0	
barcode05_9Gb	contig_4753	52046	54524	vanT gene in vanG cluster_glycopeptide_antibiotic	26	2478	2478	1.0	
barcode05_9Gb	contig_476	16615	17044	vanY gene in vanB cluster_glycopeptide_antibiotic	1	429	429	1.0	Roseburia hominis (no genomic info)
barcode05_9Gb	contig_4776	23534	24926	Escherichia coli UhpT with mutation conferring resistance to fosfomycin_phosphonic_acid_antibiotic	16	1392	1392	1.0	Enterobacter (chromosome or plasmid)
barcode05_9Gb	contig_4828	5427	6687	EreB_macrolide_antibiotic	15	1260	1260	1.0	
barcode05_9Gb	contig_4829	1685	3125	AAC(6')-Ie-APH(2'')-Ia bifunctional protein_aminoglycoside_antibiotic	23	1440	1440	1.0	Unknown taxonomy (chromosome or plasmid)
barcode05_9Gb	contig_4843	38758	39892	tet(O)_tetracycline_antibiotic	40	1134	1134	1.0	Unknown taxonomy (chromosome or plasmid)
barcode05_9Gb	contig_4843	39945	40680	tet(O)_tetracycline_antibiotic	30	735	735	1.0	Unknown taxonomy (chromosome or plasmid)
barcode05_9Gb	contig_487	31741	32623	KPC-2_monobactam;_carbapenem;_cephalosporin;_penam	422	882	882	1.0	Unknown taxonomy (chromosome or plasmid)
barcode05_9Gb	contig_487	49869	50328	AAC(6')-Il_aminoglycoside_antibiotic	107	459	459	1.0	Unknown taxonomy (chromosome or plasmid)
barcode05_9Gb	contig_487	50401	51265	GES-1_carbapenem;_cephalosporin;_penam	103	864	864	1.0	Unknown taxonomy (chromosome or plasmid)
barcode05_9Gb	contig_487	51387	51921	ANT(2'')-Ia_aminoglycoside_antibiotic	81	534	534	1.0	Unknown taxonomy (chromosome or plasmid)
barcode05_9Gb	contig_487	52064	52412	qacEdelta1_disinfecting_agents_and_antiseptics	91	348	348	1.0	Unknown taxonomy (chromosome or plasmid)
barcode05_9Gb	contig_487	52405	53245	sul1_sulfonamide_antibiotic	103	840	840	1.0	Unknown taxonomy (chromosome or plasmid)
barcode05_9Gb	contig_491	6166	6970	APH(3'')-Ib_aminoglycoside_antibiotic	50	804	804	1.0	Unknown taxonomy (chromosome or plasmid)
barcode05_9Gb	contig_491	6969	7806	APH(6)-Id_aminoglycoside_antibiotic	53	837	837	1.0	Unknown taxonomy (chromosome or plasmid)
barcode05_9Gb	contig_4945	3501	4485	PmrF_peptide_antibiotic	3	984	984	1.0	Citrobacter freundii (chromosome or plasmid)
barcode05_9Gb	contig_4945	7491	8658	ArnT_peptide_antibiotic	2	1167	1167	1.0	Citrobacter freundii (chromosome)
barcode05_9Gb	contig_4960	5624	5813	rsmA_fluoroquinolone_antibiotic;_diaminopyrimidine_antibiotic;_phenicol_antibiotic	9	189	189	1.0	
barcode05_9Gb	contig_501	16067	16724	QnrVC1_fluoroquinolone_antibiotic	10	657	657	1.0	Unknown taxonomy (chromosome or plasmid)
barcode05_9Gb	contig_5054	21819	22944	vanT gene in vanG cluster_glycopeptide_antibiotic	4	1125	1125	1.0	
barcode05_9Gb	contig_5087	463785	465168	mdeA_fluoroquinolone_antibiotic;_aminoglycoside_antibiotic;_penam;_tetracycline_antibiotic;_disinfecting_agents_and_antiseptics	13	1383	1383	1.0	
barcode05_9Gb	contig_5087	1092391	1093150	vanY gene in vanB cluster_glycopeptide_antibiotic	10	759	759	1.0	
barcode05_9Gb	contig_5087	1524644	1525775	vanT gene in vanG cluster_glycopeptide_antibiotic	16	1131	1131	1.0	
barcode05_9Gb	contig_5097	3864	5052	tet(39)_tetracycline_antibiotic	34	1188	1188	1.0	Unknown taxonomy (plasmid)
barcode05_9Gb	contig_5099	11031	11874	OXA-58_carbapenem;_penam	27	843	843	1.0	Unknown taxonomy (chromosome or plasmid)
barcode05_9Gb	contig_5099	18213	19689	msrE_macrolide_antibiotic;_streptogramin_antibiotic	217	1476	1476	1.0	Unknown taxonomy (chromosome or plasmid)
barcode05_9Gb	contig_5099	19744	20629	mphE_macrolide_antibiotic	217	885	885	1.0	Unknown taxonomy (chromosome or plasmid)
barcode05_9Gb	contig_5184	11374	11911	nimJ_nitroimidazole_antibiotic	3	537	537	1.0	Bacteroides (no genomic info)
barcode05_9Gb	contig_5201	6123	8043	tet(O)_tetracycline_antibiotic	66	1920	1920	1.0	Unknown taxonomy (chromosome or plasmid)
barcode05_9Gb	contig_5223	64040	67217	adeF_fluoroquinolone_antibiotic;_tetracycline_antibiotic	30	3177	3177	1.0	Unknown taxonomy (chromosome)
barcode05_9Gb	contig_5341	10904	11159	rsmA_fluoroquinolone_antibiotic;_diaminopyrimidine_antibiotic;_phenicol_antibiotic	11	255	255	1.0	
barcode05_9Gb	contig_5450	64466	65618	ADC-154_cephalosporin	53	1152	1152	1.0	Acinetobacter baumannii (chromosome or plasmid)
barcode05_9Gb	contig_5464	99397	100630	Escherichia coli mdfA_tetracycline_antibiotic;_disinfecting_agents_and_antiseptics	21	1233	1233	1.0	
barcode05_9Gb	contig_5485	1032	1677	QnrB19_fluoroquinolone_antibiotic	91	645	645	1.0	Unknown taxonomy (chromosome or plasmid)
barcode05_9Gb	contig_5500	23328	24123	OXA-504_penam	132	795	795	1.0	Aeromonas caviae (chromosome)
barcode05_9Gb	contig_5528	30640	30838	rsmA_fluoroquinolone_antibiotic;_diaminopyrimidine_antibiotic;_phenicol_antibiotic	22	198	198	1.0	
barcode05_9Gb	contig_5556	74662	75193	emrR_fluoroquinolone_antibiotic	6	531	531	1.0	
barcode05_9Gb	contig_5556	87581	87767	rsmA_fluoroquinolone_antibiotic;_diaminopyrimidine_antibiotic;_phenicol_antibiotic	9	186	186	1.0	Unknown taxonomy (chromosome or plasmid)
barcode05_9Gb	contig_5581	1409	2009	AAC(6')-Ib-cr6_fluoroquinolone_antibiotic;_aminoglycoside_antibiotic	19	600	600	1.0	Unknown taxonomy (chromosome or plasmid)
barcode05_9Gb	contig_5602	276	1389	vanT gene in vanG cluster_glycopeptide_antibiotic	15	1113	1113	1.0	
barcode05_9Gb	contig_5737	106891	107992	LpsB_peptide_antibiotic	62	1101	1101	1.0	Acinetobacter baumannii (chromosome or plasmid)
barcode05_9Gb	contig_5737	153555	154902	abeM_fluoroquinolone_antibiotic;_disinfecting_agents_and_antiseptics	56	1347	1347	1.0	Acinetobacter baumannii (chromosome or plasmid)
barcode05_9Gb	contig_5737	346559	348779	Acinetobacter baumannii parC conferring resistance to fluoroquinolones_fluoroquinolone_antibiotic	81	2220	2220	1.0	Acinetobacter baumannii (chromosome or plasmid)
barcode05_9Gb	contig_5773	34886	35378	ANT(3'')-IIb_aminoglycoside_antibiotic	73	492	492	1.0	Acinetobacter baumannii (chromosome or plasmid)
barcode05_9Gb	contig_585	2290	3115	OXA-644_carbapenem;_penam	449	825	825	1.0	Acinetobacter johnsonii (chromosome)
barcode05_9Gb	contig_5925	3625	4441	sul2_sulfonamide_antibiotic	48	816	816	1.0	Unknown taxonomy (chromosome or plasmid)
barcode05_9Gb	contig_5927	18000	19152	MOX-13_cephalosporin;_cephamycin;_penam	78	1152	1152	1.0	Aeromonas caviae (chromosome or plasmid)
barcode05_9Gb	contig_595	9899	10505	AAC(6')-Ib9_aminoglycoside_antibiotic	27	606	606	1.0	Unknown taxonomy (chromosome or plasmid)
barcode05_9Gb	contig_595	10586	11363	aadA_aminoglycoside_antibiotic	30	777	777	1.0	Unknown taxonomy (chromosome or plasmid)
barcode05_9Gb	contig_595	11422	12247	OXA-9_penam	26	825	825	1.0	Unknown taxonomy (chromosome or plasmid)
barcode05_9Gb	contig_595	12946	13807	TEM-1_monobactam;_cephalosporin;_penam;_penem	48	861	861	1.0	Unknown taxonomy (chromosome or plasmid)
barcode05_9Gb	contig_595	14767	15652	mphE_macrolide_antibiotic	154	885	885	1.0	Unknown taxonomy (chromosome or plasmid)
barcode05_9Gb	contig_595	15707	17183	msrE_macrolide_antibiotic;_streptogramin_antibiotic	168	1476	1476	1.0	Unknown taxonomy (chromosome or plasmid)
barcode05_9Gb	contig_595	23305	24121	sul2_sulfonamide_antibiotic	58	816	816	1.0	Unknown taxonomy (chromosome or plasmid)
barcode05_9Gb	contig_595	26072	27287	floR_phenicol_antibiotic	25	1215	1215	1.0	Unknown taxonomy (chromosome or plasmid)
barcode05_9Gb	contig_5974	113357	114563	Mef(En2)_macrolide_antibiotic;_lincosamide_antibiotic	35	1206	1206	1.0	Unknown taxonomy (chromosome)
barcode05_9Gb	contig_5992	20316	20718	FosA8_phosphonic_acid_antibiotic	101	402	402	1.0	Aeromonas caviae (chromosome or plasmid)
barcode05_9Gb	contig_6100	142979	143975	CfxA6_cephamycin	30	996	996	1.0	
barcode05_9Gb	contig_6127	5019	6087	vanH gene in vanB cluster_glycopeptide_antibiotic	10	1068	1068	1.0	
barcode05_9Gb	contig_6140	15074	15950	CTX-M-15_cephalosporin;_penam	33	876	876	1.0	Unknown taxonomy (chromosome or plasmid)
barcode05_9Gb	contig_6140	20590	21247	QnrS1_fluoroquinolone_antibiotic	29	657	657	1.0	Unknown taxonomy (chromosome or plasmid)
barcode05_9Gb	contig_6140	27352	28168	sul2_sulfonamide_antibiotic	44	816	816	1.0	Unknown taxonomy (chromosome or plasmid)
barcode05_9Gb	contig_6140	29412	29760	qacEdelta1_disinfecting_agents_and_antiseptics	30	348	348	1.0	Unknown taxonomy (chromosome or plasmid)
barcode05_9Gb	contig_6140	29923	30703	aadA_aminoglycoside_antibiotic	44	780	780	1.0	Unknown taxonomy (chromosome or plasmid)
barcode05_9Gb	contig_6140	30807	31281	dfrA1_diaminopyrimidine_antibiotic	34	474	474	1.0	Unknown taxonomy (chromosome or plasmid)
barcode05_9Gb	contig_6151	95128	98266	adeF_fluoroquinolone_antibiotic;_tetracycline_antibiotic	16	3138	3138	1.0	
barcode05_9Gb	contig_6187	35080	35944	sul4_sulfonamide_antibiotic	11	864	864	1.0	Unknown taxonomy (chromosome or plasmid)
barcode05_9Gb	contig_6187	36503	37304	OXA-101_cephalosporin;_penam	15	801	801	1.0	Unknown taxonomy (chromosome or plasmid)
barcode05_9Gb	contig_6187	45898	47098	tet(A)_tetracycline_antibiotic	58	1200	1200	1.0	Unknown taxonomy (chromosome or plasmid)
barcode05_9Gb	contig_6187	52076	52913	APH(6)-Id_aminoglycoside_antibiotic	57	837	837	1.0	Unknown taxonomy (chromosome or plasmid)
barcode05_9Gb	contig_6204	26652	28089	vanW gene in vanI cluster_glycopeptide_antibiotic	7	1437	1437	1.0	Roseburia hominis (no genomic info)
barcode05_9Gb	contig_622	55448	56237	ANT(3'')-IIa_aminoglycoside_antibiotic	16	789	789	1.0	Acinetobacter (chromosome or plasmid)
barcode05_9Gb	contig_6237	18536	20456	tet(W)_tetracycline_antibiotic	57	1920	1920	1.0	Unknown taxonomy (chromosome or plasmid)
barcode05_9Gb	contig_635	15864	16740	CTX-M-15_cephalosporin;_penam	34	876	876	1.0	Unknown taxonomy (chromosome or plasmid)
barcode05_9Gb	contig_635	21380	22037	QnrS1_fluoroquinolone_antibiotic	47	657	657	1.0	Unknown taxonomy (chromosome or plasmid)
barcode05_9Gb	contig_639	6577	7462	mphE_macrolide_antibiotic	218	885	885	1.0	Unknown taxonomy (chromosome or plasmid)
barcode05_9Gb	contig_639	7517	8993	msrE_macrolide_antibiotic;_streptogramin_antibiotic	222	1476	1476	1.0	Unknown taxonomy (chromosome or plasmid)
barcode05_9Gb	contig_639	12741	13578	APH(6)-Id_aminoglycoside_antibiotic	74	837	837	1.0	Unknown taxonomy (chromosome or plasmid)
barcode05_9Gb	contig_639	13577	14381	APH(3'')-Ib_aminoglycoside_antibiotic	91	804	804	1.0	Unknown taxonomy (chromosome or plasmid)
barcode05_9Gb	contig_6399	9525	10269	APH(6)-Id_aminoglycoside_antibiotic	45	744	744	1.0	Unknown taxonomy (chromosome or plasmid)
barcode05_9Gb	contig_640	9332	10169	APH(6)-Id_aminoglycoside_antibiotic	36	837	837	1.0	Unknown taxonomy (chromosome or plasmid)
barcode05_9Gb	contig_640	10168	11110	APH(3'')-Ib_aminoglycoside_antibiotic	31	942	942	1.0	Pseudomonas aeruginosa (chromosome or plasmid)
barcode05_9Gb	contig_640	11305	12100	APH(3'')-Ib_aminoglycoside_antibiotic	15	795	795	1.0	Unknown taxonomy (chromosome or plasmid)
barcode05_9Gb	contig_640	13541	14051	dfrA8_diaminopyrimidine_antibiotic	23	510	510	1.0	Unknown taxonomy (chromosome or plasmid)
barcode05_9Gb	contig_640	23195	23768	AAC(6')-Ian_aminoglycoside_antibiotic	14	573	573	1.0	Unknown taxonomy (chromosome or plasmid)
barcode05_9Gb	contig_640	26092	27307	floR_phenicol_antibiotic	28	1215	1215	1.0	Unknown taxonomy (chromosome or plasmid)
barcode05_9Gb	contig_640	29809	30625	sul2_sulfonamide_antibiotic	62	816	816	1.0	Unknown taxonomy (chromosome or plasmid)
barcode05_9Gb	contig_6416	269088	272280	adeF_fluoroquinolone_antibiotic;_tetracycline_antibiotic	96	3192	3192	1.0	
barcode05_9Gb	contig_6520	216873	217695	bacA_peptide_antibiotic	12	822	822	1.0	
barcode05_9Gb	contig_653	42080	42416	qacG_disinfecting_agents_and_antiseptics	18	336	336	1.0	
barcode05_9Gb	contig_6554	1408	2188	APH(3')-VIa_aminoglycoside_antibiotic	65	780	780	1.0	Unknown taxonomy (chromosome or plasmid)
barcode05_9Gb	contig_6574	61727	62057	qacG_disinfecting_agents_and_antiseptics	5	330	330	1.0	
barcode05_9Gb	contig_6589	2872	3607	ErmG_macrolide_antibiotic;_lincosamide_antibiotic;_streptogramin_antibiotic;_streptogramin_A_antibiotic;_streptogramin_B_antibiotic	5	735	735	1.0	Unknown taxonomy (chromosome)
barcode05_9Gb	contig_6600	6411	7596	Escherichia coli EF-Tu mutants conferring resistance to Pulvomycin_elfamycin_antibiotic	7	1185	1185	1.0	Unknown taxonomy (chromosome)
barcode05_9Gb	contig_6634	19592	20801	vanT gene in vanG cluster_glycopeptide_antibiotic	8	1209	1209	1.0	
barcode05_9Gb	contig_6675	25112	26279	ugd_peptide_antibiotic	20	1167	1167	1.0	Unknown taxonomy (chromosome or plasmid)
barcode05_9Gb	contig_6683	383451	383817	Klebsiella pneumoniae KpnE_macrolide_antibiotic;_aminoglycoside_antibiotic;_cephalosporin;_tetracycline_antibiotic;_peptide_antibiotic;_rifamycin_antibiotic;_disinfecting_agents_and_antiseptics	33	366	366	1.0	Unknown taxonomy (chromosome or plasmid)
barcode05_9Gb	contig_6683	383803	384133	Klebsiella pneumoniae KpnF_macrolide_antibiotic;_aminoglycoside_antibiotic;_cephalosporin;_tetracycline_antibiotic;_peptide_antibiotic;_rifamycin_antibiotic;_disinfecting_agents_and_antiseptics	34	330	330	1.0	Unknown taxonomy (chromosome or plasmid)
barcode05_9Gb	contig_6683	423148	423532	marA_fluoroquinolone_antibiotic;_monobactam;_carbapenem;_cephalosporin;_glycylcycline;_cephamycin;_penam;_tetracycline_antibiotic;_rifamycin_antibiotic;_phenicol_antibiotic;_penem;_disinfecting_agents_and_antiseptics	17	384	384	1.0	Unknown taxonomy (chromosome or plasmid)
barcode05_9Gb	contig_6683	423551	423986	Escherichia coli AcrAB-TolC with MarR mutations conferring resistance to ciprofloxacin and tetracycline_fluoroquinolone_antibiotic;_cephalosporin;_glycylcycline;_penam;_tetracycline_antibiotic;_rifamycin_antibiotic;_phenicol_antibiotic;_disinfecting_agents_and_antiseptics	20	435	435	1.0	Unknown taxonomy (chromosome or plasmid)
barcode05_9Gb	contig_6758	123119	124608	TolC_macrolide_antibiotic;_fluoroquinolone_antibiotic;_aminoglycoside_antibiotic;_carbapenem;_cephalosporin;_glycylcycline;_cephamycin;_penam;_tetracycline_antibiotic;_peptide_antibiotic;_aminocoumarin_antibiotic;_rifamycin_antibiotic;_phenicol_antibiotic;_penem;_disinfecting_agents_and_antiseptics	56	1489	1489	1.0	Unknown taxonomy (chromosome or plasmid)
barcode05_9Gb	contig_6758	147006	147828	bacA_peptide_antibiotic	59	822	822	1.0	Unknown taxonomy (chromosome or plasmid)
barcode05_9Gb	contig_6762	2582	3821	Mrx_macrolide_antibiotic	115	1239	1239	1.0	Unknown taxonomy (chromosome or plasmid)
barcode05_9Gb	contig_6762	3817	4723	mphA_macrolide_antibiotic	114	906	906	1.0	Unknown taxonomy (chromosome or plasmid)
barcode05_9Gb	contig_6762	7136	8375	Mrx_macrolide_antibiotic	118	1239	1239	1.0	Unknown taxonomy (chromosome or plasmid)
barcode05_9Gb	contig_6762	8371	9277	mphA_macrolide_antibiotic	132	906	906	1.0	Unknown taxonomy (chromosome or plasmid)
barcode05_9Gb	contig_6762	10499	11339	sul1_sulfonamide_antibiotic	40	840	840	1.0	Unknown taxonomy (chromosome or plasmid)
barcode05_9Gb	contig_6762	11332	11680	qacEdelta1_disinfecting_agents_and_antiseptics	35	348	348	1.0	Unknown taxonomy (chromosome or plasmid)
barcode05_9Gb	contig_6762	11885	12674	aadA5_aminoglycoside_antibiotic	44	789	789	1.0	Unknown taxonomy (chromosome or plasmid)
barcode05_9Gb	contig_6762	12804	13404	dfrA17_diaminopyrimidine_antibiotic	32	600	600	1.0	Unknown taxonomy (chromosome or plasmid)
barcode05_9Gb	contig_6773	8	824	aadA_aminoglycoside_antibiotic	11	816	816	1.0	Unknown taxonomy (chromosome or plasmid)
barcode05_9Gb	contig_6773	816	1617	OXA-10_cephalosporin;_penam	12	801	801	1.0	Unknown taxonomy (chromosome or plasmid)
barcode05_9Gb	contig_6774	66	972	mphA_macrolide_antibiotic	116	906	906	1.0	Unknown taxonomy (chromosome or plasmid)
barcode05_9Gb	contig_6774	968	2207	Mrx_macrolide_antibiotic	140	1239	1239	1.0	Unknown taxonomy (chromosome or plasmid)
barcode05_9Gb	contig_6774	6282	7122	sul1_sulfonamide_antibiotic	121	840	840	1.0	Unknown taxonomy (chromosome or plasmid)
barcode05_9Gb	contig_6774	7115	7463	qacEdelta1_disinfecting_agents_and_antiseptics	112	348	348	1.0	Unknown taxonomy (chromosome or plasmid)
barcode05_9Gb	contig_6774	8212	8992	aadA_aminoglycoside_antibiotic	67	780	780	1.0	Unknown taxonomy (chromosome or plasmid)
barcode05_9Gb	contig_6774	9152	9809	QnrVC1_fluoroquinolone_antibiotic	44	657	657	1.0	Unknown taxonomy (chromosome or plasmid)
barcode05_9Gb	contig_6775	6858	7698	sul1_sulfonamide_antibiotic	86	840	840	1.0	Unknown taxonomy (chromosome or plasmid)
barcode05_9Gb	contig_6775	7691	8039	qacEdelta1_disinfecting_agents_and_antiseptics	79	348	348	1.0	Unknown taxonomy (chromosome or plasmid)
barcode05_9Gb	contig_6775	8207	8858	AAC(6')-Ib9_aminoglycoside_antibiotic	51	651	651	1.0	Unknown taxonomy (chromosome or plasmid)
barcode05_9Gb	contig_6775	17411	18194	APH(3')-VIa_aminoglycoside_antibiotic	51	783	783	1.0	Unknown taxonomy (chromosome or plasmid)
barcode05_9Gb	contig_6776	15061	15901	sul1_sulfonamide_antibiotic	98	840	840	1.0	Unknown taxonomy (chromosome or plasmid)
barcode05_9Gb	contig_6776	15894	16242	qacEdelta1_disinfecting_agents_and_antiseptics	91	348	348	1.0	Unknown taxonomy (chromosome or plasmid)
barcode05_9Gb	contig_6776	16697	17525	OXA-2_carbapenem;_cephalosporin;_penam	75	828	828	1.0	Unknown taxonomy (chromosome or plasmid)
barcode05_9Gb	contig_6776	18482	19310	OXA-2_carbapenem;_cephalosporin;_penam	79	828	828	1.0	Unknown taxonomy (chromosome or plasmid)
barcode05_9Gb	contig_6776	19391	20042	AAC(6')-Ib9_aminoglycoside_antibiotic	75	651	651	1.0	Unknown taxonomy (chromosome or plasmid)
barcode05_9Gb	contig_6776	20083	20947	GES-1_carbapenem;_cephalosporin;_penam	84	864	864	1.0	Unknown taxonomy (chromosome or plasmid)
barcode05_9Gb	contig_6778	3127	3601	dfrA23_diaminopyrimidine_antibiotic	3	474	474	1.0	Unknown taxonomy (chromosome or plasmid)
barcode05_9Gb	contig_681	97509	97764	rsmA_fluoroquinolone_antibiotic;_diaminopyrimidine_antibiotic;_phenicol_antibiotic	11	255	255	1.0	
barcode05_9Gb	contig_6888	4554	5334	APH(3')-VIa_aminoglycoside_antibiotic	3	780	780	1.0	Unknown taxonomy (chromosome or plasmid)
barcode05_9Gb	contig_6890	1978	2860	KPC-2_monobactam;_carbapenem;_cephalosporin;_penam	74	882	882	1.0	Unknown taxonomy (chromosome or plasmid)
barcode05_9Gb	contig_6909	5707	6895	tet(39)_tetracycline_antibiotic	35	1188	1188	1.0	Unknown taxonomy (plasmid)
barcode05_9Gb	contig_6933	5685	6285	AAC(6')-Ib-cr6_fluoroquinolone_antibiotic;_aminoglycoside_antibiotic	52	600	600	1.0	Unknown taxonomy (chromosome or plasmid)
barcode05_9Gb	contig_6933	6415	7246	OXA-1_cephalosporin;_penam	52	831	831	1.0	Unknown taxonomy (chromosome or plasmid)
barcode05_9Gb	contig_6933	7383	8016	catB3_phenicol_antibiotic	43	633	633	1.0	Unknown taxonomy (chromosome or plasmid)
barcode05_9Gb	contig_6933	8100	8553	arr-3_rifamycin_antibiotic	40	453	453	1.0	Unknown taxonomy (chromosome or plasmid)
barcode05_9Gb	contig_6933	8775	9123	qacEdelta1_disinfecting_agents_and_antiseptics	36	348	348	1.0	Unknown taxonomy (chromosome or plasmid)
barcode05_9Gb	contig_698	221	1058	APH(6)-Id_aminoglycoside_antibiotic	23	837	837	1.0	Unknown taxonomy (chromosome or plasmid)
barcode05_9Gb	contig_698	1057	1861	APH(3'')-Ib_aminoglycoside_antibiotic	19	804	804	1.0	Unknown taxonomy (chromosome or plasmid)
barcode05_9Gb	contig_6995	40002	41922	tet(W)_tetracycline_antibiotic	57	1920	1920	1.0	Bifidobacterium longum (chromosome or plasmid)
barcode05_9Gb	contig_704	3263	4463	tet(A)_tetracycline_antibiotic	53	1200	1200	1.0	Unknown taxonomy (chromosome or plasmid)
barcode05_9Gb	contig_704	10592	11147	AAC(6')-IIa_aminoglycoside_antibiotic	18	555	555	1.0	Unknown taxonomy (chromosome or plasmid)
barcode05_9Gb	contig_704	11216	12044	OXA-21_cephalosporin;_penam	21	828	828	1.0	Unknown taxonomy (chromosome or plasmid)
barcode05_9Gb	contig_704	12105	12738	catB3_phenicol_antibiotic	29	633	633	1.0	Unknown taxonomy (chromosome or plasmid)
barcode05_9Gb	contig_704	13851	14199	qacEdelta1_disinfecting_agents_and_antiseptics	39	348	348	1.0	Unknown taxonomy (chromosome or plasmid)
barcode05_9Gb	contig_704	14192	15032	sul1_sulfonamide_antibiotic	34	840	840	1.0	Unknown taxonomy (chromosome or plasmid)
barcode05_9Gb	contig_704	17745	18645	VEB-3_monobactam;_cephalosporin	11	900	900	1.0	Unknown taxonomy (chromosome or plasmid)
barcode05_9Gb	contig_7113	4544	5750	Mef(En2)_macrolide_antibiotic;_lincosamide_antibiotic	34	1206	1206	1.0	Unknown taxonomy (chromosome)
barcode05_9Gb	contig_7143	2313	3153	sul1_sulfonamide_antibiotic	93	840	840	1.0	Unknown taxonomy (chromosome or plasmid)
barcode05_9Gb	contig_7143	3146	3494	qacEdelta1_disinfecting_agents_and_antiseptics	97	348	348	1.0	Unknown taxonomy (chromosome or plasmid)
barcode05_9Gb	contig_7143	3716	4169	arr-3_rifamycin_antibiotic	75	453	453	1.0	Unknown taxonomy (chromosome or plasmid)
barcode05_9Gb	contig_7143	4253	4886	catB3_phenicol_antibiotic	76	633	633	1.0	Unknown taxonomy (chromosome or plasmid)
barcode05_9Gb	contig_7143	5023	5854	OXA-1_cephalosporin;_penam	81	831	831	1.0	Unknown taxonomy (chromosome or plasmid)
barcode05_9Gb	contig_7143	5984	6584	AAC(6')-Ib-cr6_fluoroquinolone_antibiotic;_aminoglycoside_antibiotic	66	600	600	1.0	Unknown taxonomy (chromosome or plasmid)
barcode05_9Gb	contig_7143	8838	9699	AAC(3)-IId_aminoglycoside_antibiotic	18	861	861	1.0	Unknown taxonomy (chromosome or plasmid)
barcode05_9Gb	contig_7143	14670	15531	TEM-1_monobactam;_cephalosporin;_penam;_penem	38	861	861	1.0	Unknown taxonomy (chromosome or plasmid)
barcode05_9Gb	contig_7154	403	1141	ErmB_macrolide_antibiotic;_lincosamide_antibiotic;_streptogramin_antibiotic;_streptogramin_A_antibiotic;_streptogramin_B_antibiotic	16	738	738	1.0	Unknown taxonomy (chromosome or plasmid)
barcode05_9Gb	contig_7157	39227	39440	vanU gene in vanG cluster_glycopeptide_antibiotic	21	213	213	1.0	
barcode05_9Gb	contig_7160	44177	45167	vanH gene in vanB cluster_glycopeptide_antibiotic	18	990	990	1.0	
barcode05_9Gb	contig_7161	1858	2791	tet(W)_tetracycline_antibiotic	17	933	933	1.0	Unknown taxonomy (chromosome or plasmid)
barcode05_9Gb	contig_7172	29772	31242	adeC_glycylcycline;_tetracycline_antibiotic	10	1470	1470	1.0	Acinetobacter baumannii (chromosome or plasmid)
barcode05_9Gb	contig_7174	10106	11201	adeS_glycylcycline;_tetracycline_antibiotic	6	1095	1095	1.0	Acinetobacter baumannii (chromosome)
barcode05_9Gb	contig_7174	11232	11976	adeR_glycylcycline;_tetracycline_antibiotic	7	744	744	1.0	Acinetobacter baumannii (chromosome or plasmid)
barcode05_9Gb	contig_7174	12121	13312	adeA_glycylcycline;_tetracycline_antibiotic	5	1191	1191	1.0	Acinetobacter baumannii (chromosome or plasmid)
barcode05_9Gb	contig_7184	11472	12399	PER-2_monobactam;_carbapenem;_cephalosporin;_penam;_penem	28	927	927	1.0	Unknown taxonomy (plasmid)
barcode05_9Gb	contig_7184	20652	21276	tetR_tetracycline_antibiotic	23	624	624	1.0	Unknown taxonomy (chromosome or plasmid)
barcode05_9Gb	contig_7185	65128	68242	acrD_aminoglycoside_antibiotic	13	3114	3114	1.0	Enterobacter (chromosome)
barcode05_9Gb	contig_725	11508	12231	baeR_aminoglycoside_antibiotic;_aminocoumarin_antibiotic	11	723	723	1.0	Citrobacter portucalensis (chromosome)
barcode05_9Gb	contig_725	32605	33910	Acinetobacter baumannii AbaQ_fluoroquinolone_antibiotic	30	1305	1305	1.0	Acinetobacter baumannii (chromosome or plasmid)
barcode05_9Gb	contig_725	102555	105666	adeB_glycylcycline;_tetracycline_antibiotic	26	3111	3111	1.0	Acinetobacter baumannii (no genomic info)
barcode05_9Gb	contig_725	426116	426941	OXA-441_carbapenem;_penam	28	825	825	1.0	Acinetobacter baumannii (chromosome or plasmid)
barcode05_9Gb	contig_725	679704	680994	Acinetobacter baumannii AbaF_phosphonic_acid_antibiotic	32	1290	1290	1.0	Acinetobacter baumannii (chromosome or plasmid)
barcode05_9Gb	contig_7278	27716	28949	Escherichia coli mdfA_tetracycline_antibiotic;_disinfecting_agents_and_antiseptics	13	1233	1233	1.0	
barcode05_9Gb	contig_7499	7435	7819	marA_fluoroquinolone_antibiotic;_monobactam;_carbapenem;_cephalosporin;_glycylcycline;_cephamycin;_penam;_tetracycline_antibiotic;_rifamycin_antibiotic;_phenicol_antibiotic;_penem;_disinfecting_agents_and_antiseptics	15	384	384	1.0	
barcode05_9Gb	contig_7499	7839	8274	Escherichia coli AcrAB-TolC with MarR mutations conferring resistance to ciprofloxacin and tetracycline_fluoroquinolone_antibiotic;_cephalosporin;_glycylcycline;_penam;_tetracycline_antibiotic;_rifamycin_antibiotic;_phenicol_antibiotic;_disinfecting_agents_and_antiseptics	12	435	435	1.0	
barcode05_9Gb	contig_754	7264	8210	TLA-1_monobactam;_cephalosporin	10	946	946	1.0	
barcode05_9Gb	contig_761	97829	98195	qacG_disinfecting_agents_and_antiseptics	326	366	366	1.0	Acinetobacter johnsonii (chromosome)
barcode05_9Gb	contig_7773	7325	8144	bacA_peptide_antibiotic	7	819	819	1.0	Escherichia coli (no genomic info)
barcode05_9Gb	contig_7794	17124	20277	adeF_fluoroquinolone_antibiotic;_tetracycline_antibiotic	6	3153	3153	1.0	
barcode05_9Gb	contig_8056	6458	7739	vanT gene in vanG cluster_glycopeptide_antibiotic	4	1281	1281	1.0	
barcode05_9Gb	contig_8067	2244	3564	Klebsiella pneumoniae KpnH_macrolide_antibiotic;_fluoroquinolone_antibiotic;_aminoglycoside_antibiotic;_carbapenem;_cephalosporin;_penam;_peptide_antibiotic;_penem	10	1320	1320	1.0	Unknown taxonomy (chromosome)
barcode05_9Gb	contig_8067	11843	12029	rsmA_fluoroquinolone_antibiotic;_diaminopyrimidine_antibiotic;_phenicol_antibiotic	7	186	186	1.0	Unknown taxonomy (chromosome or plasmid)
barcode05_9Gb	contig_808	54147	57303	adeF_fluoroquinolone_antibiotic;_tetracycline_antibiotic	11	3156	3156	1.0	
barcode05_9Gb	contig_8091	14766	15678	vanW gene in vanI cluster_glycopeptide_antibiotic	4	912	912	1.0	
barcode05_9Gb	contig_8140	74899	75787	vanW gene in vanG cluster_glycopeptide_antibiotic	16	888	888	1.0	
barcode05_9Gb	contig_8140	944098	944353	rsmA_fluoroquinolone_antibiotic;_diaminopyrimidine_antibiotic;_phenicol_antibiotic	12	255	255	1.0	
barcode05_9Gb	contig_8141	85974	86319	qacG_disinfecting_agents_and_antiseptics	10	345	345	1.0	
barcode05_9Gb	contig_8172	26033	29180	adeF_fluoroquinolone_antibiotic;_tetracycline_antibiotic	10	3147	3147	1.0	
barcode05_9Gb	contig_8177	54	846	aadA_aminoglycoside_antibiotic	11	792	792	1.0	Unknown taxonomy (chromosome or plasmid)
barcode05_9Gb	contig_8202	35276	36002	vanY gene in vanB cluster_glycopeptide_antibiotic	9	726	726	1.0	Roseburia hominis (no genomic info)
barcode05_9Gb	contig_8226	250182	250905	baeR_aminoglycoside_antibiotic;_aminocoumarin_antibiotic	11	723	723	1.0	Enterobacter kobei (chromosome)
barcode05_9Gb	contig_8226	250901	252305	baeS_aminoglycoside_antibiotic;_aminocoumarin_antibiotic	11	1404	1404	1.0	
barcode05_9Gb	contig_8226	253718	256796	mdtC_aminocoumarin_antibiotic	15	3078	3078	1.0	
barcode05_9Gb	contig_8226	256796	259919	mdtB_aminocoumarin_antibiotic	10	3123	3123	1.0	
barcode05_9Gb	contig_8291	6340	6685	qacG_disinfecting_agents_and_antiseptics	8	345	345	1.0	Acinetobacter (no genomic info)
barcode05_9Gb	contig_8321	170146	171601	adeK_macrolide_antibiotic;_fluoroquinolone_antibiotic;_lincosamide_antibiotic;_carbapenem;_cephalosporin;_tetracycline_antibiotic;_rifamycin_antibiotic;_diaminopyrimidine_antibiotic;_phenicol_antibiotic;_penem	60	1455	1455	1.0	Acinetobacter baumannii (chromosome or plasmid)
barcode05_9Gb	contig_8321	171600	174777	adeJ_macrolide_antibiotic;_fluoroquinolone_antibiotic;_lincosamide_antibiotic;_carbapenem;_cephalosporin;_tetracycline_antibiotic;_rifamycin_antibiotic;_diaminopyrimidine_antibiotic;_phenicol_antibiotic;_penem	57	3177	3177	1.0	Acinetobacter baumannii (chromosome or plasmid)
barcode05_9Gb	contig_8321	174789	176040	adeI_macrolide_antibiotic;_fluoroquinolone_antibiotic;_lincosamide_antibiotic;_carbapenem;_cephalosporin;_tetracycline_antibiotic;_rifamycin_antibiotic;_diaminopyrimidine_antibiotic;_phenicol_antibiotic;_penem	54	1251	1251	1.0	Acinetobacter baumannii (chromosome or plasmid)
barcode05_9Gb	contig_8348	36612	40206	evgS_macrolide_antibiotic;_fluoroquinolone_antibiotic;_penam;_tetracycline_antibiotic	24	3594	3594	1.0	Escherichia coli (chromosome or plasmid)
barcode05_9Gb	contig_8348	40210	40825	evgA_macrolide_antibiotic;_fluoroquinolone_antibiotic;_penam;_tetracycline_antibiotic	34	615	615	1.0	Escherichia coli (chromosome or plasmid)
barcode05_9Gb	contig_8348	41348	42404	emrK_tetracycline_antibiotic	22	1056	1056	1.0	Unknown taxonomy (chromosome or plasmid)
barcode05_9Gb	contig_8348	42403	43942	emrY_tetracycline_antibiotic	26	1539	1539	1.0	Unknown taxonomy (chromosome or plasmid)
barcode05_9Gb	contig_8434	10226	11906	vanY gene in vanA cluster_glycopeptide_antibiotic	6	1680	1680	1.0	
barcode05_9Gb	contig_8541	14612	15254	vanG_glycopeptide_antibiotic	7	642	642	1.0	
barcode05_9Gb	contig_8541	15516	16005	vanXY gene in vanG cluster_glycopeptide_antibiotic	6	489	489	1.0	
barcode05_9Gb	contig_8541	15991	17278	vanT gene in vanG cluster_glycopeptide_antibiotic	7	1287	1287	1.0	
barcode05_9Gb	contig_8597	11491	11965	dfrF_diaminopyrimidine_antibiotic	17	474	474	1.0	Unknown taxonomy (chromosome or plasmid)
barcode05_9Gb	contig_872	11839	12292	arr-3_rifamycin_antibiotic	56	453	453	1.0	Unknown taxonomy (chromosome or plasmid)
barcode05_9Gb	contig_872	12397	12985	AAC(6')-Ib9_aminoglycoside_antibiotic	67	588	588	1.0	Unknown taxonomy (chromosome or plasmid)
barcode05_9Gb	contig_872	13153	13501	qacEdelta1_disinfecting_agents_and_antiseptics	109	348	348	1.0	Unknown taxonomy (chromosome or plasmid)
barcode05_9Gb	contig_872	13494	14334	sul1_sulfonamide_antibiotic	116	840	840	1.0	Unknown taxonomy (chromosome or plasmid)
barcode05_9Gb	contig_8778	103660	105304	YojI_peptide_antibiotic	24	1644	1644	1.0	Escherichia coli (chromosome or plasmid)
barcode05_9Gb	contig_8778	143236	144595	Escherichia coli GlpT with mutation conferring resistance to fosfomycin_phosphonic_acid_antibiotic	32	1359	1359	1.0	Unknown taxonomy (chromosome or plasmid)
barcode05_9Gb	contig_8778	159119	160088	PmrF_peptide_antibiotic	29	969	969	1.0	Unknown taxonomy (chromosome or plasmid)
barcode05_9Gb	contig_8778	162956	164609	ArnT_peptide_antibiotic	23	1653	1653	1.0	Unknown taxonomy (chromosome or plasmid)
barcode05_9Gb	contig_8798	1508	2708	tet(A)_tetracycline_antibiotic	35	1200	1200	1.0	Unknown taxonomy (chromosome or plasmid)
barcode05_9Gb	contig_8798	7145	7982	APH(6)-Id_aminoglycoside_antibiotic	17	837	837	1.0	Unknown taxonomy (chromosome or plasmid)
barcode05_9Gb	contig_8825	36510	37695	Escherichia coli EF-Tu mutants conferring resistance to Pulvomycin_elfamycin_antibiotic	26	1185	1185	1.0	Unknown taxonomy (chromosome)
barcode05_9Gb	contig_8825	57647	58832	Escherichia coli EF-Tu mutants conferring resistance to Pulvomycin_elfamycin_antibiotic	22	1185	1185	1.0	Unknown taxonomy (chromosome or plasmid)
barcode05_9Gb	contig_8834	1635	2748	vanT gene in vanG cluster_glycopeptide_antibiotic	19	1113	1113	1.0	
barcode05_9Gb	contig_8855	7522	8407	mphG_macrolide_antibiotic	21	885	885	1.0	
barcode05_9Gb	contig_8855	8411	9635	mef(C)_macrolide_antibiotic;_tetracycline_antibiotic	19	1224	1224	1.0	
barcode05_9Gb	contig_8855	9922	10738	sul2_sulfonamide_antibiotic	20	816	816	1.0	Unknown taxonomy (chromosome or plasmid)
barcode05_9Gb	contig_8886	31587	32571	PmrF_peptide_antibiotic	11	984	984	1.0	
barcode05_9Gb	contig_8886	35451	37107	ArnT_peptide_antibiotic	9	1656	1656	1.0	Klebsiella (chromosome)
barcode05_9Gb	contig_8919	7243	8431	vanT gene in vanG cluster_glycopeptide_antibiotic	7	1188	1188	1.0	
barcode05_9Gb	contig_8993	16371	17004	CRP_macrolide_antibiotic;_fluoroquinolone_antibiotic;_penam	19	633	633	1.0	Unknown taxonomy (chromosome)
barcode05_9Gb	contig_8993	125011	126667	ArnT_peptide_antibiotic	10	1656	1656	1.0	Escherichia coli (no genomic info)
barcode05_9Gb	contig_8993	129547	130528	PmrF_peptide_antibiotic	11	981	981	1.0	
barcode05_9Gb	contig_9036	1542	2338	APH(3')-IIIa_aminoglycoside_antibiotic	26	796	796	1.0	Unknown taxonomy (chromosome or plasmid)
barcode05_9Gb	contig_9073	8671	9304	CRP_macrolide_antibiotic;_fluoroquinolone_antibiotic;_penam	11	633	633	1.0	Enterobacter (chromosome or plasmid)
barcode05_9Gb	contig_9101	2705	3911	Mef(En2)_macrolide_antibiotic;_lincosamide_antibiotic	27	1206	1206	1.0	Unknown taxonomy (chromosome)
barcode05_9Gb	contig_9102	929	2135	Mef(En2)_macrolide_antibiotic;_lincosamide_antibiotic	18	1206	1206	1.0	Unknown taxonomy (chromosome)
barcode05_9Gb	contig_9106	1096	1753	QnrS2_fluoroquinolone_antibiotic	12	657	657	1.0	Unknown taxonomy (chromosome or plasmid)
barcode05_9Gb	contig_9313	29421	30936	Haemophilus influenzae PBP3 conferring resistance to beta-lactam antibiotics_cephalosporin;_cephamycin;_penam	14	1515	1515	1.0	Unknown taxonomy (chromosome or plasmid)
barcode05_9Gb	contig_9313	37325	38297	leuO_nucleoside_antibiotic;_disinfecting_agents_and_antiseptics	11	972	972	1.0	
barcode05_9Gb	contig_9334	28688	28943	rsmA_fluoroquinolone_antibiotic;_diaminopyrimidine_antibiotic;_phenicol_antibiotic	38	255	255	1.0	
barcode05_9Gb	contig_9335	12918	13173	rsmA_fluoroquinolone_antibiotic;_diaminopyrimidine_antibiotic;_phenicol_antibiotic	51	255	255	1.0	
barcode05_9Gb	contig_934	4661	5501	sul1_sulfonamide_antibiotic	69	840	840	1.0	Unknown taxonomy (chromosome or plasmid)
barcode05_9Gb	contig_934	5494	5842	qacEdelta1_disinfecting_agents_and_antiseptics	61	348	348	1.0	Unknown taxonomy (chromosome or plasmid)
barcode05_9Gb	contig_934	6008	6788	aadA_aminoglycoside_antibiotic	48	780	780	1.0	Unknown taxonomy (chromosome or plasmid)
barcode05_9Gb	contig_9364	19288	20767	Acinetobacter baumannii AmvA_macrolide_antibiotic;_disinfecting_agents_and_antiseptics	36	1479	1479	1.0	Acinetobacter baumannii (chromosome or plasmid)
barcode05_9Gb	contig_9364	280247	280577	abeS_macrolide_antibiotic;_aminocoumarin_antibiotic	46	330	330	1.0	Acinetobacter baumannii (chromosome or plasmid)
barcode05_9Gb	contig_9364	283885	284899	adeL_fluoroquinolone_antibiotic;_tetracycline_antibiotic	50	1014	1014	1.0	Acinetobacter baumannii (chromosome or plasmid)
barcode05_9Gb	contig_9364	285114	286335	adeG_fluoroquinolone_antibiotic;_tetracycline_antibiotic	42	1221	1221	1.0	Acinetobacter baumannii (chromosome or plasmid)
barcode05_9Gb	contig_9364	286341	289521	adeF_fluoroquinolone_antibiotic;_tetracycline_antibiotic	40	3180	3180	1.0	Acinetobacter baumannii (chromosome or plasmid)
barcode05_9Gb	contig_9364	289533	290982	adeH_fluoroquinolone_antibiotic;_tetracycline_antibiotic	48	1449	1449	1.0	Acinetobacter baumannii (chromosome or plasmid)
barcode05_9Gb	contig_9373	2540	3467	ADC-58_cephalosporin	33	927	927	1.0	Acinetobacter baumannii (chromosome or plasmid)
barcode05_9Gb	contig_9510	14213	15311	vanG_glycopeptide_antibiotic	5	1098	1098	1.0	Klebsiella michiganensis (chromosome)
barcode05_9Gb	contig_9517	45154	45481	qacG_disinfecting_agents_and_antiseptics	18	327	327	1.0	
barcode05_9Gb	contig_9711	111261	113028	Haemophilus influenzae PBP3 conferring resistance to beta-lactam antibiotics_cephalosporin;_cephamycin;_penam	22	1767	1767	1.0	Enterobacter kobei (chromosome or plasmid)
barcode05_9Gb	contig_9711	119191	120214	leuO_nucleoside_antibiotic;_disinfecting_agents_and_antiseptics	15	1023	1023	1.0	Enterobacter kobei (chromosome)
barcode05_9Gb	contig_9711	309054	309480	FosA2_phosphonic_acid_antibiotic	9	426	426	1.0	Enterobacter kobei (chromosome)
barcode05_9Gb	contig_9712	3542	4505	leuO_nucleoside_antibiotic;_disinfecting_agents_and_antiseptics	22	963	963	1.0	Enterobacter roggenkampii (chromosome)
barcode05_9Gb	contig_9712	10671	12438	Haemophilus influenzae PBP3 conferring resistance to beta-lactam antibiotics_cephalosporin;_cephamycin;_penam	28	1767	1767	1.0	Enterobacter roggenkampii (chromosome or plasmid)
barcode05_9Gb	contig_9796	3187	3691	nimG_nitroimidazole_antibiotic	6	504	504	1.0	
barcode05_9Gb	contig_9931	2933	3767	vanH gene in vanO cluster_glycopeptide_antibiotic	7	834	834	1.0	
barcode06_03Gb	contig_1	26928	27843	vanW gene in vanG cluster_glycopeptide_antibiotic	17	915	915	1.0	Acinetobacter johnsonii (chromosome)
barcode06_03Gb	contig_10	111248	111755	nimK_nitroimidazole_antibiotic	11	507	507	1.0	
barcode06_03Gb	contig_124	387132	387387	rsmA_fluoroquinolone_antibiotic;_diaminopyrimidine_antibiotic;_phenicol_antibiotic	14	255	255	1.0	
barcode06_03Gb	contig_140	10539	11085	AAC(6')-Ib9_aminoglycoside_antibiotic	7	546	546	1.0	Unknown taxonomy (chromosome or plasmid)
barcode06_03Gb	contig_140	11351	11699	qacEdelta1_disinfecting_agents_and_antiseptics	9	348	348	1.0	Unknown taxonomy (chromosome or plasmid)
barcode06_03Gb	contig_140	11692	12532	sul1_sulfonamide_antibiotic	10	840	840	1.0	Unknown taxonomy (chromosome or plasmid)
barcode06_03Gb	contig_140	16607	17846	Mrx_macrolide_antibiotic	12	1239	1239	1.0	Unknown taxonomy (chromosome or plasmid)
barcode06_03Gb	contig_140	17842	18748	mphA_macrolide_antibiotic	10	906	906	1.0	Unknown taxonomy (chromosome or plasmid)
barcode06_03Gb	contig_140	19965	20805	sul1_sulfonamide_antibiotic	4	840	840	1.0	Unknown taxonomy (chromosome or plasmid)
barcode06_03Gb	contig_140	21236	21680	arr-3_rifamycin_antibiotic	3	444	444	1.0	Unknown taxonomy (chromosome or plasmid)
barcode06_03Gb	contig_143	551062	552172	vanT gene in vanG cluster_glycopeptide_antibiotic	17	1110	1110	1.0	
barcode06_03Gb	contig_200	311	1484	Acinetobacter baumannii AbaQ_fluoroquinolone_antibiotic	3	1173	1173	1.0	Acinetobacter baumannii (chromosome or plasmid)
barcode06_03Gb	contig_223	20713	21595	KPC-2_monobactam;_carbapenem;_cephalosporin;_penam	17	882	882	1.0	Unknown taxonomy (chromosome or plasmid)
barcode06_03Gb	contig_341	5141	5921	APH(3')-VIa_aminoglycoside_antibiotic	7	780	780	1.0	Unknown taxonomy (chromosome or plasmid)
barcode06_03Gb	contig_351	56591	57749	vanT gene in vanG cluster_glycopeptide_antibiotic	3	1158	1158	1.0	
barcode06_03Gb	contig_512	419272	420508	vanW gene in vanI cluster_glycopeptide_antibiotic	10	1236	1236	1.0	
barcode06_1Gb	contig_1070	5481	5823	ramA_fluoroquinolone_antibiotic;_monobactam;_carbapenem;_cephalosporin;_glycylcycline;_cephamycin;_penam;_tetracycline_antibiotic;_rifamycin_antibiotic;_phenicol_antibiotic;_penem;_disinfecting_agents_and_antiseptics	5	342	342	1.0	
barcode06_1Gb	contig_1105	3040	3385	qacG_disinfecting_agents_and_antiseptics	14	345	345	1.0	Acinetobacter johnsonii (chromosome)
barcode06_1Gb	contig_1210	1903	2431	emrR_fluoroquinolone_antibiotic	10	528	528	1.0	Escherichia (chromosome or plasmid)
barcode06_1Gb	contig_1236	20438	21116	kdpE_aminoglycoside_antibiotic	11	678	678	1.0	Unknown taxonomy (chromosome or plasmid)
barcode06_1Gb	contig_1265	1487	1832	qacG_disinfecting_agents_and_antiseptics	8	345	345	1.0	Unknown taxonomy (chromosome or plasmid)
barcode06_1Gb	contig_1450	5430	6045	evgA_macrolide_antibiotic;_fluoroquinolone_antibiotic;_penam;_tetracycline_antibiotic	3	615	615	1.0	Unknown taxonomy (chromosome or plasmid)
barcode06_1Gb	contig_1450	6049	9643	evgS_macrolide_antibiotic;_fluoroquinolone_antibiotic;_penam;_tetracycline_antibiotic	4	3594	3594	1.0	Escherichia coli (chromosome or plasmid)
barcode06_1Gb	contig_1477	247	1087	sul1_sulfonamide_antibiotic	30	840	840	1.0	Unknown taxonomy (chromosome or plasmid)
barcode06_1Gb	contig_1591	5692	6037	qacJ_disinfecting_agents_and_antiseptics	8	345	345	1.0	Unknown taxonomy (chromosome or plasmid)
barcode06_1Gb	contig_1644	3974	4466	AAC(6')-IIa_aminoglycoside_antibiotic	7	492	492	1.0	Unknown taxonomy (chromosome or plasmid)
barcode06_1Gb	contig_1649	2085	2970	mphE_macrolide_antibiotic	14	885	885	1.0	Unknown taxonomy (chromosome or plasmid)
barcode06_1Gb	contig_1691	63343	64495	ADC-154_cephalosporin	7	1152	1152	1.0	Acinetobacter baumannii (chromosome or plasmid)
barcode06_1Gb	contig_1724	1275	2679	adeF_fluoroquinolone_antibiotic;_tetracycline_antibiotic	4	1404	1404	1.0	Acinetobacter baumannii (chromosome or plasmid)
barcode06_1Gb	contig_1724	2685	3906	adeG_fluoroquinolone_antibiotic;_tetracycline_antibiotic	6	1221	1221	1.0	Acinetobacter baumannii (chromosome or plasmid)
barcode06_1Gb	contig_1724	4121	5135	adeL_fluoroquinolone_antibiotic;_tetracycline_antibiotic	5	1014	1014	1.0	Acinetobacter baumannii (chromosome or plasmid)
barcode06_1Gb	contig_1724	8443	8773	abeS_macrolide_antibiotic;_aminocoumarin_antibiotic	4	330	330	1.0	Acinetobacter baumannii (chromosome or plasmid)
barcode06_1Gb	contig_1770	34606	35395	ANT(3'')-IIa_aminoglycoside_antibiotic	13	789	789	1.0	Acinetobacter (chromosome or plasmid)
barcode06_1Gb	contig_1771	120488	120677	rsmA_fluoroquinolone_antibiotic;_diaminopyrimidine_antibiotic;_phenicol_antibiotic	21	189	189	1.0	
barcode06_1Gb	contig_1771	237946	238348	FosA8_phosphonic_acid_antibiotic	11	402	402	1.0	Aeromonas caviae (chromosome or plasmid)
barcode06_1Gb	contig_1773	1307	2132	OXA-441_carbapenem;_penam	4	825	825	1.0	Acinetobacter baumannii (chromosome or plasmid)
barcode06_1Gb	contig_1831	34577	35735	vanT gene in vanG cluster_glycopeptide_antibiotic	8	1158	1158	1.0	
barcode06_1Gb	contig_1855	5190	5535	qacG_disinfecting_agents_and_antiseptics	19	345	345	1.0	Acinetobacter (chromosome)
barcode06_1Gb	contig_1870	5243	6071	OXA-253_carbapenem;_penam	16	828	828	1.0	Acinetobacter baumannii (chromosome)
barcode06_1Gb	contig_1873	4911	5727	sul2_sulfonamide_antibiotic	7	816	816	1.0	Salmonella enterica (chromosome or plasmid)
barcode06_1Gb	contig_1873	8229	9444	floR_phenicol_antibiotic	7	1215	1215	1.0	Unknown taxonomy (chromosome or plasmid)
barcode06_1Gb	contig_200	188059	189244	Escherichia coli EF-Tu mutants conferring resistance to Pulvomycin_elfamycin_antibiotic	34	1185	1185	1.0	Aeromonas caviae (chromosome or plasmid)
barcode06_1Gb	contig_225	13301	14096	OXA-504_penam	16	795	795	1.0	Aeromonas caviae (chromosome)
barcode06_1Gb	contig_228	798030	799140	vanT gene in vanG cluster_glycopeptide_antibiotic	45	1110	1110	1.0	
barcode06_1Gb	contig_228	1303830	1304337	nimK_nitroimidazole_antibiotic	53	507	507	1.0	
barcode06_1Gb	contig_228	2006501	2007737	vanW gene in vanI cluster_glycopeptide_antibiotic	51	1236	1236	1.0	
barcode06_1Gb	contig_249	539288	540398	vanT gene in vanG cluster_glycopeptide_antibiotic	15	1110	1110	1.0	
barcode06_1Gb	contig_252	703758	706950	adeF_fluoroquinolone_antibiotic;_tetracycline_antibiotic	12	3192	3192	1.0	
barcode06_1Gb	contig_258	142615	143530	vanW gene in vanG cluster_glycopeptide_antibiotic	51	915	915	1.0	Acinetobacter johnsonii (chromosome)
barcode06_1Gb	contig_268	60495	61158	AcrS_fluoroquinolone_antibiotic;_cephalosporin;_glycylcycline;_cephamycin;_penam;_tetracycline_antibiotic;_rifamycin_antibiotic;_phenicol_antibiotic;_disinfecting_agents_and_antiseptics	7	663	663	1.0	Unknown taxonomy (chromosome or plasmid)
barcode06_1Gb	contig_280	48285	48882	Escherichia coli AcrAB-TolC with AcrR mutation conferring resistance to ciprofloxacin, tetracycline, and ceftazidime_fluoroquinolone_antibiotic;_cephalosporin;_glycylcycline;_penam;_tetracycline_antibiotic;_rifamycin_antibiotic;_phenicol_antibiotic;_disinfecting_agents_and_antiseptics	5	597	597	1.0	Unknown taxonomy (chromosome or plasmid)
barcode06_1Gb	contig_281	41983	42859	CTX-M-15_cephalosporin;_penam	4	876	876	1.0	Unknown taxonomy (chromosome or plasmid)
barcode06_1Gb	contig_281	47498	48155	QnrS1_fluoroquinolone_antibiotic	7	657	657	1.0	Unknown taxonomy (chromosome or plasmid)
barcode06_1Gb	contig_281	78985	80224	Mrx_macrolide_antibiotic	33	1239	1239	1.0	Unknown taxonomy (chromosome or plasmid)
barcode06_1Gb	contig_281	80220	81126	mphA_macrolide_antibiotic	33	906	906	1.0	Unknown taxonomy (chromosome or plasmid)
barcode06_1Gb	contig_281	83148	83964	APH(3')-Ia_aminoglycoside_antibiotic	7	816	816	1.0	Unknown taxonomy (chromosome or plasmid)
barcode06_1Gb	contig_283	3792	4452	catA1_phenicol_antibiotic	4	660	660	1.0	Unknown taxonomy (chromosome or plasmid)
barcode06_1Gb	contig_285	4383	5265	KPC-2_monobactam;_carbapenem;_cephalosporin;_penam	53	882	882	1.0	Unknown taxonomy (chromosome or plasmid)
barcode06_1Gb	contig_286	180	1041	TEM-1_monobactam;_cephalosporin;_penam;_penem	15	861	861	1.0	Unknown taxonomy (chromosome or plasmid)
barcode06_1Gb	contig_290	349266	349611	qacG_disinfecting_agents_and_antiseptics	31	345	345	1.0	Acinetobacter johnsonii (chromosome)
barcode06_1Gb	contig_306	30988	32173	Escherichia coli EF-Tu mutants conferring resistance to Pulvomycin_elfamycin_antibiotic	27	1185	1185	1.0	Enterobacter kobei (chromosome or plasmid)
barcode06_1Gb	contig_342	11125	12226	LpsB_peptide_antibiotic	13	1101	1101	1.0	Acinetobacter baumannii (chromosome or plasmid)
barcode06_1Gb	contig_377	28671	28926	rsmA_fluoroquinolone_antibiotic;_diaminopyrimidine_antibiotic;_phenicol_antibiotic	5	255	255	1.0	
barcode06_1Gb	contig_429	33625	34462	APH(6)-Id_aminoglycoside_antibiotic	10	837	837	1.0	Unknown taxonomy (chromosome or plasmid)
barcode06_1Gb	contig_459	6593	7418	OXA-644_carbapenem;_penam	77	825	825	1.0	Acinetobacter johnsonii (chromosome)
barcode06_1Gb	contig_486	38537	40304	Haemophilus influenzae PBP3 conferring resistance to beta-lactam antibiotics_cephalosporin;_cephamycin;_penam	7	1767	1767	1.0	Escherichia coli (chromosome or plasmid)
barcode06_1Gb	contig_506	174047	174611	lnuC_lincosamide_antibiotic	8	564	564	1.0	Unknown taxonomy (chromosome or plasmid)
barcode06_1Gb	contig_548	2000	2840	sul1_sulfonamide_antibiotic	36	840	840	1.0	Unknown taxonomy (chromosome or plasmid)
barcode06_1Gb	contig_548	2833	3181	qacEdelta1_disinfecting_agents_and_antiseptics	37	348	348	1.0	Unknown taxonomy (chromosome or plasmid)
barcode06_1Gb	contig_585	41700	41955	rsmA_fluoroquinolone_antibiotic;_diaminopyrimidine_antibiotic;_phenicol_antibiotic	51	255	255	1.0	
barcode06_1Gb	contig_596	9991	11182	tet(C)_tetracycline_antibiotic	10	1191	1191	1.0	Unknown taxonomy (chromosome or plasmid)
barcode06_1Gb	contig_652	11192	12398	Mef(En2)_macrolide_antibiotic;_lincosamide_antibiotic	6	1206	1206	1.0	Unknown taxonomy (chromosome)
barcode06_1Gb	contig_656	38979	40449	mdtP_nucleoside_antibiotic;_disinfecting_agents_and_antiseptics	7	1470	1470	1.0	Escherichia coli (chromosome or plasmid)
barcode06_1Gb	contig_656	40445	42497	mdtO_nucleoside_antibiotic;_disinfecting_agents_and_antiseptics	7	2052	2052	1.0	Unknown taxonomy (chromosome or plasmid)
barcode06_1Gb	contig_656	42496	43528	mdtN_nucleoside_antibiotic;_disinfecting_agents_and_antiseptics	6	1032	1032	1.0	Escherichia coli (chromosome or plasmid)
barcode06_1Gb	contig_656	66799	68374	eptA_peptide_antibiotic	8	1575	1575	1.0	Unknown taxonomy (chromosome or plasmid)
barcode06_1Gb	contig_67	15286	16369	vanW gene in vanI cluster_glycopeptide_antibiotic	3	1083	1083	1.0	
barcode06_1Gb	contig_672	2920	3454	ANT(2'')-Ia_aminoglycoside_antibiotic	15	534	534	1.0	Unknown taxonomy (chromosome or plasmid)
barcode06_1Gb	contig_672	3576	4440	GES-1_carbapenem;_cephalosporin;_penam	15	864	864	1.0	Unknown taxonomy (chromosome or plasmid)
barcode06_1Gb	contig_672	4513	4972	AAC(6')-Il_aminoglycoside_antibiotic	13	459	459	1.0	Unknown taxonomy (chromosome or plasmid)
barcode06_1Gb	contig_690	7391	8252	AAC(3)-IIe_aminoglycoside_antibiotic	7	861	861	1.0	Unknown taxonomy (chromosome or plasmid)
barcode06_1Gb	contig_690	8393	9254	TEM-1_monobactam;_cephalosporin;_penam;_penem	15	861	861	1.0	Unknown taxonomy (chromosome or plasmid)
barcode06_1Gb	contig_691	7160	8672	vanW gene in vanI cluster_glycopeptide_antibiotic	5	1512	1512	1.0	
barcode06_1Gb	contig_695	67424	69902	vanT gene in vanG cluster_glycopeptide_antibiotic	24	2478	2478	1.0	
barcode06_1Gb	contig_716	116406	117231	gadX_macrolide_antibiotic;_fluoroquinolone_antibiotic;_penam	8	825	825	1.0	Unknown taxonomy (chromosome)
barcode06_1Gb	contig_716	121828	122986	mdtE_macrolide_antibiotic;_fluoroquinolone_antibiotic;_penam	10	1158	1158	1.0	Unknown taxonomy (chromosome)
barcode06_1Gb	contig_719	5996	7343	abeM_fluoroquinolone_antibiotic;_disinfecting_agents_and_antiseptics	5	1347	1347	1.0	Acinetobacter baumannii (chromosome or plasmid)
barcode06_1Gb	contig_733	37090	38341	adeI_macrolide_antibiotic;_fluoroquinolone_antibiotic;_lincosamide_antibiotic;_carbapenem;_cephalosporin;_tetracycline_antibiotic;_rifamycin_antibiotic;_diaminopyrimidine_antibiotic;_phenicol_antibiotic;_penem	11	1251	1251	1.0	Acinetobacter baumannii (chromosome or plasmid)
barcode06_1Gb	contig_733	38353	41530	adeJ_macrolide_antibiotic;_fluoroquinolone_antibiotic;_lincosamide_antibiotic;_carbapenem;_cephalosporin;_tetracycline_antibiotic;_rifamycin_antibiotic;_diaminopyrimidine_antibiotic;_phenicol_antibiotic;_penem	9	3177	3177	1.0	Acinetobacter baumannii (chromosome or plasmid)
barcode06_1Gb	contig_733	41529	42984	adeK_macrolide_antibiotic;_fluoroquinolone_antibiotic;_lincosamide_antibiotic;_carbapenem;_cephalosporin;_tetracycline_antibiotic;_rifamycin_antibiotic;_diaminopyrimidine_antibiotic;_phenicol_antibiotic;_penem	6	1455	1455	1.0	Acinetobacter baumannii (chromosome or plasmid)
barcode06_1Gb	contig_807	7571	8777	tet(B)_tetracycline_antibiotic	5	1206	1206	1.0	Unknown taxonomy (chromosome or plasmid)
barcode06_1Gb	contig_807	8858	9482	tetR_tetracycline_antibiotic	7	624	624	1.0	Unknown taxonomy (chromosome or plasmid)
barcode06_1Gb	contig_808	299	1139	sul1_sulfonamide_antibiotic	30	840	840	1.0	Unknown taxonomy (chromosome or plasmid)
barcode06_1Gb	contig_808	1734	2235	AAC(6')-Ib9_aminoglycoside_antibiotic	22	501	501	1.0	Unknown taxonomy (chromosome or plasmid)
barcode06_1Gb	contig_808	2343	2796	arr-3_rifamycin_antibiotic	19	453	453	1.0	Unknown taxonomy (chromosome or plasmid)
barcode06_1Gb	contig_808	28025	28910	mphE_macrolide_antibiotic	21	885	885	1.0	Unknown taxonomy (chromosome or plasmid)
barcode06_1Gb	contig_808	28965	30441	msrE_macrolide_antibiotic;_streptogramin_antibiotic	22	1476	1476	1.0	Unknown taxonomy (chromosome or plasmid)
barcode06_1Gb	contig_808	35986	36823	APH(6)-Id_aminoglycoside_antibiotic	20	837	837	1.0	Unknown taxonomy (chromosome or plasmid)
barcode06_1Gb	contig_808	36822	37626	APH(3'')-Ib_aminoglycoside_antibiotic	21	804	804	1.0	Unknown taxonomy (chromosome or plasmid)
barcode06_1Gb	contig_845	9494	9869	vanW gene in vanI cluster_glycopeptide_antibiotic	2	375	375	1.0	
barcode06_1Gb	contig_880	466014	467001	vanH gene in vanO cluster_glycopeptide_antibiotic	8	987	987	1.0	
barcode06_1Gb	contig_907	13996	14482	vanY gene in vanB cluster_glycopeptide_antibiotic	6	486	486	1.0	Faecalibacterium prausnitzii (chromosome)
barcode06_3Gb	contig_1078	370101	372633	vanT gene in vanG cluster_glycopeptide_antibiotic	50	2532	2532	1.0	
barcode06_3Gb	contig_1113	2989	4174	Escherichia coli EF-Tu mutants conferring resistance to Pulvomycin_elfamycin_antibiotic	52	1185	1185	1.0	Aeromonas caviae (chromosome or plasmid)
barcode06_3Gb	contig_1113	22194	23379	Escherichia coli EF-Tu mutants conferring resistance to Pulvomycin_elfamycin_antibiotic	51	1185	1185	1.0	Aeromonas caviae (chromosome or plasmid)
barcode06_3Gb	contig_1114	39798	40521	baeR_aminoglycoside_antibiotic;_aminocoumarin_antibiotic	14	723	723	1.0	Unknown taxonomy (chromosome or plasmid)
barcode06_3Gb	contig_1114	49571	50819	mdtA_aminocoumarin_antibiotic	9	1248	1248	1.0	Unknown taxonomy (chromosome or plasmid)
barcode06_3Gb	contig_1153	3598	4858	EreB_macrolide_antibiotic	12	1260	1260	1.0	
barcode06_3Gb	contig_1170	56945	57200	rsmA_fluoroquinolone_antibiotic;_diaminopyrimidine_antibiotic;_phenicol_antibiotic	20	255	255	1.0	
barcode06_3Gb	contig_1172	26489	27374	mphE_macrolide_antibiotic	59	885	885	1.0	Unknown taxonomy (chromosome or plasmid)
barcode06_3Gb	contig_1175	4892	6092	tet(A)_tetracycline_antibiotic	13	1200	1200	1.0	Unknown taxonomy (chromosome or plasmid)
barcode06_3Gb	contig_1240	3876	5076	tet(A)_tetracycline_antibiotic	19	1200	1200	1.0	Unknown taxonomy (chromosome or plasmid)
barcode06_3Gb	contig_1240	6153	6990	APH(6)-Id_aminoglycoside_antibiotic	38	837	837	1.0	Unknown taxonomy (chromosome or plasmid)
barcode06_3Gb	contig_1240	7853	8669	sul2_sulfonamide_antibiotic	24	816	816	1.0	Unknown taxonomy (chromosome or plasmid)
barcode06_3Gb	contig_1281	1	238	qacJ_disinfecting_agents_and_antiseptics	7	237	237	1.0	Unknown taxonomy (chromosome or plasmid)
barcode06_3Gb	contig_1281	401	1181	aadA2_aminoglycoside_antibiotic	11	780	780	1.0	Unknown taxonomy (chromosome or plasmid)
barcode06_3Gb	contig_1281	2664	3162	dfrA12_diaminopyrimidine_antibiotic	7	498	498	1.0	Unknown taxonomy (chromosome or plasmid)
barcode06_3Gb	contig_1281	10377	11157	APH(3')-VIa_aminoglycoside_antibiotic	22	780	780	1.0	Unknown taxonomy (chromosome or plasmid)
barcode06_3Gb	contig_1281	19292	20156	GES-1_carbapenem;_cephalosporin;_penam	31	864	864	1.0	Unknown taxonomy (chromosome or plasmid)
barcode06_3Gb	contig_1281	21728	22076	qacEdelta1_disinfecting_agents_and_antiseptics	47	348	348	1.0	Unknown taxonomy (chromosome or plasmid)
barcode06_3Gb	contig_1281	22069	22909	sul1_sulfonamide_antibiotic	49	840	840	1.0	Unknown taxonomy (chromosome or plasmid)
barcode06_3Gb	contig_1356	84165	84960	OXA-504_penam	39	795	795	1.0	Aeromonas caviae (chromosome)
barcode06_3Gb	contig_1387	122928	124923	lmrD_lincosamide_antibiotic	8	1995	1995	1.0	
barcode06_3Gb	contig_1427	59080	59653	AAC(6')-Ian_aminoglycoside_antibiotic	7	573	573	1.0	Unknown taxonomy (chromosome or plasmid)
barcode06_3Gb	contig_1427	64002	64908	mphA_macrolide_antibiotic	50	906	906	1.0	Unknown taxonomy (chromosome or plasmid)
barcode06_3Gb	contig_1427	64904	66143	Mrx_macrolide_antibiotic	51	1239	1239	1.0	Unknown taxonomy (chromosome or plasmid)
barcode06_3Gb	contig_1431	1913	3104	tet(C)_tetracycline_antibiotic	23	1191	1191	1.0	Unknown taxonomy (chromosome or plasmid)
barcode06_3Gb	contig_1432	10870	12130	cmlA5_phenicol_antibiotic	16	1260	1260	1.0	Unknown taxonomy (chromosome or plasmid)
barcode06_3Gb	contig_1432	12394	13195	OXA-10_cephalosporin;_penam	14	801	801	1.0	Unknown taxonomy (chromosome or plasmid)
barcode06_3Gb	contig_1432	13211	14003	aadA_aminoglycoside_antibiotic	24	792	792	1.0	Unknown taxonomy (chromosome or plasmid)
barcode06_3Gb	contig_1510	161432	162806	cpxA_aminoglycoside_antibiotic;_aminocoumarin_antibiotic	19	1374	1374	1.0	Unknown taxonomy (chromosome or plasmid)
barcode06_3Gb	contig_1542	119	899	APH(3')-VIa_aminoglycoside_antibiotic	28	780	780	1.0	Unknown taxonomy (chromosome or plasmid)
barcode06_3Gb	contig_1563	3991	5212	tet(40)_tetracycline_antibiotic	5	1221	1221	1.0	Unknown taxonomy (chromosome)
barcode06_3Gb	contig_1563	6944	8864	tet(W)_tetracycline_antibiotic	17	1920	1920	1.0	Trueperella pyogenes (chromosome or plasmid)
barcode06_3Gb	contig_1577	35936	37094	mdtE_macrolide_antibiotic;_fluoroquinolone_antibiotic;_penam	25	1158	1158	1.0	Unknown taxonomy (chromosome)
barcode06_3Gb	contig_1577	40595	41324	gadW_macrolide_antibiotic;_fluoroquinolone_antibiotic;_penam	27	729	729	1.0	Escherichia coli (chromosome)
barcode06_3Gb	contig_1577	41691	42516	gadX_macrolide_antibiotic;_fluoroquinolone_antibiotic;_penam	27	825	825	1.0	Escherichia coli (chromosome)
barcode06_3Gb	contig_1589	49255	50134	mdeA_fluoroquinolone_antibiotic;_aminoglycoside_antibiotic;_penam;_tetracycline_antibiotic;_disinfecting_agents_and_antiseptics	3	879	879	1.0	
barcode06_3Gb	contig_1659	1536	2193	QnrVC1_fluoroquinolone_antibiotic	13	657	657	1.0	Unknown taxonomy (chromosome or plasmid)
barcode06_3Gb	contig_1671	317233	317488	rsmA_fluoroquinolone_antibiotic;_diaminopyrimidine_antibiotic;_phenicol_antibiotic	135	255	255	1.0	
barcode06_3Gb	contig_1700	1074	1419	qacG_disinfecting_agents_and_antiseptics	17	345	345	1.0	Unknown taxonomy (chromosome or plasmid)
barcode06_3Gb	contig_1700	59543	60323	APH(3')-VIa_aminoglycoside_antibiotic	20	780	780	1.0	Unknown taxonomy (chromosome or plasmid)
barcode06_3Gb	contig_1700	79685	80525	sul1_sulfonamide_antibiotic	41	840	840	1.0	Unknown taxonomy (chromosome or plasmid)
barcode06_3Gb	contig_1700	80518	80866	qacEdelta1_disinfecting_agents_and_antiseptics	39	348	348	1.0	Unknown taxonomy (chromosome or plasmid)
barcode06_3Gb	contig_1700	81034	81622	AAC(6')-Ib9_aminoglycoside_antibiotic	23	588	588	1.0	Unknown taxonomy (chromosome or plasmid)
barcode06_3Gb	contig_1700	81727	82180	arr-3_rifamycin_antibiotic	16	453	453	1.0	Unknown taxonomy (chromosome or plasmid)
barcode06_3Gb	contig_1700	91041	92247	tet(B)_tetracycline_antibiotic	9	1206	1206	1.0	Unknown taxonomy (chromosome or plasmid)
barcode06_3Gb	contig_1700	92328	92952	tetR_tetracycline_antibiotic	9	624	624	1.0	Unknown taxonomy (chromosome or plasmid)
barcode06_3Gb	contig_1700	102298	103225	PER-2_monobactam;_carbapenem;_cephalosporin;_penam;_penem	8	927	927	1.0	Unknown taxonomy (plasmid)
barcode06_3Gb	contig_1725	21023	21353	qacG_disinfecting_agents_and_antiseptics	11	330	330	1.0	
barcode06_3Gb	contig_1743	21295	22120	OXA-644_carbapenem;_penam	219	825	825	1.0	Acinetobacter johnsonii (chromosome)
barcode06_3Gb	contig_1751	136833	138600	Haemophilus influenzae PBP3 conferring resistance to beta-lactam antibiotics_cephalosporin;_cephamycin;_penam	19	1767	1767	1.0	Unknown taxonomy (chromosome or plasmid)
barcode06_3Gb	contig_1751	144700	145645	leuO_nucleoside_antibiotic;_disinfecting_agents_and_antiseptics	24	945	945	1.0	Unknown taxonomy (chromosome or plasmid)
barcode06_3Gb	contig_1751	301960	303193	mdtM_fluoroquinolone_antibiotic;_lincosamide_antibiotic;_nucleoside_antibiotic;_phenicol_antibiotic;_disinfecting_agents_and_antiseptics	24	1233	1233	1.0	Unknown taxonomy (chromosome or plasmid)
barcode06_3Gb	contig_1751	464435	465569	EC-13_cephalosporin	28	1134	1134	1.0	Unknown taxonomy (chromosome or plasmid)
barcode06_3Gb	contig_1751	507820	509464	eptA_peptide_antibiotic	20	1644	1644	1.0	Unknown taxonomy (chromosome or plasmid)
barcode06_3Gb	contig_1751	532541	533573	mdtN_nucleoside_antibiotic;_disinfecting_agents_and_antiseptics	23	1032	1032	1.0	Escherichia coli (chromosome or plasmid)
barcode06_3Gb	contig_1751	533572	535624	mdtO_nucleoside_antibiotic;_disinfecting_agents_and_antiseptics	20	2052	2052	1.0	Escherichia coli (chromosome or plasmid)
barcode06_3Gb	contig_1751	535620	537087	mdtP_nucleoside_antibiotic;_disinfecting_agents_and_antiseptics	16	1467	1467	1.0	Unknown taxonomy (chromosome or plasmid)
barcode06_3Gb	contig_1751	558153	558618	Escherichia coli soxR with mutation conferring antibiotic resistance_fluoroquinolone_antibiotic;_cephalosporin;_glycylcycline;_penam;_tetracycline_antibiotic;_rifamycin_antibiotic;_phenicol_antibiotic;_disinfecting_agents_and_antiseptics	25	465	465	1.0	Unknown taxonomy (chromosome or plasmid)
barcode06_3Gb	contig_1751	558703	559027	Escherichia coli soxS with mutation conferring antibiotic resistance_fluoroquinolone_antibiotic;_monobactam;_carbapenem;_cephalosporin;_glycylcycline;_cephamycin;_penam;_tetracycline_antibiotic;_rifamycin_antibiotic;_phenicol_antibiotic;_penem;_disinfecting_agents_and_antiseptics	25	324	324	1.0	Unknown taxonomy (chromosome or plasmid)
barcode06_3Gb	contig_1751	700116	701301	Escherichia coli EF-Tu mutants conferring resistance to Pulvomycin_elfamycin_antibiotic	20	1185	1185	1.0	Unknown taxonomy (chromosome or plasmid)
barcode06_3Gb	contig_179	5631	6459	OXA-253_carbapenem;_penam	15	828	828	1.0	Acinetobacter baumannii (chromosome)
barcode06_3Gb	contig_1838	12609	12939	Klebsiella pneumoniae KpnF_macrolide_antibiotic;_aminoglycoside_antibiotic;_cephalosporin;_tetracycline_antibiotic;_peptide_antibiotic;_rifamycin_antibiotic;_disinfecting_agents_and_antiseptics	10	330	330	1.0	Enterobacter roggenkampii (chromosome)
barcode06_3Gb	contig_1838	12960	13290	Klebsiella pneumoniae KpnE_macrolide_antibiotic;_aminoglycoside_antibiotic;_cephalosporin;_tetracycline_antibiotic;_peptide_antibiotic;_rifamycin_antibiotic;_disinfecting_agents_and_antiseptics	10	330	330	1.0	Enterobacter chengduensis (chromosome)
barcode06_3Gb	contig_1854	50051	50384	qacJ_disinfecting_agents_and_antiseptics	5	333	333	1.0	
barcode06_3Gb	contig_1868	41272	42478	tet(B)_tetracycline_antibiotic	6	1206	1206	1.0	Unknown taxonomy (chromosome or plasmid)
barcode06_3Gb	contig_1868	42584	43184	tetR_tetracycline_antibiotic	8	600	600	1.0	Unknown taxonomy (chromosome or plasmid)
barcode06_3Gb	contig_1870	8159	9347	Escherichia coli EF-Tu mutants conferring resistance to Pulvomycin_elfamycin_antibiotic	14	1188	1188	1.0	Unknown taxonomy (chromosome or plasmid)
barcode06_3Gb	contig_1871	2437	3622	Escherichia coli EF-Tu mutants conferring resistance to Pulvomycin_elfamycin_antibiotic	11	1185	1185	1.0	Klebsiella michiganensis (chromosome or plasmid)
barcode06_3Gb	contig_1871	27077	27710	CRP_macrolide_antibiotic;_fluoroquinolone_antibiotic;_penam	10	633	633	1.0	Unknown taxonomy (chromosome)
barcode06_3Gb	contig_1872	14556	15741	Escherichia coli EF-Tu mutants conferring resistance to Pulvomycin_elfamycin_antibiotic	19	1185	1185	1.0	Unknown taxonomy (chromosome or plasmid)
barcode06_3Gb	contig_1872	38926	39559	CRP_macrolide_antibiotic;_fluoroquinolone_antibiotic;_penam	14	633	633	1.0	Enterobacter (chromosome or plasmid)
barcode06_3Gb	contig_1955	58801	59548	vanY gene in vanG cluster_glycopeptide_antibiotic	7	747	747	1.0	
barcode06_3Gb	contig_1981	944	1784	sul1_sulfonamide_antibiotic	42	840	840	1.0	Unknown taxonomy (chromosome or plasmid)
barcode06_3Gb	contig_1981	1777	2125	qacEdelta1_disinfecting_agents_and_antiseptics	37	348	348	1.0	Unknown taxonomy (chromosome or plasmid)
barcode06_3Gb	contig_1981	2330	3119	aadA5_aminoglycoside_antibiotic	16	789	789	1.0	Unknown taxonomy (chromosome or plasmid)
barcode06_3Gb	contig_1981	3249	3849	dfrA17_diaminopyrimidine_antibiotic	16	600	600	1.0	Unknown taxonomy (chromosome or plasmid)
barcode06_3Gb	contig_1997	178	1039	TEM-1_monobactam;_cephalosporin;_penam;_penem	27	861	861	1.0	Unknown taxonomy (chromosome or plasmid)
barcode06_3Gb	contig_2	876414	879606	adeF_fluoroquinolone_antibiotic;_tetracycline_antibiotic	28	3192	3192	1.0	
barcode06_3Gb	contig_2047	47220	47979	vanY gene in vanB cluster_glycopeptide_antibiotic	7	759	759	1.0	
barcode06_3Gb	contig_2172	386566	389722	adeF_fluoroquinolone_antibiotic;_tetracycline_antibiotic	26	3156	3156	1.0	
barcode06_3Gb	contig_2258	29042	32207	adeF_fluoroquinolone_antibiotic;_tetracycline_antibiotic	14	3165	3165	1.0	Acinetobacter (chromosome or plasmid)
barcode06_3Gb	contig_2347	115319	118913	evgS_macrolide_antibiotic;_fluoroquinolone_antibiotic;_penam;_tetracycline_antibiotic	14	3594	3594	1.0	Escherichia coli (chromosome or plasmid)
barcode06_3Gb	contig_2347	118917	119532	evgA_macrolide_antibiotic;_fluoroquinolone_antibiotic;_penam;_tetracycline_antibiotic	12	615	615	1.0	Escherichia coli (chromosome or plasmid)
barcode06_3Gb	contig_2347	120055	121111	emrK_tetracycline_antibiotic	12	1056	1056	1.0	Unknown taxonomy (chromosome or plasmid)
barcode06_3Gb	contig_2347	121110	122649	emrY_tetracycline_antibiotic	11	1539	1539	1.0	Unknown taxonomy (chromosome or plasmid)
barcode06_3Gb	contig_2385	8914	9553	AAC(6')-Ib9_aminoglycoside_antibiotic	17	639	639	1.0	Unknown taxonomy (chromosome or plasmid)
barcode06_3Gb	contig_2385	9767	11027	cmlA5_phenicol_antibiotic	14	1260	1260	1.0	Unknown taxonomy (chromosome or plasmid)
barcode06_3Gb	contig_2385	11145	12045	VEB-1_monobactam;_cephalosporin	14	900	900	1.0	Unknown taxonomy (chromosome or plasmid)
barcode06_3Gb	contig_2385	12189	12723	ANT(2'')-Ia_aminoglycoside_antibiotic	16	534	534	1.0	Unknown taxonomy (chromosome or plasmid)
barcode06_3Gb	contig_2385	14079	15555	msrE_macrolide_antibiotic;_streptogramin_antibiotic	54	1476	1476	1.0	Unknown taxonomy (chromosome or plasmid)
barcode06_3Gb	contig_2385	15610	16495	mphE_macrolide_antibiotic	40	885	885	1.0	Unknown taxonomy (chromosome or plasmid)
barcode06_3Gb	contig_2386	1955	2795	sul1_sulfonamide_antibiotic	62	840	840	1.0	Unknown taxonomy (chromosome or plasmid)
barcode06_3Gb	contig_2386	2788	3136	qacEdelta1_disinfecting_agents_and_antiseptics	61	348	348	1.0	Unknown taxonomy (chromosome or plasmid)
barcode06_3Gb	contig_2386	3358	3811	arr-3_rifamycin_antibiotic	36	453	453	1.0	Unknown taxonomy (chromosome or plasmid)
barcode06_3Gb	contig_2386	3895	4528	catB3_phenicol_antibiotic	37	633	633	1.0	Unknown taxonomy (chromosome or plasmid)
barcode06_3Gb	contig_2386	4665	5496	OXA-1_cephalosporin;_penam	34	831	831	1.0	Unknown taxonomy (chromosome or plasmid)
barcode06_3Gb	contig_2386	5626	6226	AAC(6')-Ib-cr6_fluoroquinolone_antibiotic;_aminoglycoside_antibiotic	40	600	600	1.0	Unknown taxonomy (chromosome or plasmid)
barcode06_3Gb	contig_24	66126	67008	vanW gene in vanG cluster_glycopeptide_antibiotic	178	882	882	1.0	Acinetobacter johnsonii (chromosome)
barcode06_3Gb	contig_2515	5095	5977	KPC-2_monobactam;_carbapenem;_cephalosporin;_penam	16	882	882	1.0	Unknown taxonomy (chromosome or plasmid)
barcode06_3Gb	contig_2520	15823	17377	vanW gene in vanI cluster_glycopeptide_antibiotic	11	1554	1554	1.0	
barcode06_3Gb	contig_2532	49151	50324	vanT gene in vanG cluster_glycopeptide_antibiotic	7	1173	1173	1.0	
barcode06_3Gb	contig_2555	26439	26814	ramA_fluoroquinolone_antibiotic;_monobactam;_carbapenem;_cephalosporin;_glycylcycline;_cephamycin;_penam;_tetracycline_antibiotic;_rifamycin_antibiotic;_phenicol_antibiotic;_penem;_disinfecting_agents_and_antiseptics	10	375	375	1.0	Enterobacter kobei (no genomic info)
barcode06_3Gb	contig_263	561569	562679	vanT gene in vanG cluster_glycopeptide_antibiotic	150	1110	1110	1.0	
barcode06_3Gb	contig_263	806142	809334	adeF_fluoroquinolone_antibiotic;_tetracycline_antibiotic	154	3192	3192	1.0	
barcode06_3Gb	contig_263	1064862	1065369	nimK_nitroimidazole_antibiotic	128	507	507	1.0	
barcode06_3Gb	contig_263	1768384	1769620	vanW gene in vanI cluster_glycopeptide_antibiotic	123	1236	1236	1.0	
barcode06_3Gb	contig_2632	13819	14074	rsmA_fluoroquinolone_antibiotic;_diaminopyrimidine_antibiotic;_phenicol_antibiotic	15	255	255	1.0	
barcode06_3Gb	contig_2640	28405	29710	Acinetobacter baumannii AbaQ_fluoroquinolone_antibiotic	12	1305	1305	1.0	Acinetobacter baumannii (chromosome or plasmid)
barcode06_3Gb	contig_2640	251950	252604	adeN_macrolide_antibiotic;_fluoroquinolone_antibiotic;_lincosamide_antibiotic;_carbapenem;_cephalosporin;_tetracycline_antibiotic;_rifamycin_antibiotic;_diaminopyrimidine_antibiotic;_phenicol_antibiotic;_penem	7	654	654	1.0	Acinetobacter baumannii (chromosome or plasmid)
barcode06_3Gb	contig_2640	306648	308127	Acinetobacter baumannii AmvA_macrolide_antibiotic;_disinfecting_agents_and_antiseptics	8	1479	1479	1.0	Acinetobacter baumannii (chromosome or plasmid)
barcode06_3Gb	contig_2640	573941	574271	abeS_macrolide_antibiotic;_aminocoumarin_antibiotic	10	330	330	1.0	Acinetobacter baumannii (chromosome or plasmid)
barcode06_3Gb	contig_2640	577583	578597	adeL_fluoroquinolone_antibiotic;_tetracycline_antibiotic	13	1014	1014	1.0	Acinetobacter baumannii (chromosome or plasmid)
barcode06_3Gb	contig_2640	578812	580033	adeG_fluoroquinolone_antibiotic;_tetracycline_antibiotic	16	1221	1221	1.0	Acinetobacter baumannii (chromosome or plasmid)
barcode06_3Gb	contig_2640	580039	583219	adeF_fluoroquinolone_antibiotic;_tetracycline_antibiotic	14	3180	3180	1.0	Acinetobacter baumannii (chromosome or plasmid)
barcode06_3Gb	contig_2640	583231	584680	adeH_fluoroquinolone_antibiotic;_tetracycline_antibiotic	13	1449	1449	1.0	Acinetobacter baumannii (chromosome or plasmid)
barcode06_3Gb	contig_2640	652488	653640	ADC-154_cephalosporin	19	1152	1152	1.0	Acinetobacter baumannii (chromosome or plasmid)
barcode06_3Gb	contig_2653	76990	80131	adeF_fluoroquinolone_antibiotic;_tetracycline_antibiotic	9	3141	3141	1.0	
barcode06_3Gb	contig_2653	274441	275554	vanT gene in vanG cluster_glycopeptide_antibiotic	10	1113	1113	1.0	
barcode06_3Gb	contig_2660	5734	6169	Escherichia coli AcrAB-TolC with MarR mutations conferring resistance to ciprofloxacin and tetracycline_fluoroquinolone_antibiotic;_cephalosporin;_glycylcycline;_penam;_tetracycline_antibiotic;_rifamycin_antibiotic;_phenicol_antibiotic;_disinfecting_agents_and_antiseptics	7	435	435	1.0	Enterobacter cloacae (chromosome)
barcode06_3Gb	contig_2660	6188	6569	marA_fluoroquinolone_antibiotic;_monobactam;_carbapenem;_cephalosporin;_glycylcycline;_cephamycin;_penam;_tetracycline_antibiotic;_rifamycin_antibiotic;_phenicol_antibiotic;_penem;_disinfecting_agents_and_antiseptics	6	381	381	1.0	Enterobacter roggenkampii (chromosome)
barcode06_3Gb	contig_2665	265043	265868	OXA-441_carbapenem;_penam	13	825	825	1.0	Acinetobacter baumannii (chromosome or plasmid)
barcode06_3Gb	contig_2747	1491	2271	APH(3')-VIa_aminoglycoside_antibiotic	25	780	780	1.0	Unknown taxonomy (chromosome or plasmid)
barcode06_3Gb	contig_2747	12142	13024	KPC-2_monobactam;_carbapenem;_cephalosporin;_penam	30	882	882	1.0	Unknown taxonomy (chromosome or plasmid)
barcode06_3Gb	contig_2810	46930	47212	qacJ_disinfecting_agents_and_antiseptics	4	282	282	1.0	
barcode06_3Gb	contig_2843	4091	5276	Escherichia coli EF-Tu mutants conferring resistance to Pulvomycin_elfamycin_antibiotic	7	1185	1185	1.0	Klebsiella michiganensis (chromosome or plasmid)
barcode06_3Gb	contig_2873	4373	5201	OXA-253_carbapenem;_penam	31	828	828	1.0	Acinetobacter baumannii (chromosome)
barcode06_3Gb	contig_2943	316056	316620	lnuC_lincosamide_antibiotic	30	564	564	1.0	Unknown taxonomy (chromosome or plasmid)
barcode06_3Gb	contig_2943	382496	385649	adeF_fluoroquinolone_antibiotic;_tetracycline_antibiotic	18	3153	3153	1.0	
barcode06_3Gb	contig_2943	1220506	1221070	lnuC_lincosamide_antibiotic	24	564	564	1.0	Unknown taxonomy (chromosome or plasmid)
barcode06_3Gb	contig_2943	2150348	2151842	vanW gene in vanI cluster_glycopeptide_antibiotic	16	1494	1494	1.0	
barcode06_3Gb	contig_2943	2222512	2223715	vanT gene in vanG cluster_glycopeptide_antibiotic	7	1203	1203	1.0	
barcode06_3Gb	contig_2971	5545	6760	floR_phenicol_antibiotic	15	1215	1215	1.0	Unknown taxonomy (chromosome or plasmid)
barcode06_3Gb	contig_2972	3276	4137	TEM-1_monobactam;_cephalosporin;_penam;_penem	28	861	861	1.0	Unknown taxonomy (chromosome or plasmid)
barcode06_3Gb	contig_2972	4278	5139	AAC(3)-IIe_aminoglycoside_antibiotic	19	861	861	1.0	Unknown taxonomy (chromosome or plasmid)
barcode06_3Gb	contig_3017	1205	3050	vanW gene in vanI cluster_glycopeptide_antibiotic	3	1845	1845	1.0	
barcode06_3Gb	contig_3071	17173	19147	tet(Q)_tetracycline_antibiotic	26	1974	1974	1.0	Unknown taxonomy (chromosome)
barcode06_3Gb	contig_3139	2515	3682	tet(A)_tetracycline_antibiotic	9	1167	1167	1.0	Unknown taxonomy (chromosome or plasmid)
barcode06_3Gb	contig_3140	7910	8714	APH(3'')-Ib_aminoglycoside_antibiotic	64	804	804	1.0	Unknown taxonomy (chromosome or plasmid)
barcode06_3Gb	contig_3140	22033	22849	sul2_sulfonamide_antibiotic	29	816	816	1.0	Unknown taxonomy (chromosome or plasmid)
barcode06_3Gb	contig_3147	31071	34248	adeF_fluoroquinolone_antibiotic;_tetracycline_antibiotic	20	3177	3177	1.0	Unknown taxonomy (chromosome)
barcode06_3Gb	contig_3190	13285	14065	APH(3')-VIa_aminoglycoside_antibiotic	9	780	780	1.0	Unknown taxonomy (chromosome or plasmid)
barcode06_3Gb	contig_3237	27070	27406	qacG_disinfecting_agents_and_antiseptics	9	336	336	1.0	
barcode06_3Gb	contig_3252	18724	20041	Acinetobacter baumannii AbaQ_fluoroquinolone_antibiotic	8	1317	1317	1.0	
barcode06_3Gb	contig_3261	8237	8711	dfrA6_diaminopyrimidine_antibiotic	9	474	474	1.0	Unknown taxonomy (chromosome or plasmid)
barcode06_3Gb	contig_3261	8869	9526	QnrVC1_fluoroquinolone_antibiotic	18	657	657	1.0	Unknown taxonomy (chromosome or plasmid)
barcode06_3Gb	contig_3270	3357	4518	vanT gene in vanG cluster_glycopeptide_antibiotic	7	1161	1161	1.0	
barcode06_3Gb	contig_3311	3699	4575	CTX-M-15_cephalosporin;_penam	14	876	876	1.0	Unknown taxonomy (chromosome or plasmid)
barcode06_3Gb	contig_3311	9215	9872	QnrS1_fluoroquinolone_antibiotic	27	657	657	1.0	Unknown taxonomy (chromosome or plasmid)
barcode06_3Gb	contig_3315	82651	83299	Escherichia coli AcrAB-TolC with AcrR mutation conferring resistance to ciprofloxacin, tetracycline, and ceftazidime_fluoroquinolone_antibiotic;_cephalosporin;_glycylcycline;_penam;_tetracycline_antibiotic;_rifamycin_antibiotic;_phenicol_antibiotic;_disinfecting_agents_and_antiseptics	17	648	648	1.0	Unknown taxonomy (chromosome or plasmid)
barcode06_3Gb	contig_3315	83440	84634	Escherichia coli acrA_fluoroquinolone_antibiotic;_cephalosporin;_glycylcycline;_penam;_tetracycline_antibiotic;_rifamycin_antibiotic;_phenicol_antibiotic;_disinfecting_agents_and_antiseptics	18	1194	1194	1.0	Unknown taxonomy (chromosome or plasmid)
barcode06_3Gb	contig_3315	84656	87806	acrB_fluoroquinolone_antibiotic;_cephalosporin;_glycylcycline;_penam;_tetracycline_antibiotic;_rifamycin_antibiotic;_phenicol_antibiotic;_disinfecting_agents_and_antiseptics	21	3150	3150	1.0	Escherichia coli (chromosome or plasmid)
barcode06_3Gb	contig_3315	170315	171410	vanG_glycopeptide_antibiotic	18	1095	1095	1.0	Unknown taxonomy (chromosome or plasmid)
barcode06_3Gb	contig_3420	21498	21924	FosA2_phosphonic_acid_antibiotic	4	426	426	1.0	Enterobacter kobei (chromosome)
barcode06_3Gb	contig_3472	620969	621716	vanY gene in vanG cluster_glycopeptide_antibiotic	10	747	747	1.0	
barcode06_3Gb	contig_3512	1255	2119	APH(3'')-Ib_aminoglycoside_antibiotic	36	864	864	1.0	Unknown taxonomy (chromosome or plasmid)
barcode06_3Gb	contig_3512	2118	2955	APH(6)-Id_aminoglycoside_antibiotic	31	837	837	1.0	Unknown taxonomy (chromosome or plasmid)
barcode06_3Gb	contig_3524	2528	3392	GES-1_carbapenem;_cephalosporin;_penam	17	864	864	1.0	Unknown taxonomy (chromosome or plasmid)
barcode06_3Gb	contig_3619	86760	87093	Escherichia coli emrE_macrolide_antibiotic	8	333	333	1.0	Unknown taxonomy (chromosome or plasmid)
barcode06_3Gb	contig_3666	3733	4633	VEB-3_monobactam;_cephalosporin	6	900	900	1.0	Unknown taxonomy (chromosome or plasmid)
barcode06_3Gb	contig_3666	7346	8186	sul1_sulfonamide_antibiotic	14	840	840	1.0	Unknown taxonomy (chromosome or plasmid)
barcode06_3Gb	contig_3666	8542	9388	aadA16_aminoglycoside_antibiotic	9	846	846	1.0	Unknown taxonomy (chromosome or plasmid)
barcode06_3Gb	contig_3666	9546	10179	catB3_phenicol_antibiotic	10	633	633	1.0	Unknown taxonomy (chromosome or plasmid)
barcode06_3Gb	contig_3666	10240	11068	OXA-21_cephalosporin;_penam	12	828	828	1.0	Unknown taxonomy (chromosome or plasmid)
barcode06_3Gb	contig_3666	11137	11692	AAC(6')-IIa_aminoglycoside_antibiotic	11	555	555	1.0	Unknown taxonomy (chromosome or plasmid)
barcode06_3Gb	contig_367	218029	219484	adeK_macrolide_antibiotic;_fluoroquinolone_antibiotic;_lincosamide_antibiotic;_carbapenem;_cephalosporin;_tetracycline_antibiotic;_rifamycin_antibiotic;_diaminopyrimidine_antibiotic;_phenicol_antibiotic;_penem	21	1455	1455	1.0	Acinetobacter baumannii (chromosome or plasmid)
barcode06_3Gb	contig_367	219483	222660	adeJ_macrolide_antibiotic;_fluoroquinolone_antibiotic;_lincosamide_antibiotic;_carbapenem;_cephalosporin;_tetracycline_antibiotic;_rifamycin_antibiotic;_diaminopyrimidine_antibiotic;_phenicol_antibiotic;_penem	24	3177	3177	1.0	Acinetobacter baumannii (chromosome or plasmid)
barcode06_3Gb	contig_367	222672	223923	adeI_macrolide_antibiotic;_fluoroquinolone_antibiotic;_lincosamide_antibiotic;_carbapenem;_cephalosporin;_tetracycline_antibiotic;_rifamycin_antibiotic;_diaminopyrimidine_antibiotic;_phenicol_antibiotic;_penem	21	1251	1251	1.0	Acinetobacter baumannii (chromosome or plasmid)
barcode06_3Gb	contig_3699	311746	313741	lmrD_lincosamide_antibiotic	11	1995	1995	1.0	
barcode06_3Gb	contig_3749	48089	49421	vanW gene in vanI cluster_glycopeptide_antibiotic	6	1332	1332	1.0	
barcode06_3Gb	contig_3776	5757	6402	QnrB19_fluoroquinolone_antibiotic	27	645	645	1.0	Unknown taxonomy (chromosome or plasmid)
barcode06_3Gb	contig_3798	26877	27876	vanH gene in vanB cluster_glycopeptide_antibiotic	5	999	999	1.0	
barcode06_3Gb	contig_3817	29397	29727	qacG_disinfecting_agents_and_antiseptics	4	330	330	1.0	
barcode06_3Gb	contig_3860	25136	26321	Escherichia coli EF-Tu mutants conferring resistance to Pulvomycin_elfamycin_antibiotic	24	1185	1185	1.0	Enterobacter (chromosome or plasmid)
barcode06_3Gb	contig_388	1092	1908	APH(3')-Ia_aminoglycoside_antibiotic	17	816	816	1.0	Unknown taxonomy (chromosome or plasmid)
barcode06_3Gb	contig_3904	799	2719	tet(O)_tetracycline_antibiotic	27	1920	1920	1.0	Unknown taxonomy (chromosome or plasmid)
barcode06_3Gb	contig_392	2124	2622	dfrA12_diaminopyrimidine_antibiotic	21	498	498	1.0	Unknown taxonomy (chromosome or plasmid)
barcode06_3Gb	contig_392	3041	3821	aadA2_aminoglycoside_antibiotic	29	780	780	1.0	Unknown taxonomy (chromosome or plasmid)
barcode06_3Gb	contig_392	3985	4333	qacEdelta1_disinfecting_agents_and_antiseptics	36	348	348	1.0	Unknown taxonomy (chromosome or plasmid)
barcode06_3Gb	contig_392	4326	5166	sul1_sulfonamide_antibiotic	33	840	840	1.0	Unknown taxonomy (chromosome or plasmid)
barcode06_3Gb	contig_394	886	1792	mphA_macrolide_antibiotic	44	906	906	1.0	Unknown taxonomy (chromosome or plasmid)
barcode06_3Gb	contig_394	1788	3027	Mrx_macrolide_antibiotic	40	1239	1239	1.0	Unknown taxonomy (chromosome or plasmid)
barcode06_3Gb	contig_396	1077	1917	sul1_sulfonamide_antibiotic	45	840	840	1.0	Unknown taxonomy (chromosome or plasmid)
barcode06_3Gb	contig_396	1910	2258	qacEdelta1_disinfecting_agents_and_antiseptics	42	348	348	1.0	Unknown taxonomy (chromosome or plasmid)
barcode06_3Gb	contig_396	2374	3220	aadA6_aminoglycoside_antibiotic	21	846	846	1.0	Unknown taxonomy (chromosome or plasmid)
barcode06_3Gb	contig_396	3331	3664	qacJ_disinfecting_agents_and_antiseptics	17	333	333	1.0	Unknown taxonomy (chromosome or plasmid)
barcode06_3Gb	contig_396	3793	4621	OXA-2_carbapenem;_cephalosporin;_penam	26	828	828	1.0	Unknown taxonomy (chromosome or plasmid)
barcode06_3Gb	contig_396	4690	5224	ANT(2'')-Ia_aminoglycoside_antibiotic	27	534	534	1.0	Unknown taxonomy (chromosome or plasmid)
barcode06_3Gb	contig_396	5355	5814	AAC(6')-Il_aminoglycoside_antibiotic	20	459	459	1.0	Unknown taxonomy (chromosome or plasmid)
barcode06_3Gb	contig_396	5872	6406	ANT(2'')-Ia_aminoglycoside_antibiotic	22	534	534	1.0	Unknown taxonomy (chromosome or plasmid)
barcode06_3Gb	contig_396	7131	7590	AAC(6')-Il_aminoglycoside_antibiotic	19	459	459	1.0	Unknown taxonomy (chromosome or plasmid)
barcode06_3Gb	contig_396	9852	10362	dfrA8_diaminopyrimidine_antibiotic	13	510	510	1.0	Unknown taxonomy (chromosome or plasmid)
barcode06_3Gb	contig_3964	26146	27034	vanW gene in vanG cluster_glycopeptide_antibiotic	6	888	888	1.0	
barcode06_3Gb	contig_398	30417	31299	KPC-2_monobactam;_carbapenem;_cephalosporin;_penam	135	882	882	1.0	Unknown taxonomy (chromosome or plasmid)
barcode06_3Gb	contig_4059	17918	19631	tet(M)_tetracycline_antibiotic	8	1713	1713	1.0	Unknown taxonomy (chromosome or plasmid)
barcode06_3Gb	contig_4066	93515	94337	bacA_peptide_antibiotic	17	822	822	1.0	
barcode06_3Gb	contig_407	20969	21806	APH(6)-Id_aminoglycoside_antibiotic	51	837	837	1.0	Unknown taxonomy (chromosome or plasmid)
barcode06_3Gb	contig_408	4007	4892	mphE_macrolide_antibiotic	9	885	885	1.0	Unknown taxonomy (chromosome or plasmid)
barcode06_3Gb	contig_410	4880	5246	Klebsiella pneumoniae KpnE_macrolide_antibiotic;_aminoglycoside_antibiotic;_cephalosporin;_tetracycline_antibiotic;_peptide_antibiotic;_rifamycin_antibiotic;_disinfecting_agents_and_antiseptics	15	366	366	1.0	Unknown taxonomy (chromosome or plasmid)
barcode06_3Gb	contig_410	5232	5562	Klebsiella pneumoniae KpnF_macrolide_antibiotic;_aminoglycoside_antibiotic;_cephalosporin;_tetracycline_antibiotic;_peptide_antibiotic;_rifamycin_antibiotic;_disinfecting_agents_and_antiseptics	16	330	330	1.0	Unknown taxonomy (chromosome or plasmid)
barcode06_3Gb	contig_410	45535	45919	marA_fluoroquinolone_antibiotic;_monobactam;_carbapenem;_cephalosporin;_glycylcycline;_cephamycin;_penam;_tetracycline_antibiotic;_rifamycin_antibiotic;_phenicol_antibiotic;_penem;_disinfecting_agents_and_antiseptics	3	384	384	1.0	Unknown taxonomy (chromosome or plasmid)
barcode06_3Gb	contig_410	45939	46374	Escherichia coli AcrAB-TolC with MarR mutations conferring resistance to ciprofloxacin and tetracycline_fluoroquinolone_antibiotic;_cephalosporin;_glycylcycline;_penam;_tetracycline_antibiotic;_rifamycin_antibiotic;_phenicol_antibiotic;_disinfecting_agents_and_antiseptics	3	435	435	1.0	Unknown taxonomy (chromosome or plasmid)
barcode06_3Gb	contig_413	349	1210	AAC(3)-IIe_aminoglycoside_antibiotic	10	861	861	1.0	Klebsiella pneumoniae (chromosome or plasmid)
barcode06_3Gb	contig_413	1697	2342	QnrB19_fluoroquinolone_antibiotic	25	645	645	1.0	Unknown taxonomy (chromosome or plasmid)
barcode06_3Gb	contig_4165	16207	17581	cpxA_aminoglycoside_antibiotic;_aminocoumarin_antibiotic	5	1374	1374	1.0	
barcode06_3Gb	contig_4176	753	1410	QnrS1_fluoroquinolone_antibiotic	12	657	657	1.0	Unknown taxonomy (chromosome or plasmid)
barcode06_3Gb	contig_4176	6050	6926	CTX-M-15_cephalosporin;_penam	14	876	876	1.0	Unknown taxonomy (chromosome or plasmid)
barcode06_3Gb	contig_435	22737	23139	FosA8_phosphonic_acid_antibiotic	49	402	402	1.0	Aeromonas caviae (chromosome or plasmid)
barcode06_3Gb	contig_435	146745	146934	rsmA_fluoroquinolone_antibiotic;_diaminopyrimidine_antibiotic;_phenicol_antibiotic	43	189	189	1.0	
barcode06_3Gb	contig_4406	124192	125836	YojI_peptide_antibiotic	7	1644	1644	1.0	Unknown taxonomy (chromosome or plasmid)
barcode06_3Gb	contig_4406	161050	162409	Escherichia coli GlpT with mutation conferring resistance to fosfomycin_phosphonic_acid_antibiotic	14	1359	1359	1.0	Escherichia coli (chromosome or plasmid)
barcode06_3Gb	contig_4406	173631	174600	PmrF_peptide_antibiotic	13	969	969	1.0	Unknown taxonomy (chromosome or plasmid)
barcode06_3Gb	contig_4406	177468	179121	ArnT_peptide_antibiotic	10	1653	1653	1.0	Unknown taxonomy (chromosome or plasmid)
barcode06_3Gb	contig_4527	6407	7040	CRP_macrolide_antibiotic;_fluoroquinolone_antibiotic;_penam	15	633	633	1.0	Klebsiella pneumoniae (chromosome or plasmid)
barcode06_3Gb	contig_4598	13565	14144	vanW gene in vanI cluster_glycopeptide_antibiotic	3	579	579	1.0	Roseburia hominis (no genomic info)
barcode06_3Gb	contig_4662	34575	35241	ArnT_peptide_antibiotic	7	666	666	1.0	Klebsiella quasipneumoniae (chromosome)
barcode06_3Gb	contig_4729	2960	3983	leuO_nucleoside_antibiotic;_disinfecting_agents_and_antiseptics	14	1023	1023	1.0	Enterobacter kobei (chromosome)
barcode06_3Gb	contig_4836	4568	5444	CTX-M-55_cephalosporin	13	876	876	1.0	Unknown taxonomy (chromosome or plasmid)
barcode06_3Gb	contig_4836	8014	8431	FosA3_phosphonic_acid_antibiotic	8	417	417	1.0	Unknown taxonomy (chromosome or plasmid)
barcode06_3Gb	contig_4843	23773	24763	vanH gene in vanB cluster_glycopeptide_antibiotic	8	990	990	1.0	
barcode06_3Gb	contig_4869	8122	8311	rsmA_fluoroquinolone_antibiotic;_diaminopyrimidine_antibiotic;_phenicol_antibiotic	18	189	189	1.0	
barcode06_3Gb	contig_4881	34264	37435	adeF_fluoroquinolone_antibiotic;_tetracycline_antibiotic	15	3171	3171	1.0	
barcode06_3Gb	contig_5007	14484	15222	ErmB_macrolide_antibiotic;_lincosamide_antibiotic;_streptogramin_antibiotic;_streptogramin_A_antibiotic;_streptogramin_B_antibiotic	19	738	738	1.0	Unknown taxonomy (chromosome or plasmid)
barcode06_3Gb	contig_5360	11759	12392	CRP_macrolide_antibiotic;_fluoroquinolone_antibiotic;_penam	21	633	633	1.0	Escherichia coli (chromosome or plasmid)
barcode06_3Gb	contig_547	23394	24600	Mef(En2)_macrolide_antibiotic;_lincosamide_antibiotic	10	1206	1206	1.0	Unknown taxonomy (chromosome)
barcode06_3Gb	contig_5498	1734	2067	Escherichia coli emrE_macrolide_antibiotic	4	333	333	1.0	Unknown taxonomy (chromosome or plasmid)
barcode06_3Gb	contig_5507	5725	6586	SHV-2_carbapenem;_cephalosporin;_penam	8	861	861	1.0	Unknown taxonomy (chromosome or plasmid)
barcode06_3Gb	contig_5516	16385	16751	Escherichia coli soxS with mutation conferring antibiotic resistance_fluoroquinolone_antibiotic;_monobactam;_carbapenem;_cephalosporin;_glycylcycline;_cephamycin;_penam;_tetracycline_antibiotic;_rifamycin_antibiotic;_phenicol_antibiotic;_penem;_disinfecting_agents_and_antiseptics	16	366	366	1.0	
barcode06_3Gb	contig_5545	17818	19210	Escherichia coli UhpT with mutation conferring resistance to fosfomycin_phosphonic_acid_antibiotic	7	1392	1392	1.0	Unknown taxonomy (chromosome or plasmid)
barcode06_3Gb	contig_5652	20622	21816	Escherichia coli acrA_fluoroquinolone_antibiotic;_cephalosporin;_glycylcycline;_penam;_tetracycline_antibiotic;_rifamycin_antibiotic;_phenicol_antibiotic;_disinfecting_agents_and_antiseptics	7	1194	1194	1.0	Citrobacter (chromosome or plasmid)
barcode06_3Gb	contig_571	221904	223005	LpsB_peptide_antibiotic	21	1101	1101	1.0	Acinetobacter baumannii (chromosome or plasmid)
barcode06_3Gb	contig_571	270088	271435	abeM_fluoroquinolone_antibiotic;_disinfecting_agents_and_antiseptics	22	1347	1347	1.0	Acinetobacter baumannii (chromosome or plasmid)
barcode06_3Gb	contig_571	478931	481151	Acinetobacter baumannii parC conferring resistance to fluoroquinolones_fluoroquinolone_antibiotic	32	2220	2220	1.0	Acinetobacter baumannii (chromosome or plasmid)
barcode06_3Gb	contig_571	539372	540161	ANT(3'')-IIa_aminoglycoside_antibiotic	27	789	789	1.0	Acinetobacter baumannii (chromosome or plasmid)
barcode06_3Gb	contig_5792	25001	28025	adeF_fluoroquinolone_antibiotic;_tetracycline_antibiotic	55	3024	3024	1.0	Aeromonas caviae (chromosome or plasmid)
barcode06_3Gb	contig_5835	12373	13606	Escherichia coli mdfA_tetracycline_antibiotic;_disinfecting_agents_and_antiseptics	13	1233	1233	1.0	Escherichia coli (chromosome or plasmid)
barcode06_3Gb	contig_5845	11715	12900	Escherichia coli EF-Tu mutants conferring resistance to Pulvomycin_elfamycin_antibiotic	11	1185	1185	1.0	Unknown taxonomy (chromosome or plasmid)
barcode06_3Gb	contig_5856	145898	147125	mdtG_phosphonic_acid_antibiotic	15	1227	1227	1.0	Unknown taxonomy (chromosome or plasmid)
barcode06_3Gb	contig_5856	155763	156972	mdtH_fluoroquinolone_antibiotic	15	1209	1209	1.0	Unknown taxonomy (chromosome or plasmid)
barcode06_3Gb	contig_5856	308860	309274	H-NS_macrolide_antibiotic;_fluoroquinolone_antibiotic;_cephalosporin;_cephamycin;_penam;_tetracycline_antibiotic	11	414	414	1.0	Unknown taxonomy (chromosome or plasmid)
barcode06_3Gb	contig_5868	24493	25642	vanT gene in vanG cluster_glycopeptide_antibiotic	5	1149	1149	1.0	
barcode06_3Gb	contig_5890	7801	8785	PmrF_peptide_antibiotic	7	984	984	1.0	
barcode06_3Gb	contig_5890	11661	13317	ArnT_peptide_antibiotic	8	1656	1656	1.0	Enterobacter kobei (chromosome)
barcode06_3Gb	contig_5896	262636	264607	tet(O)_tetracycline_antibiotic	6	1971	1971	1.0	
barcode06_3Gb	contig_5896	271516	272689	vanT gene in vanG cluster_glycopeptide_antibiotic	5	1173	1173	1.0	
barcode06_3Gb	contig_5910	8687	9425	ErmB_macrolide_antibiotic;_lincosamide_antibiotic;_streptogramin_antibiotic;_streptogramin_A_antibiotic;_streptogramin_B_antibiotic	9	738	738	1.0	Unknown taxonomy (chromosome or plasmid)
barcode06_3Gb	contig_5913	15522	16707	Escherichia coli EF-Tu mutants conferring resistance to Pulvomycin_elfamycin_antibiotic	16	1185	1185	1.0	Enterobacter (chromosome or plasmid)
barcode06_3Gb	contig_5930	2764	3238	dfrA6_diaminopyrimidine_antibiotic	5	474	474	1.0	Unknown taxonomy (chromosome or plasmid)
barcode06_3Gb	contig_5930	3966	4830	GES-1_carbapenem;_cephalosporin;_penam	30	864	864	1.0	Unknown taxonomy (chromosome or plasmid)
barcode06_3Gb	contig_5930	4903	5362	AAC(6')-Il_aminoglycoside_antibiotic	30	459	459	1.0	Unknown taxonomy (chromosome or plasmid)
barcode06_3Gb	contig_5935	1941	2805	GES-1_carbapenem;_cephalosporin;_penam	18	864	864	1.0	Unknown taxonomy (chromosome or plasmid)
barcode06_3Gb	contig_5935	2878	3337	AAC(6')-Il_aminoglycoside_antibiotic	15	459	459	1.0	Unknown taxonomy (chromosome or plasmid)
barcode06_3Gb	contig_5935	4300	5155	ErmX_macrolide_antibiotic;_lincosamide_antibiotic;_streptogramin_antibiotic;_streptogramin_A_antibiotic;_streptogramin_B_antibiotic	10	855	855	1.0	Unknown taxonomy (chromosome or plasmid)
barcode06_3Gb	contig_5935	6447	7230	LCR-1_cephalosporin;_penam	6	783	783	1.0	Pseudomonas aeruginosa (chromosome or plasmid)
barcode06_3Gb	contig_6	714454	715564	vanT gene in vanG cluster_glycopeptide_antibiotic	38	1110	1110	1.0	
barcode06_3Gb	contig_6001	9385	10213	OXA-253_carbapenem;_penam	24	828	828	1.0	Acinetobacter baumannii (chromosome)
barcode06_3Gb	contig_6003	8200	9166	CfxA3_cephamycin	20	966	966	1.0	Unknown taxonomy (chromosome or plasmid)
barcode06_3Gb	contig_6025	131613	132219	vanW gene in vanI cluster_glycopeptide_antibiotic	4	606	606	1.0	
barcode06_3Gb	contig_6031	19046	20972	tet(Q)_tetracycline_antibiotic	9	1926	1926	1.0	Unknown taxonomy (chromosome)
barcode06_3Gb	contig_6031	21709	22846	tet(X)_glycylcycline;_tetracycline_antibiotic	9	1137	1137	1.0	Unknown taxonomy (chromosome or plasmid)
barcode06_3Gb	contig_6031	23058	23859	ErmF_macrolide_antibiotic;_lincosamide_antibiotic;_streptogramin_antibiotic;_streptogramin_A_antibiotic;_streptogramin_B_antibiotic	21	801	801	1.0	Unknown taxonomy (chromosome or plasmid)
barcode06_3Gb	contig_6033	26289	27435	ACT-28_carbapenem;_cephalosporin;_cephamycin;_penam	7	1146	1146	1.0	Enterobacter kobei (chromosome)
barcode06_3Gb	contig_6058	16408	17209	VIM-4_carbapenem;_cephalosporin;_cephamycin;_penam;_penem	5	801	801	1.0	Unknown taxonomy (chromosome or plasmid)
barcode06_3Gb	contig_631	6420	7242	lnuF_lincosamide_antibiotic	7	822	822	1.0	Unknown taxonomy (chromosome or plasmid)
barcode06_3Gb	contig_633	160881	161868	vanH gene in vanO cluster_glycopeptide_antibiotic	25	987	987	1.0	
barcode06_3Gb	contig_633	741620	742778	vanT gene in vanG cluster_glycopeptide_antibiotic	21	1158	1158	1.0	
barcode06_3Gb	contig_642	127118	127796	kdpE_aminoglycoside_antibiotic	7	678	678	1.0	Escherichia coli (chromosome or plasmid)
barcode06_3Gb	contig_674	5980	6808	OXA-253_carbapenem;_penam	25	828	828	1.0	Acinetobacter baumannii (chromosome)
barcode06_3Gb	contig_688	1839	3315	msrE_macrolide_antibiotic;_streptogramin_antibiotic	66	1476	1476	1.0	Unknown taxonomy (chromosome or plasmid)
barcode06_3Gb	contig_688	7064	7901	APH(6)-Id_aminoglycoside_antibiotic	50	837	837	1.0	Unknown taxonomy (chromosome or plasmid)
barcode06_3Gb	contig_772	47616	47802	rsmA_fluoroquinolone_antibiotic;_diaminopyrimidine_antibiotic;_phenicol_antibiotic	19	186	186	1.0	Enterobacter (chromosome or plasmid)
barcode06_3Gb	contig_775	70013	70544	emrR_fluoroquinolone_antibiotic	15	531	531	1.0	Unknown taxonomy (chromosome or plasmid)
barcode06_3Gb	contig_775	71860	73162	Klebsiella pneumoniae KpnH_macrolide_antibiotic;_fluoroquinolone_antibiotic;_aminoglycoside_antibiotic;_carbapenem;_cephalosporin;_penam;_peptide_antibiotic;_penem	12	1302	1302	1.0	Escherichia coli (chromosome or plasmid)
barcode06_3Gb	contig_775	78211	78397	rsmA_fluoroquinolone_antibiotic;_diaminopyrimidine_antibiotic;_phenicol_antibiotic	13	186	186	1.0	Unknown taxonomy (chromosome or plasmid)
barcode06_3Gb	contig_780	95502	96894	Escherichia coli UhpT with mutation conferring resistance to fosfomycin_phosphonic_acid_antibiotic	13	1392	1392	1.0	Enterobacter kobei (chromosome or plasmid)
barcode06_3Gb	contig_781	34790	35975	Escherichia coli EF-Tu mutants conferring resistance to Pulvomycin_elfamycin_antibiotic	12	1185	1185	1.0	Citrobacter freundii (chromosome or plasmid)
barcode06_3Gb	contig_789	42287	45392	AcrF_fluoroquinolone_antibiotic;_cephalosporin;_cephamycin;_penam	21	3105	3105	1.0	Escherichia coli (chromosome or plasmid)
barcode06_3Gb	contig_789	45403	46561	AcrE_fluoroquinolone_antibiotic;_cephalosporin;_cephamycin;_penam	19	1158	1158	1.0	Unknown taxonomy (chromosome or plasmid)
barcode06_3Gb	contig_789	46959	47622	AcrS_fluoroquinolone_antibiotic;_cephalosporin;_glycylcycline;_cephamycin;_penam;_tetracycline_antibiotic;_rifamycin_antibiotic;_phenicol_antibiotic;_disinfecting_agents_and_antiseptics	21	663	663	1.0	Escherichia coli (chromosome or plasmid)
barcode06_3Gb	contig_789	252323	253145	bacA_peptide_antibiotic	10	822	822	1.0	Unknown taxonomy (chromosome or plasmid)
barcode06_3Gb	contig_794	71105	72251	MIR-16_monobactam;_cephalosporin	11	1146	1146	1.0	Enterobacter (chromosome)
barcode06_3Gb	contig_796	4144	5329	Escherichia coli EF-Tu mutants conferring resistance to Pulvomycin_elfamycin_antibiotic	14	1185	1185	1.0	Unknown taxonomy (chromosome or plasmid)
barcode06_3Gb	contig_90	84680	85868	tet(39)_tetracycline_antibiotic	59	1188	1188	1.0	Unknown taxonomy (plasmid)
barcode06_3Gb	contig_90	86894	87779	mphE_macrolide_antibiotic	64	885	885	1.0	Unknown taxonomy (chromosome or plasmid)
barcode06_3Gb	contig_90	87834	89310	msrE_macrolide_antibiotic;_streptogramin_antibiotic	80	1476	1476	1.0	Unknown taxonomy (chromosome or plasmid)
barcode06_3Gb	contig_90	93966	95154	tet(39)_tetracycline_antibiotic	44	1188	1188	1.0	Unknown taxonomy (plasmid)
barcode06_3Gb	contig_92	44256	45141	mphE_macrolide_antibiotic	62	885	885	1.0	Unknown taxonomy (chromosome or plasmid)
barcode06_3Gb	contig_92	45196	46672	msrE_macrolide_antibiotic;_streptogramin_antibiotic	68	1476	1476	1.0	Unknown taxonomy (chromosome or plasmid)
barcode06_3Gb	contig_98	94334	94700	qacG_disinfecting_agents_and_antiseptics	95	366	366	1.0	Acinetobacter johnsonii (chromosome)
barcode06_6Gb	contig_1	16962	17646	vanW gene in vanI cluster_glycopeptide_antibiotic	7	684	684	1.0	
barcode06_6Gb	contig_1003	270382	271456	vanT gene in vanG cluster_glycopeptide_antibiotic	72	1074	1074	1.0	
barcode06_6Gb	contig_10090	306775	307264	nimJ_nitroimidazole_antibiotic	6	489	489	1.0	
barcode06_6Gb	contig_10139	7038	7224	rsmA_fluoroquinolone_antibiotic;_diaminopyrimidine_antibiotic;_phenicol_antibiotic	15	186	186	1.0	Citrobacter (chromosome or plasmid)
barcode06_6Gb	contig_10139	12080	13619	emrB_fluoroquinolone_antibiotic	10	1539	1539	1.0	Citrobacter portucalensis (chromosome)
barcode06_6Gb	contig_10139	13635	14808	emrA_fluoroquinolone_antibiotic	9	1173	1173	1.0	Citrobacter portucalensis (no genomic info)
barcode06_6Gb	contig_10139	14937	15468	emrR_fluoroquinolone_antibiotic	12	531	531	1.0	Citrobacter (chromosome)
barcode06_6Gb	contig_10245	63763	64957	Shigella flexneri acrA_fluoroquinolone_antibiotic;_cephalosporin;_glycylcycline;_penam;_tetracycline_antibiotic;_rifamycin_antibiotic;_phenicol_antibiotic;_disinfecting_agents_and_antiseptics	4	1194	1194	1.0	Unknown taxonomy (chromosome)
barcode06_6Gb	contig_10272	3375	4518	vanT gene in vanG cluster_glycopeptide_antibiotic	7	1143	1143	1.0	
barcode06_6Gb	contig_10293	5944	6601	QnrVC1_fluoroquinolone_antibiotic	21	657	657	1.0	Unknown taxonomy (chromosome or plasmid)
barcode06_6Gb	contig_10298	16042	17236	Enterobacter cloacae acrA_fluoroquinolone_antibiotic;_cephalosporin;_glycylcycline;_penam;_tetracycline_antibiotic;_rifamycin_antibiotic;_phenicol_antibiotic;_disinfecting_agents_and_antiseptics	18	1194	1194	1.0	Enterobacter roggenkampii (chromosome)
barcode06_6Gb	contig_10406	30410	31409	vanH gene in vanB cluster_glycopeptide_antibiotic	6	999	999	1.0	
barcode06_6Gb	contig_10449	7502	7688	rsmA_fluoroquinolone_antibiotic;_diaminopyrimidine_antibiotic;_phenicol_antibiotic	8	186	186	1.0	Unknown taxonomy (chromosome or plasmid)
barcode06_6Gb	contig_10454	19547	21224	vanW gene in vanI cluster_glycopeptide_antibiotic	6	1677	1677	1.0	Roseburia hominis (no genomic info)
barcode06_6Gb	contig_10557	944	1805	TEM-1_monobactam;_cephalosporin;_penam;_penem	35	861	861	1.0	Unknown taxonomy (chromosome or plasmid)
barcode06_6Gb	contig_10601	2156	3299	vanT gene in vanG cluster_glycopeptide_antibiotic	3	1143	1143	1.0	
barcode06_6Gb	contig_10690	8543	9719	oqxA_fluoroquinolone_antibiotic;_glycylcycline;_tetracycline_antibiotic;_diaminopyrimidine_antibiotic;_nitrofuran_antibiotic	15	1176	1176	1.0	Enterobacter (chromosome)
barcode06_6Gb	contig_10768	9733	9952	rsmA_fluoroquinolone_antibiotic;_diaminopyrimidine_antibiotic;_phenicol_antibiotic	6	219	219	1.0	
barcode06_6Gb	contig_10772	52622	53357	ErmG_macrolide_antibiotic;_lincosamide_antibiotic;_streptogramin_antibiotic;_streptogramin_A_antibiotic;_streptogramin_B_antibiotic	9	735	735	1.0	Unknown taxonomy (chromosome)
barcode06_6Gb	contig_10773	2546	3368	bacA_peptide_antibiotic	5	822	822	1.0	
barcode06_6Gb	contig_10779	14296	15019	baeR_aminoglycoside_antibiotic;_aminocoumarin_antibiotic	5	723	723	1.0	Citrobacter freundii (chromosome)
barcode06_6Gb	contig_10831	3598	4957	Escherichia coli GlpT with mutation conferring resistance to fosfomycin_phosphonic_acid_antibiotic	7	1359	1359	1.0	Citrobacter freundii (chromosome or plasmid)
barcode06_6Gb	contig_10861	83571	84744	vanT gene in vanG cluster_glycopeptide_antibiotic	9	1173	1173	1.0	
barcode06_6Gb	contig_10889	16207	16570	Klebsiella pneumoniae KpnE_macrolide_antibiotic;_aminoglycoside_antibiotic;_cephalosporin;_tetracycline_antibiotic;_peptide_antibiotic;_rifamycin_antibiotic;_disinfecting_agents_and_antiseptics	7	363	363	1.0	Citrobacter (chromosome)
barcode06_6Gb	contig_10889	16556	16886	Klebsiella pneumoniae KpnF_macrolide_antibiotic;_aminoglycoside_antibiotic;_cephalosporin;_tetracycline_antibiotic;_peptide_antibiotic;_rifamycin_antibiotic;_disinfecting_agents_and_antiseptics	7	330	330	1.0	Citrobacter (chromosome)
barcode06_6Gb	contig_10921	33021	34011	vanH gene in vanB cluster_glycopeptide_antibiotic	13	990	990	1.0	
barcode06_6Gb	contig_10932	12425	13133	baeR_aminoglycoside_antibiotic;_aminocoumarin_antibiotic	13	708	708	1.0	Enterobacter (chromosome)
barcode06_6Gb	contig_11587	23008	24757	msbA_nitroimidazole_antibiotic	20	1749	1749	1.0	Unknown taxonomy (chromosome)
barcode06_6Gb	contig_11600	4427	5627	tet(A)_tetracycline_antibiotic	25	1200	1200	1.0	Unknown taxonomy (chromosome or plasmid)
barcode06_6Gb	contig_11630	64303	65536	Escherichia coli mdfA_tetracycline_antibiotic;_disinfecting_agents_and_antiseptics	29	1233	1233	1.0	Unknown taxonomy (chromosome or plasmid)
barcode06_6Gb	contig_11633	9269	9524	rsmA_fluoroquinolone_antibiotic;_diaminopyrimidine_antibiotic;_phenicol_antibiotic	15	255	255	1.0	
barcode06_6Gb	contig_11722	17700	18891	tet(C)_tetracycline_antibiotic	21	1191	1191	1.0	Unknown taxonomy (chromosome or plasmid)
barcode06_6Gb	contig_11775	12569	13754	Escherichia coli EF-Tu mutants conferring resistance to Pulvomycin_elfamycin_antibiotic	28	1185	1185	1.0	Enterobacter roggenkampii (chromosome or plasmid)
barcode06_6Gb	contig_11781	30680	33794	adeF_fluoroquinolone_antibiotic;_tetracycline_antibiotic	12	3114	3114	1.0	
barcode06_6Gb	contig_11792	7821	10299	vanT gene in vanG cluster_glycopeptide_antibiotic	16	2478	2478	1.0	
barcode06_6Gb	contig_11807	3828	4176	qacEdelta1_disinfecting_agents_and_antiseptics	29	348	348	1.0	Unknown taxonomy (chromosome or plasmid)
barcode06_6Gb	contig_11807	4169	5009	sul1_sulfonamide_antibiotic	25	840	840	1.0	Unknown taxonomy (chromosome or plasmid)
barcode06_6Gb	contig_11807	6675	7866	tet(C)_tetracycline_antibiotic	21	1191	1191	1.0	Unknown taxonomy (chromosome or plasmid)
barcode06_6Gb	contig_11811	9489	10674	Escherichia coli EF-Tu mutants conferring resistance to Pulvomycin_elfamycin_antibiotic	7	1185	1185	1.0	Providencia (chromosome)
barcode06_6Gb	contig_11818	15339	16239	tet(O)_tetracycline_antibiotic	19	900	900	1.0	Unknown taxonomy (chromosome or plasmid)
barcode06_6Gb	contig_1187	51290	52769	Acinetobacter baumannii AmvA_macrolide_antibiotic;_disinfecting_agents_and_antiseptics	17	1479	1479	1.0	Acinetobacter baumannii (chromosome or plasmid)
barcode06_6Gb	contig_11915	1322	2249	AAC(3)-IIe_aminoglycoside_antibiotic	12	927	927	1.0	Acinetobacter pittii (chromosome or plasmid)
barcode06_6Gb	contig_11944	56953	57139	rsmA_fluoroquinolone_antibiotic;_diaminopyrimidine_antibiotic;_phenicol_antibiotic	21	186	186	1.0	Enterobacter (chromosome or plasmid)
barcode06_6Gb	contig_11944	64180	65728	emrB_fluoroquinolone_antibiotic	13	1548	1548	1.0	Enterobacter kobei (chromosome or plasmid)
barcode06_6Gb	contig_11944	65744	66917	emrA_fluoroquinolone_antibiotic	12	1173	1173	1.0	
barcode06_6Gb	contig_11944	67043	67574	emrR_fluoroquinolone_antibiotic	13	531	531	1.0	Enterobacter kobei (chromosome or plasmid)
barcode06_6Gb	contig_12048	22107	22845	ErmB_macrolide_antibiotic;_lincosamide_antibiotic;_streptogramin_antibiotic;_streptogramin_A_antibiotic;_streptogramin_B_antibiotic	31	738	738	1.0	Unknown taxonomy (chromosome or plasmid)
barcode06_6Gb	contig_1234	5594	6149	AAC(6')-IIa_aminoglycoside_antibiotic	12	555	555	1.0	Unknown taxonomy (chromosome or plasmid)
barcode06_6Gb	contig_1234	7112	7745	catB3_phenicol_antibiotic	16	633	633	1.0	Unknown taxonomy (chromosome or plasmid)
barcode06_6Gb	contig_1234	7903	8749	aadA16_aminoglycoside_antibiotic	17	846	846	1.0	Unknown taxonomy (chromosome or plasmid)
barcode06_6Gb	contig_1234	9105	9945	sul1_sulfonamide_antibiotic	22	840	840	1.0	Unknown taxonomy (chromosome or plasmid)
barcode06_6Gb	contig_1234	12225	13152	PER-3_monobactam;_carbapenem;_cephalosporin;_penam;_penem	15	927	927	1.0	Unknown taxonomy (chromosome or plasmid)
barcode06_6Gb	contig_1241	3744	4983	Mrx_macrolide_antibiotic	83	1239	1239	1.0	Unknown taxonomy (chromosome or plasmid)
barcode06_6Gb	contig_1241	4979	5885	mphA_macrolide_antibiotic	77	906	906	1.0	Unknown taxonomy (chromosome or plasmid)
barcode06_6Gb	contig_1241	8896	9469	AAC(6')-Ian_aminoglycoside_antibiotic	11	573	573	1.0	Unknown taxonomy (chromosome or plasmid)
barcode06_6Gb	contig_1241	12124	13051	PER-12_monobactam;_carbapenem;_cephalosporin;_penam;_penem	7	927	927	1.0	Unknown taxonomy (chromosome or plasmid)
barcode06_6Gb	contig_1241	18615	19125	dfrA8_diaminopyrimidine_antibiotic	14	510	510	1.0	Unknown taxonomy (chromosome or plasmid)
barcode06_6Gb	contig_1241	21694	22498	APH(3'')-Ib_aminoglycoside_antibiotic	35	804	804	1.0	Unknown taxonomy (chromosome or plasmid)
barcode06_6Gb	contig_1241	22497	23334	APH(6)-Id_aminoglycoside_antibiotic	47	837	837	1.0	Unknown taxonomy (chromosome or plasmid)
barcode06_6Gb	contig_1241	49039	49699	catA1_phenicol_antibiotic	21	660	660	1.0	Unknown taxonomy (chromosome or plasmid)
barcode06_6Gb	contig_1292	18037	21202	adeF_fluoroquinolone_antibiotic;_tetracycline_antibiotic	34	3165	3165	1.0	Acinetobacter (chromosome or plasmid)
barcode06_6Gb	contig_1329	28053	28308	rsmA_fluoroquinolone_antibiotic;_diaminopyrimidine_antibiotic;_phenicol_antibiotic	22	255	255	1.0	
barcode06_6Gb	contig_1372	3682	4987	Acinetobacter baumannii AbaQ_fluoroquinolone_antibiotic	12	1305	1305	1.0	
barcode06_6Gb	contig_1471	2216	3044	OXA-253_carbapenem;_penam	34	828	828	1.0	Acinetobacter baumannii (chromosome)
barcode06_6Gb	contig_1492	410416	411748	vanW gene in vanI cluster_glycopeptide_antibiotic	12	1332	1332	1.0	
barcode06_6Gb	contig_1492	510789	513930	adeF_fluoroquinolone_antibiotic;_tetracycline_antibiotic	18	3141	3141	1.0	
barcode06_6Gb	contig_1492	708219	709332	vanT gene in vanG cluster_glycopeptide_antibiotic	22	1113	1113	1.0	
barcode06_6Gb	contig_1492	1649543	1650920	vanW gene in vanI cluster_glycopeptide_antibiotic	20	1377	1377	1.0	
barcode06_6Gb	contig_1502	10182	11658	msrE_macrolide_antibiotic;_streptogramin_antibiotic	136	1476	1476	1.0	Unknown taxonomy (chromosome or plasmid)
barcode06_6Gb	contig_1502	11713	12598	mphE_macrolide_antibiotic	136	885	885	1.0	Unknown taxonomy (chromosome or plasmid)
barcode06_6Gb	contig_1575	29727	32904	adeF_fluoroquinolone_antibiotic;_tetracycline_antibiotic	19	3177	3177	1.0	Unknown taxonomy (chromosome)
barcode06_6Gb	contig_1595	19281	20082	ErmF_macrolide_antibiotic;_lincosamide_antibiotic;_streptogramin_antibiotic;_streptogramin_A_antibiotic;_streptogramin_B_antibiotic	48	801	801	1.0	Unknown taxonomy (chromosome or plasmid)
barcode06_6Gb	contig_1595	20294	21431	tet(X)_glycylcycline;_tetracycline_antibiotic	26	1137	1137	1.0	Unknown taxonomy (chromosome or plasmid)
barcode06_6Gb	contig_1595	22168	24094	tet(Q)_tetracycline_antibiotic	11	1926	1926	1.0	Unknown taxonomy (chromosome)
barcode06_6Gb	contig_1598	68944	69682	ErmB_macrolide_antibiotic;_lincosamide_antibiotic;_streptogramin_antibiotic;_streptogramin_A_antibiotic;_streptogramin_B_antibiotic	17	738	738	1.0	Unknown taxonomy (chromosome or plasmid)
barcode06_6Gb	contig_1604	79528	80713	Escherichia coli EF-Tu mutants conferring resistance to Pulvomycin_elfamycin_antibiotic	41	1185	1185	1.0	Enterobacter (chromosome or plasmid)
barcode06_6Gb	contig_1655	3286	3751	AAC(3)-Ia_aminoglycoside_antibiotic	4	465	465	1.0	Unknown taxonomy (chromosome or plasmid)
barcode06_6Gb	contig_1663	2922	3768	aadA11_aminoglycoside_antibiotic	26	846	846	1.0	Unknown taxonomy (chromosome or plasmid)
barcode06_6Gb	contig_1670	266689	269881	adeF_fluoroquinolone_antibiotic;_tetracycline_antibiotic	73	3192	3192	1.0	
barcode06_6Gb	contig_1670	1193984	1195094	vanT gene in vanG cluster_glycopeptide_antibiotic	65	1110	1110	1.0	
barcode06_6Gb	contig_1677	12146	13385	Mrx_macrolide_antibiotic	59	1239	1239	1.0	Unknown taxonomy (chromosome or plasmid)
barcode06_6Gb	contig_1677	13381	14287	mphA_macrolide_antibiotic	62	906	906	1.0	Unknown taxonomy (chromosome or plasmid)
barcode06_6Gb	contig_1677	15354	16215	TEM-1_monobactam;_cephalosporin;_penam;_penem	30	861	861	1.0	Unknown taxonomy (chromosome or plasmid)
barcode06_6Gb	contig_1678	89826	91065	Mrx_macrolide_antibiotic	68	1239	1239	1.0	Unknown taxonomy (chromosome or plasmid)
barcode06_6Gb	contig_1678	91061	91967	mphA_macrolide_antibiotic	70	906	906	1.0	Unknown taxonomy (chromosome or plasmid)
barcode06_6Gb	contig_1678	93189	94029	sul1_sulfonamide_antibiotic	26	840	840	1.0	Unknown taxonomy (chromosome or plasmid)
barcode06_6Gb	contig_1678	94022	94370	qacEdelta1_disinfecting_agents_and_antiseptics	28	348	348	1.0	Unknown taxonomy (chromosome or plasmid)
barcode06_6Gb	contig_1678	94575	95364	aadA5_aminoglycoside_antibiotic	36	789	789	1.0	Unknown taxonomy (chromosome or plasmid)
barcode06_6Gb	contig_1678	95494	96094	dfrA17_diaminopyrimidine_antibiotic	26	600	600	1.0	Unknown taxonomy (chromosome or plasmid)
barcode06_6Gb	contig_1679	1725	2610	mphE_macrolide_antibiotic	40	885	885	1.0	Unknown taxonomy (chromosome or plasmid)
barcode06_6Gb	contig_1679	2665	4141	msrE_macrolide_antibiotic;_streptogramin_antibiotic	38	1476	1476	1.0	Unknown taxonomy (chromosome or plasmid)
barcode06_6Gb	contig_1679	5532	6066	ANT(2'')-Ia_aminoglycoside_antibiotic	29	534	534	1.0	Unknown taxonomy (chromosome or plasmid)
barcode06_6Gb	contig_1679	6210	7110	VEB-1_monobactam;_cephalosporin	17	900	900	1.0	Unknown taxonomy (chromosome or plasmid)
barcode06_6Gb	contig_1679	7228	8488	cmlA5_phenicol_antibiotic	32	1260	1260	1.0	Unknown taxonomy (chromosome or plasmid)
barcode06_6Gb	contig_1679	8702	9341	AAC(6')-Ib9_aminoglycoside_antibiotic	33	639	639	1.0	Unknown taxonomy (chromosome or plasmid)
barcode06_6Gb	contig_1679	9423	10080	QnrVC4_fluoroquinolone_antibiotic	26	657	657	1.0	Unknown taxonomy (chromosome or plasmid)
barcode06_6Gb	contig_1681	4497	5358	SHV-2_carbapenem;_cephalosporin;_penam	18	861	861	1.0	Unknown taxonomy (chromosome or plasmid)
barcode06_6Gb	contig_1712	22667	24059	Escherichia coli UhpT with mutation conferring resistance to fosfomycin_phosphonic_acid_antibiotic	12	1392	1392	1.0	Citrobacter (chromosome or plasmid)
barcode06_6Gb	contig_1730	652372	653608	vanW gene in vanI cluster_glycopeptide_antibiotic	249	1236	1236	1.0	
barcode06_6Gb	contig_1730	1355612	1356119	nimK_nitroimidazole_antibiotic	273	507	507	1.0	
barcode06_6Gb	contig_1730	1611618	1614810	adeF_fluoroquinolone_antibiotic;_tetracycline_antibiotic	281	3192	3192	1.0	
barcode06_6Gb	contig_1730	1858233	1859343	vanT gene in vanG cluster_glycopeptide_antibiotic	311	1110	1110	1.0	
barcode06_6Gb	contig_1735	11850	12735	mphE_macrolide_antibiotic	27	885	885	1.0	Unknown taxonomy (chromosome or plasmid)
barcode06_6Gb	contig_1735	12790	14266	msrE_macrolide_antibiotic;_streptogramin_antibiotic	27	1476	1476	1.0	Unknown taxonomy (chromosome or plasmid)
barcode06_6Gb	contig_1757	115891	116554	AcrS_fluoroquinolone_antibiotic;_cephalosporin;_glycylcycline;_cephamycin;_penam;_tetracycline_antibiotic;_rifamycin_antibiotic;_phenicol_antibiotic;_disinfecting_agents_and_antiseptics	33	663	663	1.0	Unknown taxonomy (chromosome or plasmid)
barcode06_6Gb	contig_1757	116952	118110	AcrE_fluoroquinolone_antibiotic;_cephalosporin;_cephamycin;_penam	38	1158	1158	1.0	Unknown taxonomy (chromosome or plasmid)
barcode06_6Gb	contig_1757	118121	121226	AcrF_fluoroquinolone_antibiotic;_cephalosporin;_cephamycin;_penam	38	3105	3105	1.0	Escherichia coli (chromosome or plasmid)
barcode06_6Gb	contig_1757	173253	174438	Escherichia coli EF-Tu mutants conferring resistance to Pulvomycin_elfamycin_antibiotic	36	1185	1185	1.0	Unknown taxonomy (chromosome or plasmid)
barcode06_6Gb	contig_1757	189228	189861	CRP_macrolide_antibiotic;_fluoroquinolone_antibiotic;_penam	27	633	633	1.0	Escherichia coli (chromosome or plasmid)
barcode06_6Gb	contig_1888	890	1670	APH(3')-VIa_aminoglycoside_antibiotic	49	780	780	1.0	Unknown taxonomy (chromosome or plasmid)
barcode06_6Gb	contig_1888	4085	4967	KPC-2_monobactam;_carbapenem;_cephalosporin;_penam	83	882	882	1.0	Unknown taxonomy (chromosome or plasmid)
barcode06_6Gb	contig_1898	96589	97246	QnrVC1_fluoroquinolone_antibiotic	38	657	657	1.0	Unknown taxonomy (chromosome or plasmid)
barcode06_6Gb	contig_1898	97406	98186	aadA_aminoglycoside_antibiotic	52	780	780	1.0	Unknown taxonomy (chromosome or plasmid)
barcode06_6Gb	contig_1898	98935	99283	qacEdelta1_disinfecting_agents_and_antiseptics	40	348	348	1.0	Unknown taxonomy (chromosome or plasmid)
barcode06_6Gb	contig_1898	99276	100116	sul1_sulfonamide_antibiotic	35	840	840	1.0	Unknown taxonomy (chromosome or plasmid)
barcode06_6Gb	contig_1993	9439	11359	tet(W)_tetracycline_antibiotic	35	1920	1920	1.0	Trueperella pyogenes (chromosome or plasmid)
barcode06_6Gb	contig_1994	12686	14606	tet(W)_tetracycline_antibiotic	44	1920	1920	1.0	Unknown taxonomy (chromosome or plasmid)
barcode06_6Gb	contig_2005	16958	17753	OXA-504_penam	83	795	795	1.0	Aeromonas caviae (chromosome)
barcode06_6Gb	contig_2039	4124	4457	qacL_disinfecting_agents_and_antiseptics	30	333	333	1.0	Unknown taxonomy (chromosome or plasmid)
barcode06_6Gb	contig_2108	5429	5795	qacG_disinfecting_agents_and_antiseptics	189	366	366	1.0	Acinetobacter johnsonii (chromosome)
barcode06_6Gb	contig_2145	91447	92308	TEM-1_monobactam;_cephalosporin;_penam;_penem	40	861	861	1.0	Unknown taxonomy (chromosome or plasmid)
barcode06_6Gb	contig_2145	92359	93310	AAC(3)-IIe_aminoglycoside_antibiotic	25	951	951	1.0	Acinetobacter baumannii (chromosome or plasmid)
barcode06_6Gb	contig_2147	19228	20155	PER-2_monobactam;_carbapenem;_cephalosporin;_penam;_penem	21	927	927	1.0	Unknown taxonomy (plasmid)
barcode06_6Gb	contig_2147	28408	29032	tetR_tetracycline_antibiotic	25	624	624	1.0	Unknown taxonomy (chromosome or plasmid)
barcode06_6Gb	contig_2147	29113	30319	tet(B)_tetracycline_antibiotic	21	1206	1206	1.0	Unknown taxonomy (chromosome or plasmid)
barcode06_6Gb	contig_2147	36639	37092	arr-3_rifamycin_antibiotic	29	453	453	1.0	Unknown taxonomy (chromosome or plasmid)
barcode06_6Gb	contig_2147	37197	37785	AAC(6')-Ib9_aminoglycoside_antibiotic	42	588	588	1.0	Unknown taxonomy (chromosome or plasmid)
barcode06_6Gb	contig_2147	37953	38301	qacEdelta1_disinfecting_agents_and_antiseptics	60	348	348	1.0	Unknown taxonomy (chromosome or plasmid)
barcode06_6Gb	contig_2147	38294	39134	sul1_sulfonamide_antibiotic	62	840	840	1.0	Unknown taxonomy (chromosome or plasmid)
barcode06_6Gb	contig_2150	8548	9328	APH(3')-VIa_aminoglycoside_antibiotic	18	780	780	1.0	Unknown taxonomy (chromosome or plasmid)
barcode06_6Gb	contig_2164	89613	90714	vanG_glycopeptide_antibiotic	19	1101	1101	1.0	Enterobacter kobei (chromosome)
barcode06_6Gb	contig_2335	4355	5321	CfxA2_cephamycin	24	966	966	1.0	Unknown taxonomy (chromosome or plasmid)
barcode06_6Gb	contig_2381	195550	195805	rsmA_fluoroquinolone_antibiotic;_diaminopyrimidine_antibiotic;_phenicol_antibiotic	262	255	255	1.0	
barcode06_6Gb	contig_2479	14881	16198	Acinetobacter baumannii AbaQ_fluoroquinolone_antibiotic	17	1317	1317	1.0	
barcode06_6Gb	contig_2511	20587	20989	FosA8_phosphonic_acid_antibiotic	61	402	402	1.0	Aeromonas caviae (chromosome or plasmid)
barcode06_6Gb	contig_2514	233041	236119	mdtC_aminocoumarin_antibiotic	11	3078	3078	1.0	Escherichia coli (chromosome or plasmid)
barcode06_6Gb	contig_2514	238931	239654	baeR_aminoglycoside_antibiotic;_aminocoumarin_antibiotic	13	723	723	1.0	Escherichia coli (chromosome or plasmid)
barcode06_6Gb	contig_2550	16855	18001	ACT-87_carbapenem;_cephalosporin;_cephamycin;_penam	8	1146	1146	1.0	Enterobacter kobei (chromosome)
barcode06_6Gb	contig_2550	166914	167340	FosA2_phosphonic_acid_antibiotic	15	426	426	1.0	Enterobacter kobei (chromosome)
barcode06_6Gb	contig_2606	34188	37290	adeF_fluoroquinolone_antibiotic;_tetracycline_antibiotic	14	3102	3102	1.0	Phocaeicola (chromosome)
barcode06_6Gb	contig_2637	44691	45876	Escherichia coli EF-Tu mutants conferring resistance to Pulvomycin_elfamycin_antibiotic	21	1185	1185	1.0	Unknown taxonomy (chromosome)
barcode06_6Gb	contig_2653	33847	35005	mdtE_macrolide_antibiotic;_fluoroquinolone_antibiotic;_penam	45	1158	1158	1.0	Unknown taxonomy (chromosome)
barcode06_6Gb	contig_2653	39603	40428	gadX_macrolide_antibiotic;_fluoroquinolone_antibiotic;_penam	48	825	825	1.0	Escherichia coli (chromosome)
barcode06_6Gb	contig_2679	1258	2098	sul1_sulfonamide_antibiotic	18	840	840	1.0	Unknown taxonomy (chromosome or plasmid)
barcode06_6Gb	contig_2679	2091	2439	qacEdelta1_disinfecting_agents_and_antiseptics	29	348	348	1.0	Unknown taxonomy (chromosome or plasmid)
barcode06_6Gb	contig_2679	3515	3848	qacJ_disinfecting_agents_and_antiseptics	9	333	333	1.0	Unknown taxonomy (chromosome or plasmid)
barcode06_6Gb	contig_2679	3977	4805	OXA-2_carbapenem;_cephalosporin;_penam	16	828	828	1.0	Unknown taxonomy (chromosome or plasmid)
barcode06_6Gb	contig_2679	5575	6109	ANT(2'')-Ia_aminoglycoside_antibiotic	22	534	534	1.0	Unknown taxonomy (chromosome or plasmid)
barcode06_6Gb	contig_2682	948	2139	tet(C)_tetracycline_antibiotic	18	1191	1191	1.0	Unknown taxonomy (chromosome or plasmid)
barcode06_6Gb	contig_2682	3645	4836	tet(C)_tetracycline_antibiotic	15	1191	1191	1.0	Unknown taxonomy (chromosome or plasmid)
barcode06_6Gb	contig_2682	6380	7220	sul1_sulfonamide_antibiotic	61	840	840	1.0	Unknown taxonomy (chromosome or plasmid)
barcode06_6Gb	contig_2682	7213	7561	qacEdelta1_disinfecting_agents_and_antiseptics	63	348	348	1.0	Unknown taxonomy (chromosome or plasmid)
barcode06_6Gb	contig_2682	8322	8955	catB3_phenicol_antibiotic	49	633	633	1.0	Unknown taxonomy (chromosome or plasmid)
barcode06_6Gb	contig_2682	9092	9923	OXA-1_cephalosporin;_penam	44	831	831	1.0	Unknown taxonomy (chromosome or plasmid)
barcode06_6Gb	contig_2682	10053	10653	AAC(6')-Ib-cr6_fluoroquinolone_antibiotic;_aminoglycoside_antibiotic	45	600	600	1.0	Unknown taxonomy (chromosome or plasmid)
barcode06_6Gb	contig_2683	1	406	arr-3_rifamycin_antibiotic	4	405	405	1.0	Unknown taxonomy (chromosome or plasmid)
barcode06_6Gb	contig_2683	490	1123	catB3_phenicol_antibiotic	12	633	633	1.0	Unknown taxonomy (chromosome or plasmid)
barcode06_6Gb	contig_2683	1260	2091	OXA-1_cephalosporin;_penam	21	831	831	1.0	Unknown taxonomy (chromosome or plasmid)
barcode06_6Gb	contig_2683	2221	2821	AAC(6')-Ib-cr6_fluoroquinolone_antibiotic;_aminoglycoside_antibiotic	23	600	600	1.0	Unknown taxonomy (chromosome or plasmid)
barcode06_6Gb	contig_280	4376	5165	ANT(3'')-IIa_aminoglycoside_antibiotic	12	789	789	1.0	Acinetobacter (chromosome or plasmid)
barcode06_6Gb	contig_280	10285	11101	sul2_sulfonamide_antibiotic	26	816	816	1.0	Unknown taxonomy (chromosome or plasmid)
barcode06_6Gb	contig_2834	20165	23315	adeF_fluoroquinolone_antibiotic;_tetracycline_antibiotic	74	3150	3150	1.0	Aeromonas caviae (chromosome or plasmid)
barcode06_6Gb	contig_2858	10109	11231	vanT gene in vanG cluster_glycopeptide_antibiotic	4	1122	1122	1.0	
barcode06_6Gb	contig_2880	19819	21040	mdtG_phosphonic_acid_antibiotic	7	1221	1221	1.0	Citrobacter (chromosome)
barcode06_6Gb	contig_2905	50233	53347	acrD_aminoglycoside_antibiotic	11	3114	3114	1.0	Enterobacter (chromosome)
barcode06_6Gb	contig_2917	26867	28406	emrY_tetracycline_antibiotic	25	1539	1539	1.0	Unknown taxonomy (chromosome or plasmid)
barcode06_6Gb	contig_2917	28405	29461	emrK_tetracycline_antibiotic	23	1056	1056	1.0	Unknown taxonomy (chromosome or plasmid)
barcode06_6Gb	contig_2917	29984	30599	evgA_macrolide_antibiotic;_fluoroquinolone_antibiotic;_penam;_tetracycline_antibiotic	23	615	615	1.0	Escherichia coli (chromosome or plasmid)
barcode06_6Gb	contig_2917	30603	34197	evgS_macrolide_antibiotic;_fluoroquinolone_antibiotic;_penam;_tetracycline_antibiotic	21	3594	3594	1.0	Escherichia coli (chromosome or plasmid)
barcode06_6Gb	contig_295	28756	29581	OXA-644_carbapenem;_penam	433	825	825	1.0	Acinetobacter johnsonii (chromosome)
barcode06_6Gb	contig_2972	168834	169398	lnuC_lincosamide_antibiotic	58	564	564	1.0	Unknown taxonomy (chromosome or plasmid)
barcode06_6Gb	contig_2972	237639	240792	adeF_fluoroquinolone_antibiotic;_tetracycline_antibiotic	26	3153	3153	1.0	
barcode06_6Gb	contig_2972	1075634	1076198	lnuC_lincosamide_antibiotic	66	564	564	1.0	Unknown taxonomy (chromosome or plasmid)
barcode06_6Gb	contig_2972	2005489	2006983	vanW gene in vanI cluster_glycopeptide_antibiotic	26	1494	1494	1.0	
barcode06_6Gb	contig_2972	2076275	2077478	vanT gene in vanG cluster_glycopeptide_antibiotic	16	1203	1203	1.0	
barcode06_6Gb	contig_3172	17538	18177	CRP_macrolide_antibiotic;_fluoroquinolone_antibiotic;_penam	8	639	639	1.0	
barcode06_6Gb	contig_3241	5084	6710	ArnT_peptide_antibiotic	4	1626	1626	1.0	Raoultella planticola (chromosome)
barcode06_6Gb	contig_3268	4346	5534	tet(39)_tetracycline_antibiotic	29	1188	1188	1.0	Unknown taxonomy (plasmid)
barcode06_6Gb	contig_3287	4422	5250	OXA-253_carbapenem;_penam	5	828	828	1.0	Acinetobacter baumannii (chromosome or plasmid)
barcode06_6Gb	contig_3297	8210	9047	APH(6)-Id_aminoglycoside_antibiotic	68	837	837	1.0	Unknown taxonomy (chromosome or plasmid)
barcode06_6Gb	contig_3297	9046	9850	APH(3'')-Ib_aminoglycoside_antibiotic	67	804	804	1.0	Unknown taxonomy (chromosome or plasmid)
barcode06_6Gb	contig_3297	23358	24174	sul2_sulfonamide_antibiotic	30	816	816	1.0	Unknown taxonomy (chromosome or plasmid)
barcode06_6Gb	contig_3297	26676	27891	floR_phenicol_antibiotic	28	1215	1215	1.0	Unknown taxonomy (chromosome or plasmid)
barcode06_6Gb	contig_3299	1636	3112	msrE_macrolide_antibiotic;_streptogramin_antibiotic	14	1476	1476	1.0	Unknown taxonomy (chromosome or plasmid)
barcode06_6Gb	contig_3300	3007	3892	mphE_macrolide_antibiotic	130	885	885	1.0	Unknown taxonomy (chromosome or plasmid)
barcode06_6Gb	contig_3300	3947	5423	msrE_macrolide_antibiotic;_streptogramin_antibiotic	117	1476	1476	1.0	Unknown taxonomy (chromosome or plasmid)
barcode06_6Gb	contig_3301	966	1851	mphE_macrolide_antibiotic	123	885	885	1.0	Unknown taxonomy (chromosome or plasmid)
barcode06_6Gb	contig_3301	1906	3382	msrE_macrolide_antibiotic;_streptogramin_antibiotic	125	1476	1476	1.0	Unknown taxonomy (chromosome or plasmid)
barcode06_6Gb	contig_3304	8787	10251	msrE_macrolide_antibiotic;_streptogramin_antibiotic	25	1464	1464	1.0	Unknown taxonomy (chromosome or plasmid)
barcode06_6Gb	contig_3304	13874	14717	OXA-58_carbapenem;_penam	12	843	843	1.0	Unknown taxonomy (chromosome or plasmid)
barcode06_6Gb	contig_3325	2613	3441	OXA-253_carbapenem;_penam	26	828	828	1.0	Acinetobacter baumannii (chromosome)
barcode06_6Gb	contig_3327	1954	2794	sul1_sulfonamide_antibiotic	67	840	840	1.0	Unknown taxonomy (chromosome or plasmid)
barcode06_6Gb	contig_3327	2787	3135	qacEdelta1_disinfecting_agents_and_antiseptics	68	348	348	1.0	Unknown taxonomy (chromosome or plasmid)
barcode06_6Gb	contig_3327	3291	3825	ANT(2'')-Ia_aminoglycoside_antibiotic	66	534	534	1.0	Unknown taxonomy (chromosome or plasmid)
barcode06_6Gb	contig_3327	3947	4811	GES-1_carbapenem;_cephalosporin;_penam	77	864	864	1.0	Unknown taxonomy (chromosome or plasmid)
barcode06_6Gb	contig_3327	4884	5343	AAC(6')-Il_aminoglycoside_antibiotic	69	459	459	1.0	Unknown taxonomy (chromosome or plasmid)
barcode06_6Gb	contig_3414	8340	9129	ANT(3'')-IIa_aminoglycoside_antibiotic	49	789	789	1.0	Acinetobacter baumannii (chromosome or plasmid)
barcode06_6Gb	contig_3414	68339	70559	Acinetobacter baumannii parC conferring resistance to fluoroquinolones_fluoroquinolone_antibiotic	48	2220	2220	1.0	Acinetobacter baumannii (chromosome or plasmid)
barcode06_6Gb	contig_3414	264409	265756	abeM_fluoroquinolone_antibiotic;_disinfecting_agents_and_antiseptics	42	1347	1347	1.0	Acinetobacter baumannii (chromosome or plasmid)
barcode06_6Gb	contig_3414	313347	314448	LpsB_peptide_antibiotic	32	1101	1101	1.0	Acinetobacter baumannii (chromosome or plasmid)
barcode06_6Gb	contig_347	17761	18646	mphE_macrolide_antibiotic	112	885	885	1.0	Unknown taxonomy (chromosome or plasmid)
barcode06_6Gb	contig_347	18701	20177	msrE_macrolide_antibiotic;_streptogramin_antibiotic	95	1476	1476	1.0	Unknown taxonomy (chromosome or plasmid)
barcode06_6Gb	contig_3473	27986	29213	mdtG_phosphonic_acid_antibiotic	22	1227	1227	1.0	Unknown taxonomy (chromosome or plasmid)
barcode06_6Gb	contig_3473	37843	39052	mdtH_fluoroquinolone_antibiotic	19	1209	1209	1.0	Unknown taxonomy (chromosome or plasmid)
barcode06_6Gb	contig_3473	189181	189595	H-NS_macrolide_antibiotic;_fluoroquinolone_antibiotic;_cephalosporin;_cephamycin;_penam;_tetracycline_antibiotic	20	414	414	1.0	Unknown taxonomy (chromosome or plasmid)
barcode06_6Gb	contig_3479	17783	18218	Escherichia coli AcrAB-TolC with MarR mutations conferring resistance to ciprofloxacin and tetracycline_fluoroquinolone_antibiotic;_cephalosporin;_glycylcycline;_penam;_tetracycline_antibiotic;_rifamycin_antibiotic;_phenicol_antibiotic;_disinfecting_agents_and_antiseptics	7	435	435	1.0	Unknown taxonomy (chromosome or plasmid)
barcode06_6Gb	contig_3479	18237	18621	marA_fluoroquinolone_antibiotic;_monobactam;_carbapenem;_cephalosporin;_glycylcycline;_cephamycin;_penam;_tetracycline_antibiotic;_rifamycin_antibiotic;_phenicol_antibiotic;_penem;_disinfecting_agents_and_antiseptics	8	384	384	1.0	Unknown taxonomy (chromosome or plasmid)
barcode06_6Gb	contig_3479	57285	57615	Klebsiella pneumoniae KpnF_macrolide_antibiotic;_aminoglycoside_antibiotic;_cephalosporin;_tetracycline_antibiotic;_peptide_antibiotic;_rifamycin_antibiotic;_disinfecting_agents_and_antiseptics	15	330	330	1.0	Unknown taxonomy (chromosome or plasmid)
barcode06_6Gb	contig_3479	57601	57967	Klebsiella pneumoniae KpnE_macrolide_antibiotic;_aminoglycoside_antibiotic;_cephalosporin;_tetracycline_antibiotic;_peptide_antibiotic;_rifamycin_antibiotic;_disinfecting_agents_and_antiseptics	13	366	366	1.0	Unknown taxonomy (chromosome or plasmid)
barcode06_6Gb	contig_3479	420532	420865	Escherichia coli emrE_macrolide_antibiotic	22	333	333	1.0	Unknown taxonomy (chromosome or plasmid)
barcode06_6Gb	contig_3557	36668	37004	qacG_disinfecting_agents_and_antiseptics	8	336	336	1.0	
barcode06_6Gb	contig_3562	71259	72018	vanY gene in vanB cluster_glycopeptide_antibiotic	11	759	759	1.0	
barcode06_6Gb	contig_363	27475	28357	vanW gene in vanG cluster_glycopeptide_antibiotic	372	882	882	1.0	Acinetobacter johnsonii (chromosome)
barcode06_6Gb	contig_3662	13962	14685	baeR_aminoglycoside_antibiotic;_aminocoumarin_antibiotic	10	723	723	1.0	Enterobacter kobei (chromosome)
barcode06_6Gb	contig_3662	14681	16085	baeS_aminoglycoside_antibiotic;_aminocoumarin_antibiotic	10	1404	1404	1.0	
barcode06_6Gb	contig_3676	59702	62195	vanT gene in vanG cluster_glycopeptide_antibiotic	19	2493	2493	1.0	
barcode06_6Gb	contig_3678	55181	56441	EreB_macrolide_antibiotic	23	1260	1260	1.0	
barcode06_6Gb	contig_3719	17737	20185	adeF_fluoroquinolone_antibiotic;_tetracycline_antibiotic	4	2448	2448	1.0	Acinetobacter nosocomialis (chromosome or plasmid)
barcode06_6Gb	contig_3723	6279	7467	tet(39)_tetracycline_antibiotic	24	1188	1188	1.0	Unknown taxonomy (plasmid)
barcode06_6Gb	contig_3772	243291	244497	tet(B)_tetracycline_antibiotic	24	1206	1206	1.0	Unknown taxonomy (chromosome or plasmid)
barcode06_6Gb	contig_3772	244578	245202	tetR_tetracycline_antibiotic	28	624	624	1.0	Unknown taxonomy (chromosome or plasmid)
barcode06_6Gb	contig_3792	238969	240163	vanT gene in vanG cluster_glycopeptide_antibiotic	12	1194	1194	1.0	
barcode06_6Gb	contig_3792	390839	392012	vanT gene in vanG cluster_glycopeptide_antibiotic	13	1173	1173	1.0	
barcode06_6Gb	contig_3792	398929	400891	tet(O)_tetracycline_antibiotic	14	1962	1962	1.0	
barcode06_6Gb	contig_3958	969	1854	mphE_macrolide_antibiotic	121	885	885	1.0	Unknown taxonomy (chromosome or plasmid)
barcode06_6Gb	contig_3958	1909	3385	msrE_macrolide_antibiotic;_streptogramin_antibiotic	121	1476	1476	1.0	Unknown taxonomy (chromosome or plasmid)
barcode06_6Gb	contig_3959	781	1666	mphE_macrolide_antibiotic	60	885	885	1.0	Unknown taxonomy (chromosome or plasmid)
barcode06_6Gb	contig_3959	1721	3197	msrE_macrolide_antibiotic;_streptogramin_antibiotic	87	1476	1476	1.0	Unknown taxonomy (chromosome or plasmid)
barcode06_6Gb	contig_396	119038	119227	rsmA_fluoroquinolone_antibiotic;_diaminopyrimidine_antibiotic;_phenicol_antibiotic	86	189	189	1.0	
barcode06_6Gb	contig_3973	104	935	OXA-4_cephalosporin;_penam	9	831	831	1.0	Pseudomonas aeruginosa (chromosome or plasmid)
barcode06_6Gb	contig_3973	1053	1587	ANT(2'')-Ia_aminoglycoside_antibiotic	18	534	534	1.0	Unknown taxonomy (chromosome or plasmid)
barcode06_6Gb	contig_4084	19463	20282	bacA_peptide_antibiotic	16	819	819	1.0	Escherichia coli (chromosome)
barcode06_6Gb	contig_4088	6385	6805	FosA6_phosphonic_acid_antibiotic	14	420	420	1.0	Klebsiella pneumoniae (chromosome or plasmid)
barcode06_6Gb	contig_4088	10784	11999	floR_phenicol_antibiotic	23	1215	1215	1.0	Unknown taxonomy (chromosome or plasmid)
barcode06_6Gb	contig_4089	3571	4447	CTX-M-55_cephalosporin	6	876	876	1.0	Unknown taxonomy (chromosome or plasmid)
barcode06_6Gb	contig_4089	7112	7529	FosA3_phosphonic_acid_antibiotic	4	417	417	1.0	Unknown taxonomy (chromosome or plasmid)
barcode06_6Gb	contig_4135	24340	24997	QnrS1_fluoroquinolone_antibiotic	7	657	657	1.0	Unknown taxonomy (chromosome or plasmid)
barcode06_6Gb	contig_4135	51872	52754	KPC-2_monobactam;_carbapenem;_cephalosporin;_penam	34	882	882	1.0	Unknown taxonomy (chromosome or plasmid)
barcode06_6Gb	contig_4165	136908	138675	Haemophilus influenzae PBP3 conferring resistance to beta-lactam antibiotics_cephalosporin;_cephamycin;_penam	35	1767	1767	1.0	Unknown taxonomy (chromosome or plasmid)
barcode06_6Gb	contig_4165	144775	145720	leuO_nucleoside_antibiotic;_disinfecting_agents_and_antiseptics	38	945	945	1.0	Unknown taxonomy (chromosome or plasmid)
barcode06_6Gb	contig_4165	298957	300217	mdtM_fluoroquinolone_antibiotic;_lincosamide_antibiotic;_nucleoside_antibiotic;_phenicol_antibiotic;_disinfecting_agents_and_antiseptics	5	1260	1260	1.0	Unknown taxonomy (chromosome or plasmid)
barcode06_6Gb	contig_4185	82005	82662	QnrS1_fluoroquinolone_antibiotic	41	657	657	1.0	Unknown taxonomy (chromosome or plasmid)
barcode06_6Gb	contig_4185	87302	88178	CTX-M-15_cephalosporin;_penam	27	876	876	1.0	Unknown taxonomy (chromosome or plasmid)
barcode06_6Gb	contig_4186	4811	5627	sul2_sulfonamide_antibiotic	21	816	816	1.0	Unknown taxonomy (chromosome or plasmid)
barcode06_6Gb	contig_4186	6871	7219	qacEdelta1_disinfecting_agents_and_antiseptics	15	348	348	1.0	Unknown taxonomy (chromosome or plasmid)
barcode06_6Gb	contig_4186	7382	8162	aadA_aminoglycoside_antibiotic	42	780	780	1.0	Unknown taxonomy (chromosome or plasmid)
barcode06_6Gb	contig_4194	21424	22930	Haemophilus influenzae PBP3 conferring resistance to beta-lactam antibiotics_cephalosporin;_cephamycin;_penam	6	1506	1506	1.0	Enterobacter (chromosome or plasmid)
barcode06_6Gb	contig_4252	16239	17100	CMY-136_cephalosporin;_cephamycin	9	861	861	1.0	Citrobacter (chromosome or plasmid)
barcode06_6Gb	contig_4253	21264	22410	CMY-70_cephamycin	8	1146	1146	1.0	Citrobacter freundii (chromosome)
barcode06_6Gb	contig_429	141013	144169	adeF_fluoroquinolone_antibiotic;_tetracycline_antibiotic	27	3156	3156	1.0	
barcode06_6Gb	contig_4369	26447	27275	OXA-253_carbapenem;_penam	43	828	828	1.0	Acinetobacter baumannii (chromosome)
barcode06_6Gb	contig_4386	95577	96456	mdeA_fluoroquinolone_antibiotic;_aminoglycoside_antibiotic;_penam;_tetracycline_antibiotic;_disinfecting_agents_and_antiseptics	8	879	879	1.0	
barcode06_6Gb	contig_4386	229601	229931	qacG_disinfecting_agents_and_antiseptics	8	330	330	1.0	
barcode06_6Gb	contig_4422	56852	57506	adeN_macrolide_antibiotic;_fluoroquinolone_antibiotic;_lincosamide_antibiotic;_carbapenem;_cephalosporin;_tetracycline_antibiotic;_rifamycin_antibiotic;_diaminopyrimidine_antibiotic;_phenicol_antibiotic;_penem	14	654	654	1.0	Acinetobacter baumannii (chromosome or plasmid)
barcode06_6Gb	contig_4422	290127	291432	Acinetobacter baumannii AbaQ_fluoroquinolone_antibiotic	21	1305	1305	1.0	Acinetobacter baumannii (chromosome or plasmid)
barcode06_6Gb	contig_4435	6953	7679	vanY gene in vanB cluster_glycopeptide_antibiotic	12	726	726	1.0	Roseburia hominis (no genomic info)
barcode06_6Gb	contig_448	132609	133794	Escherichia coli EF-Tu mutants conferring resistance to Pulvomycin_elfamycin_antibiotic	17	1185	1185	1.0	Unknown taxonomy (chromosome or plasmid)
barcode06_6Gb	contig_450	286278	286533	rsmA_fluoroquinolone_antibiotic;_diaminopyrimidine_antibiotic;_phenicol_antibiotic	22	255	255	1.0	
barcode06_6Gb	contig_451	17889	19035	MIR-17_monobactam;_cephalosporin	13	1146	1146	1.0	Enterobacter (chromosome)
barcode06_6Gb	contig_4568	1912	2167	rsmA_fluoroquinolone_antibiotic;_diaminopyrimidine_antibiotic;_phenicol_antibiotic	10	255	255	1.0	
barcode06_6Gb	contig_4569	6924	7179	rsmA_fluoroquinolone_antibiotic;_diaminopyrimidine_antibiotic;_phenicol_antibiotic	16	255	255	1.0	
barcode06_6Gb	contig_4596	2768	3596	OXA-253_carbapenem;_penam	39	828	828	1.0	Acinetobacter baumannii (chromosome)
barcode06_6Gb	contig_4599	3117	3921	APH(3'')-Ib_aminoglycoside_antibiotic	49	804	804	1.0	Unknown taxonomy (chromosome or plasmid)
barcode06_6Gb	contig_4599	3926	4757	APH(6)-Id_aminoglycoside_antibiotic	52	831	831	1.0	Unknown taxonomy (chromosome or plasmid)
barcode06_6Gb	contig_463	196788	198180	Escherichia coli UhpT with mutation conferring resistance to fosfomycin_phosphonic_acid_antibiotic	20	1392	1392	1.0	Enterobacter roggenkampii (chromosome or plasmid)
barcode06_6Gb	contig_4648	110030	111281	adeI_macrolide_antibiotic;_fluoroquinolone_antibiotic;_lincosamide_antibiotic;_carbapenem;_cephalosporin;_tetracycline_antibiotic;_rifamycin_antibiotic;_diaminopyrimidine_antibiotic;_phenicol_antibiotic;_penem	41	1251	1251	1.0	Acinetobacter baumannii (chromosome or plasmid)
barcode06_6Gb	contig_4648	111293	114470	adeJ_macrolide_antibiotic;_fluoroquinolone_antibiotic;_lincosamide_antibiotic;_carbapenem;_cephalosporin;_tetracycline_antibiotic;_rifamycin_antibiotic;_diaminopyrimidine_antibiotic;_phenicol_antibiotic;_penem	39	3177	3177	1.0	Acinetobacter baumannii (chromosome or plasmid)
barcode06_6Gb	contig_4648	114469	115924	adeK_macrolide_antibiotic;_fluoroquinolone_antibiotic;_lincosamide_antibiotic;_carbapenem;_cephalosporin;_tetracycline_antibiotic;_rifamycin_antibiotic;_diaminopyrimidine_antibiotic;_phenicol_antibiotic;_penem	35	1455	1455	1.0	Acinetobacter baumannii (chromosome or plasmid)
barcode06_6Gb	contig_4672	3219	4404	Escherichia coli EF-Tu mutants conferring resistance to Pulvomycin_elfamycin_antibiotic	93	1185	1185	1.0	Aeromonas caviae (chromosome or plasmid)
barcode06_6Gb	contig_4672	22426	23611	Escherichia coli EF-Tu mutants conferring resistance to Pulvomycin_elfamycin_antibiotic	99	1185	1185	1.0	Aeromonas (chromosome or plasmid)
barcode06_6Gb	contig_468	5279	6464	Escherichia coli EF-Tu mutants conferring resistance to Pulvomycin_elfamycin_antibiotic	13	1185	1185	1.0	Klebsiella (chromosome or plasmid)
barcode06_6Gb	contig_4681	13056	14541	lsaE_lincosamide_antibiotic;_streptogramin_antibiotic;_pleuromutilin_antibiotic	11	1485	1485	1.0	Streptococcus (chromosome or plasmid)
barcode06_6Gb	contig_4681	14594	15398	lnuB_lincosamide_antibiotic	12	804	804	1.0	Unknown taxonomy (chromosome or plasmid)
barcode06_6Gb	contig_470	161357	162542	Escherichia coli EF-Tu mutants conferring resistance to Pulvomycin_elfamycin_antibiotic	31	1185	1185	1.0	Unknown taxonomy (chromosome or plasmid)
barcode06_6Gb	contig_470	185707	186340	CRP_macrolide_antibiotic;_fluoroquinolone_antibiotic;_penam	11	633	633	1.0	Enterobacter (chromosome or plasmid)
barcode06_6Gb	contig_470	260850	262506	ArnT_peptide_antibiotic	17	1656	1656	1.0	Enterobacter kobei (chromosome)
barcode06_6Gb	contig_470	265380	266364	PmrF_peptide_antibiotic	15	984	984	1.0	
barcode06_6Gb	contig_4781	14085	14640	AAC(6')-IIa_aminoglycoside_antibiotic	8	555	555	1.0	Unknown taxonomy (chromosome or plasmid)
barcode06_6Gb	contig_4781	14787	15246	AAC(6')-Il_aminoglycoside_antibiotic	11	459	459	1.0	Unknown taxonomy (chromosome or plasmid)
barcode06_6Gb	contig_4781	15339	16140	VIM-4_carbapenem;_cephalosporin;_cephamycin;_penam;_penem	8	801	801	1.0	Unknown taxonomy (chromosome or plasmid)
barcode06_6Gb	contig_4783	167257	167443	rsmA_fluoroquinolone_antibiotic;_diaminopyrimidine_antibiotic;_phenicol_antibiotic	21	186	186	1.0	Enterobacter (chromosome or plasmid)
barcode06_6Gb	contig_4783	174403	175951	emrB_fluoroquinolone_antibiotic	14	1548	1548	1.0	Enterobacter (chromosome or plasmid)
barcode06_6Gb	contig_4783	177304	177805	emrR_fluoroquinolone_antibiotic	14	501	501	1.0	Enterobacter (chromosome)
barcode06_6Gb	contig_4797	47900	48224	Escherichia coli soxS with mutation conferring antibiotic resistance_fluoroquinolone_antibiotic;_monobactam;_carbapenem;_cephalosporin;_glycylcycline;_cephamycin;_penam;_tetracycline_antibiotic;_rifamycin_antibiotic;_phenicol_antibiotic;_penem;_disinfecting_agents_and_antiseptics	9	324	324	1.0	Citrobacter freundii (chromosome)
barcode06_6Gb	contig_482	4185	5370	Escherichia coli EF-Tu mutants conferring resistance to Pulvomycin_elfamycin_antibiotic	49	1185	1185	1.0	Unknown taxonomy (chromosome or plasmid)
barcode06_6Gb	contig_482	146310	146634	Escherichia coli soxS with mutation conferring antibiotic resistance_fluoroquinolone_antibiotic;_monobactam;_carbapenem;_cephalosporin;_glycylcycline;_cephamycin;_penam;_tetracycline_antibiotic;_rifamycin_antibiotic;_phenicol_antibiotic;_penem;_disinfecting_agents_and_antiseptics	43	324	324	1.0	Unknown taxonomy (chromosome or plasmid)
barcode06_6Gb	contig_482	146719	147184	Escherichia coli soxR with mutation conferring antibiotic resistance_fluoroquinolone_antibiotic;_cephalosporin;_glycylcycline;_penam;_tetracycline_antibiotic;_rifamycin_antibiotic;_phenicol_antibiotic;_disinfecting_agents_and_antiseptics	41	465	465	1.0	Unknown taxonomy (chromosome or plasmid)
barcode06_6Gb	contig_482	171771	172803	mdtN_nucleoside_antibiotic;_disinfecting_agents_and_antiseptics	39	1032	1032	1.0	Unknown taxonomy (chromosome or plasmid)
barcode06_6Gb	contig_482	195655	197299	eptA_peptide_antibiotic	44	1644	1644	1.0	Unknown taxonomy (chromosome or plasmid)
barcode06_6Gb	contig_482	260039	261173	EC-13_cephalosporin	43	1134	1134	1.0	Escherichia coli (chromosome or plasmid)
barcode06_6Gb	contig_4846	1451	2639	mdtM_fluoroquinolone_antibiotic;_lincosamide_antibiotic;_nucleoside_antibiotic;_phenicol_antibiotic;_disinfecting_agents_and_antiseptics	14	1188	1188	1.0	Unknown taxonomy (chromosome or plasmid)
barcode06_6Gb	contig_4847	6438	7671	mdtM_fluoroquinolone_antibiotic;_lincosamide_antibiotic;_nucleoside_antibiotic;_phenicol_antibiotic;_disinfecting_agents_and_antiseptics	35	1233	1233	1.0	Escherichia coli (chromosome or plasmid)
barcode06_6Gb	contig_4866	1370	2744	cpxA_aminoglycoside_antibiotic;_aminocoumarin_antibiotic	28	1374	1374	1.0	Escherichia coli (chromosome or plasmid)
barcode06_6Gb	contig_487	5506	8620	adeF_fluoroquinolone_antibiotic;_tetracycline_antibiotic	10	3114	3114	1.0	Enterobacter kobei (chromosome)
barcode06_6Gb	contig_491	13441	14626	Escherichia coli EF-Tu mutants conferring resistance to Pulvomycin_elfamycin_antibiotic	21	1185	1185	1.0	Citrobacter (chromosome or plasmid)
barcode06_6Gb	contig_4911	31274	32096	bacA_peptide_antibiotic	21	822	822	1.0	
barcode06_6Gb	contig_4922	4391	5426	ACT-41_carbapenem;_cephalosporin;_cephamycin;_penam	4	1035	1035	1.0	Enterobacter (chromosome)
barcode06_6Gb	contig_4928	254940	256092	ADC-154_cephalosporin	37	1152	1152	1.0	Acinetobacter baumannii (chromosome or plasmid)
barcode06_6Gb	contig_4928	359248	360697	adeH_fluoroquinolone_antibiotic;_tetracycline_antibiotic	26	1449	1449	1.0	Acinetobacter baumannii (chromosome or plasmid)
barcode06_6Gb	contig_4928	360709	363889	adeF_fluoroquinolone_antibiotic;_tetracycline_antibiotic	28	3180	3180	1.0	Acinetobacter baumannii (chromosome or plasmid)
barcode06_6Gb	contig_4928	363895	365116	adeG_fluoroquinolone_antibiotic;_tetracycline_antibiotic	32	1221	1221	1.0	Acinetobacter baumannii (chromosome or plasmid)
barcode06_6Gb	contig_4928	365331	366345	adeL_fluoroquinolone_antibiotic;_tetracycline_antibiotic	29	1014	1014	1.0	Acinetobacter baumannii (chromosome or plasmid)
barcode06_6Gb	contig_4928	369653	369983	abeS_macrolide_antibiotic;_aminocoumarin_antibiotic	20	330	330	1.0	Acinetobacter baumannii (chromosome or plasmid)
barcode06_6Gb	contig_4934	24864	25209	qacG_disinfecting_agents_and_antiseptics	24	345	345	1.0	Unknown taxonomy (chromosome or plasmid)
barcode06_6Gb	contig_4934	26245	27073	OXA-72_carbapenem;_penam	10	828	828	1.0	Unknown taxonomy (chromosome or plasmid)
barcode06_6Gb	contig_4937	98	443	qacG_disinfecting_agents_and_antiseptics	23	345	345	1.0	Unknown taxonomy (chromosome or plasmid)
barcode06_6Gb	contig_4971	366615	367734	vanT gene in vanG cluster_glycopeptide_antibiotic	12	1119	1119	1.0	
barcode06_6Gb	contig_5055	8167	9823	ArnT_peptide_antibiotic	16	1656	1656	1.0	Enterobacter (chromosome)
barcode06_6Gb	contig_5084	15	549	ANT(2'')-Ia_aminoglycoside_antibiotic	23	534	534	1.0	Unknown taxonomy (chromosome or plasmid)
barcode06_6Gb	contig_5084	616	1090	dfrA6_diaminopyrimidine_antibiotic	17	474	474	1.0	Unknown taxonomy (chromosome or plasmid)
barcode06_6Gb	contig_5084	2808	3465	QnrVC1_fluoroquinolone_antibiotic	26	657	657	1.0	Unknown taxonomy (chromosome or plasmid)
barcode06_6Gb	contig_511	24951	25791	sul1_sulfonamide_antibiotic	47	840	840	1.0	Unknown taxonomy (chromosome or plasmid)
barcode06_6Gb	contig_511	25784	26132	qacEdelta1_disinfecting_agents_and_antiseptics	43	348	348	1.0	Unknown taxonomy (chromosome or plasmid)
barcode06_6Gb	contig_511	26353	27217	GES-1_carbapenem;_cephalosporin;_penam	45	864	864	1.0	Unknown taxonomy (chromosome or plasmid)
barcode06_6Gb	contig_511	28716	29571	ErmX_macrolide_antibiotic;_lincosamide_antibiotic;_streptogramin_antibiotic;_streptogramin_A_antibiotic;_streptogramin_B_antibiotic	30	855	855	1.0	Unknown taxonomy (chromosome or plasmid)
barcode06_6Gb	contig_5115	109432	110617	Escherichia coli EF-Tu mutants conferring resistance to Pulvomycin_elfamycin_antibiotic	46	1185	1185	1.0	Unknown taxonomy (chromosome or plasmid)
barcode06_6Gb	contig_5115	133999	134632	CRP_macrolide_antibiotic;_fluoroquinolone_antibiotic;_penam	11	633	633	1.0	Unknown taxonomy (chromosome)
barcode06_6Gb	contig_5115	243447	245064	ArnT_peptide_antibiotic	4	1617	1617	1.0	Escherichia coli (no genomic info)
barcode06_6Gb	contig_5115	247944	248925	PmrF_peptide_antibiotic	19	981	981	1.0	
barcode06_6Gb	contig_512	1527	1860	qacE_disinfecting_agents_and_antiseptics	8	333	333	1.0	Unknown taxonomy (chromosome or plasmid)
barcode06_6Gb	contig_5121	96820	97642	bacA_peptide_antibiotic	32	822	822	1.0	Unknown taxonomy (chromosome or plasmid)
barcode06_6Gb	contig_5121	120033	121522	TolC_macrolide_antibiotic;_fluoroquinolone_antibiotic;_aminoglycoside_antibiotic;_carbapenem;_cephalosporin;_glycylcycline;_cephamycin;_penam;_tetracycline_antibiotic;_peptide_antibiotic;_aminocoumarin_antibiotic;_rifamycin_antibiotic;_phenicol_antibiotic;_penem;_disinfecting_agents_and_antiseptics	29	1489	1489	1.0	Unknown taxonomy (chromosome or plasmid)
barcode06_6Gb	contig_5127	395659	395845	rsmA_fluoroquinolone_antibiotic;_diaminopyrimidine_antibiotic;_phenicol_antibiotic	21	186	186	1.0	Unknown taxonomy (chromosome or plasmid)
barcode06_6Gb	contig_5127	400784	402323	emrB_fluoroquinolone_antibiotic	30	1539	1539	1.0	Unknown taxonomy (chromosome or plasmid)
barcode06_6Gb	contig_5127	402339	403512	emrA_fluoroquinolone_antibiotic	28	1173	1173	1.0	Unknown taxonomy (chromosome or plasmid)
barcode06_6Gb	contig_5127	403638	404169	emrR_fluoroquinolone_antibiotic	30	531	531	1.0	Unknown taxonomy (chromosome or plasmid)
barcode06_6Gb	contig_513	3977	4310	qacJ_disinfecting_agents_and_antiseptics	5	333	333	1.0	Unknown taxonomy (chromosome or plasmid)
barcode06_6Gb	contig_513	7212	7992	APH(3')-VIa_aminoglycoside_antibiotic	11	780	780	1.0	Unknown taxonomy (chromosome or plasmid)
barcode06_6Gb	contig_513	9269	10082	NDM-1_carbapenem;_cephalosporin;_cephamycin;_penam	9	813	813	1.0	Unknown taxonomy (chromosome or plasmid)
barcode06_6Gb	contig_515	7199	7979	APH(3')-VIa_aminoglycoside_antibiotic	44	780	780	1.0	Unknown taxonomy (chromosome or plasmid)
barcode06_6Gb	contig_516	24075	24735	catA1_phenicol_antibiotic	9	660	660	1.0	Unknown taxonomy (chromosome or plasmid)
barcode06_6Gb	contig_516	27863	29054	tet(C)_tetracycline_antibiotic	21	1191	1191	1.0	Unknown taxonomy (chromosome or plasmid)
barcode06_6Gb	contig_520	984	2010	APH(6)-Id_aminoglycoside_antibiotic	7	1026	1026	1.0	Unknown taxonomy (chromosome or plasmid)
barcode06_6Gb	contig_522	133015	133831	APH(3')-Ia_aminoglycoside_antibiotic	36	816	816	1.0	Unknown taxonomy (chromosome or plasmid)
barcode06_6Gb	contig_522	134807	135713	mphA_macrolide_antibiotic	94	906	906	1.0	Unknown taxonomy (chromosome or plasmid)
barcode06_6Gb	contig_522	135709	136948	Mrx_macrolide_antibiotic	104	1239	1239	1.0	Unknown taxonomy (chromosome or plasmid)
barcode06_6Gb	contig_522	141023	141863	sul1_sulfonamide_antibiotic	43	840	840	1.0	Unknown taxonomy (chromosome or plasmid)
barcode06_6Gb	contig_5231	1219207	1220365	vanT gene in vanG cluster_glycopeptide_antibiotic	41	1158	1158	1.0	
barcode06_6Gb	contig_5231	1801772	1802759	vanH gene in vanO cluster_glycopeptide_antibiotic	49	987	987	1.0	
barcode06_6Gb	contig_5232	6199	6832	CRP_macrolide_antibiotic;_fluoroquinolone_antibiotic;_penam	15	633	633	1.0	Enterobacter hormaechei (chromosome or plasmid)
barcode06_6Gb	contig_5264	73298	75776	vanT gene in vanG cluster_glycopeptide_antibiotic	102	2478	2478	1.0	
barcode06_6Gb	contig_5286	15011	15209	rsmA_fluoroquinolone_antibiotic;_diaminopyrimidine_antibiotic;_phenicol_antibiotic	21	198	198	1.0	
barcode06_6Gb	contig_5311	5021	5984	CfxA6_cephamycin	18	963	963	1.0	
barcode06_6Gb	contig_537	116	980	GES-1_carbapenem;_cephalosporin;_penam	40	864	864	1.0	Unknown taxonomy (chromosome or plasmid)
barcode06_6Gb	contig_537	1053	1512	AAC(6')-Il_aminoglycoside_antibiotic	45	459	459	1.0	Unknown taxonomy (chromosome or plasmid)
barcode06_6Gb	contig_538	27525	27999	dfrA14_diaminopyrimidine_antibiotic	13	474	474	1.0	Unknown taxonomy (chromosome or plasmid)
barcode06_6Gb	contig_538	28033	28849	aadA_aminoglycoside_antibiotic	36	816	816	1.0	Unknown taxonomy (chromosome or plasmid)
barcode06_6Gb	contig_538	28841	29642	OXA-10_cephalosporin;_penam	22	801	801	1.0	Unknown taxonomy (chromosome or plasmid)
barcode06_6Gb	contig_5531	97729	98056	qacG_disinfecting_agents_and_antiseptics	11	327	327	1.0	
barcode06_6Gb	contig_5608	1675	2860	Escherichia coli EF-Tu mutants conferring resistance to Pulvomycin_elfamycin_antibiotic	14	1185	1185	1.0	Citrobacter koseri (chromosome or plasmid)
barcode06_6Gb	contig_5608	21207	21840	CRP_macrolide_antibiotic;_fluoroquinolone_antibiotic;_penam	16	633	633	1.0	Citrobacter (chromosome)
barcode06_6Gb	contig_566	438	1384	TLA-1_monobactam;_cephalosporin	8	946	946	1.0	
barcode06_6Gb	contig_5682	4323	5436	vanT gene in vanG cluster_glycopeptide_antibiotic	15	1113	1113	1.0	
barcode06_6Gb	contig_5737	5734	6562	OXA-253_carbapenem;_penam	19	828	828	1.0	Acinetobacter baumannii (chromosome)
barcode06_6Gb	contig_579	970	1810	sul1_sulfonamide_antibiotic	37	840	840	1.0	Unknown taxonomy (chromosome or plasmid)
barcode06_6Gb	contig_579	1803	2151	qacEdelta1_disinfecting_agents_and_antiseptics	39	348	348	1.0	Unknown taxonomy (chromosome or plasmid)
barcode06_6Gb	contig_579	3054	3705	AAC(6')-Ib9_aminoglycoside_antibiotic	34	651	651	1.0	Unknown taxonomy (chromosome or plasmid)
barcode06_6Gb	contig_579	3746	4610	GES-1_carbapenem;_cephalosporin;_penam	47	864	864	1.0	Unknown taxonomy (chromosome or plasmid)
barcode06_6Gb	contig_579	12130	12910	APH(3')-VIa_aminoglycoside_antibiotic	30	780	780	1.0	Unknown taxonomy (chromosome or plasmid)
barcode06_6Gb	contig_579	21013	21877	GES-1_carbapenem;_cephalosporin;_penam	47	864	864	1.0	Unknown taxonomy (chromosome or plasmid)
barcode06_6Gb	contig_579	22650	23478	OXA-2_carbapenem;_cephalosporin;_penam	41	828	828	1.0	Unknown taxonomy (chromosome or plasmid)
barcode06_6Gb	contig_579	23933	24281	qacEdelta1_disinfecting_agents_and_antiseptics	58	348	348	1.0	Unknown taxonomy (chromosome or plasmid)
barcode06_6Gb	contig_579	24274	25114	sul1_sulfonamide_antibiotic	63	840	840	1.0	Unknown taxonomy (chromosome or plasmid)
barcode06_6Gb	contig_580	90072	90888	APH(3')-Ia_aminoglycoside_antibiotic	28	816	816	1.0	Unknown taxonomy (chromosome or plasmid)
barcode06_6Gb	contig_580	92327	93233	mphA_macrolide_antibiotic	16	906	906	1.0	Unknown taxonomy (chromosome or plasmid)
barcode06_6Gb	contig_583	349	1210	AAC(3)-IIe_aminoglycoside_antibiotic	9	861	861	1.0	Unknown taxonomy (chromosome or plasmid)
barcode06_6Gb	contig_583	1698	2343	QnrB19_fluoroquinolone_antibiotic	77	645	645	1.0	Unknown taxonomy (chromosome or plasmid)
barcode06_6Gb	contig_585	4703	5903	tet(A)_tetracycline_antibiotic	25	1200	1200	1.0	Unknown taxonomy (chromosome or plasmid)
barcode06_6Gb	contig_585	10881	11718	APH(6)-Id_aminoglycoside_antibiotic	64	837	837	1.0	Unknown taxonomy (chromosome or plasmid)
barcode06_6Gb	contig_585	11717	12521	APH(3'')-Ib_aminoglycoside_antibiotic	73	804	804	1.0	Unknown taxonomy (chromosome or plasmid)
barcode06_6Gb	contig_585	147116	147977	TEM-1_monobactam;_cephalosporin;_penam;_penem	32	861	861	1.0	Unknown taxonomy (chromosome or plasmid)
barcode06_6Gb	contig_585	152948	153809	AAC(3)-IId_aminoglycoside_antibiotic	12	861	861	1.0	Unknown taxonomy (chromosome or plasmid)
barcode06_6Gb	contig_585	156063	156663	AAC(6')-Ib-cr6_fluoroquinolone_antibiotic;_aminoglycoside_antibiotic	27	600	600	1.0	Unknown taxonomy (chromosome or plasmid)
barcode06_6Gb	contig_585	156793	157624	OXA-1_cephalosporin;_penam	26	831	831	1.0	Unknown taxonomy (chromosome or plasmid)
barcode06_6Gb	contig_585	157761	158394	catB3_phenicol_antibiotic	22	633	633	1.0	Unknown taxonomy (chromosome or plasmid)
barcode06_6Gb	contig_585	158478	158931	arr-3_rifamycin_antibiotic	13	453	453	1.0	Unknown taxonomy (chromosome or plasmid)
barcode06_6Gb	contig_589	3706	4816	APH(3'')-Ib_aminoglycoside_antibiotic	30	1089	1110	0.9810811	Unknown taxonomy (chromosome or plasmid)
barcode06_6Gb	contig_5908	20372	21467	vanG_glycopeptide_antibiotic	29	1095	1095	1.0	Unknown taxonomy (chromosome or plasmid)
barcode06_6Gb	contig_5908	104051	107201	acrB_fluoroquinolone_antibiotic;_cephalosporin;_glycylcycline;_penam;_tetracycline_antibiotic;_rifamycin_antibiotic;_phenicol_antibiotic;_disinfecting_agents_and_antiseptics	20	3150	3150	1.0	Escherichia coli (chromosome or plasmid)
barcode06_6Gb	contig_5908	107223	108417	Escherichia coli acrA_fluoroquinolone_antibiotic;_cephalosporin;_glycylcycline;_penam;_tetracycline_antibiotic;_rifamycin_antibiotic;_phenicol_antibiotic;_disinfecting_agents_and_antiseptics	21	1194	1194	1.0	Unknown taxonomy (chromosome or plasmid)
barcode06_6Gb	contig_5908	108558	109206	Escherichia coli AcrAB-TolC with AcrR mutation conferring resistance to ciprofloxacin, tetracycline, and ceftazidime_fluoroquinolone_antibiotic;_cephalosporin;_glycylcycline;_penam;_tetracycline_antibiotic;_rifamycin_antibiotic;_phenicol_antibiotic;_disinfecting_agents_and_antiseptics	20	648	648	1.0	Unknown taxonomy (chromosome or plasmid)
barcode06_6Gb	contig_592	3841	4723	KPC-2_monobactam;_carbapenem;_cephalosporin;_penam	267	882	882	1.0	Unknown taxonomy (chromosome or plasmid)
barcode06_6Gb	contig_594	1425	2181	TEM-216_monobactam;_cephalosporin;_penam;_penem	14	756	756	1.0	Unknown taxonomy (chromosome or plasmid)
barcode06_6Gb	contig_6014	4927	6442	aadT_macrolide_antibiotic;_tetracycline_antibiotic;_disinfecting_agents_and_antiseptics	6	1515	1515	1.0	
barcode06_6Gb	contig_6023	169731	170754	leuO_nucleoside_antibiotic;_disinfecting_agents_and_antiseptics	16	1023	1023	1.0	Enterobacter kobei (chromosome)
barcode06_6Gb	contig_6023	176916	178683	Haemophilus influenzae PBP3 conferring resistance to beta-lactam antibiotics_cephalosporin;_cephamycin;_penam	15	1767	1767	1.0	Enterobacter kobei (chromosome or plasmid)
barcode06_6Gb	contig_603	3410	4601	tet(C)_tetracycline_antibiotic	21	1191	1191	1.0	Unknown taxonomy (chromosome or plasmid)
barcode06_6Gb	contig_6058	36634	38026	Escherichia coli UhpT with mutation conferring resistance to fosfomycin_phosphonic_acid_antibiotic	15	1392	1392	1.0	Enterobacter kobei (chromosome or plasmid)
barcode06_6Gb	contig_609	4311	5172	TEM-1_monobactam;_cephalosporin;_penam;_penem	98	861	861	1.0	Unknown taxonomy (chromosome or plasmid)
barcode06_6Gb	contig_609	6132	7017	mphE_macrolide_antibiotic	86	885	885	1.0	Unknown taxonomy (chromosome or plasmid)
barcode06_6Gb	contig_609	7072	8548	msrE_macrolide_antibiotic;_streptogramin_antibiotic	78	1476	1476	1.0	Unknown taxonomy (chromosome or plasmid)
barcode06_6Gb	contig_6101	9287	10466	vanT gene in vanG cluster_glycopeptide_antibiotic	4	1179	1179	1.0	
barcode06_6Gb	contig_614	3611	4403	aadA_aminoglycoside_antibiotic	36	792	792	1.0	Unknown taxonomy (chromosome or plasmid)
barcode06_6Gb	contig_614	4478	5279	OXA-101_cephalosporin;_penam	12	801	801	1.0	Unknown taxonomy (chromosome or plasmid)
barcode06_6Gb	contig_614	5838	6702	sul4_sulfonamide_antibiotic	12	864	864	1.0	Unknown taxonomy (chromosome or plasmid)
barcode06_6Gb	contig_6245	1294230	1294560	qacG_disinfecting_agents_and_antiseptics	15	330	330	1.0	
barcode06_6Gb	contig_6245	1454167	1454914	vanY gene in vanG cluster_glycopeptide_antibiotic	10	747	747	1.0	
barcode06_6Gb	contig_6247	1499316	1500063	vanY gene in vanG cluster_glycopeptide_antibiotic	13	747	747	1.0	
barcode06_6Gb	contig_6248	305993	307988	lmrD_lincosamide_antibiotic	14	1995	1995	1.0	
barcode06_6Gb	contig_6249	310749	312744	lmrD_lincosamide_antibiotic	14	1995	1995	1.0	
barcode06_6Gb	contig_6347	441	1098	QnrS2_fluoroquinolone_antibiotic	14	657	657	1.0	Unknown taxonomy (chromosome or plasmid)
barcode06_6Gb	contig_6490	59761	60967	Mef(En2)_macrolide_antibiotic;_lincosamide_antibiotic	24	1206	1206	1.0	Unknown taxonomy (chromosome)
barcode06_6Gb	contig_658	14466	15372	mphA_macrolide_antibiotic	95	906	906	1.0	Unknown taxonomy (chromosome or plasmid)
barcode06_6Gb	contig_658	15368	16607	Mrx_macrolide_antibiotic	106	1239	1239	1.0	Unknown taxonomy (chromosome or plasmid)
barcode06_6Gb	contig_658	20682	21522	sul1_sulfonamide_antibiotic	72	840	840	1.0	Unknown taxonomy (chromosome or plasmid)
barcode06_6Gb	contig_658	21515	21863	qacEdelta1_disinfecting_agents_and_antiseptics	78	348	348	1.0	Unknown taxonomy (chromosome or plasmid)
barcode06_6Gb	contig_658	22026	22806	aadA2_aminoglycoside_antibiotic	27	780	780	1.0	Unknown taxonomy (chromosome or plasmid)
barcode06_6Gb	contig_658	23225	23696	dfrA12_diaminopyrimidine_antibiotic	18	471	471	1.0	Unknown taxonomy (chromosome or plasmid)
barcode06_6Gb	contig_669	59772	61521	msbA_nitroimidazole_antibiotic	13	1749	1749	1.0	Citrobacter freundii (chromosome)
barcode06_6Gb	contig_6718	718	3856	adeF_fluoroquinolone_antibiotic;_tetracycline_antibiotic	4	3138	3138	1.0	Parabacteroides distasonis (chromosome)
barcode06_6Gb	contig_6757	1463	2249	aadA2_aminoglycoside_antibiotic	5	786	786	1.0	Unknown taxonomy (chromosome or plasmid)
barcode06_6Gb	contig_6787	116699	117032	qacJ_disinfecting_agents_and_antiseptics	8	333	333	1.0	
barcode06_6Gb	contig_679	2646	4287	APH(6)-Id_aminoglycoside_antibiotic	15	1641	1641	1.0	Unknown taxonomy (chromosome or plasmid)
barcode06_6Gb	contig_6873	795	2715	tet(O)_tetracycline_antibiotic	77	1920	1920	1.0	Unknown taxonomy (chromosome or plasmid)
barcode06_6Gb	contig_688	19098	19935	APH(6)-Id_aminoglycoside_antibiotic	53	837	837	1.0	Unknown taxonomy (chromosome or plasmid)
barcode06_6Gb	contig_6917	3771	4614	OXA-58_carbapenem;_penam	12	843	843	1.0	Unknown taxonomy (chromosome or plasmid)
barcode06_6Gb	contig_6939	1372	4660	Bifidobacterium adolescentis rpoB mutants conferring resistance to rifampicin_rifamycin_antibiotic	5	3288	3288	1.0	Unknown taxonomy (chromosome)
barcode06_6Gb	contig_6947	4449	5637	tet(39)_tetracycline_antibiotic	44	1188	1188	1.0	Unknown taxonomy (plasmid)
barcode06_6Gb	contig_6996	97398	98592	Enterobacter cloacae acrA_fluoroquinolone_antibiotic;_cephalosporin;_glycylcycline;_penam;_tetracycline_antibiotic;_rifamycin_antibiotic;_phenicol_antibiotic;_disinfecting_agents_and_antiseptics	13	1194	1194	1.0	Enterobacter (chromosome)
barcode06_6Gb	contig_6996	98614	101761	acrB_fluoroquinolone_antibiotic;_cephalosporin;_glycylcycline;_penam;_tetracycline_antibiotic;_rifamycin_antibiotic;_phenicol_antibiotic;_disinfecting_agents_and_antiseptics	10	3147	3147	1.0	Unknown taxonomy (chromosome)
barcode06_6Gb	contig_7000	28433	30359	tet(Q)_tetracycline_antibiotic	58	1926	1926	1.0	Unknown taxonomy (chromosome)
barcode06_6Gb	contig_710	36064	36952	vanW gene in vanG cluster_glycopeptide_antibiotic	12	888	888	1.0	
barcode06_6Gb	contig_7109	6261	7089	OXA-253_carbapenem;_penam	35	828	828	1.0	Acinetobacter baumannii (chromosome)
barcode06_6Gb	contig_7116	2959	4708	msbA_nitroimidazole_antibiotic	13	1749	1749	1.0	Unknown taxonomy (chromosome)
barcode06_6Gb	contig_712	326416	327241	OXA-441_carbapenem;_penam	23	825	825	1.0	Acinetobacter baumannii (chromosome or plasmid)
barcode06_6Gb	contig_712	646323	649434	adeB_glycylcycline;_tetracycline_antibiotic	15	3111	3111	1.0	Acinetobacter baumannii (no genomic info)
barcode06_6Gb	contig_7137	77562	78525	leuO_nucleoside_antibiotic;_disinfecting_agents_and_antiseptics	12	963	963	1.0	Enterobacter roggenkampii (chromosome)
barcode06_6Gb	contig_7137	84695	86462	Haemophilus influenzae PBP3 conferring resistance to beta-lactam antibiotics_cephalosporin;_cephamycin;_penam	15	1767	1767	1.0	Enterobacter roggenkampii (chromosome or plasmid)
barcode06_6Gb	contig_715	49798	52960	adeF_fluoroquinolone_antibiotic;_tetracycline_antibiotic	13	3162	3162	1.0	Pseudomonas fluorescens (no genomic info)
barcode06_6Gb	contig_7167	89408	90605	Shigella flexneri acrA_fluoroquinolone_antibiotic;_cephalosporin;_glycylcycline;_penam;_tetracycline_antibiotic;_rifamycin_antibiotic;_phenicol_antibiotic;_disinfecting_agents_and_antiseptics	6	1197	1197	1.0	Unknown taxonomy (chromosome)
barcode06_6Gb	contig_7171	8752	9178	FosA2_phosphonic_acid_antibiotic	12	426	426	1.0	Enterobacter roggenkampii (chromosome)
barcode06_6Gb	contig_722	670885	671221	qacG_disinfecting_agents_and_antiseptics	14	336	336	1.0	
barcode06_6Gb	contig_722	1280486	1281302	sul2_sulfonamide_antibiotic	39	816	816	1.0	Unknown taxonomy (chromosome or plasmid)
barcode06_6Gb	contig_722	1282165	1283002	APH(6)-Id_aminoglycoside_antibiotic	35	837	837	1.0	Unknown taxonomy (chromosome or plasmid)
barcode06_6Gb	contig_722	1284079	1285279	tet(A)_tetracycline_antibiotic	27	1200	1200	1.0	Unknown taxonomy (chromosome or plasmid)
barcode06_6Gb	contig_7291	1789	2527	ErmB_macrolide_antibiotic;_lincosamide_antibiotic;_streptogramin_antibiotic;_streptogramin_A_antibiotic;_streptogramin_B_antibiotic	16	738	738	1.0	Unknown taxonomy (chromosome or plasmid)
barcode06_6Gb	contig_7294	7259	7739	vanY gene in vanB cluster_glycopeptide_antibiotic	12	480	480	1.0	Faecalibacterium prausnitzii (chromosome)
barcode06_6Gb	contig_7401	939	1851	leuO_nucleoside_antibiotic;_disinfecting_agents_and_antiseptics	4	912	912	1.0	Klebsiella michiganensis (chromosome)
barcode06_6Gb	contig_7479	95220	98376	adeF_fluoroquinolone_antibiotic;_tetracycline_antibiotic	10	3156	3156	1.0	
barcode06_6Gb	contig_7499	5133	5766	vanY gene in vanF cluster_glycopeptide_antibiotic	3	633	633	1.0	
barcode06_6Gb	contig_7553	136231	137053	bacA_peptide_antibiotic	11	822	822	1.0	
barcode06_6Gb	contig_7615	62865	63849	vanH gene in vanO cluster_glycopeptide_antibiotic	8	984	984	1.0	
barcode06_6Gb	contig_7654	33590	33779	rsmA_fluoroquinolone_antibiotic;_diaminopyrimidine_antibiotic;_phenicol_antibiotic	23	189	189	1.0	
barcode06_6Gb	contig_7673	14589	15024	Escherichia coli AcrAB-TolC with MarR mutations conferring resistance to ciprofloxacin and tetracycline_fluoroquinolone_antibiotic;_cephalosporin;_glycylcycline;_penam;_tetracycline_antibiotic;_rifamycin_antibiotic;_phenicol_antibiotic;_disinfecting_agents_and_antiseptics	8	435	435	1.0	Enterobacter (chromosome)
barcode06_6Gb	contig_7789	15488	15677	rsmA_fluoroquinolone_antibiotic;_diaminopyrimidine_antibiotic;_phenicol_antibiotic	16	189	189	1.0	
barcode06_6Gb	contig_7813	4353	6831	vanT gene in vanG cluster_glycopeptide_antibiotic	50	2478	2478	1.0	
barcode06_6Gb	contig_7908	22930	23185	rsmA_fluoroquinolone_antibiotic;_diaminopyrimidine_antibiotic;_phenicol_antibiotic	10	255	255	1.0	
barcode06_6Gb	contig_7910	74877	75513	vanW gene in vanI cluster_glycopeptide_antibiotic	4	636	636	1.0	
barcode06_6Gb	contig_7998	64635	65607	leuO_nucleoside_antibiotic;_disinfecting_agents_and_antiseptics	10	972	972	1.0	
barcode06_6Gb	contig_7999	3177	3507	qacG_disinfecting_agents_and_antiseptics	3	330	330	1.0	
barcode06_6Gb	contig_8104	36752	37985	Escherichia coli mdfA_tetracycline_antibiotic;_disinfecting_agents_and_antiseptics	25	1233	1233	1.0	
barcode06_6Gb	contig_8133	130193	131378	Escherichia coli EF-Tu mutants conferring resistance to Pulvomycin_elfamycin_antibiotic	40	1185	1185	1.0	Enterobacter (chromosome or plasmid)
barcode06_6Gb	contig_8134	2631	3999	mdtA_aminocoumarin_antibiotic	12	1368	1368	1.0	Escherichia coli (chromosome or plasmid)
barcode06_6Gb	contig_8134	3998	7109	mdtB_aminocoumarin_antibiotic	11	3111	3111	1.0	Escherichia coli (chromosome or plasmid)
barcode06_6Gb	contig_8141	69842	71486	YojI_peptide_antibiotic	15	1644	1644	1.0	Escherichia coli (chromosome or plasmid)
barcode06_6Gb	contig_8141	109652	111011	Escherichia coli GlpT with mutation conferring resistance to fosfomycin_phosphonic_acid_antibiotic	24	1359	1359	1.0	Unknown taxonomy (chromosome or plasmid)
barcode06_6Gb	contig_8141	125715	126684	PmrF_peptide_antibiotic	31	969	969	1.0	Unknown taxonomy (chromosome or plasmid)
barcode06_6Gb	contig_8141	129552	131205	ArnT_peptide_antibiotic	24	1653	1653	1.0	Unknown taxonomy (chromosome or plasmid)
barcode06_6Gb	contig_8226	33828	34161	qacL_disinfecting_agents_and_antiseptics	19	333	333	1.0	Unknown taxonomy (chromosome or plasmid)
barcode06_6Gb	contig_8285	13759	14233	dfrA6_diaminopyrimidine_antibiotic	37	474	474	1.0	Unknown taxonomy (chromosome or plasmid)
barcode06_6Gb	contig_8285	14391	15048	QnrVC1_fluoroquinolone_antibiotic	42	657	657	1.0	Unknown taxonomy (chromosome or plasmid)
barcode06_6Gb	contig_8289	94	874	APH(3')-VIa_aminoglycoside_antibiotic	20	780	780	1.0	Unknown taxonomy (chromosome or plasmid)
barcode06_6Gb	contig_8297	1073	1418	qacG_disinfecting_agents_and_antiseptics	10	345	345	1.0	Unknown taxonomy (chromosome or plasmid)
barcode06_6Gb	contig_8299	1584	2484	VEB-9_monobactam;_cephalosporin	6	900	900	1.0	Unknown taxonomy (chromosome or plasmid)
barcode06_6Gb	contig_8371	9219	10110	vanY gene in vanB cluster_glycopeptide_antibiotic	6	891	891	1.0	Faecalibacterium prausnitzii (chromosome)
barcode06_6Gb	contig_8425	1003	2386	tet(O)_tetracycline_antibiotic	55	1383	1383	1.0	Unknown taxonomy (chromosome or plasmid)
barcode06_6Gb	contig_8531	3120	3615	dfrF_diaminopyrimidine_antibiotic	10	495	495	1.0	Unknown taxonomy (chromosome or plasmid)
barcode06_6Gb	contig_8688	2360	2705	qacG_disinfecting_agents_and_antiseptics	3	345	345	1.0	
barcode06_6Gb	contig_8889	9641	11156	aadT_macrolide_antibiotic;_tetracycline_antibiotic;_disinfecting_agents_and_antiseptics	13	1515	1515	1.0	
barcode06_6Gb	contig_8934	82138	83692	vanW gene in vanI cluster_glycopeptide_antibiotic	14	1554	1554	1.0	
barcode06_6Gb	contig_8934	703214	706385	adeF_fluoroquinolone_antibiotic;_tetracycline_antibiotic	18	3171	3171	1.0	
barcode06_6Gb	contig_901	5480	7796	LptD_carbapenem;_peptide_antibiotic;_aminocoumarin_antibiotic;_rifamycin_antibiotic	7	2316	2316	1.0	Klebsiella (chromosome)
barcode06_6Gb	contig_9026	5624	7448	vanY gene in vanB cluster_glycopeptide_antibiotic	7	1824	1824	1.0	
barcode06_6Gb	contig_9042	25109	26276	ugd_peptide_antibiotic	13	1167	1167	1.0	Unknown taxonomy (chromosome or plasmid)
barcode06_6Gb	contig_9144	14109	14394	FosA8_phosphonic_acid_antibiotic	6	285	285	1.0	
barcode06_6Gb	contig_9316	603	1467	aadS_aminoglycoside_antibiotic	28	864	864	1.0	Unknown taxonomy (chromosome or plasmid)
barcode06_6Gb	contig_9344	63100	66214	acrD_aminoglycoside_antibiotic	6	3114	3114	1.0	
barcode06_6Gb	contig_9357	105523	105778	rsmA_fluoroquinolone_antibiotic;_diaminopyrimidine_antibiotic;_phenicol_antibiotic	8	255	255	1.0	
barcode06_6Gb	contig_9456	31290	31854	vanY gene in vanB cluster_glycopeptide_antibiotic	3	564	564	1.0	
barcode06_6Gb	contig_9491	6426	7614	tet(39)_tetracycline_antibiotic	50	1188	1188	1.0	Unknown taxonomy (plasmid)
barcode06_6Gb	contig_9502	1430	3050	vanW gene in vanI cluster_glycopeptide_antibiotic	3	1620	1620	1.0	
barcode06_6Gb	contig_9524	25342	27091	msbA_nitroimidazole_antibiotic	6	1749	1749	1.0	Enterobacter kobei (chromosome)
barcode06_6Gb	contig_9712	111871	112402	Klebsiella pneumoniae KpnE_macrolide_antibiotic;_aminoglycoside_antibiotic;_cephalosporin;_tetracycline_antibiotic;_peptide_antibiotic;_rifamycin_antibiotic;_disinfecting_agents_and_antiseptics	16	531	531	1.0	Enterobacter kobei (chromosome)
barcode06_6Gb	contig_9728	4693	5635	vanW gene in vanI cluster_glycopeptide_antibiotic	8	942	942	1.0	
barcode06_6Gb	contig_9787	2090	2768	kdpE_aminoglycoside_antibiotic	11	678	678	1.0	Citrobacter portucalensis (chromosome)
barcode06_6Gb	contig_9795	10490	11273	LCR-1_cephalosporin;_penam	9	783	783	1.0	Pseudomonas aeruginosa (chromosome or plasmid)
barcode06_6Gb	contig_9870	75111	75456	qacG_disinfecting_agents_and_antiseptics	8	345	345	1.0	
barcode06_6Gb	contig_9888	24889	25264	ramA_fluoroquinolone_antibiotic;_monobactam;_carbapenem;_cephalosporin;_glycylcycline;_cephamycin;_penam;_tetracycline_antibiotic;_rifamycin_antibiotic;_phenicol_antibiotic;_penem;_disinfecting_agents_and_antiseptics	14	375	375	1.0	Enterobacter kobei (no genomic info)
barcode06_6Gb	contig_9933	128501	129179	kdpE_aminoglycoside_antibiotic	27	678	678	1.0	Escherichia coli (chromosome or plasmid)
barcode06_6Gb	contig_994	2067	2883	sul2_sulfonamide_antibiotic	14	816	816	1.0	Unknown taxonomy (chromosome or plasmid)
barcode06_6Gb	contig_9991	80715	81090	ramA_fluoroquinolone_antibiotic;_monobactam;_carbapenem;_cephalosporin;_glycylcycline;_cephamycin;_penam;_tetracycline_antibiotic;_rifamycin_antibiotic;_phenicol_antibiotic;_penem;_disinfecting_agents_and_antiseptics	13	375	375	1.0	Enterobacter (chromosome)
barcode06_9Gb	contig_1013	3682	4987	Acinetobacter baumannii AbaQ_fluoroquinolone_antibiotic	17	1305	1305	1.0	
barcode06_9Gb	contig_10133	18009	19242	Escherichia coli mdfA_tetracycline_antibiotic;_disinfecting_agents_and_antiseptics	5	1233	1233	1.0	Citrobacter portucalensis (chromosome or plasmid)
barcode06_9Gb	contig_10135	10206	11439	Escherichia coli mdfA_tetracycline_antibiotic;_disinfecting_agents_and_antiseptics	4	1233	1233	1.0	Citrobacter freundii (chromosome or plasmid)
barcode06_9Gb	contig_10262	12267	13455	vanT gene in vanG cluster_glycopeptide_antibiotic	7	1188	1188	1.0	
barcode06_9Gb	contig_10316	21883	24994	adeB_glycylcycline;_tetracycline_antibiotic	15	3111	3111	1.0	Acinetobacter baumannii (no genomic info)
barcode06_9Gb	contig_10317	6119	7589	adeC_glycylcycline;_tetracycline_antibiotic	10	1470	1470	1.0	Acinetobacter baumannii (chromosome or plasmid)
barcode06_9Gb	contig_10363	14186	17339	adeF_fluoroquinolone_antibiotic;_tetracycline_antibiotic	46	3153	3153	1.0	
barcode06_9Gb	contig_10412	32672	33005	FosH_phosphonic_acid_antibiotic	4	333	333	1.0	
barcode06_9Gb	contig_10412	142051	142411	qacJ_disinfecting_agents_and_antiseptics	6	360	360	1.0	
barcode06_9Gb	contig_1043	9641	10505	GES-5_carbapenem;_cephalosporin;_penam	25	864	864	1.0	Unknown taxonomy (chromosome or plasmid)
barcode06_9Gb	contig_1043	12259	12607	qacEdelta1_disinfecting_agents_and_antiseptics	64	348	348	1.0	Unknown taxonomy (chromosome or plasmid)
barcode06_9Gb	contig_1043	12600	13440	sul1_sulfonamide_antibiotic	73	840	840	1.0	Unknown taxonomy (chromosome or plasmid)
barcode06_9Gb	contig_10436	52048	52384	qacG_disinfecting_agents_and_antiseptics	17	336	336	1.0	
barcode06_9Gb	contig_10636	22698	22896	rsmA_fluoroquinolone_antibiotic;_diaminopyrimidine_antibiotic;_phenicol_antibiotic	26	198	198	1.0	
barcode06_9Gb	contig_10666	39230	39593	Klebsiella pneumoniae KpnE_macrolide_antibiotic;_aminoglycoside_antibiotic;_cephalosporin;_tetracycline_antibiotic;_peptide_antibiotic;_rifamycin_antibiotic;_disinfecting_agents_and_antiseptics	12	363	363	1.0	Enterobacter (chromosome)
barcode06_9Gb	contig_10666	39579	39909	Klebsiella pneumoniae KpnF_macrolide_antibiotic;_aminoglycoside_antibiotic;_cephalosporin;_tetracycline_antibiotic;_peptide_antibiotic;_rifamycin_antibiotic;_disinfecting_agents_and_antiseptics	12	330	330	1.0	Enterobacter (chromosome)
barcode06_9Gb	contig_10788	5455	6088	catB2_phenicol_antibiotic	7	633	633	1.0	Unknown taxonomy (chromosome or plasmid)
barcode06_9Gb	contig_10788	6931	7816	mphE_macrolide_antibiotic	13	885	885	1.0	Unknown taxonomy (chromosome or plasmid)
barcode06_9Gb	contig_10825	1139	1556	FosA3_phosphonic_acid_antibiotic	8	417	417	1.0	Unknown taxonomy (chromosome or plasmid)
barcode06_9Gb	contig_10825	4377	5172	APH(3')-IIa_aminoglycoside_antibiotic	5	795	795	1.0	Unknown taxonomy (chromosome or plasmid)
barcode06_9Gb	contig_10847	2775	3966	tet(C)_tetracycline_antibiotic	30	1191	1191	1.0	Unknown taxonomy (chromosome or plasmid)
barcode06_9Gb	contig_11027	59258	59789	emrR_fluoroquinolone_antibiotic	12	531	531	1.0	Enterobacter (chromosome)
barcode06_9Gb	contig_11027	61105	62653	emrB_fluoroquinolone_antibiotic	14	1548	1548	1.0	Enterobacter roggenkampii (chromosome or plasmid)
barcode06_9Gb	contig_11027	69610	69796	rsmA_fluoroquinolone_antibiotic;_diaminopyrimidine_antibiotic;_phenicol_antibiotic	22	186	186	1.0	Enterobacter (chromosome or plasmid)
barcode06_9Gb	contig_11052	32618	35780	adeF_fluoroquinolone_antibiotic;_tetracycline_antibiotic	16	3162	3162	1.0	Pseudomonas fluorescens (chromosome)
barcode06_9Gb	contig_11102	52814	56378	Bifidobacterium adolescentis rpoB mutants conferring resistance to rifampicin_rifamycin_antibiotic	10	3564	3564	1.0	Unknown taxonomy (chromosome)
barcode06_9Gb	contig_1120	86185	87934	msbA_nitroimidazole_antibiotic	17	1749	1749	1.0	Citrobacter freundii (chromosome)
barcode06_9Gb	contig_11202	2481	3381	VEB-9_monobactam;_cephalosporin	4	900	900	1.0	Unknown taxonomy (chromosome or plasmid)
barcode06_9Gb	contig_11231	23909	24329	FosA6_phosphonic_acid_antibiotic	7	420	420	1.0	Klebsiella pneumoniae (chromosome or plasmid)
barcode06_9Gb	contig_11337	36381	37119	ErmB_macrolide_antibiotic;_lincosamide_antibiotic;_streptogramin_antibiotic;_streptogramin_A_antibiotic;_streptogramin_B_antibiotic	26	738	738	1.0	Unknown taxonomy (chromosome or plasmid)
barcode06_9Gb	contig_11346	32800	33289	vanY gene in vanB cluster_glycopeptide_antibiotic	19	489	489	1.0	Faecalibacterium prausnitzii (chromosome)
barcode06_9Gb	contig_1139	14447	15332	mphE_macrolide_antibiotic	146	885	885	1.0	Unknown taxonomy (chromosome or plasmid)
barcode06_9Gb	contig_1155	18498	19155	QnrS1_fluoroquinolone_antibiotic	52	657	657	1.0	Unknown taxonomy (chromosome or plasmid)
barcode06_9Gb	contig_1155	23795	24671	CTX-M-15_cephalosporin;_penam	35	876	876	1.0	Unknown taxonomy (chromosome or plasmid)
barcode06_9Gb	contig_1157	191	1052	TEM-1_monobactam;_cephalosporin;_penam;_penem	23	861	861	1.0	Unknown taxonomy (chromosome or plasmid)
barcode06_9Gb	contig_11579	22945	23320	ramA_fluoroquinolone_antibiotic;_monobactam;_carbapenem;_cephalosporin;_glycylcycline;_cephamycin;_penam;_tetracycline_antibiotic;_rifamycin_antibiotic;_phenicol_antibiotic;_penem;_disinfecting_agents_and_antiseptics	17	375	375	1.0	Enterobacter kobei (no genomic info)
barcode06_9Gb	contig_11579	338928	340161	Escherichia coli mdfA_tetracycline_antibiotic;_disinfecting_agents_and_antiseptics	19	1233	1233	1.0	
barcode06_9Gb	contig_11579	445848	447597	msbA_nitroimidazole_antibiotic	25	1749	1749	1.0	Enterobacter kobei (chromosome)
barcode06_9Gb	contig_1159	97567	98806	Mrx_macrolide_antibiotic	129	1239	1239	1.0	Unknown taxonomy (chromosome or plasmid)
barcode06_9Gb	contig_1159	98802	99708	mphA_macrolide_antibiotic	143	906	906	1.0	Unknown taxonomy (chromosome or plasmid)
barcode06_9Gb	contig_1159	100930	101770	sul1_sulfonamide_antibiotic	40	840	840	1.0	Unknown taxonomy (chromosome or plasmid)
barcode06_9Gb	contig_1159	101763	102111	qacEdelta1_disinfecting_agents_and_antiseptics	45	348	348	1.0	Unknown taxonomy (chromosome or plasmid)
barcode06_9Gb	contig_1159	102316	103105	aadA5_aminoglycoside_antibiotic	55	789	789	1.0	Unknown taxonomy (chromosome or plasmid)
barcode06_9Gb	contig_1159	103235	103835	dfrA17_diaminopyrimidine_antibiotic	39	600	600	1.0	Unknown taxonomy (chromosome or plasmid)
barcode06_9Gb	contig_1160	3122	3983	TEM-1_monobactam;_cephalosporin;_penam;_penem	28	861	861	1.0	Unknown taxonomy (chromosome or plasmid)
barcode06_9Gb	contig_1160	5050	5956	mphA_macrolide_antibiotic	173	906	906	1.0	Unknown taxonomy (chromosome or plasmid)
barcode06_9Gb	contig_1160	5952	7191	Mrx_macrolide_antibiotic	173	1239	1239	1.0	Unknown taxonomy (chromosome or plasmid)
barcode06_9Gb	contig_1162	4918	5392	dfrA1_diaminopyrimidine_antibiotic	24	474	474	1.0	Unknown taxonomy (chromosome or plasmid)
barcode06_9Gb	contig_1163	944	1784	sul1_sulfonamide_antibiotic	65	840	840	1.0	Unknown taxonomy (chromosome or plasmid)
barcode06_9Gb	contig_1163	1777	2125	qacEdelta1_disinfecting_agents_and_antiseptics	63	348	348	1.0	Unknown taxonomy (chromosome or plasmid)
barcode06_9Gb	contig_1163	2288	3104	aadA_aminoglycoside_antibiotic	47	816	816	1.0	Unknown taxonomy (chromosome or plasmid)
barcode06_9Gb	contig_1163	3096	3897	OXA-10_cephalosporin;_penam	34	801	801	1.0	Unknown taxonomy (chromosome or plasmid)
barcode06_9Gb	contig_1163	4161	5421	cmlA5_phenicol_antibiotic	27	1260	1260	1.0	Unknown taxonomy (chromosome or plasmid)
barcode06_9Gb	contig_11689	373	706	qacL_disinfecting_agents_and_antiseptics	31	333	333	1.0	Unknown taxonomy (chromosome or plasmid)
barcode06_9Gb	contig_11695	188256	189648	Escherichia coli UhpT with mutation conferring resistance to fosfomycin_phosphonic_acid_antibiotic	15	1392	1392	1.0	Klebsiella pneumoniae (chromosome or plasmid)
barcode06_9Gb	contig_11788	159210	160197	vanH gene in vanO cluster_glycopeptide_antibiotic	78	987	987	1.0	
barcode06_9Gb	contig_11788	741603	742761	vanT gene in vanG cluster_glycopeptide_antibiotic	72	1158	1158	1.0	
barcode06_9Gb	contig_11829	66269	68018	msbA_nitroimidazole_antibiotic	4	1749	1749	1.0	Unknown taxonomy (chromosome)
barcode06_9Gb	contig_11833	2704	3286	vanY gene in vanM cluster_glycopeptide_antibiotic	7	582	582	1.0	
barcode06_9Gb	contig_11897	28523	28778	rsmA_fluoroquinolone_antibiotic;_diaminopyrimidine_antibiotic;_phenicol_antibiotic	10	255	255	1.0	
barcode06_9Gb	contig_1195	19383	20163	APH(3')-VIa_aminoglycoside_antibiotic	85	780	780	1.0	Unknown taxonomy (chromosome or plasmid)
barcode06_9Gb	contig_1197	10657	11518	SHV-2A_carbapenem;_cephalosporin;_penam	12	861	861	1.0	Unknown taxonomy (chromosome or plasmid)
barcode06_9Gb	contig_1201	1868	2750	KPC-2_monobactam;_carbapenem;_cephalosporin;_penam	269	882	882	1.0	Unknown taxonomy (chromosome or plasmid)
barcode06_9Gb	contig_12033	63820	64972	ADC-154_cephalosporin	53	1152	1152	1.0	Acinetobacter baumannii (chromosome or plasmid)
barcode06_9Gb	contig_12080	5585	6467	KPC-2_monobactam;_carbapenem;_cephalosporin;_penam	57	882	882	1.0	Unknown taxonomy (chromosome or plasmid)
barcode06_9Gb	contig_1209	56	872	APH(3')-Ia_aminoglycoside_antibiotic	34	816	816	1.0	Unknown taxonomy (chromosome or plasmid)
barcode06_9Gb	contig_1210	2983	3556	AAC(6')-Ian_aminoglycoside_antibiotic	20	573	573	1.0	Unknown taxonomy (chromosome or plasmid)
barcode06_9Gb	contig_1210	6211	7138	PER-12_monobactam;_carbapenem;_cephalosporin;_penam;_penem	13	927	927	1.0	Unknown taxonomy (chromosome or plasmid)
barcode06_9Gb	contig_1210	12699	13209	dfrA8_diaminopyrimidine_antibiotic	18	510	510	1.0	Unknown taxonomy (chromosome or plasmid)
barcode06_9Gb	contig_1210	15778	16582	APH(3'')-Ib_aminoglycoside_antibiotic	45	804	804	1.0	Unknown taxonomy (chromosome or plasmid)
barcode06_9Gb	contig_1210	16581	17418	APH(6)-Id_aminoglycoside_antibiotic	51	837	837	1.0	Unknown taxonomy (chromosome or plasmid)
barcode06_9Gb	contig_1211	1507	2164	QnrS2_fluoroquinolone_antibiotic	27	657	657	1.0	Unknown taxonomy (chromosome or plasmid)
barcode06_9Gb	contig_1214	2419	3199	APH(3')-VIa_aminoglycoside_antibiotic	16	780	780	1.0	Unknown taxonomy (chromosome or plasmid)
barcode06_9Gb	contig_1214	4476	5289	NDM-1_carbapenem;_cephalosporin;_cephamycin;_penam	12	813	813	1.0	Unknown taxonomy (chromosome or plasmid)
barcode06_9Gb	contig_12149	81371	82826	ArnT_peptide_antibiotic	6	1455	1455	1.0	Citrobacter (chromosome)
barcode06_9Gb	contig_12149	85920	86904	PmrF_peptide_antibiotic	6	984	984	1.0	Citrobacter (chromosome or plasmid)
barcode06_9Gb	contig_12151	4170	5343	Klebsiella pneumoniae KpnG_macrolide_antibiotic;_fluoroquinolone_antibiotic;_aminoglycoside_antibiotic;_carbapenem;_cephalosporin;_penam;_peptide_antibiotic;_penem	9	1173	1173	1.0	Klebsiella (chromosome or plasmid)
barcode06_9Gb	contig_12151	5468	5999	emrR_fluoroquinolone_antibiotic	9	531	531	1.0	Klebsiella pneumoniae (chromosome or plasmid)
barcode06_9Gb	contig_12166	7078	7264	rsmA_fluoroquinolone_antibiotic;_diaminopyrimidine_antibiotic;_phenicol_antibiotic	12	186	186	1.0	Enterobacter (chromosome or plasmid)
barcode06_9Gb	contig_1224	104	935	OXA-4_cephalosporin;_penam	8	831	831	1.0	Pseudomonas aeruginosa (chromosome or plasmid)
barcode06_9Gb	contig_1224	1054	1588	ANT(2'')-Ia_aminoglycoside_antibiotic	11	534	534	1.0	Unknown taxonomy (chromosome or plasmid)
barcode06_9Gb	contig_1225	7607	8267	catA1_phenicol_antibiotic	15	660	660	1.0	Unknown taxonomy (chromosome or plasmid)
barcode06_9Gb	contig_1225	11604	12795	tet(C)_tetracycline_antibiotic	35	1191	1191	1.0	Unknown taxonomy (chromosome or plasmid)
barcode06_9Gb	contig_1226	2023	2863	sul1_sulfonamide_antibiotic	54	840	840	1.0	Unknown taxonomy (chromosome or plasmid)
barcode06_9Gb	contig_1226	2856	3204	qacEdelta1_disinfecting_agents_and_antiseptics	56	348	348	1.0	Unknown taxonomy (chromosome or plasmid)
barcode06_9Gb	contig_1226	3659	4487	OXA-2_carbapenem;_cephalosporin;_penam	49	828	828	1.0	Unknown taxonomy (chromosome or plasmid)
barcode06_9Gb	contig_1226	4568	5219	AAC(6')-Ib9_aminoglycoside_antibiotic	49	651	651	1.0	Unknown taxonomy (chromosome or plasmid)
barcode06_9Gb	contig_1226	5260	6124	GES-1_carbapenem;_cephalosporin;_penam	55	864	864	1.0	Unknown taxonomy (chromosome or plasmid)
barcode06_9Gb	contig_1226	14227	15007	APH(3')-VIa_aminoglycoside_antibiotic	73	780	780	1.0	Unknown taxonomy (chromosome or plasmid)
barcode06_9Gb	contig_1226	22212	22710	dfrA12_diaminopyrimidine_antibiotic	49	498	498	1.0	Unknown taxonomy (chromosome or plasmid)
barcode06_9Gb	contig_1226	23129	23909	aadA2_aminoglycoside_antibiotic	67	780	780	1.0	Unknown taxonomy (chromosome or plasmid)
barcode06_9Gb	contig_1226	24072	24420	qacEdelta1_disinfecting_agents_and_antiseptics	87	348	348	1.0	Unknown taxonomy (chromosome or plasmid)
barcode06_9Gb	contig_1226	24413	25253	sul1_sulfonamide_antibiotic	85	840	840	1.0	Unknown taxonomy (chromosome or plasmid)
barcode06_9Gb	contig_12349	55503	58617	acrD_aminoglycoside_antibiotic	15	3114	3114	1.0	Enterobacter (chromosome)
barcode06_9Gb	contig_1235	10	856	aadA16_aminoglycoside_antibiotic	12	846	846	1.0	Unknown taxonomy (chromosome or plasmid)
barcode06_9Gb	contig_1235	1014	1647	catB3_phenicol_antibiotic	16	633	633	1.0	Unknown taxonomy (chromosome or plasmid)
barcode06_9Gb	contig_1235	1708	2536	OXA-21_cephalosporin;_penam	10	828	828	1.0	Unknown taxonomy (chromosome or plasmid)
barcode06_9Gb	contig_1235	2605	3160	AAC(6')-IIa_aminoglycoside_antibiotic	11	555	555	1.0	Unknown taxonomy (chromosome or plasmid)
barcode06_9Gb	contig_1237	370	718	qacEdelta1_disinfecting_agents_and_antiseptics	14	348	348	1.0	Unknown taxonomy (chromosome or plasmid)
barcode06_9Gb	contig_1237	940	1393	arr-3_rifamycin_antibiotic	12	453	453	1.0	Unknown taxonomy (chromosome or plasmid)
barcode06_9Gb	contig_1237	1477	2110	catB3_phenicol_antibiotic	15	633	633	1.0	Unknown taxonomy (chromosome or plasmid)
barcode06_9Gb	contig_1237	2488	3088	AAC(6')-Ib-cr6_fluoroquinolone_antibiotic;_aminoglycoside_antibiotic	12	600	600	1.0	Unknown taxonomy (chromosome or plasmid)
barcode06_9Gb	contig_1238	4724	5651	PER-3_monobactam;_carbapenem;_cephalosporin;_penam;_penem	22	927	927	1.0	Unknown taxonomy (chromosome or plasmid)
barcode06_9Gb	contig_1238	7931	8771	sul1_sulfonamide_antibiotic	23	840	840	1.0	Unknown taxonomy (chromosome or plasmid)
barcode06_9Gb	contig_1238	8764	9112	qacEdelta1_disinfecting_agents_and_antiseptics	25	348	348	1.0	Unknown taxonomy (chromosome or plasmid)
barcode06_9Gb	contig_1239	969	1302	qacJ_disinfecting_agents_and_antiseptics	10	333	333	1.0	Unknown taxonomy (chromosome or plasmid)
barcode06_9Gb	contig_1239	1431	2259	OXA-2_carbapenem;_cephalosporin;_penam	24	828	828	1.0	Unknown taxonomy (chromosome or plasmid)
barcode06_9Gb	contig_1239	2328	2862	ANT(2'')-Ia_aminoglycoside_antibiotic	25	534	534	1.0	Unknown taxonomy (chromosome or plasmid)
barcode06_9Gb	contig_1239	2984	3848	GES-5_carbapenem;_cephalosporin;_penam	32	864	864	1.0	Unknown taxonomy (chromosome or plasmid)
barcode06_9Gb	contig_1239	3921	4380	AAC(6')-Il_aminoglycoside_antibiotic	24	459	459	1.0	Unknown taxonomy (chromosome or plasmid)
barcode06_9Gb	contig_1239	6727	7591	GES-5_carbapenem;_cephalosporin;_penam	43	864	864	1.0	Unknown taxonomy (chromosome or plasmid)
barcode06_9Gb	contig_1239	7664	8123	AAC(6')-Il_aminoglycoside_antibiotic	42	459	459	1.0	Unknown taxonomy (chromosome or plasmid)
barcode06_9Gb	contig_12421	3727	4072	qacG_disinfecting_agents_and_antiseptics	34	345	345	1.0	Unknown taxonomy (chromosome or plasmid)
barcode06_9Gb	contig_12496	23214	24015	ErmF_macrolide_antibiotic;_lincosamide_antibiotic;_streptogramin_antibiotic;_streptogramin_A_antibiotic;_streptogramin_B_antibiotic	44	801	801	1.0	Unknown taxonomy (chromosome or plasmid)
barcode06_9Gb	contig_12496	24227	25304	tet(X4)_glycylcycline;_tetracycline_antibiotic	26	1077	1077	1.0	Unknown taxonomy (chromosome or plasmid)
barcode06_9Gb	contig_12496	26101	28027	tet(Q)_tetracycline_antibiotic	19	1926	1926	1.0	Unknown taxonomy (chromosome)
barcode06_9Gb	contig_1251	5865	7050	Escherichia coli EF-Tu mutants conferring resistance to Pulvomycin_elfamycin_antibiotic	31	1185	1185	1.0	Enterobacter (chromosome or plasmid)
barcode06_9Gb	contig_1251	22032	22665	CRP_macrolide_antibiotic;_fluoroquinolone_antibiotic;_penam	12	633	633	1.0	Enterobacter roggenkampii (chromosome or plasmid)
barcode06_9Gb	contig_1257	151351	152536	Escherichia coli EF-Tu mutants conferring resistance to Pulvomycin_elfamycin_antibiotic	24	1185	1185	1.0	Unknown taxonomy (chromosome or plasmid)
barcode06_9Gb	contig_1257	466367	467759	Escherichia coli UhpT with mutation conferring resistance to fosfomycin_phosphonic_acid_antibiotic	14	1392	1392	1.0	Unknown taxonomy (chromosome or plasmid)
barcode06_9Gb	contig_12642	12251	14666	Morganella morganii gyrB conferring resistance to fluoroquinolones_fluoroquinolone_antibiotic	17	2415	2415	1.0	Klebsiella (chromosome)
barcode06_9Gb	contig_1265	141337	143104	Haemophilus influenzae PBP3 conferring resistance to beta-lactam antibiotics_cephalosporin;_cephamycin;_penam	28	1767	1767	1.0	Enterobacter kobei (chromosome or plasmid)
barcode06_9Gb	contig_1265	149267	150290	leuO_nucleoside_antibiotic;_disinfecting_agents_and_antiseptics	28	1023	1023	1.0	Enterobacter kobei (chromosome)
barcode06_9Gb	contig_1265	337986	338412	FosA2_phosphonic_acid_antibiotic	17	426	426	1.0	Enterobacter kobei (chromosome)
barcode06_9Gb	contig_1265	486923	488069	ACT-87_carbapenem;_cephalosporin;_cephamycin;_penam	15	1146	1146	1.0	Enterobacter kobei (chromosome)
barcode06_9Gb	contig_12695	2528	3023	lnuC_lincosamide_antibiotic	51	495	495	1.0	Unknown taxonomy (chromosome or plasmid)
barcode06_9Gb	contig_1270	92526	93057	emrR_fluoroquinolone_antibiotic	18	531	531	1.0	Enterobacter kobei (chromosome or plasmid)
barcode06_9Gb	contig_1270	93183	94356	emrA_fluoroquinolone_antibiotic	17	1173	1173	1.0	
barcode06_9Gb	contig_1270	94372	95920	emrB_fluoroquinolone_antibiotic	19	1548	1548	1.0	Enterobacter kobei (chromosome or plasmid)
barcode06_9Gb	contig_1270	102961	103147	rsmA_fluoroquinolone_antibiotic;_diaminopyrimidine_antibiotic;_phenicol_antibiotic	19	186	186	1.0	Enterobacter (chromosome or plasmid)
barcode06_9Gb	contig_12702	33415	34075	catA1_phenicol_antibiotic	7	660	660	1.0	Unknown taxonomy (chromosome or plasmid)
barcode06_9Gb	contig_12702	36188	37049	TEM-1_monobactam;_cephalosporin;_penam;_penem	26	861	861	1.0	Unknown taxonomy (chromosome or plasmid)
barcode06_9Gb	contig_12702	37707	38487	aadA_aminoglycoside_antibiotic	16	780	780	1.0	Unknown taxonomy (chromosome or plasmid)
barcode06_9Gb	contig_12702	40792	41653	SHV-12_carbapenem;_cephalosporin;_penam	9	861	861	1.0	Unknown taxonomy (chromosome or plasmid)
barcode06_9Gb	contig_12733	20429	23579	acrB_fluoroquinolone_antibiotic;_cephalosporin;_glycylcycline;_penam;_tetracycline_antibiotic;_rifamycin_antibiotic;_phenicol_antibiotic;_disinfecting_agents_and_antiseptics	14	3150	3150	1.0	Citrobacter (chromosome or plasmid)
barcode06_9Gb	contig_12742	13587	14469	KPC-2_monobactam;_carbapenem;_cephalosporin;_penam	102	882	882	1.0	Unknown taxonomy (chromosome or plasmid)
barcode06_9Gb	contig_12742	16886	17666	APH(3')-VIa_aminoglycoside_antibiotic	110	780	780	1.0	Unknown taxonomy (chromosome or plasmid)
barcode06_9Gb	contig_12793	5500	6685	Escherichia coli EF-Tu mutants conferring resistance to Pulvomycin_elfamycin_antibiotic	35	1185	1185	1.0	Enterobacter (chromosome or plasmid)
barcode06_9Gb	contig_12793	175973	177365	Escherichia coli UhpT with mutation conferring resistance to fosfomycin_phosphonic_acid_antibiotic	37	1392	1392	1.0	Enterobacter roggenkampii (chromosome or plasmid)
barcode06_9Gb	contig_1281	182161	183346	Escherichia coli EF-Tu mutants conferring resistance to Pulvomycin_elfamycin_antibiotic	17	1185	1185	1.0	Klebsiella michiganensis (chromosome or plasmid)
barcode06_9Gb	contig_1282	54617	55802	Escherichia coli EF-Tu mutants conferring resistance to Pulvomycin_elfamycin_antibiotic	14	1185	1185	1.0	Klebsiella (chromosome or plasmid)
barcode06_9Gb	contig_1289	111789	112890	vanG_glycopeptide_antibiotic	19	1101	1101	1.0	Enterobacter kobei (chromosome)
barcode06_9Gb	contig_1289	208144	211291	acrB_fluoroquinolone_antibiotic;_cephalosporin;_glycylcycline;_penam;_tetracycline_antibiotic;_rifamycin_antibiotic;_phenicol_antibiotic;_disinfecting_agents_and_antiseptics	12	3147	3147	1.0	Unknown taxonomy (chromosome)
barcode06_9Gb	contig_1289	211313	212507	Enterobacter cloacae acrA_fluoroquinolone_antibiotic;_cephalosporin;_glycylcycline;_penam;_tetracycline_antibiotic;_rifamycin_antibiotic;_phenicol_antibiotic;_disinfecting_agents_and_antiseptics	14	1194	1194	1.0	Enterobacter (chromosome)
barcode06_9Gb	contig_1290	60740	61373	CRP_macrolide_antibiotic;_fluoroquinolone_antibiotic;_penam	11	633	633	1.0	Klebsiella michiganensis (chromosome)
barcode06_9Gb	contig_1290	79656	80841	Escherichia coli EF-Tu mutants conferring resistance to Pulvomycin_elfamycin_antibiotic	30	1185	1185	1.0	Klebsiella (chromosome or plasmid)
barcode06_9Gb	contig_1291	23561	24707	ACT-41_carbapenem;_cephalosporin;_cephamycin;_penam	5	1146	1146	1.0	Enterobacter hormaechei (chromosome)
barcode06_9Gb	contig_1292	250345	251308	leuO_nucleoside_antibiotic;_disinfecting_agents_and_antiseptics	20	963	963	1.0	Enterobacter roggenkampii (chromosome)
barcode06_9Gb	contig_1298	25853	26825	leuO_nucleoside_antibiotic;_disinfecting_agents_and_antiseptics	19	972	972	1.0	
barcode06_9Gb	contig_1298	32959	34729	Haemophilus influenzae PBP3 conferring resistance to beta-lactam antibiotics_cephalosporin;_cephamycin;_penam	18	1770	1770	1.0	Unknown taxonomy (chromosome or plasmid)
barcode06_9Gb	contig_13058	28955	29270	vanY gene in vanA cluster_glycopeptide_antibiotic	3	315	315	1.0	
barcode06_9Gb	contig_13097	19460	20939	Acinetobacter baumannii AmvA_macrolide_antibiotic;_disinfecting_agents_and_antiseptics	28	1479	1479	1.0	Acinetobacter baumannii (chromosome or plasmid)
barcode06_9Gb	contig_13097	280618	280948	abeS_macrolide_antibiotic;_aminocoumarin_antibiotic	35	330	330	1.0	Acinetobacter baumannii (chromosome or plasmid)
barcode06_9Gb	contig_13097	284256	285270	adeL_fluoroquinolone_antibiotic;_tetracycline_antibiotic	46	1014	1014	1.0	Acinetobacter baumannii (chromosome or plasmid)
barcode06_9Gb	contig_13097	285485	286706	adeG_fluoroquinolone_antibiotic;_tetracycline_antibiotic	54	1221	1221	1.0	Acinetobacter baumannii (chromosome or plasmid)
barcode06_9Gb	contig_13097	286712	289892	adeF_fluoroquinolone_antibiotic;_tetracycline_antibiotic	46	3180	3180	1.0	Acinetobacter baumannii (chromosome or plasmid)
barcode06_9Gb	contig_13097	289904	291353	adeH_fluoroquinolone_antibiotic;_tetracycline_antibiotic	47	1449	1449	1.0	Acinetobacter baumannii (chromosome or plasmid)
barcode06_9Gb	contig_13102	25110	25641	emrR_fluoroquinolone_antibiotic	9	531	531	1.0	
barcode06_9Gb	contig_13102	26945	28484	emrB_fluoroquinolone_antibiotic	9	1539	1539	1.0	Acinetobacter baumannii (chromosome or plasmid)
barcode06_9Gb	contig_13102	38065	38251	rsmA_fluoroquinolone_antibiotic;_diaminopyrimidine_antibiotic;_phenicol_antibiotic	9	186	186	1.0	Unknown taxonomy (chromosome or plasmid)
barcode06_9Gb	contig_13113	2922	3555	catB3_phenicol_antibiotic	5	633	633	1.0	Unknown taxonomy (chromosome or plasmid)
barcode06_9Gb	contig_13239	10121	10634	vanY gene in vanB cluster_glycopeptide_antibiotic	11	513	513	1.0	
barcode06_9Gb	contig_13456	6829	7621	vanY gene in vanB cluster_glycopeptide_antibiotic	5	792	792	1.0	
barcode06_9Gb	contig_13538	3448	4243	APH(3')-IIIa_aminoglycoside_antibiotic	24	795	795	1.0	Unknown taxonomy (chromosome or plasmid)
barcode06_9Gb	contig_13538	4335	4878	SAT-4_nucleoside_antibiotic	11	543	543	1.0	Unknown taxonomy (chromosome or plasmid)
barcode06_9Gb	contig_13538	4874	5783	aad(6)_aminoglycoside_antibiotic	12	909	909	1.0	Unknown taxonomy (chromosome or plasmid)
barcode06_9Gb	contig_13647	13337	15341	tet(Q)_tetracycline_antibiotic	10	2004	2004	1.0	Collinsella aerofaciens (no genomic info)
barcode06_9Gb	contig_13730	3237	4071	vanY gene in vanG cluster_glycopeptide_antibiotic	4	834	834	1.0	
barcode06_9Gb	contig_13733	43601	43976	ramA_fluoroquinolone_antibiotic;_monobactam;_carbapenem;_cephalosporin;_glycylcycline;_cephamycin;_penam;_tetracycline_antibiotic;_rifamycin_antibiotic;_phenicol_antibiotic;_penem;_disinfecting_agents_and_antiseptics	12	375	375	1.0	Enterobacter (chromosome)
barcode06_9Gb	contig_13764	20114	21299	Escherichia coli EF-Tu mutants conferring resistance to Pulvomycin_elfamycin_antibiotic	7	1185	1185	1.0	Shewanella putrefaciens (chromosome)
barcode06_9Gb	contig_13808	6742	7534	OXA-912_penam	4	792	792	1.0	Aeromonas veronii (chromosome)
barcode06_9Gb	contig_13895	14095	14920	OXA-738_carbapenem;_penam	27	825	825	1.0	Acinetobacter baumannii (chromosome or plasmid)
barcode06_9Gb	contig_14	9119	10334	floR_phenicol_antibiotic	25	1215	1215	1.0	Unknown taxonomy (chromosome or plasmid)
barcode06_9Gb	contig_14	12836	13652	sul2_sulfonamide_antibiotic	46	816	816	1.0	Unknown taxonomy (chromosome or plasmid)
barcode06_9Gb	contig_14	27130	27934	APH(3'')-Ib_aminoglycoside_antibiotic	71	804	804	1.0	Unknown taxonomy (chromosome or plasmid)
barcode06_9Gb	contig_14	27933	28770	APH(6)-Id_aminoglycoside_antibiotic	60	837	837	1.0	Unknown taxonomy (chromosome or plasmid)
barcode06_9Gb	contig_14	33750	35226	msrE_macrolide_antibiotic;_streptogramin_antibiotic	83	1476	1476	1.0	Unknown taxonomy (chromosome or plasmid)
barcode06_9Gb	contig_14	35281	36166	mphE_macrolide_antibiotic	52	885	885	1.0	Unknown taxonomy (chromosome or plasmid)
barcode06_9Gb	contig_14037	2442	5541	adeF_fluoroquinolone_antibiotic;_tetracycline_antibiotic	7	3099	3099	1.0	
barcode06_9Gb	contig_14051	39918	40728	mphG_macrolide_antibiotic	32	810	810	1.0	
barcode06_9Gb	contig_14051	42318	43134	sul2_sulfonamide_antibiotic	21	816	816	1.0	Unknown taxonomy (chromosome or plasmid)
barcode06_9Gb	contig_14166	9392	10214	bacA_peptide_antibiotic	11	822	822	1.0	
barcode06_9Gb	contig_1422	28358	29675	Acinetobacter baumannii AbaQ_fluoroquinolone_antibiotic	28	1317	1317	1.0	
barcode06_9Gb	contig_14271	6539	7904	baeS_aminoglycoside_antibiotic;_aminocoumarin_antibiotic	13	1365	1365	1.0	
barcode06_9Gb	contig_14272	5295	5664	Klebsiella pneumoniae KpnE_macrolide_antibiotic;_aminoglycoside_antibiotic;_cephalosporin;_tetracycline_antibiotic;_peptide_antibiotic;_rifamycin_antibiotic;_disinfecting_agents_and_antiseptics	3	369	369	1.0	
barcode06_9Gb	contig_14272	5656	5986	Klebsiella pneumoniae KpnF_macrolide_antibiotic;_aminoglycoside_antibiotic;_cephalosporin;_tetracycline_antibiotic;_peptide_antibiotic;_rifamycin_antibiotic;_disinfecting_agents_and_antiseptics	4	330	330	1.0	
barcode06_9Gb	contig_14352	1	829	mphE_macrolide_antibiotic	55	828	828	1.0	Unknown taxonomy (chromosome or plasmid)
barcode06_9Gb	contig_14411	19	478	AAC(6')-Il_aminoglycoside_antibiotic	6	459	459	1.0	Unknown taxonomy (chromosome or plasmid)
barcode06_9Gb	contig_14411	536	1070	ANT(2'')-Ia_aminoglycoside_antibiotic	17	534	534	1.0	Unknown taxonomy (chromosome or plasmid)
barcode06_9Gb	contig_14411	1127	1661	ANT(2'')-Ia_aminoglycoside_antibiotic	14	534	534	1.0	Unknown taxonomy (chromosome or plasmid)
barcode06_9Gb	contig_14411	1792	2251	AAC(6')-Il_aminoglycoside_antibiotic	17	459	459	1.0	Unknown taxonomy (chromosome or plasmid)
barcode06_9Gb	contig_14411	4512	5022	dfrA8_diaminopyrimidine_antibiotic	12	510	510	1.0	Unknown taxonomy (chromosome or plasmid)
barcode06_9Gb	contig_14423	4281	5412	vanT gene in vanG cluster_glycopeptide_antibiotic	8	1131	1131	1.0	
barcode06_9Gb	contig_14481	8026	8389	Klebsiella pneumoniae KpnE_macrolide_antibiotic;_aminoglycoside_antibiotic;_cephalosporin;_tetracycline_antibiotic;_peptide_antibiotic;_rifamycin_antibiotic;_disinfecting_agents_and_antiseptics	6	363	363	1.0	Klebsiella michiganensis (chromosome)
barcode06_9Gb	contig_1457	5430	5796	qacG_disinfecting_agents_and_antiseptics	240	366	366	1.0	Acinetobacter johnsonii (chromosome)
barcode06_9Gb	contig_14580	10012	10543	emrR_fluoroquinolone_antibiotic	7	531	531	1.0	Citrobacter (chromosome or plasmid)
barcode06_9Gb	contig_14580	19880	20066	rsmA_fluoroquinolone_antibiotic;_diaminopyrimidine_antibiotic;_phenicol_antibiotic	18	186	186	1.0	Citrobacter (chromosome or plasmid)
barcode06_9Gb	contig_1459	1988	2360	qacG_disinfecting_agents_and_antiseptics	8	372	372	1.0	Acinetobacter johnsonii (chromosome)
barcode06_9Gb	contig_14756	2460	3444	ArnT_peptide_antibiotic	6	984	984	1.0	Enterobacter (chromosome)
barcode06_9Gb	contig_14827	6054	6384	qacG_disinfecting_agents_and_antiseptics	5	330	330	1.0	
barcode06_9Gb	contig_14853	1123	2290	tet(X)_glycylcycline;_tetracycline_antibiotic	13	1167	1167	1.0	Unknown taxonomy (chromosome or plasmid)
barcode06_9Gb	contig_14853	2499	3312	ErmF_macrolide_antibiotic;_lincosamide_antibiotic;_streptogramin_antibiotic;_streptogramin_A_antibiotic;_streptogramin_B_antibiotic	16	813	813	1.0	Unknown taxonomy (chromosome or plasmid)
barcode06_9Gb	contig_15034	8307	11406	adeF_fluoroquinolone_antibiotic;_tetracycline_antibiotic	9	3099	3099	1.0	Alistipes putredinis (no genomic info)
barcode06_9Gb	contig_15129	1259	1625	qacG_disinfecting_agents_and_antiseptics	9	366	366	1.0	
barcode06_9Gb	contig_15187	1011	1875	GES-1_carbapenem;_cephalosporin;_penam	22	864	864	1.0	Unknown taxonomy (chromosome or plasmid)
barcode06_9Gb	contig_1543	4016	4844	OXA-253_carbapenem;_penam	68	828	828	1.0	Acinetobacter baumannii (chromosome)
barcode06_9Gb	contig_15471	20831	21950	vanT gene in vanG cluster_glycopeptide_antibiotic	7	1119	1119	1.0	
barcode06_9Gb	contig_15481	2156	3299	vanT gene in vanG cluster_glycopeptide_antibiotic	3	1143	1143	1.0	
barcode06_9Gb	contig_15736	573	3819	adeF_fluoroquinolone_antibiotic;_tetracycline_antibiotic	4	3246	3246	1.0	Unknown taxonomy (chromosome or plasmid)
barcode06_9Gb	contig_15759	21957	23568	ArnT_peptide_antibiotic	8	1611	1611	1.0	
barcode06_9Gb	contig_15775	4093	6097	vanT gene in vanG cluster_glycopeptide_antibiotic	6	2004	2004	1.0	
barcode06_9Gb	contig_15830	22687	23131	fosA5_fluoroquinolone_antibiotic;_aminoglycoside_antibiotic;_phosphonic_acid_antibiotic	5	444	444	1.0	Klebsiella michiganensis (chromosome)
barcode06_9Gb	contig_15873	13518	14151	CRP_macrolide_antibiotic;_fluoroquinolone_antibiotic;_penam	11	633	633	1.0	Citrobacter freundii (chromosome)
barcode06_9Gb	contig_16003	5922	6108	rsmA_fluoroquinolone_antibiotic;_diaminopyrimidine_antibiotic;_phenicol_antibiotic	16	186	186	1.0	Enterobacter (chromosome or plasmid)
barcode06_9Gb	contig_16024	39097	40282	Escherichia coli EF-Tu mutants conferring resistance to Pulvomycin_elfamycin_antibiotic	7	1185	1185	1.0	Unknown taxonomy (chromosome)
barcode06_9Gb	contig_16289	12925	13933	vanW gene in vanI cluster_glycopeptide_antibiotic	5	1008	1008	1.0	
barcode06_9Gb	contig_16409	6340	7423	oqxA_fluoroquinolone_antibiotic;_glycylcycline;_tetracycline_antibiotic;_diaminopyrimidine_antibiotic;_nitrofuran_antibiotic	11	1083	1083	1.0	Klebsiella pneumoniae (chromosome or plasmid)
barcode06_9Gb	contig_16418	21722	22943	mdtG_phosphonic_acid_antibiotic	6	1221	1221	1.0	Citrobacter (chromosome)
barcode06_9Gb	contig_16441	56684	57245	vanW gene in vanI cluster_glycopeptide_antibiotic	1	561	561	1.0	
barcode06_9Gb	contig_16569	17710	18904	Shigella flexneri acrA_fluoroquinolone_antibiotic;_cephalosporin;_glycylcycline;_penam;_tetracycline_antibiotic;_rifamycin_antibiotic;_phenicol_antibiotic;_disinfecting_agents_and_antiseptics	7	1194	1194	1.0	Unknown taxonomy (chromosome)
barcode06_9Gb	contig_16569	18926	22073	acrB_fluoroquinolone_antibiotic;_cephalosporin;_glycylcycline;_penam;_tetracycline_antibiotic;_rifamycin_antibiotic;_phenicol_antibiotic;_disinfecting_agents_and_antiseptics	7	3147	3147	1.0	Unknown taxonomy (chromosome)
barcode06_9Gb	contig_16763	4792	6331	emrB_fluoroquinolone_antibiotic	11	1539	1539	1.0	Citrobacter portucalensis (chromosome)
barcode06_9Gb	contig_16763	6347	7520	emrA_fluoroquinolone_antibiotic	10	1173	1173	1.0	Citrobacter portucalensis (no genomic info)
barcode06_9Gb	contig_16763	7649	8180	emrR_fluoroquinolone_antibiotic	11	531	531	1.0	Citrobacter (chromosome)
barcode06_9Gb	contig_1684	36838	37948	vanT gene in vanG cluster_glycopeptide_antibiotic	464	1110	1110	1.0	
barcode06_9Gb	contig_1684	285627	288819	adeF_fluoroquinolone_antibiotic;_tetracycline_antibiotic	430	3192	3192	1.0	
barcode06_9Gb	contig_1684	544325	544832	nimK_nitroimidazole_antibiotic	429	507	507	1.0	
barcode06_9Gb	contig_1684	1246834	1248070	vanW gene in vanI cluster_glycopeptide_antibiotic	397	1236	1236	1.0	
barcode06_9Gb	contig_16853	3854	5474	msbA_nitroimidazole_antibiotic	5	1620	1620	1.0	Klebsiella (chromosome)
barcode06_9Gb	contig_1686	27982	28630	vanY gene in vanB cluster_glycopeptide_antibiotic	3	648	648	1.0	
barcode06_9Gb	contig_16893	44327	44516	rsmA_fluoroquinolone_antibiotic;_diaminopyrimidine_antibiotic;_phenicol_antibiotic	16	189	189	1.0	
barcode06_9Gb	contig_16902	31142	32384	mdtM_fluoroquinolone_antibiotic;_lincosamide_antibiotic;_nucleoside_antibiotic;_phenicol_antibiotic;_disinfecting_agents_and_antiseptics	5	1242	1242	1.0	
barcode06_9Gb	contig_17068	29122	29485	Klebsiella pneumoniae KpnE_macrolide_antibiotic;_aminoglycoside_antibiotic;_cephalosporin;_tetracycline_antibiotic;_peptide_antibiotic;_rifamycin_antibiotic;_disinfecting_agents_and_antiseptics	9	363	363	1.0	Citrobacter (chromosome)
barcode06_9Gb	contig_17068	29471	29801	Klebsiella pneumoniae KpnF_macrolide_antibiotic;_aminoglycoside_antibiotic;_cephalosporin;_tetracycline_antibiotic;_peptide_antibiotic;_rifamycin_antibiotic;_disinfecting_agents_and_antiseptics	9	330	330	1.0	Citrobacter (chromosome)
barcode06_9Gb	contig_17091	19659	21651	ArnT_peptide_antibiotic	19	1992	1992	1.0	Enterobacter roggenkampii (chromosome)
barcode06_9Gb	contig_17186	24832	25393	vanW gene in vanI cluster_glycopeptide_antibiotic	1	561	561	1.0	
barcode06_9Gb	contig_17190	30770	31493	baeR_aminoglycoside_antibiotic;_aminocoumarin_antibiotic	11	723	723	1.0	
barcode06_9Gb	contig_17192	22382	23228	vanW gene in vanI cluster_glycopeptide_antibiotic	4	846	846	1.0	
barcode06_9Gb	contig_17213	3603	4962	Escherichia coli GlpT with mutation conferring resistance to fosfomycin_phosphonic_acid_antibiotic	9	1359	1359	1.0	Citrobacter freundii (chromosome or plasmid)
barcode06_9Gb	contig_17453	5049	5493	fosA5_fluoroquinolone_antibiotic;_aminoglycoside_antibiotic;_phosphonic_acid_antibiotic	4	444	444	1.0	Klebsiella michiganensis (chromosome)
barcode06_9Gb	contig_17546	16771	19543	tet(Q)_tetracycline_antibiotic	10	2772	2772	1.0	
barcode06_9Gb	contig_1759	1294	1639	qacG_disinfecting_agents_and_antiseptics	24	345	345	1.0	Unknown taxonomy (chromosome or plasmid)
barcode06_9Gb	contig_17629	1159	1525	qacG_disinfecting_agents_and_antiseptics	5	366	366	1.0	
barcode06_9Gb	contig_17672	8695	9766	OmpA_peptide_antibiotic	6	1071	1071	1.0	Klebsiella quasipneumoniae (chromosome or plasmid)
barcode06_9Gb	contig_17692	13367	13562	rsmA_fluoroquinolone_antibiotic;_diaminopyrimidine_antibiotic;_phenicol_antibiotic	13	195	195	1.0	
barcode06_9Gb	contig_17752	110792	111227	Escherichia coli AcrAB-TolC with MarR mutations conferring resistance to ciprofloxacin and tetracycline_fluoroquinolone_antibiotic;_cephalosporin;_glycylcycline;_penam;_tetracycline_antibiotic;_rifamycin_antibiotic;_phenicol_antibiotic;_disinfecting_agents_and_antiseptics	16	435	435	1.0	Enterobacter (chromosome)
barcode06_9Gb	contig_17752	111246	111627	marA_fluoroquinolone_antibiotic;_monobactam;_carbapenem;_cephalosporin;_glycylcycline;_cephamycin;_penam;_tetracycline_antibiotic;_rifamycin_antibiotic;_phenicol_antibiotic;_penem;_disinfecting_agents_and_antiseptics	14	381	381	1.0	Enterobacter (chromosome or plasmid)
barcode06_9Gb	contig_17760	940	2131	tet(C)_tetracycline_antibiotic	33	1191	1191	1.0	Unknown taxonomy (chromosome or plasmid)
barcode06_9Gb	contig_17760	3776	4616	sul1_sulfonamide_antibiotic	5	840	840	1.0	Unknown taxonomy (chromosome or plasmid)
barcode06_9Gb	contig_17777	12964	13807	OXA-58_carbapenem;_penam	23	843	843	1.0	Unknown taxonomy (chromosome or plasmid)
barcode06_9Gb	contig_17777	18926	20402	msrE_macrolide_antibiotic;_streptogramin_antibiotic	83	1476	1476	1.0	Unknown taxonomy (chromosome or plasmid)
barcode06_9Gb	contig_17777	20457	21342	mphE_macrolide_antibiotic	73	885	885	1.0	Unknown taxonomy (chromosome or plasmid)
barcode06_9Gb	contig_17782	1734	2619	mphE_macrolide_antibiotic	55	885	885	1.0	Unknown taxonomy (chromosome or plasmid)
barcode06_9Gb	contig_17782	2674	4150	msrE_macrolide_antibiotic;_streptogramin_antibiotic	48	1476	1476	1.0	Unknown taxonomy (chromosome or plasmid)
barcode06_9Gb	contig_17782	5542	6076	ANT(2'')-Ia_aminoglycoside_antibiotic	29	534	534	1.0	Unknown taxonomy (chromosome or plasmid)
barcode06_9Gb	contig_17782	6220	7120	VEB-1_monobactam;_cephalosporin	21	900	900	1.0	Unknown taxonomy (chromosome or plasmid)
barcode06_9Gb	contig_17782	7238	8498	cmlA5_phenicol_antibiotic	25	1260	1260	1.0	Unknown taxonomy (chromosome or plasmid)
barcode06_9Gb	contig_17782	8712	9351	AAC(6')-Ib9_aminoglycoside_antibiotic	33	639	639	1.0	Unknown taxonomy (chromosome or plasmid)
barcode06_9Gb	contig_17782	9433	10090	QnrVC4_fluoroquinolone_antibiotic	31	657	657	1.0	Unknown taxonomy (chromosome or plasmid)
barcode06_9Gb	contig_17789	5559	6399	sul1_sulfonamide_antibiotic	94	840	840	1.0	Unknown taxonomy (chromosome or plasmid)
barcode06_9Gb	contig_17789	6392	6740	qacEdelta1_disinfecting_agents_and_antiseptics	93	348	348	1.0	Unknown taxonomy (chromosome or plasmid)
barcode06_9Gb	contig_17789	6855	7389	ANT(2'')-Ia_aminoglycoside_antibiotic	62	534	534	1.0	Unknown taxonomy (chromosome or plasmid)
barcode06_9Gb	contig_17789	7511	8375	GES-1_carbapenem;_cephalosporin;_penam	71	864	864	1.0	Unknown taxonomy (chromosome or plasmid)
barcode06_9Gb	contig_17836	27766	30871	AcrF_fluoroquinolone_antibiotic;_cephalosporin;_cephamycin;_penam	56	3105	3105	1.0	Escherichia coli (chromosome or plasmid)
barcode06_9Gb	contig_17836	30882	32040	AcrE_fluoroquinolone_antibiotic;_cephalosporin;_cephamycin;_penam	50	1158	1158	1.0	Unknown taxonomy (chromosome or plasmid)
barcode06_9Gb	contig_17836	32438	33101	AcrS_fluoroquinolone_antibiotic;_cephalosporin;_glycylcycline;_cephamycin;_penam;_tetracycline_antibiotic;_rifamycin_antibiotic;_phenicol_antibiotic;_disinfecting_agents_and_antiseptics	47	663	663	1.0	Unknown taxonomy (chromosome or plasmid)
barcode06_9Gb	contig_17856	8746	9931	Escherichia coli EF-Tu mutants conferring resistance to Pulvomycin_elfamycin_antibiotic	10	1185	1185	1.0	Providencia (chromosome)
barcode06_9Gb	contig_17893	6192	6972	aadA2_aminoglycoside_antibiotic	27	780	780	1.0	Unknown taxonomy (chromosome or plasmid)
barcode06_9Gb	contig_17893	7135	7483	qacEdelta1_disinfecting_agents_and_antiseptics	33	348	348	1.0	Unknown taxonomy (chromosome or plasmid)
barcode06_9Gb	contig_17893	7476	8316	sul1_sulfonamide_antibiotic	35	840	840	1.0	Unknown taxonomy (chromosome or plasmid)
barcode06_9Gb	contig_17905	179616	180597	PmrF_peptide_antibiotic	17	981	981	1.0	
barcode06_9Gb	contig_17905	183477	185133	ArnT_peptide_antibiotic	8	1656	1656	1.0	Escherichia coli (no genomic info)
barcode06_9Gb	contig_17905	293210	293843	CRP_macrolide_antibiotic;_fluoroquinolone_antibiotic;_penam	16	633	633	1.0	Unknown taxonomy (chromosome)
barcode06_9Gb	contig_17905	317148	318333	Escherichia coli EF-Tu mutants conferring resistance to Pulvomycin_elfamycin_antibiotic	21	1185	1185	1.0	Unknown taxonomy (chromosome or plasmid)
barcode06_9Gb	contig_17959	1257	1716	AAC(6')-Il_aminoglycoside_antibiotic	32	459	459	1.0	Unknown taxonomy (chromosome or plasmid)
barcode06_9Gb	contig_17959	1789	2653	GES-1_carbapenem;_cephalosporin;_penam	34	864	864	1.0	Unknown taxonomy (chromosome or plasmid)
barcode06_9Gb	contig_17959	2775	3309	ANT(2'')-Ia_aminoglycoside_antibiotic	24	534	534	1.0	Unknown taxonomy (chromosome or plasmid)
barcode06_9Gb	contig_17978	1053	2016	CfxA6_cephamycin	17	963	963	1.0	
barcode06_9Gb	contig_18	4021	5236	floR_phenicol_antibiotic	21	1215	1215	1.0	Unknown taxonomy (chromosome or plasmid)
barcode06_9Gb	contig_18	5835	7035	tet(A)_tetracycline_antibiotic	44	1200	1200	1.0	Unknown taxonomy (chromosome or plasmid)
barcode06_9Gb	contig_18	8112	8949	APH(6)-Id_aminoglycoside_antibiotic	51	837	837	1.0	Unknown taxonomy (chromosome or plasmid)
barcode06_9Gb	contig_18	9812	10628	sul2_sulfonamide_antibiotic	69	816	816	1.0	Unknown taxonomy (chromosome or plasmid)
barcode06_9Gb	contig_18	619300	619636	qacG_disinfecting_agents_and_antiseptics	21	336	336	1.0	
barcode06_9Gb	contig_18000	23008	24757	msbA_nitroimidazole_antibiotic	27	1749	1749	1.0	Unknown taxonomy (chromosome)
barcode06_9Gb	contig_18061	17598	20064	vanT gene in vanG cluster_glycopeptide_antibiotic	16	2466	2466	1.0	Phocaeicola (chromosome)
barcode06_9Gb	contig_18082	4813	5629	sul2_sulfonamide_antibiotic	23	816	816	1.0	Unknown taxonomy (chromosome or plasmid)
barcode06_9Gb	contig_18082	7383	8163	aadA_aminoglycoside_antibiotic	33	780	780	1.0	Unknown taxonomy (chromosome or plasmid)
barcode06_9Gb	contig_18085	465	1293	OXA-253_carbapenem;_penam	52	828	828	1.0	Acinetobacter baumannii (chromosome)
barcode06_9Gb	contig_18111	10417	11200	LCR-1_cephalosporin;_penam	11	783	783	1.0	Pseudomonas aeruginosa (chromosome or plasmid)
barcode06_9Gb	contig_18154	20331	21135	vanW gene in vanG cluster_glycopeptide_antibiotic	5	804	804	1.0	
barcode06_9Gb	contig_18165	43370	44171	ErmF_macrolide_antibiotic;_lincosamide_antibiotic;_streptogramin_antibiotic;_streptogramin_A_antibiotic;_streptogramin_B_antibiotic	19	801	801	1.0	Unknown taxonomy (chromosome or plasmid)
barcode06_9Gb	contig_18194	17784	18219	Escherichia coli AcrAB-TolC with MarR mutations conferring resistance to ciprofloxacin and tetracycline_fluoroquinolone_antibiotic;_cephalosporin;_glycylcycline;_penam;_tetracycline_antibiotic;_rifamycin_antibiotic;_phenicol_antibiotic;_disinfecting_agents_and_antiseptics	18	435	435	1.0	Unknown taxonomy (chromosome or plasmid)
barcode06_9Gb	contig_18194	18238	18622	marA_fluoroquinolone_antibiotic;_monobactam;_carbapenem;_cephalosporin;_glycylcycline;_cephamycin;_penam;_tetracycline_antibiotic;_rifamycin_antibiotic;_phenicol_antibiotic;_penem;_disinfecting_agents_and_antiseptics	18	384	384	1.0	Unknown taxonomy (chromosome or plasmid)
barcode06_9Gb	contig_18194	61562	61892	Klebsiella pneumoniae KpnF_macrolide_antibiotic;_aminoglycoside_antibiotic;_cephalosporin;_tetracycline_antibiotic;_peptide_antibiotic;_rifamycin_antibiotic;_disinfecting_agents_and_antiseptics	22	330	330	1.0	Unknown taxonomy (chromosome or plasmid)
barcode06_9Gb	contig_18194	61878	62244	Klebsiella pneumoniae KpnE_macrolide_antibiotic;_aminoglycoside_antibiotic;_cephalosporin;_tetracycline_antibiotic;_peptide_antibiotic;_rifamycin_antibiotic;_disinfecting_agents_and_antiseptics	20	366	366	1.0	Unknown taxonomy (chromosome or plasmid)
barcode06_9Gb	contig_182	39099	39981	vanW gene in vanG cluster_glycopeptide_antibiotic	550	882	882	1.0	Acinetobacter johnsonii (chromosome)
barcode06_9Gb	contig_18224	53125	53620	lnuC_lincosamide_antibiotic	48	495	495	1.0	Unknown taxonomy (chromosome or plasmid)
barcode06_9Gb	contig_18251	12940	13573	CRP_macrolide_antibiotic;_fluoroquinolone_antibiotic;_penam	46	633	633	1.0	Unknown taxonomy (chromosome or plasmid)
barcode06_9Gb	contig_18251	28363	29548	Escherichia coli EF-Tu mutants conferring resistance to Pulvomycin_elfamycin_antibiotic	16	1185	1185	1.0	Unknown taxonomy (chromosome or plasmid)
barcode06_9Gb	contig_18261	5651	6467	sul2_sulfonamide_antibiotic	5	816	816	1.0	Unknown taxonomy (chromosome or plasmid)
barcode06_9Gb	contig_18329	73124	73457	qacG_disinfecting_agents_and_antiseptics	8	333	333	1.0	
barcode06_9Gb	contig_18352	2952	4143	tet(C)_tetracycline_antibiotic	31	1191	1191	1.0	Unknown taxonomy (chromosome or plasmid)
barcode06_9Gb	contig_18383	5435	8021	adeF_fluoroquinolone_antibiotic;_tetracycline_antibiotic	32	2586	2586	1.0	Pseudomonas (chromosome)
barcode06_9Gb	contig_18384	126480	129594	adeF_fluoroquinolone_antibiotic;_tetracycline_antibiotic	15	3114	3114	1.0	
barcode06_9Gb	contig_18397	6292	6625	Escherichia coli emrE_macrolide_antibiotic	6	333	333	1.0	Unknown taxonomy (chromosome or plasmid)
barcode06_9Gb	contig_18404	18746	20390	YojI_peptide_antibiotic	21	1644	1644	1.0	Escherichia coli (chromosome or plasmid)
barcode06_9Gb	contig_18404	57310	58669	Escherichia coli GlpT with mutation conferring resistance to fosfomycin_phosphonic_acid_antibiotic	40	1359	1359	1.0	Unknown taxonomy (chromosome or plasmid)
barcode06_9Gb	contig_18404	72203	73172	PmrF_peptide_antibiotic	37	969	969	1.0	Unknown taxonomy (chromosome or plasmid)
barcode06_9Gb	contig_18404	76040	77693	ArnT_peptide_antibiotic	34	1653	1653	1.0	Unknown taxonomy (chromosome or plasmid)
barcode06_9Gb	contig_18448	30344	31343	vanH gene in vanB cluster_glycopeptide_antibiotic	11	999	999	1.0	
barcode06_9Gb	contig_18507	34338	34593	rsmA_fluoroquinolone_antibiotic;_diaminopyrimidine_antibiotic;_phenicol_antibiotic	14	255	255	1.0	
barcode06_9Gb	contig_18519	17719	18580	TEM-1_monobactam;_cephalosporin;_penam;_penem	64	861	861	1.0	Unknown taxonomy (chromosome or plasmid)
barcode06_9Gb	contig_18519	19797	20589	aadA_aminoglycoside_antibiotic	68	792	792	1.0	Unknown taxonomy (chromosome or plasmid)
barcode06_9Gb	contig_18519	31417	32233	APH(3')-Ia_aminoglycoside_antibiotic	15	816	816	1.0	Unknown taxonomy (chromosome or plasmid)
barcode06_9Gb	contig_18527	25144	26311	ugd_peptide_antibiotic	13	1167	1167	1.0	Unknown taxonomy (chromosome or plasmid)
barcode06_9Gb	contig_18550	3679	5194	aadT_macrolide_antibiotic;_tetracycline_antibiotic;_disinfecting_agents_and_antiseptics	15	1515	1515	1.0	
barcode06_9Gb	contig_18553	10622	13736	adeF_fluoroquinolone_antibiotic;_tetracycline_antibiotic	11	3114	3114	1.0	Enterobacter kobei (chromosome)
barcode06_9Gb	contig_18604	32137	32839	vanY gene in vanB cluster_glycopeptide_antibiotic	6	702	702	1.0	
barcode06_9Gb	contig_18624	1788	2526	ErmB_macrolide_antibiotic;_lincosamide_antibiotic;_streptogramin_antibiotic;_streptogramin_A_antibiotic;_streptogramin_B_antibiotic	27	738	738	1.0	Unknown taxonomy (chromosome or plasmid)
barcode06_9Gb	contig_18634	10693	11248	AAC(6')-IIa_aminoglycoside_antibiotic	11	555	555	1.0	Unknown taxonomy (chromosome or plasmid)
barcode06_9Gb	contig_18634	11395	11854	AAC(6')-Il_aminoglycoside_antibiotic	9	459	459	1.0	Unknown taxonomy (chromosome or plasmid)
barcode06_9Gb	contig_18634	11947	12748	VIM-4_carbapenem;_cephalosporin;_cephamycin;_penam;_penem	8	801	801	1.0	Unknown taxonomy (chromosome or plasmid)
barcode06_9Gb	contig_18698	3803	5723	tet(W)_tetracycline_antibiotic	44	1920	1920	1.0	Unknown taxonomy (chromosome or plasmid)
barcode06_9Gb	contig_1870	95227	96049	bacA_peptide_antibiotic	42	822	822	1.0	Escherichia coli (chromosome or plasmid)
barcode06_9Gb	contig_1870	115587	117076	TolC_macrolide_antibiotic;_fluoroquinolone_antibiotic;_aminoglycoside_antibiotic;_carbapenem;_cephalosporin;_glycylcycline;_cephamycin;_penam;_tetracycline_antibiotic;_peptide_antibiotic;_aminocoumarin_antibiotic;_rifamycin_antibiotic;_phenicol_antibiotic;_penem;_disinfecting_agents_and_antiseptics	46	1489	1489	1.0	Escherichia coli (chromosome or plasmid)
barcode06_9Gb	contig_18735	1688	2570	KPC-2_monobactam;_carbapenem;_cephalosporin;_penam	59	882	882	1.0	Unknown taxonomy (chromosome or plasmid)
barcode06_9Gb	contig_18747	10657	11533	CTX-M-95_cephalosporin	6	876	876	1.0	
barcode06_9Gb	contig_18749	2841	3705	aadS_aminoglycoside_antibiotic	22	864	864	1.0	Unknown taxonomy (chromosome or plasmid)
barcode06_9Gb	contig_18767	6781	7516	ErmG_macrolide_antibiotic;_lincosamide_antibiotic;_streptogramin_antibiotic;_streptogramin_A_antibiotic;_streptogramin_B_antibiotic	11	735	735	1.0	Unknown taxonomy (chromosome)
barcode06_9Gb	contig_1883	70817	71762	leuO_nucleoside_antibiotic;_disinfecting_agents_and_antiseptics	47	945	945	1.0	Unknown taxonomy (chromosome or plasmid)
barcode06_9Gb	contig_1883	77862	79629	Haemophilus influenzae PBP3 conferring resistance to beta-lactam antibiotics_cephalosporin;_cephamycin;_penam	54	1767	1767	1.0	Escherichia coli (chromosome or plasmid)
barcode06_9Gb	contig_18921	8403	8973	vanY gene in vanF cluster_glycopeptide_antibiotic	2	570	570	1.0	
barcode06_9Gb	contig_18947	59563	59992	fosA5_fluoroquinolone_antibiotic;_aminoglycoside_antibiotic;_phosphonic_acid_antibiotic	5	429	429	1.0	
barcode06_9Gb	contig_18948	2287	2932	QnrB19_fluoroquinolone_antibiotic	95	645	645	1.0	Unknown taxonomy (chromosome or plasmid)
barcode06_9Gb	contig_18949	8128	10081	vanT gene in vanG cluster_glycopeptide_antibiotic	12	1953	1953	1.0	
barcode06_9Gb	contig_18967	14986	15934	leuO_nucleoside_antibiotic;_disinfecting_agents_and_antiseptics	11	948	948	1.0	Citrobacter freundii (chromosome)
barcode06_9Gb	contig_18975	55577	56723	vanT gene in vanG cluster_glycopeptide_antibiotic	9	1146	1146	1.0	
barcode06_9Gb	contig_1988	106847	107642	OXA-504_penam	128	795	795	1.0	Aeromonas caviae (chromosome)
barcode06_9Gb	contig_1993	222248	223742	vanW gene in vanI cluster_glycopeptide_antibiotic	35	1494	1494	1.0	
barcode06_9Gb	contig_1993	293897	295100	vanT gene in vanG cluster_glycopeptide_antibiotic	23	1203	1203	1.0	
barcode06_9Gb	contig_1993	1059136	1062289	adeF_fluoroquinolone_antibiotic;_tetracycline_antibiotic	43	3153	3153	1.0	
barcode06_9Gb	contig_1993	1897130	1897694	lnuC_lincosamide_antibiotic	83	564	564	1.0	Unknown taxonomy (chromosome or plasmid)
barcode06_9Gb	contig_20	167274	170400	adeF_fluoroquinolone_antibiotic;_tetracycline_antibiotic	7	3126	3126	1.0	
barcode06_9Gb	contig_2009	125	1010	mphE_macrolide_antibiotic	59	885	885	1.0	Unknown taxonomy (chromosome or plasmid)
barcode06_9Gb	contig_2009	1065	2541	msrE_macrolide_antibiotic;_streptogramin_antibiotic	85	1476	1476	1.0	Unknown taxonomy (chromosome or plasmid)
barcode06_9Gb	contig_2069	12902	13091	rsmA_fluoroquinolone_antibiotic;_diaminopyrimidine_antibiotic;_phenicol_antibiotic	120	189	189	1.0	
barcode06_9Gb	contig_2077	11452	13801	LptD_carbapenem;_peptide_antibiotic;_aminocoumarin_antibiotic;_rifamycin_antibiotic	8	2349	2349	1.0	Klebsiella pneumoniae (chromosome)
barcode06_9Gb	contig_2138	173091	174276	Escherichia coli EF-Tu mutants conferring resistance to Pulvomycin_elfamycin_antibiotic	144	1185	1185	1.0	Aeromonas (chromosome or plasmid)
barcode06_9Gb	contig_2138	192296	193481	Escherichia coli EF-Tu mutants conferring resistance to Pulvomycin_elfamycin_antibiotic	135	1185	1185	1.0	Aeromonas caviae (chromosome or plasmid)
barcode06_9Gb	contig_2151	1048	2248	tet(A)_tetracycline_antibiotic	31	1200	1200	1.0	Unknown taxonomy (chromosome or plasmid)
barcode06_9Gb	contig_2151	7226	8063	APH(6)-Id_aminoglycoside_antibiotic	43	837	837	1.0	Unknown taxonomy (chromosome or plasmid)
barcode06_9Gb	contig_2151	8062	8866	APH(3'')-Ib_aminoglycoside_antibiotic	52	804	804	1.0	Unknown taxonomy (chromosome or plasmid)
barcode06_9Gb	contig_2151	142291	143152	TEM-1_monobactam;_cephalosporin;_penam;_penem	30	861	861	1.0	Unknown taxonomy (chromosome or plasmid)
barcode06_9Gb	contig_2151	148123	148984	AAC(3)-IId_aminoglycoside_antibiotic	19	861	861	1.0	Unknown taxonomy (chromosome or plasmid)
barcode06_9Gb	contig_2151	151969	152800	OXA-1_cephalosporin;_penam	31	831	831	1.0	Unknown taxonomy (chromosome or plasmid)
barcode06_9Gb	contig_2151	152937	153570	catB3_phenicol_antibiotic	27	633	633	1.0	Unknown taxonomy (chromosome or plasmid)
barcode06_9Gb	contig_2151	153654	154107	arr-3_rifamycin_antibiotic	17	453	453	1.0	Unknown taxonomy (chromosome or plasmid)
barcode06_9Gb	contig_2257	17250	17652	FosA8_phosphonic_acid_antibiotic	109	402	402	1.0	Aeromonas caviae (chromosome or plasmid)
barcode06_9Gb	contig_2443	7580	9500	tet(W)_tetracycline_antibiotic	46	1920	1920	1.0	Unknown taxonomy (chromosome or plasmid)
barcode06_9Gb	contig_2462	7420	8236	APH(3')-Ia_aminoglycoside_antibiotic	19	816	816	1.0	Unknown taxonomy (chromosome or plasmid)
barcode06_9Gb	contig_2526	73567	73900	qacJ_disinfecting_agents_and_antiseptics	13	333	333	1.0	
barcode06_9Gb	contig_2572	15470	18635	adeF_fluoroquinolone_antibiotic;_tetracycline_antibiotic	50	3165	3165	1.0	Acinetobacter (chromosome or plasmid)
barcode06_9Gb	contig_2670	955	1792	APH(6)-Id_aminoglycoside_antibiotic	10	837	837	1.0	Unknown taxonomy (chromosome or plasmid)
barcode06_9Gb	contig_2670	6323	7523	tet(A)_tetracycline_antibiotic	29	1200	1200	1.0	Unknown taxonomy (chromosome or plasmid)
barcode06_9Gb	contig_2676	845973	847101	mdeA_fluoroquinolone_antibiotic;_aminoglycoside_antibiotic;_penam;_tetracycline_antibiotic;_disinfecting_agents_and_antiseptics	9	1128	1128	1.0	
barcode06_9Gb	contig_2676	980500	980830	qacG_disinfecting_agents_and_antiseptics	10	330	330	1.0	
barcode06_9Gb	contig_2676	1465745	1466504	vanY gene in vanB cluster_glycopeptide_antibiotic	16	759	759	1.0	
barcode06_9Gb	contig_2698	18298	21400	adeF_fluoroquinolone_antibiotic;_tetracycline_antibiotic	18	3102	3102	1.0	Phocaeicola vulgatus (chromosome)
barcode06_9Gb	contig_2699	961	1699	ErmB_macrolide_antibiotic;_lincosamide_antibiotic;_streptogramin_antibiotic;_streptogramin_A_antibiotic;_streptogramin_B_antibiotic	48	738	738	1.0	Unknown taxonomy (chromosome or plasmid)
barcode06_9Gb	contig_2819	7898	8687	ANT(3'')-IIa_aminoglycoside_antibiotic	72	789	789	1.0	Acinetobacter (chromosome or plasmid)
barcode06_9Gb	contig_2821	60857	61673	sul2_sulfonamide_antibiotic	36	816	816	1.0	Unknown taxonomy (chromosome or plasmid)
barcode06_9Gb	contig_2821	66778	67567	ANT(3'')-IIa_aminoglycoside_antibiotic	17	789	789	1.0	Acinetobacter (chromosome or plasmid)
barcode06_9Gb	contig_2863	5038	5854	sul2_sulfonamide_antibiotic	27	816	816	1.0	Unknown taxonomy (chromosome or plasmid)
barcode06_9Gb	contig_2863	13023	14499	msrE_macrolide_antibiotic;_streptogramin_antibiotic	104	1476	1476	1.0	Unknown taxonomy (chromosome or plasmid)
barcode06_9Gb	contig_2863	14554	15439	mphE_macrolide_antibiotic	146	885	885	1.0	Unknown taxonomy (chromosome or plasmid)
barcode06_9Gb	contig_2863	16399	17260	TEM-1_monobactam;_cephalosporin;_penam;_penem	35	861	861	1.0	Unknown taxonomy (chromosome or plasmid)
barcode06_9Gb	contig_2863	17959	18784	OXA-9_penam	12	825	825	1.0	Unknown taxonomy (chromosome or plasmid)
barcode06_9Gb	contig_290	4191	5073	KPC-2_monobactam;_carbapenem;_cephalosporin;_penam	408	882	882	1.0	Unknown taxonomy (chromosome or plasmid)
barcode06_9Gb	contig_290	11392	12049	QnrVC1_fluoroquinolone_antibiotic	20	657	657	1.0	Unknown taxonomy (chromosome or plasmid)
barcode06_9Gb	contig_290	12207	12681	dfrA31_diaminopyrimidine_antibiotic	13	474	474	1.0	Vibrio (chromosome or plasmid)
barcode06_9Gb	contig_2904	175859	176684	gadX_macrolide_antibiotic;_fluoroquinolone_antibiotic;_penam	68	825	825	1.0	Escherichia coli (chromosome)
barcode06_9Gb	contig_2904	181282	182440	mdtE_macrolide_antibiotic;_fluoroquinolone_antibiotic;_penam	62	1158	1158	1.0	Unknown taxonomy (chromosome)
barcode06_9Gb	contig_2965	516726	517710	vanH gene in vanO cluster_glycopeptide_antibiotic	11	984	984	1.0	
barcode06_9Gb	contig_2993	5435	6281	Erm(36)_macrolide_antibiotic;_lincosamide_antibiotic;_streptogramin_antibiotic;_streptogramin_A_antibiotic;_streptogramin_B_antibiotic	10	846	846	1.0	Micrococcus luteus (no genomic info)
barcode06_9Gb	contig_3020	122423	125573	adeF_fluoroquinolone_antibiotic;_tetracycline_antibiotic	90	3150	3150	1.0	Aeromonas caviae (chromosome or plasmid)
barcode06_9Gb	contig_3101	1527	2352	OXA-644_carbapenem;_penam	410	825	825	1.0	Acinetobacter johnsonii (chromosome)
barcode06_9Gb	contig_3140	19387	20503	tet(W)_tetracycline_antibiotic	17	1116	1116	1.0	Unknown taxonomy (chromosome or plasmid)
barcode06_9Gb	contig_3143	7082	9248	tet(W)_tetracycline_antibiotic	52	2166	2166	1.0	Unknown taxonomy (chromosome or plasmid)
barcode06_9Gb	contig_3145	49169	49793	catS_phenicol_antibiotic	15	624	624	1.0	Parvimonas micra (chromosome)
barcode06_9Gb	contig_3260	139	1024	mphE_macrolide_antibiotic	49	885	885	1.0	Unknown taxonomy (chromosome or plasmid)
barcode06_9Gb	contig_3260	1079	2555	msrE_macrolide_antibiotic;_streptogramin_antibiotic	62	1476	1476	1.0	Unknown taxonomy (chromosome or plasmid)
barcode06_9Gb	contig_3263	139	1024	mphE_macrolide_antibiotic	72	885	885	1.0	Unknown taxonomy (chromosome or plasmid)
barcode06_9Gb	contig_3263	1079	2555	msrE_macrolide_antibiotic;_streptogramin_antibiotic	96	1476	1476	1.0	Unknown taxonomy (chromosome or plasmid)
barcode06_9Gb	contig_3265	134	1019	mphE_macrolide_antibiotic	53	885	885	1.0	Unknown taxonomy (chromosome or plasmid)
barcode06_9Gb	contig_3265	1074	2550	msrE_macrolide_antibiotic;_streptogramin_antibiotic	64	1476	1476	1.0	Unknown taxonomy (chromosome or plasmid)
barcode06_9Gb	contig_3266	15145	16030	mphE_macrolide_antibiotic	186	885	885	1.0	Unknown taxonomy (chromosome or plasmid)
barcode06_9Gb	contig_3266	16085	17561	msrE_macrolide_antibiotic;_streptogramin_antibiotic	139	1476	1476	1.0	Unknown taxonomy (chromosome or plasmid)
barcode06_9Gb	contig_3271	29299	30514	floR_phenicol_antibiotic	24	1215	1215	1.0	Unknown taxonomy (chromosome or plasmid)
barcode06_9Gb	contig_3330	33350	34424	vanT gene in vanG cluster_glycopeptide_antibiotic	95	1074	1074	1.0	
barcode06_9Gb	contig_3352	6304	7489	Escherichia coli EF-Tu mutants conferring resistance to Pulvomycin_elfamycin_antibiotic	41	1185	1185	1.0	Unknown taxonomy (chromosome or plasmid)
barcode06_9Gb	contig_3353	18000	19185	Escherichia coli EF-Tu mutants conferring resistance to Pulvomycin_elfamycin_antibiotic	34	1185	1185	1.0	Enterobacter kobei (chromosome or plasmid)
barcode06_9Gb	contig_3353	42336	42969	CRP_macrolide_antibiotic;_fluoroquinolone_antibiotic;_penam	18	633	633	1.0	Enterobacter (chromosome or plasmid)
barcode06_9Gb	contig_3353	117405	119061	ArnT_peptide_antibiotic	19	1656	1656	1.0	Enterobacter kobei (chromosome)
barcode06_9Gb	contig_3353	121935	122919	PmrF_peptide_antibiotic	14	984	984	1.0	
barcode06_9Gb	contig_3354	6092	7277	Escherichia coli EF-Tu mutants conferring resistance to Pulvomycin_elfamycin_antibiotic	20	1185	1185	1.0	Klebsiella pneumoniae (chromosome or plasmid)
barcode06_9Gb	contig_3356	8294	9479	Escherichia coli EF-Tu mutants conferring resistance to Pulvomycin_elfamycin_antibiotic	24	1185	1185	1.0	Citrobacter (chromosome or plasmid)
barcode06_9Gb	contig_3356	27825	28458	CRP_macrolide_antibiotic;_fluoroquinolone_antibiotic;_penam	15	633	633	1.0	Citrobacter (chromosome)
barcode06_9Gb	contig_3536	19098	20472	cpxA_aminoglycoside_antibiotic;_aminocoumarin_antibiotic	41	1374	1374	1.0	Unknown taxonomy (chromosome or plasmid)
barcode06_9Gb	contig_3566	22609	23083	dfrA15b_diaminopyrimidine_antibiotic	10	474	474	1.0	Unknown taxonomy (chromosome or plasmid)
barcode06_9Gb	contig_3571	3377	4490	vanT gene in vanG cluster_glycopeptide_antibiotic	17	1113	1113	1.0	
barcode06_9Gb	contig_3698	10587	10968	marA_fluoroquinolone_antibiotic;_monobactam;_carbapenem;_cephalosporin;_glycylcycline;_cephamycin;_penam;_tetracycline_antibiotic;_rifamycin_antibiotic;_phenicol_antibiotic;_penem;_disinfecting_agents_and_antiseptics	17	381	381	1.0	Enterobacter roggenkampii (chromosome)
barcode06_9Gb	contig_3698	10988	11411	Escherichia coli AcrAB-TolC with MarR mutations conferring resistance to ciprofloxacin and tetracycline_fluoroquinolone_antibiotic;_cephalosporin;_glycylcycline;_penam;_tetracycline_antibiotic;_rifamycin_antibiotic;_phenicol_antibiotic;_disinfecting_agents_and_antiseptics	17	423	423	1.0	Enterobacter cloacae (chromosome)
barcode06_9Gb	contig_3762	46983	47946	CfxA6_cephamycin	24	963	963	1.0	
barcode06_9Gb	contig_3766	6526	7519	CfxA6_cephamycin	22	993	993	1.0	
barcode06_9Gb	contig_3808	76977	77343	qacG_disinfecting_agents_and_antiseptics	166	366	366	1.0	Acinetobacter johnsonii (chromosome)
barcode06_9Gb	contig_3825	15491	15680	rsmA_fluoroquinolone_antibiotic;_diaminopyrimidine_antibiotic;_phenicol_antibiotic	21	189	189	1.0	
barcode06_9Gb	contig_3843	34250	35555	Acinetobacter baumannii AbaQ_fluoroquinolone_antibiotic	38	1305	1305	1.0	Acinetobacter baumannii (chromosome or plasmid)
barcode06_9Gb	contig_3843	269807	270461	adeN_macrolide_antibiotic;_fluoroquinolone_antibiotic;_lincosamide_antibiotic;_carbapenem;_cephalosporin;_tetracycline_antibiotic;_rifamycin_antibiotic;_diaminopyrimidine_antibiotic;_phenicol_antibiotic;_penem	24	654	654	1.0	Acinetobacter baumannii (chromosome or plasmid)
barcode06_9Gb	contig_4	147867	151023	adeF_fluoroquinolone_antibiotic;_tetracycline_antibiotic	41	3156	3156	1.0	
barcode06_9Gb	contig_4024	18345	18600	rsmA_fluoroquinolone_antibiotic;_diaminopyrimidine_antibiotic;_phenicol_antibiotic	14	255	255	1.0	
barcode06_9Gb	contig_4030	4909	5164	rsmA_fluoroquinolone_antibiotic;_diaminopyrimidine_antibiotic;_phenicol_antibiotic	32	255	255	1.0	
barcode06_9Gb	contig_4031	7980	8235	rsmA_fluoroquinolone_antibiotic;_diaminopyrimidine_antibiotic;_phenicol_antibiotic	23	255	255	1.0	
barcode06_9Gb	contig_4032	5405	5660	rsmA_fluoroquinolone_antibiotic;_diaminopyrimidine_antibiotic;_phenicol_antibiotic	15	255	255	1.0	
barcode06_9Gb	contig_4054	25559	25814	rsmA_fluoroquinolone_antibiotic;_diaminopyrimidine_antibiotic;_phenicol_antibiotic	404	255	255	1.0	
barcode06_9Gb	contig_4076	40625	42302	vanW gene in vanI cluster_glycopeptide_antibiotic	7	1677	1677	1.0	Roseburia hominis (no genomic info)
barcode06_9Gb	contig_4110	3022	4942	tet(W)_tetracycline_antibiotic	49	1920	1920	1.0	Unknown taxonomy (chromosome or plasmid)
barcode06_9Gb	contig_4110	6672	7893	tet(40)_tetracycline_antibiotic	21	1221	1221	1.0	Unknown taxonomy (chromosome)
barcode06_9Gb	contig_4123	1370	2744	cpxA_aminoglycoside_antibiotic;_aminocoumarin_antibiotic	49	1374	1374	1.0	Unknown taxonomy (chromosome or plasmid)
barcode06_9Gb	contig_4125	84452	85637	Escherichia coli EF-Tu mutants conferring resistance to Pulvomycin_elfamycin_antibiotic	76	1185	1185	1.0	Unknown taxonomy (chromosome or plasmid)
barcode06_9Gb	contig_4130	102601	102925	Escherichia coli soxS with mutation conferring antibiotic resistance_fluoroquinolone_antibiotic;_monobactam;_carbapenem;_cephalosporin;_glycylcycline;_cephamycin;_penam;_tetracycline_antibiotic;_rifamycin_antibiotic;_phenicol_antibiotic;_penem;_disinfecting_agents_and_antiseptics	57	324	324	1.0	Unknown taxonomy (chromosome or plasmid)
barcode06_9Gb	contig_4130	103010	103475	Escherichia coli soxR with mutation conferring antibiotic resistance_fluoroquinolone_antibiotic;_cephalosporin;_glycylcycline;_penam;_tetracycline_antibiotic;_rifamycin_antibiotic;_phenicol_antibiotic;_disinfecting_agents_and_antiseptics	53	465	465	1.0	Unknown taxonomy (chromosome or plasmid)
barcode06_9Gb	contig_4130	124542	126009	mdtP_nucleoside_antibiotic;_disinfecting_agents_and_antiseptics	61	1467	1467	1.0	Unknown taxonomy (chromosome or plasmid)
barcode06_9Gb	contig_4130	128057	129089	mdtN_nucleoside_antibiotic;_disinfecting_agents_and_antiseptics	56	1032	1032	1.0	Unknown taxonomy (chromosome or plasmid)
barcode06_9Gb	contig_4130	155042	156686	eptA_peptide_antibiotic	65	1644	1644	1.0	Unknown taxonomy (chromosome or plasmid)
barcode06_9Gb	contig_4130	219418	220552	EC-13_cephalosporin	65	1134	1134	1.0	Unknown taxonomy (chromosome or plasmid)
barcode06_9Gb	contig_4130	399741	400974	mdtM_fluoroquinolone_antibiotic;_lincosamide_antibiotic;_nucleoside_antibiotic;_phenicol_antibiotic;_disinfecting_agents_and_antiseptics	52	1233	1233	1.0	Unknown taxonomy (chromosome or plasmid)
barcode06_9Gb	contig_4188	6625	7720	vanG_glycopeptide_antibiotic	44	1095	1095	1.0	Unknown taxonomy (chromosome or plasmid)
barcode06_9Gb	contig_4188	90303	93453	acrB_fluoroquinolone_antibiotic;_cephalosporin;_glycylcycline;_penam;_tetracycline_antibiotic;_rifamycin_antibiotic;_phenicol_antibiotic;_disinfecting_agents_and_antiseptics	30	3150	3150	1.0	Escherichia coli (chromosome or plasmid)
barcode06_9Gb	contig_4188	93475	94669	Escherichia coli acrA_fluoroquinolone_antibiotic;_cephalosporin;_glycylcycline;_penam;_tetracycline_antibiotic;_rifamycin_antibiotic;_phenicol_antibiotic;_disinfecting_agents_and_antiseptics	31	1194	1194	1.0	Unknown taxonomy (chromosome or plasmid)
barcode06_9Gb	contig_4188	94810	95458	Escherichia coli AcrAB-TolC with AcrR mutation conferring resistance to ciprofloxacin, tetracycline, and ceftazidime_fluoroquinolone_antibiotic;_cephalosporin;_glycylcycline;_penam;_tetracycline_antibiotic;_rifamycin_antibiotic;_phenicol_antibiotic;_disinfecting_agents_and_antiseptics	30	648	648	1.0	Unknown taxonomy (chromosome or plasmid)
barcode06_9Gb	contig_4190	163307	163985	kdpE_aminoglycoside_antibiotic	39	678	678	1.0	Unknown taxonomy (chromosome or plasmid)
barcode06_9Gb	contig_4204	148170	149403	Escherichia coli mdfA_tetracycline_antibiotic;_disinfecting_agents_and_antiseptics	32	1233	1233	1.0	Unknown taxonomy (chromosome or plasmid)
barcode06_9Gb	contig_4273	12944	13667	baeR_aminoglycoside_antibiotic;_aminocoumarin_antibiotic	9	723	723	1.0	Enterobacter kobei (chromosome)
barcode06_9Gb	contig_4273	13663	15067	baeS_aminoglycoside_antibiotic;_aminocoumarin_antibiotic	9	1404	1404	1.0	
barcode06_9Gb	contig_4273	16504	19558	mdtC_aminocoumarin_antibiotic	10	3054	3054	1.0	
barcode06_9Gb	contig_4340	9096	9735	CRP_macrolide_antibiotic;_fluoroquinolone_antibiotic;_penam	12	639	639	1.0	
barcode06_9Gb	contig_4349	35929	37135	tet(B)_tetracycline_antibiotic	40	1206	1206	1.0	Unknown taxonomy (chromosome or plasmid)
barcode06_9Gb	contig_4349	37216	37840	tetR_tetracycline_antibiotic	44	624	624	1.0	Unknown taxonomy (chromosome or plasmid)
barcode06_9Gb	contig_4435	48176	48503	qacG_disinfecting_agents_and_antiseptics	16	327	327	1.0	
barcode06_9Gb	contig_4465	2984	3449	AAC(3)-Ia_aminoglycoside_antibiotic	11	465	465	1.0	Unknown taxonomy (chromosome or plasmid)
barcode06_9Gb	contig_4525	5446	6412	CfxA3_cephamycin	43	966	966	1.0	Unknown taxonomy (chromosome or plasmid)
barcode06_9Gb	contig_4530	311984	313979	lmrD_lincosamide_antibiotic	25	1995	1995	1.0	
barcode06_9Gb	contig_4530	988017	988764	vanY gene in vanG cluster_glycopeptide_antibiotic	23	747	747	1.0	
barcode06_9Gb	contig_4555	39973	42193	Acinetobacter baumannii parC conferring resistance to fluoroquinolones_fluoroquinolone_antibiotic	60	2220	2220	1.0	Acinetobacter baumannii (chromosome or plasmid)
barcode06_9Gb	contig_4610	25694	27614	tet(O)_tetracycline_antibiotic	106	1920	1920	1.0	Unknown taxonomy (chromosome or plasmid)
barcode06_9Gb	contig_4670	1069219	1069549	qacG_disinfecting_agents_and_antiseptics	22	330	330	1.0	
barcode06_9Gb	contig_4670	1229120	1229867	vanY gene in vanG cluster_glycopeptide_antibiotic	17	747	747	1.0	
barcode06_9Gb	contig_4670	1887789	1889784	lmrD_lincosamide_antibiotic	23	1995	1995	1.0	
barcode06_9Gb	contig_4671	7066	7903	APH(6)-Id_aminoglycoside_antibiotic	44	837	837	1.0	Unknown taxonomy (chromosome or plasmid)
barcode06_9Gb	contig_4671	7902	8766	APH(3'')-Ib_aminoglycoside_antibiotic	31	864	864	1.0	Unknown taxonomy (chromosome or plasmid)
barcode06_9Gb	contig_4732	6097	7043	TLA-1_monobactam;_cephalosporin	14	946	946	1.0	
barcode06_9Gb	contig_4751	51212	54335	mdtB_aminocoumarin_antibiotic	25	3123	3123	1.0	Escherichia coli (chromosome or plasmid)
barcode06_9Gb	contig_4751	54335	57413	mdtC_aminocoumarin_antibiotic	20	3078	3078	1.0	Unknown taxonomy (chromosome or plasmid)
barcode06_9Gb	contig_4751	60226	60949	baeR_aminoglycoside_antibiotic;_aminocoumarin_antibiotic	32	723	723	1.0	Unknown taxonomy (chromosome or plasmid)
barcode06_9Gb	contig_4818	21749	22610	SHV-2_carbapenem;_cephalosporin;_penam	29	861	861	1.0	Unknown taxonomy (chromosome or plasmid)
barcode06_9Gb	contig_4825	1639039	1641010	tet(O)_tetracycline_antibiotic	21	1971	1971	1.0	
barcode06_9Gb	contig_4825	1647920	1649093	vanT gene in vanG cluster_glycopeptide_antibiotic	18	1173	1173	1.0	
barcode06_9Gb	contig_4825	1799790	1800963	vanT gene in vanG cluster_glycopeptide_antibiotic	15	1173	1173	1.0	
barcode06_9Gb	contig_4825	2343438	2346609	adeF_fluoroquinolone_antibiotic;_tetracycline_antibiotic	23	3171	3171	1.0	
barcode06_9Gb	contig_4825	2966126	2967680	vanW gene in vanI cluster_glycopeptide_antibiotic	21	1554	1554	1.0	
barcode06_9Gb	contig_4825	3062870	3064355	lsaE_lincosamide_antibiotic;_streptogramin_antibiotic;_pleuromutilin_antibiotic	15	1485	1485	1.0	Streptococcus (chromosome or plasmid)
barcode06_9Gb	contig_4825	3064408	3065212	lnuB_lincosamide_antibiotic	15	804	804	1.0	Unknown taxonomy (chromosome or plasmid)
barcode06_9Gb	contig_4840	30361	32581	Acinetobacter baumannii parC conferring resistance to fluoroquinolones_fluoroquinolone_antibiotic	52	2220	2220	1.0	Acinetobacter baumannii (chromosome or plasmid)
barcode06_9Gb	contig_4873	62427	63687	EreB_macrolide_antibiotic	21	1260	1260	1.0	
barcode06_9Gb	contig_4884	13382	14558	oqxA_fluoroquinolone_antibiotic;_glycylcycline;_tetracycline_antibiotic;_diaminopyrimidine_antibiotic;_nitrofuran_antibiotic	7	1176	1176	1.0	Enterobacter kobei (chromosome)
barcode06_9Gb	contig_4910	89069	89372	rsmA_fluoroquinolone_antibiotic;_diaminopyrimidine_antibiotic;_phenicol_antibiotic	11	303	303	1.0	
barcode06_9Gb	contig_5021	147596	150089	vanT gene in vanG cluster_glycopeptide_antibiotic	24	2493	2493	1.0	
barcode06_9Gb	contig_5079	73161	73986	OXA-441_carbapenem;_penam	39	825	825	1.0	Acinetobacter baumannii (chromosome or plasmid)
barcode06_9Gb	contig_5150	23866	24211	qacG_disinfecting_agents_and_antiseptics	20	345	345	1.0	Unknown taxonomy (chromosome or plasmid)
barcode06_9Gb	contig_5328	10864	11644	APH(3')-VIa_aminoglycoside_antibiotic	26	780	780	1.0	Unknown taxonomy (chromosome or plasmid)
barcode06_9Gb	contig_5332	4593	5853	cmlA5_phenicol_antibiotic	16	1260	1260	1.0	Unknown taxonomy (chromosome or plasmid)
barcode06_9Gb	contig_5338	3709	4585	CTX-M-15_cephalosporin;_penam	37	876	876	1.0	Unknown taxonomy (chromosome or plasmid)
barcode06_9Gb	contig_5338	9225	9882	QnrS1_fluoroquinolone_antibiotic	26	657	657	1.0	Unknown taxonomy (chromosome or plasmid)
barcode06_9Gb	contig_5528	2317	3145	OXA-253_carbapenem;_penam	102	828	828	1.0	Acinetobacter baumannii (chromosome)
barcode06_9Gb	contig_5531	4171	4516	qacG_disinfecting_agents_and_antiseptics	24	345	345	1.0	Unknown taxonomy (chromosome or plasmid)
barcode06_9Gb	contig_5533	5207	6035	OXA-72_carbapenem;_penam	19	828	828	1.0	Unknown taxonomy (chromosome or plasmid)
barcode06_9Gb	contig_5553	36298	37117	bacA_peptide_antibiotic	15	819	819	1.0	
barcode06_9Gb	contig_5556	17836	20080	adeF_fluoroquinolone_antibiotic;_tetracycline_antibiotic	18	2244	2244	1.0	Unknown taxonomy (chromosome)
barcode06_9Gb	contig_5591	16341	17151	APH(6)-Id_aminoglycoside_antibiotic	35	810	810	1.0	Unknown taxonomy (chromosome or plasmid)
barcode06_9Gb	contig_5617	82350	83028	kdpE_aminoglycoside_antibiotic	20	678	678	1.0	Citrobacter portucalensis (chromosome)
barcode06_9Gb	contig_568	12070	12727	QnrVC1_fluoroquinolone_antibiotic	30	657	657	1.0	Unknown taxonomy (chromosome or plasmid)
barcode06_9Gb	contig_568	14445	14919	dfrA6_diaminopyrimidine_antibiotic	31	474	474	1.0	Unknown taxonomy (chromosome or plasmid)
barcode06_9Gb	contig_568	15051	15915	GES-1_carbapenem;_cephalosporin;_penam	66	864	864	1.0	Unknown taxonomy (chromosome or plasmid)
barcode06_9Gb	contig_568	15988	16447	AAC(6')-Il_aminoglycoside_antibiotic	75	459	459	1.0	Unknown taxonomy (chromosome or plasmid)
barcode06_9Gb	contig_568	22092	22749	QnrVC1_fluoroquinolone_antibiotic	22	657	657	1.0	Unknown taxonomy (chromosome or plasmid)
barcode06_9Gb	contig_5702	22951	23806	ErmX_macrolide_antibiotic;_lincosamide_antibiotic;_streptogramin_antibiotic;_streptogramin_A_antibiotic;_streptogramin_B_antibiotic	41	855	855	1.0	Unknown taxonomy (chromosome or plasmid)
barcode06_9Gb	contig_5702	24552	25245	ANT(2'')-Ia_aminoglycoside_antibiotic	37	693	693	1.0	Unknown taxonomy (chromosome or plasmid)
barcode06_9Gb	contig_5702	25783	26647	GES-1_carbapenem;_cephalosporin;_penam	66	864	864	1.0	Unknown taxonomy (chromosome or plasmid)
barcode06_9Gb	contig_5702	26769	27303	ANT(2'')-Ia_aminoglycoside_antibiotic	57	534	534	1.0	Unknown taxonomy (chromosome or plasmid)
barcode06_9Gb	contig_5702	27372	28197	OXA-2_carbapenem;_cephalosporin;_penam	48	825	825	1.0	Unknown taxonomy (chromosome or plasmid)
barcode06_9Gb	contig_5702	28993	29833	sul1_sulfonamide_antibiotic	73	840	840	1.0	Unknown taxonomy (chromosome or plasmid)
barcode06_9Gb	contig_5705	167650	170827	adeF_fluoroquinolone_antibiotic;_tetracycline_antibiotic	32	3177	3177	1.0	Unknown taxonomy (chromosome)
barcode06_9Gb	contig_5713	1181	1961	APH(3')-VIa_aminoglycoside_antibiotic	57	780	780	1.0	Unknown taxonomy (chromosome or plasmid)
barcode06_9Gb	contig_575	4623	4971	qacEdelta1_disinfecting_agents_and_antiseptics	29	348	348	1.0	Unknown taxonomy (chromosome or plasmid)
barcode06_9Gb	contig_575	5087	5933	aadA6_aminoglycoside_antibiotic	27	846	846	1.0	Unknown taxonomy (chromosome or plasmid)
barcode06_9Gb	contig_575	6044	6377	qacJ_disinfecting_agents_and_antiseptics	23	333	333	1.0	Unknown taxonomy (chromosome or plasmid)
barcode06_9Gb	contig_575	6506	7334	OXA-2_carbapenem;_cephalosporin;_penam	30	828	828	1.0	Unknown taxonomy (chromosome or plasmid)
barcode06_9Gb	contig_575	7403	7937	ANT(2'')-Ia_aminoglycoside_antibiotic	33	534	534	1.0	Unknown taxonomy (chromosome or plasmid)
barcode06_9Gb	contig_575	8063	8927	GES-2_carbapenem;_cephalosporin;_penam	17	864	864	1.0	Unknown taxonomy (chromosome or plasmid)
barcode06_9Gb	contig_575	9000	9459	AAC(6')-Il_aminoglycoside_antibiotic	12	459	459	1.0	Unknown taxonomy (chromosome or plasmid)
barcode06_9Gb	contig_579	5244	6084	sul1_sulfonamide_antibiotic	35	840	840	1.0	Unknown taxonomy (chromosome or plasmid)
barcode06_9Gb	contig_579	7176	7956	aadA_aminoglycoside_antibiotic	44	780	780	1.0	Unknown taxonomy (chromosome or plasmid)
barcode06_9Gb	contig_579	8116	8773	QnrVC1_fluoroquinolone_antibiotic	40	657	657	1.0	Unknown taxonomy (chromosome or plasmid)
barcode06_9Gb	contig_5790	1635	4110	vanT gene in vanG cluster_glycopeptide_antibiotic	10	2475	2475	1.0	
barcode06_9Gb	contig_5795	8629	10144	aadT_macrolide_antibiotic;_tetracycline_antibiotic;_disinfecting_agents_and_antiseptics	13	1515	1515	1.0	
barcode06_9Gb	contig_581	4090	4990	VEB-3_monobactam;_cephalosporin	10	900	900	1.0	Unknown taxonomy (chromosome or plasmid)
barcode06_9Gb	contig_581	7703	8543	sul1_sulfonamide_antibiotic	22	840	840	1.0	Unknown taxonomy (chromosome or plasmid)
barcode06_9Gb	contig_581	8536	8881	qacEdelta1_disinfecting_agents_and_antiseptics	20	345	345	1.0	Unknown taxonomy (chromosome or plasmid)
barcode06_9Gb	contig_5880	773	1577	APH(3'')-Ib_aminoglycoside_antibiotic	58	804	804	1.0	Unknown taxonomy (chromosome or plasmid)
barcode06_9Gb	contig_5880	1576	2413	APH(6)-Id_aminoglycoside_antibiotic	56	837	837	1.0	Unknown taxonomy (chromosome or plasmid)
barcode06_9Gb	contig_5912	51947	55103	adeF_fluoroquinolone_antibiotic;_tetracycline_antibiotic	16	3156	3156	1.0	
barcode06_9Gb	contig_5928	2477	2690	vanU gene in vanG cluster_glycopeptide_antibiotic	11	213	213	1.0	
barcode06_9Gb	contig_5941	10588	11740	MOX-13_cephalosporin;_cephamycin;_penam	82	1152	1152	1.0	Aeromonas caviae (chromosome or plasmid)
barcode06_9Gb	contig_5963	135315	138462	acrB_fluoroquinolone_antibiotic;_cephalosporin;_glycylcycline;_penam;_tetracycline_antibiotic;_rifamycin_antibiotic;_phenicol_antibiotic;_disinfecting_agents_and_antiseptics	13	3147	3147	1.0	Enterobacter (chromosome)
barcode06_9Gb	contig_5963	138484	139678	Enterobacter cloacae acrA_fluoroquinolone_antibiotic;_cephalosporin;_glycylcycline;_penam;_tetracycline_antibiotic;_rifamycin_antibiotic;_phenicol_antibiotic;_disinfecting_agents_and_antiseptics	18	1194	1194	1.0	Enterobacter roggenkampii (chromosome)
barcode06_9Gb	contig_5970	219700	220756	vanW gene in vanI cluster_glycopeptide_antibiotic	10	1056	1056	1.0	
barcode06_9Gb	contig_6001	1669217	1670327	vanT gene in vanG cluster_glycopeptide_antibiotic	106	1110	1110	1.0	
barcode06_9Gb	contig_6035	104317	105418	LpsB_peptide_antibiotic	50	1101	1101	1.0	Acinetobacter baumannii (chromosome or plasmid)
barcode06_9Gb	contig_6035	147822	149169	abeM_fluoroquinolone_antibiotic;_disinfecting_agents_and_antiseptics	58	1347	1347	1.0	Acinetobacter baumannii (chromosome or plasmid)
barcode06_9Gb	contig_6050	37080	37758	kdpE_aminoglycoside_antibiotic	7	678	678	1.0	
barcode06_9Gb	contig_6065	30928	31354	FosA2_phosphonic_acid_antibiotic	14	426	426	1.0	Enterobacter roggenkampii (chromosome)
barcode06_9Gb	contig_6084	246991	248446	adeK_macrolide_antibiotic;_fluoroquinolone_antibiotic;_lincosamide_antibiotic;_carbapenem;_cephalosporin;_tetracycline_antibiotic;_rifamycin_antibiotic;_diaminopyrimidine_antibiotic;_phenicol_antibiotic;_penem	47	1455	1455	1.0	Acinetobacter baumannii (chromosome or plasmid)
barcode06_9Gb	contig_6084	248445	251622	adeJ_macrolide_antibiotic;_fluoroquinolone_antibiotic;_lincosamide_antibiotic;_carbapenem;_cephalosporin;_tetracycline_antibiotic;_rifamycin_antibiotic;_diaminopyrimidine_antibiotic;_phenicol_antibiotic;_penem	51	3177	3177	1.0	Acinetobacter baumannii (chromosome or plasmid)
barcode06_9Gb	contig_6084	251634	252885	adeI_macrolide_antibiotic;_fluoroquinolone_antibiotic;_lincosamide_antibiotic;_carbapenem;_cephalosporin;_tetracycline_antibiotic;_rifamycin_antibiotic;_diaminopyrimidine_antibiotic;_phenicol_antibiotic;_penem	52	1251	1251	1.0	Acinetobacter baumannii (chromosome or plasmid)
barcode06_9Gb	contig_6110	1054735	1055854	vanT gene in vanG cluster_glycopeptide_antibiotic	14	1119	1119	1.0	
barcode06_9Gb	contig_6110	1921326	1921815	nimJ_nitroimidazole_antibiotic	8	489	489	1.0	
barcode06_9Gb	contig_6192	8411	8777	BRP(MBL)_glycopeptide_antibiotic	29	366	366	1.0	Unknown taxonomy (chromosome or plasmid)
barcode06_9Gb	contig_6192	8780	9593	NDM-1_carbapenem;_cephalosporin;_cephamycin;_penam	26	813	813	1.0	Unknown taxonomy (chromosome or plasmid)
barcode06_9Gb	contig_6192	10870	11650	APH(3')-VIa_aminoglycoside_antibiotic	16	780	780	1.0	Unknown taxonomy (chromosome or plasmid)
barcode06_9Gb	contig_6286	38203	38926	baeR_aminoglycoside_antibiotic;_aminocoumarin_antibiotic	6	723	723	1.0	Citrobacter freundii (chromosome)
barcode06_9Gb	contig_6296	3276	4137	TEM-1_monobactam;_cephalosporin;_penam;_penem	34	861	861	1.0	Unknown taxonomy (chromosome or plasmid)
barcode06_9Gb	contig_6296	4278	5139	AAC(3)-IIe_aminoglycoside_antibiotic	31	861	861	1.0	Unknown taxonomy (chromosome or plasmid)
barcode06_9Gb	contig_6314	513	1353	sul1_sulfonamide_antibiotic	35	840	840	1.0	Unknown taxonomy (chromosome or plasmid)
barcode06_9Gb	contig_6314	1346	1694	qacEdelta1_disinfecting_agents_and_antiseptics	43	348	348	1.0	Unknown taxonomy (chromosome or plasmid)
barcode06_9Gb	contig_6314	1862	2450	AAC(6')-Ib9_aminoglycoside_antibiotic	41	588	588	1.0	Unknown taxonomy (chromosome or plasmid)
barcode06_9Gb	contig_6314	2555	3008	arr-3_rifamycin_antibiotic	28	453	453	1.0	Unknown taxonomy (chromosome or plasmid)
barcode06_9Gb	contig_6316	9260	10187	PER-2_monobactam;_carbapenem;_cephalosporin;_penam;_penem	27	927	927	1.0	Unknown taxonomy (plasmid)
barcode06_9Gb	contig_6372	28903	29704	ErmF_macrolide_antibiotic;_lincosamide_antibiotic;_streptogramin_antibiotic;_streptogramin_A_antibiotic;_streptogramin_B_antibiotic	31	801	801	1.0	Unknown taxonomy (chromosome or plasmid)
barcode06_9Gb	contig_6372	30946	31810	aadS_aminoglycoside_antibiotic	28	864	864	1.0	Unknown taxonomy (chromosome or plasmid)
barcode06_9Gb	contig_6426	89604	89859	rsmA_fluoroquinolone_antibiotic;_diaminopyrimidine_antibiotic;_phenicol_antibiotic	28	255	255	1.0	
barcode06_9Gb	contig_6446	8302	9562	EreB_macrolide_antibiotic	25	1260	1260	1.0	
barcode06_9Gb	contig_6450	3543	4983	AAC(6')-Ie-APH(2'')-Ia bifunctional protein_aminoglycoside_antibiotic	14	1440	1440	1.0	Unknown taxonomy (chromosome or plasmid)
barcode06_9Gb	contig_6479	713	2687	tet(Q)_tetracycline_antibiotic	74	1974	1974	1.0	Unknown taxonomy (chromosome)
barcode06_9Gb	contig_6601	20474	20888	H-NS_macrolide_antibiotic;_fluoroquinolone_antibiotic;_cephalosporin;_cephamycin;_penam;_tetracycline_antibiotic	34	414	414	1.0	Unknown taxonomy (chromosome or plasmid)
barcode06_9Gb	contig_6601	172773	173982	mdtH_fluoroquinolone_antibiotic	28	1209	1209	1.0	Unknown taxonomy (chromosome or plasmid)
barcode06_9Gb	contig_6601	182612	183839	mdtG_phosphonic_acid_antibiotic	32	1227	1227	1.0	Unknown taxonomy (chromosome or plasmid)
barcode06_9Gb	contig_664	1574	1907	qacL_disinfecting_agents_and_antiseptics	34	333	333	1.0	Unknown taxonomy (chromosome or plasmid)
barcode06_9Gb	contig_6695	6181	6838	QnrVC1_fluoroquinolone_antibiotic	37	657	657	1.0	Unknown taxonomy (chromosome or plasmid)
barcode06_9Gb	contig_6695	6996	7470	dfrA6_diaminopyrimidine_antibiotic	35	474	474	1.0	Unknown taxonomy (chromosome or plasmid)
barcode06_9Gb	contig_6935	28796	29981	Escherichia coli EF-Tu mutants conferring resistance to Pulvomycin_elfamycin_antibiotic	22	1185	1185	1.0	Citrobacter (chromosome or plasmid)
barcode06_9Gb	contig_6953	2338	3730	vanW gene in vanI cluster_glycopeptide_antibiotic	6	1392	1392	1.0	
barcode06_9Gb	contig_6985	12604	13978	cpxA_aminoglycoside_antibiotic;_aminocoumarin_antibiotic	15	1374	1374	1.0	
barcode06_9Gb	contig_7171	43642	43987	qacG_disinfecting_agents_and_antiseptics	13	345	345	1.0	
barcode06_9Gb	contig_7232	111703	114181	vanT gene in vanG cluster_glycopeptide_antibiotic	150	2478	2478	1.0	
barcode06_9Gb	contig_7292	8359	9544	Escherichia coli EF-Tu mutants conferring resistance to Pulvomycin_elfamycin_antibiotic	25	1185	1185	1.0	Unknown taxonomy (chromosome or plasmid)
barcode06_9Gb	contig_730	1024	1840	APH(3')-Ia_aminoglycoside_antibiotic	39	816	816	1.0	Unknown taxonomy (chromosome or plasmid)
barcode06_9Gb	contig_7328	105030	106320	ArnT_peptide_antibiotic	9	1290	1290	1.0	Klebsiella pneumoniae (chromosome)
barcode06_9Gb	contig_7357	4839	7980	adeF_fluoroquinolone_antibiotic;_tetracycline_antibiotic	34	3141	3141	1.0	
barcode06_9Gb	contig_7357	107021	108353	vanW gene in vanI cluster_glycopeptide_antibiotic	24	1332	1332	1.0	
barcode06_9Gb	contig_7357	2521484	2522861	vanW gene in vanI cluster_glycopeptide_antibiotic	27	1377	1377	1.0	
barcode06_9Gb	contig_7357	3463066	3464179	vanT gene in vanG cluster_glycopeptide_antibiotic	28	1113	1113	1.0	
barcode06_9Gb	contig_7389	308	1154	tet(M)_tetracycline_antibiotic	15	846	846	1.0	Enterococcus faecalis (chromosome or plasmid)
barcode06_9Gb	contig_7389	1534	2230	tet(M)_tetracycline_antibiotic	16	696	696	1.0	Staphylococcus pseudintermedius (chromosome or plasmid)
barcode06_9Gb	contig_7429	25914	26640	vanY gene in vanB cluster_glycopeptide_antibiotic	14	726	726	1.0	Roseburia hominis (no genomic info)
barcode06_9Gb	contig_7440	1653	2766	vanT gene in vanG cluster_glycopeptide_antibiotic	4	1113	1113	1.0	
barcode06_9Gb	contig_748	1425	2181	TEM-216_monobactam;_cephalosporin;_penam;_penem	17	756	756	1.0	Unknown taxonomy (chromosome or plasmid)
barcode06_9Gb	contig_7540	63083	64289	Mef(En2)_macrolide_antibiotic;_lincosamide_antibiotic	32	1206	1206	1.0	Unknown taxonomy (chromosome)
barcode06_9Gb	contig_7542	13876	15022	MIR-17_monobactam;_cephalosporin	23	1146	1146	1.0	Enterobacter (chromosome)
barcode06_9Gb	contig_7565	1977	2829	sul1_sulfonamide_antibiotic	12	852	852	1.0	Unknown taxonomy (chromosome or plasmid)
barcode06_9Gb	contig_7608	1435	2266	OXA-1_cephalosporin;_penam	24	831	831	1.0	Unknown taxonomy (chromosome or plasmid)
barcode06_9Gb	contig_7608	2396	2996	AAC(6')-Ib-cr6_fluoroquinolone_antibiotic;_aminoglycoside_antibiotic	24	600	600	1.0	Unknown taxonomy (chromosome or plasmid)
barcode06_9Gb	contig_762	26314	27151	APH(6)-Id_aminoglycoside_antibiotic	67	837	837	1.0	Unknown taxonomy (chromosome or plasmid)
barcode06_9Gb	contig_764	134	1019	mphE_macrolide_antibiotic	66	885	885	1.0	Unknown taxonomy (chromosome or plasmid)
barcode06_9Gb	contig_764	1074	2550	msrE_macrolide_antibiotic;_streptogramin_antibiotic	89	1476	1476	1.0	Unknown taxonomy (chromosome or plasmid)
barcode06_9Gb	contig_764	7134	7938	APH(3'')-Ib_aminoglycoside_antibiotic	80	804	804	1.0	Unknown taxonomy (chromosome or plasmid)
barcode06_9Gb	contig_7645	14989	15973	PmrF_peptide_antibiotic	13	984	984	1.0	Citrobacter amalonaticus (no genomic info)
barcode06_9Gb	contig_7645	19202	20225	ArnT_peptide_antibiotic	11	1023	1023	1.0	Klebsiella michiganensis (chromosome)
barcode06_9Gb	contig_7659	22557	23703	CMY-70_cephamycin	10	1146	1146	1.0	Citrobacter freundii (chromosome)
barcode06_9Gb	contig_7660	17501	18500	CMY-136_cephalosporin;_cephamycin	15	999	999	1.0	Citrobacter portucalensis (chromosome or plasmid)
barcode06_9Gb	contig_7690	195489	196311	bacA_peptide_antibiotic	21	822	822	1.0	
barcode06_9Gb	contig_7843	35926	37087	vanT gene in vanG cluster_glycopeptide_antibiotic	9	1161	1161	1.0	
barcode06_9Gb	contig_7855	2388	5526	adeF_fluoroquinolone_antibiotic;_tetracycline_antibiotic	6	3138	3138	1.0	Parabacteroides distasonis (chromosome)
barcode06_9Gb	contig_7884	38146	39331	Escherichia coli EF-Tu mutants conferring resistance to Pulvomycin_elfamycin_antibiotic	29	1185	1185	1.0	Unknown taxonomy (chromosome or plasmid)
barcode06_9Gb	contig_7884	56627	57812	Escherichia coli EF-Tu mutants conferring resistance to Pulvomycin_elfamycin_antibiotic	25	1185	1185	1.0	Unknown taxonomy (chromosome)
barcode06_9Gb	contig_7887	1279	2119	sul1_sulfonamide_antibiotic	5	840	840	1.0	Unknown taxonomy (chromosome or plasmid)
barcode06_9Gb	contig_7898	4304	5063	TEM-245_monobactam;_cephalosporin;_penam;_penem	2	759	759	1.0	Unknown taxonomy (chromosome or plasmid)
barcode06_9Gb	contig_796	5124	5928	APH(3'')-Ib_aminoglycoside_antibiotic	19	804	804	1.0	Unknown taxonomy (chromosome or plasmid)
barcode06_9Gb	contig_796	5927	6764	APH(6)-Id_aminoglycoside_antibiotic	15	837	837	1.0	Unknown taxonomy (chromosome or plasmid)
barcode06_9Gb	contig_7999	174544	175180	vanW gene in vanI cluster_glycopeptide_antibiotic	4	636	636	1.0	
barcode06_9Gb	contig_8007	41507	41837	Klebsiella pneumoniae KpnF_macrolide_antibiotic;_aminoglycoside_antibiotic;_cephalosporin;_tetracycline_antibiotic;_peptide_antibiotic;_rifamycin_antibiotic;_disinfecting_agents_and_antiseptics	10	330	330	1.0	Enterobacter (chromosome)
barcode06_9Gb	contig_8007	41823	42186	Klebsiella pneumoniae KpnE_macrolide_antibiotic;_aminoglycoside_antibiotic;_cephalosporin;_tetracycline_antibiotic;_peptide_antibiotic;_rifamycin_antibiotic;_disinfecting_agents_and_antiseptics	10	363	363	1.0	Enterobacter kobei (chromosome)
barcode06_9Gb	contig_8040	16812	18351	emrY_tetracycline_antibiotic	32	1539	1539	1.0	Escherichia coli (chromosome or plasmid)
barcode06_9Gb	contig_8040	18350	19406	emrK_tetracycline_antibiotic	34	1056	1056	1.0	Unknown taxonomy (chromosome or plasmid)
barcode06_9Gb	contig_8040	19929	20544	evgA_macrolide_antibiotic;_fluoroquinolone_antibiotic;_penam;_tetracycline_antibiotic	37	615	615	1.0	Escherichia coli (chromosome or plasmid)
barcode06_9Gb	contig_8040	20548	24142	evgS_macrolide_antibiotic;_fluoroquinolone_antibiotic;_penam;_tetracycline_antibiotic	36	3594	3594	1.0	Unknown taxonomy (chromosome or plasmid)
barcode06_9Gb	contig_8046	32343	32874	emrR_fluoroquinolone_antibiotic	38	531	531	1.0	Unknown taxonomy (chromosome or plasmid)
barcode06_9Gb	contig_8046	33000	34173	emrA_fluoroquinolone_antibiotic	35	1173	1173	1.0	Unknown taxonomy (chromosome or plasmid)
barcode06_9Gb	contig_8046	34189	35728	emrB_fluoroquinolone_antibiotic	39	1539	1539	1.0	Unknown taxonomy (chromosome or plasmid)
barcode06_9Gb	contig_8046	40667	40853	rsmA_fluoroquinolone_antibiotic;_diaminopyrimidine_antibiotic;_phenicol_antibiotic	30	186	186	1.0	Unknown taxonomy (chromosome or plasmid)
barcode06_9Gb	contig_816	20053	20890	APH(6)-Id_aminoglycoside_antibiotic	31	837	837	1.0	Unknown taxonomy (chromosome or plasmid)
barcode06_9Gb	contig_817	17949	19137	tet(39)_tetracycline_antibiotic	80	1188	1188	1.0	Unknown taxonomy (plasmid)
barcode06_9Gb	contig_8182	1	406	arr-3_rifamycin_antibiotic	6	405	405	1.0	Unknown taxonomy (chromosome or plasmid)
barcode06_9Gb	contig_8182	490	1123	catB3_phenicol_antibiotic	16	633	633	1.0	Unknown taxonomy (chromosome or plasmid)
barcode06_9Gb	contig_8182	1260	2091	OXA-1_cephalosporin;_penam	23	831	831	1.0	Unknown taxonomy (chromosome or plasmid)
barcode06_9Gb	contig_8182	2221	2821	AAC(6')-Ib-cr6_fluoroquinolone_antibiotic;_aminoglycoside_antibiotic	21	600	600	1.0	Unknown taxonomy (chromosome or plasmid)
barcode06_9Gb	contig_8282	9665	10139	dfrA14_diaminopyrimidine_antibiotic	20	474	474	1.0	Unknown taxonomy (chromosome or plasmid)
barcode06_9Gb	contig_8282	10173	10989	aadA_aminoglycoside_antibiotic	32	816	816	1.0	Unknown taxonomy (chromosome or plasmid)
barcode06_9Gb	contig_8282	10981	11782	OXA-10_cephalosporin;_penam	31	801	801	1.0	Unknown taxonomy (chromosome or plasmid)
barcode06_9Gb	contig_8282	12046	13306	cmlA5_phenicol_antibiotic	31	1260	1260	1.0	Unknown taxonomy (chromosome or plasmid)
barcode06_9Gb	contig_8282	14240	14897	QnrVC4_fluoroquinolone_antibiotic	34	657	657	1.0	Unknown taxonomy (chromosome or plasmid)
barcode06_9Gb	contig_831	2530	2863	qacE_disinfecting_agents_and_antiseptics	11	333	333	1.0	Unknown taxonomy (chromosome or plasmid)
barcode06_9Gb	contig_8325	10549	11717	tet(X3)_glycylcycline;_tetracycline_antibiotic	10	1168	1168	1.0	Unknown taxonomy (chromosome or plasmid)
barcode06_9Gb	contig_8366	15267	16485	tet(E)_tetracycline_antibiotic	17	1218	1218	1.0	Aeromonas veronii (chromosome)
barcode06_9Gb	contig_8431	8712	9057	qacG_disinfecting_agents_and_antiseptics	7	345	345	1.0	
barcode06_9Gb	contig_8442	2175	3036	AAC(3)-IIe_aminoglycoside_antibiotic	11	861	861	1.0	Unknown taxonomy (chromosome or plasmid)
barcode06_9Gb	contig_846	8313	8643	qacG_disinfecting_agents_and_antiseptics	5	330	330	1.0	
barcode06_9Gb	contig_8477	13319	14444	vanT gene in vanG cluster_glycopeptide_antibiotic	6	1125	1125	1.0	
barcode06_9Gb	contig_8517	106299	107289	vanH gene in vanB cluster_glycopeptide_antibiotic	16	990	990	1.0	
barcode06_9Gb	contig_8543	202297	203470	vanT gene in vanG cluster_glycopeptide_antibiotic	11	1173	1173	1.0	
barcode06_9Gb	contig_8611	5027	6011	vanY gene in vanF cluster_glycopeptide_antibiotic	4	984	984	1.0	
barcode06_9Gb	contig_863	154468	155860	Escherichia coli UhpT with mutation conferring resistance to fosfomycin_phosphonic_acid_antibiotic	15	1392	1392	1.0	Citrobacter (chromosome or plasmid)
barcode06_9Gb	contig_8797	1693	2188	nimK_nitroimidazole_antibiotic	3	495	495	1.0	
barcode06_9Gb	contig_8826	72116	72449	Escherichia coli emrE_macrolide_antibiotic	27	333	333	1.0	Unknown taxonomy (chromosome or plasmid)
barcode06_9Gb	contig_8856	1	313	qacJ_disinfecting_agents_and_antiseptics	14	312	312	1.0	Unknown taxonomy (chromosome or plasmid)
barcode06_9Gb	contig_8857	19	865	aadA11_aminoglycoside_antibiotic	11	846	846	1.0	Unknown taxonomy (chromosome or plasmid)
barcode06_9Gb	contig_887	6113	6992	tet(C)_tetracycline_antibiotic	18	879	879	1.0	Unknown taxonomy (chromosome or plasmid)
barcode06_9Gb	contig_887	8498	9689	tet(C)_tetracycline_antibiotic	33	1191	1191	1.0	Unknown taxonomy (chromosome or plasmid)
barcode06_9Gb	contig_8879	3468	4653	Escherichia coli EF-Tu mutants conferring resistance to Pulvomycin_elfamycin_antibiotic	35	1185	1185	1.0	Enterobacter (chromosome or plasmid)
barcode06_9Gb	contig_889	2076	2868	aadA_aminoglycoside_antibiotic	34	792	792	1.0	Unknown taxonomy (chromosome or plasmid)
barcode06_9Gb	contig_889	2943	3744	OXA-101_cephalosporin;_penam	17	801	801	1.0	Unknown taxonomy (chromosome or plasmid)
barcode06_9Gb	contig_889	4303	5167	sul4_sulfonamide_antibiotic	17	864	864	1.0	Unknown taxonomy (chromosome or plasmid)
barcode06_9Gb	contig_8905	324698	327890	adeF_fluoroquinolone_antibiotic;_tetracycline_antibiotic	100	3192	3192	1.0	
barcode06_9Gb	contig_8917	20393	21806	vanW gene in vanI cluster_glycopeptide_antibiotic	8	1413	1413	1.0	
barcode06_9Gb	contig_8938	30872	32264	Escherichia coli UhpT with mutation conferring resistance to fosfomycin_phosphonic_acid_antibiotic	13	1392	1392	1.0	Unknown taxonomy (chromosome or plasmid)
barcode06_9Gb	contig_8975	6143	7136	vanH gene in vanB cluster_glycopeptide_antibiotic	4	993	993	1.0	
barcode06_9Gb	contig_9008	9359	10235	CTX-M-55_cephalosporin	15	876	876	1.0	Unknown taxonomy (chromosome or plasmid)
barcode06_9Gb	contig_9008	11016	11877	TEM-1_monobactam;_cephalosporin;_penam;_penem	9	861	861	1.0	Escherichia coli (chromosome or plasmid)
barcode06_9Gb	contig_9014	12744	13467	baeR_aminoglycoside_antibiotic;_aminocoumarin_antibiotic	9	723	723	1.0	Klebsiella (chromosome)
barcode06_9Gb	contig_9064	19390	20023	CRP_macrolide_antibiotic;_fluoroquinolone_antibiotic;_penam	11	633	633	1.0	Enterobacter hormaechei (chromosome or plasmid)
barcode06_9Gb	contig_9131	12480	12666	rsmA_fluoroquinolone_antibiotic;_diaminopyrimidine_antibiotic;_phenicol_antibiotic	10	186	186	1.0	Unknown taxonomy (chromosome or plasmid)
barcode06_9Gb	contig_9156	5026	5443	vanY gene in vanM cluster_glycopeptide_antibiotic	18	417	417	1.0	
barcode06_9Gb	contig_9256	2806	3061	rsmA_fluoroquinolone_antibiotic;_diaminopyrimidine_antibiotic;_phenicol_antibiotic	29	255	255	1.0	
barcode06_9Gb	contig_9310	40981	41869	vanW gene in vanG cluster_glycopeptide_antibiotic	15	888	888	1.0	
barcode06_9Gb	contig_9317	8365	9841	msrE_macrolide_antibiotic;_streptogramin_antibiotic	51	1476	1476	1.0	Unknown taxonomy (chromosome or plasmid)
barcode06_9Gb	contig_9317	9896	10781	mphE_macrolide_antibiotic	50	885	885	1.0	Unknown taxonomy (chromosome or plasmid)
barcode06_9Gb	contig_9317	12657	13848	tet(C)_tetracycline_antibiotic	34	1191	1191	1.0	Unknown taxonomy (chromosome or plasmid)
barcode06_9Gb	contig_9317	15392	16232	sul1_sulfonamide_antibiotic	83	840	840	1.0	Unknown taxonomy (chromosome or plasmid)
barcode06_9Gb	contig_9317	16225	16573	qacEdelta1_disinfecting_agents_and_antiseptics	87	348	348	1.0	Unknown taxonomy (chromosome or plasmid)
barcode06_9Gb	contig_9317	17334	17967	catB3_phenicol_antibiotic	71	633	633	1.0	Unknown taxonomy (chromosome or plasmid)
barcode06_9Gb	contig_9317	18104	18935	OXA-1_cephalosporin;_penam	64	831	831	1.0	Unknown taxonomy (chromosome or plasmid)
barcode06_9Gb	contig_9317	19065	19665	AAC(6')-Ib-cr6_fluoroquinolone_antibiotic;_aminoglycoside_antibiotic	61	600	600	1.0	Unknown taxonomy (chromosome or plasmid)
barcode06_9Gb	contig_9455	105757	108859	adeF_fluoroquinolone_antibiotic;_tetracycline_antibiotic	15	3102	3102	1.0	
barcode06_9Gb	contig_9474	19187	21665	vanT gene in vanG cluster_glycopeptide_antibiotic	29	2478	2478	1.0	
barcode06_9Gb	contig_953	3219	4059	sul1_sulfonamide_antibiotic	77	840	840	1.0	Unknown taxonomy (chromosome or plasmid)
barcode06_9Gb	contig_953	4052	4400	qacEdelta1_disinfecting_agents_and_antiseptics	74	348	348	1.0	Unknown taxonomy (chromosome or plasmid)
barcode06_9Gb	contig_953	4568	5189	AAC(6')-Ib9_aminoglycoside_antibiotic	59	621	621	1.0	Unknown taxonomy (chromosome or plasmid)
barcode06_9Gb	contig_953	5261	5714	arr-3_rifamycin_antibiotic	45	453	453	1.0	Unknown taxonomy (chromosome or plasmid)
barcode06_9Gb	contig_953	14584	15790	tet(B)_tetracycline_antibiotic	15	1206	1206	1.0	Unknown taxonomy (chromosome or plasmid)
barcode06_9Gb	contig_953	15871	16495	tetR_tetracycline_antibiotic	17	624	624	1.0	Unknown taxonomy (chromosome or plasmid)
barcode06_9Gb	contig_953	21583	22189	AAC(6')-Ib9_aminoglycoside_antibiotic	25	606	606	1.0	Unknown taxonomy (chromosome or plasmid)
barcode06_9Gb	contig_953	22270	23047	aadA_aminoglycoside_antibiotic	28	777	777	1.0	Unknown taxonomy (chromosome or plasmid)
barcode06_9Gb	contig_953	23106	23931	OXA-9_penam	22	825	825	1.0	Unknown taxonomy (chromosome or plasmid)
barcode06_9Gb	contig_953	24449	25310	TEM-1_monobactam;_cephalosporin;_penam;_penem	25	861	861	1.0	Unknown taxonomy (chromosome or plasmid)
barcode06_9Gb	contig_967	274	463	rsmA_fluoroquinolone_antibiotic;_diaminopyrimidine_antibiotic;_phenicol_antibiotic	35	189	189	1.0	
barcode06_9Gb	contig_9687	6025	7210	Escherichia coli EF-Tu mutants conferring resistance to Pulvomycin_elfamycin_antibiotic	38	1185	1185	1.0	Enterobacter (chromosome or plasmid)
barcode06_9Gb	contig_9687	154013	155405	Escherichia coli UhpT with mutation conferring resistance to fosfomycin_phosphonic_acid_antibiotic	20	1392	1392	1.0	Enterobacter kobei (chromosome or plasmid)
barcode06_9Gb	contig_975	22427	23264	APH(6)-Id_aminoglycoside_antibiotic	80	837	837	1.0	Unknown taxonomy (chromosome or plasmid)
barcode06_9Gb	contig_977	115786	116947	vanL_glycopeptide_antibiotic	5	1161	1161	1.0	
barcode06_9Gb	contig_977	231627	234774	acrB_fluoroquinolone_antibiotic;_cephalosporin;_glycylcycline;_penam;_tetracycline_antibiotic;_rifamycin_antibiotic;_phenicol_antibiotic;_disinfecting_agents_and_antiseptics	10	3147	3147	1.0	Unknown taxonomy (chromosome)
barcode06_9Gb	contig_977	234796	235993	Shigella flexneri acrA_fluoroquinolone_antibiotic;_cephalosporin;_glycylcycline;_penam;_tetracycline_antibiotic;_rifamycin_antibiotic;_phenicol_antibiotic;_disinfecting_agents_and_antiseptics	10	1197	1197	1.0	Unknown taxonomy (chromosome)
barcode06_9Gb	contig_9845	1754	2594	sul1_sulfonamide_antibiotic	27	840	840	1.0	Unknown taxonomy (chromosome or plasmid)
barcode06_9Gb	contig_9855	3335	4196	AAC(3)-IIe_aminoglycoside_antibiotic	16	861	861	1.0	Unknown taxonomy (chromosome or plasmid)
barcode06_9Gb	contig_9855	4683	5328	QnrB19_fluoroquinolone_antibiotic	100	645	645	1.0	Unknown taxonomy (chromosome or plasmid)
barcode06_9Gb	contig_9858	8592	9072	nimA_nitroimidazole_antibiotic	5	480	480	1.0	
barcode07_03Gb	contig_164	13104	13929	OXA-644_carbapenem;_penam	30	825	825	1.0	Acinetobacter johnsonii (chromosome)
barcode07_03Gb	contig_176	19946	20828	KPC-2_monobactam;_carbapenem;_cephalosporin;_penam	19	882	882	1.0	Unknown taxonomy (chromosome or plasmid)
barcode07_03Gb	contig_186	11901	12816	vanW gene in vanG cluster_glycopeptide_antibiotic	18	915	915	1.0	Acinetobacter johnsonii (chromosome)
barcode07_03Gb	contig_196	5074	5263	rsmA_fluoroquinolone_antibiotic;_diaminopyrimidine_antibiotic;_phenicol_antibiotic	8	189	189	1.0	
barcode07_03Gb	contig_197	60079	61315	vanW gene in vanI cluster_glycopeptide_antibiotic	10	1236	1236	1.0	
barcode07_03Gb	contig_231	21953	22208	rsmA_fluoroquinolone_antibiotic;_diaminopyrimidine_antibiotic;_phenicol_antibiotic	12	255	255	1.0	
barcode07_03Gb	contig_249	5087	5918	OXA-1_cephalosporin;_penam	5	831	831	1.0	Unknown taxonomy (chromosome or plasmid)
barcode07_03Gb	contig_249	6846	7194	qacEdelta1_disinfecting_agents_and_antiseptics	20	348	348	1.0	Unknown taxonomy (chromosome or plasmid)
barcode07_03Gb	contig_249	7187	8027	sul1_sulfonamide_antibiotic	13	840	840	1.0	Unknown taxonomy (chromosome or plasmid)
barcode07_03Gb	contig_249	12102	13341	Mrx_macrolide_antibiotic	11	1239	1239	1.0	Unknown taxonomy (chromosome or plasmid)
barcode07_03Gb	contig_249	13337	14243	mphA_macrolide_antibiotic	12	906	906	1.0	Unknown taxonomy (chromosome or plasmid)
barcode07_03Gb	contig_269	40417	41212	OXA-504_penam	3	795	795	1.0	Aeromonas caviae (chromosome)
barcode07_03Gb	contig_28	33070	33829	vanW gene in vanG cluster_glycopeptide_antibiotic	16	759	759	1.0	Acinetobacter johnsonii (chromosome)
barcode07_03Gb	contig_29	50895	51402	nimK_nitroimidazole_antibiotic	11	507	507	1.0	
barcode07_03Gb	contig_29	307115	310307	adeF_fluoroquinolone_antibiotic;_tetracycline_antibiotic	14	3192	3192	1.0	
barcode07_03Gb	contig_29	556233	557343	vanT gene in vanG cluster_glycopeptide_antibiotic	15	1110	1110	1.0	
barcode07_03Gb	contig_358	1841	3092	adeI_macrolide_antibiotic;_fluoroquinolone_antibiotic;_lincosamide_antibiotic;_carbapenem;_cephalosporin;_tetracycline_antibiotic;_rifamycin_antibiotic;_diaminopyrimidine_antibiotic;_phenicol_antibiotic;_penem	3	1251	1251	1.0	Acinetobacter baumannii (chromosome or plasmid)
barcode07_03Gb	contig_448	4927	6364	Klebsiella pneumoniae KpnH_macrolide_antibiotic;_fluoroquinolone_antibiotic;_aminoglycoside_antibiotic;_carbapenem;_cephalosporin;_penam;_peptide_antibiotic;_penem	5	1437	1437	1.0	Escherichia coli (chromosome or plasmid)
barcode07_03Gb	contig_463	5394	6021	tetR_tetracycline_antibiotic	5	627	627	1.0	Unknown taxonomy (chromosome or plasmid)
barcode07_03Gb	contig_469	20441	20786	qacG_disinfecting_agents_and_antiseptics	10	345	345	1.0	Acinetobacter johnsonii (chromosome)
barcode07_03Gb	contig_60	7127	7529	FosA8_phosphonic_acid_antibiotic	8	402	402	1.0	Aeromonas caviae (chromosome or plasmid)
barcode07_05Gb	contig_145	54842	56027	Escherichia coli EF-Tu mutants conferring resistance to Pulvomycin_elfamycin_antibiotic	22	1185	1185	1.0	Unknown taxonomy (chromosome or plasmid)
barcode07_05Gb	contig_171	14389	14698	FosA8_phosphonic_acid_antibiotic	7	309	309	1.0	Aeromonas caviae (chromosome or plasmid)
barcode07_05Gb	contig_227	43714	46192	vanT gene in vanG cluster_glycopeptide_antibiotic	10	2478	2478	1.0	
barcode07_05Gb	contig_24	7970	8795	OXA-644_carbapenem;_penam	27	825	825	1.0	Acinetobacter johnsonii (chromosome)
barcode07_05Gb	contig_32	13542	14424	KPC-2_monobactam;_carbapenem;_cephalosporin;_penam	26	882	882	1.0	Unknown taxonomy (chromosome or plasmid)
barcode07_05Gb	contig_33	32229	33135	mphA_macrolide_antibiotic	12	906	906	1.0	Unknown taxonomy (chromosome or plasmid)
barcode07_05Gb	contig_33	33131	34370	Mrx_macrolide_antibiotic	14	1239	1239	1.0	Unknown taxonomy (chromosome or plasmid)
barcode07_05Gb	contig_34	664732	665968	vanW gene in vanI cluster_glycopeptide_antibiotic	27	1236	1236	1.0	
barcode07_05Gb	contig_34	1367981	1368488	nimK_nitroimidazole_antibiotic	22	507	507	1.0	
barcode07_05Gb	contig_34	1623988	1627180	adeF_fluoroquinolone_antibiotic;_tetracycline_antibiotic	19	3192	3192	1.0	
barcode07_05Gb	contig_34	1873130	1874240	vanT gene in vanG cluster_glycopeptide_antibiotic	28	1110	1110	1.0	
barcode07_05Gb	contig_347	1042	1822	APH(3')-VIa_aminoglycoside_antibiotic	12	780	780	1.0	Unknown taxonomy (chromosome or plasmid)
barcode07_05Gb	contig_347	4344	5226	KPC-2_monobactam;_carbapenem;_cephalosporin;_penam	11	882	882	1.0	Unknown taxonomy (chromosome or plasmid)
barcode07_05Gb	contig_35	136481	136847	qacG_disinfecting_agents_and_antiseptics	24	366	366	1.0	Acinetobacter johnsonii (chromosome)
barcode07_05Gb	contig_42	45820	46702	vanW gene in vanG cluster_glycopeptide_antibiotic	40	882	882	1.0	Acinetobacter johnsonii (chromosome)
barcode07_05Gb	contig_44	13216	14041	OXA-644_carbapenem;_penam	40	825	825	1.0	Acinetobacter johnsonii (chromosome)
barcode07_05Gb	contig_55	75827	76082	rsmA_fluoroquinolone_antibiotic;_diaminopyrimidine_antibiotic;_phenicol_antibiotic	30	255	255	1.0	
barcode07_05Gb	contig_60	143610	144720	vanT gene in vanG cluster_glycopeptide_antibiotic	5	1110	1110	1.0	
barcode07_05Gb	contig_611	23261	24059	ANT(3'')-IIa_aminoglycoside_antibiotic	2	798	798	1.0	Acinetobacter baumannii (chromosome or plasmid)
barcode07_05Gb	contig_63	23484	24459	vanH gene in vanO cluster_glycopeptide_antibiotic	4	975	975	1.0	
barcode07_05Gb	contig_641	38828	39986	vanT gene in vanG cluster_glycopeptide_antibiotic	10	1158	1158	1.0	
barcode07_05Gb	contig_705	26062	26857	OXA-504_penam	4	795	795	1.0	Aeromonas caviae (chromosome or plasmid)
barcode07_05Gb	contig_710	9567	10032	Escherichia coli soxR with mutation conferring antibiotic resistance_fluoroquinolone_antibiotic;_cephalosporin;_glycylcycline;_penam;_tetracycline_antibiotic;_rifamycin_antibiotic;_phenicol_antibiotic;_disinfecting_agents_and_antiseptics	12	465	465	1.0	Unknown taxonomy (chromosome or plasmid)
barcode07_05Gb	contig_760	21875	22976	LpsB_peptide_antibiotic	6	1101	1101	1.0	Acinetobacter baumannii (chromosome or plasmid)
barcode07_05Gb	contig_769	3631	3820	rsmA_fluoroquinolone_antibiotic;_diaminopyrimidine_antibiotic;_phenicol_antibiotic	8	189	189	1.0	
barcode07_1Gb	contig_106	9375	10560	Escherichia coli EF-Tu mutants conferring resistance to Pulvomycin_elfamycin_antibiotic	25	1185	1185	1.0	Unknown taxonomy (chromosome or plasmid)
barcode07_1Gb	contig_1110	2236	3112	CTX-M-15_cephalosporin;_penam	11	876	876	1.0	Unknown taxonomy (chromosome or plasmid)
barcode07_1Gb	contig_1110	7778	8435	QnrS1_fluoroquinolone_antibiotic	16	657	657	1.0	Unknown taxonomy (chromosome or plasmid)
barcode07_1Gb	contig_1112	18858	19638	APH(3')-VIa_aminoglycoside_antibiotic	12	780	780	1.0	Unknown taxonomy (chromosome or plasmid)
barcode07_1Gb	contig_1149	1169	1622	arr-3_rifamycin_antibiotic	7	453	453	1.0	Unknown taxonomy (chromosome or plasmid)
barcode07_1Gb	contig_1149	1706	2339	catB3_phenicol_antibiotic	9	633	633	1.0	Unknown taxonomy (chromosome or plasmid)
barcode07_1Gb	contig_1150	14551	15175	tetR_tetracycline_antibiotic	8	624	624	1.0	Unknown taxonomy (chromosome or plasmid)
barcode07_1Gb	contig_1150	15256	16462	tet(B)_tetracycline_antibiotic	8	1206	1206	1.0	Unknown taxonomy (chromosome or plasmid)
barcode07_1Gb	contig_1150	22771	23224	arr-3_rifamycin_antibiotic	12	453	453	1.0	Unknown taxonomy (chromosome or plasmid)
barcode07_1Gb	contig_1150	23198	23918	AAC(6')-Ib9_aminoglycoside_antibiotic	11	720	720	1.0	Klebsiella pneumoniae (chromosome or plasmid)
barcode07_1Gb	contig_1150	24086	24434	qacEdelta1_disinfecting_agents_and_antiseptics	14	348	348	1.0	Unknown taxonomy (chromosome or plasmid)
barcode07_1Gb	contig_1150	28763	29576	NDM-1_carbapenem;_cephalosporin;_cephamycin;_penam	4	813	813	1.0	Unknown taxonomy (chromosome or plasmid)
barcode07_1Gb	contig_120	5459	6806	abeM_fluoroquinolone_antibiotic;_disinfecting_agents_and_antiseptics	3	1347	1347	1.0	Acinetobacter baumannii (chromosome or plasmid)
barcode07_1Gb	contig_1270	12320	12575	rsmA_fluoroquinolone_antibiotic;_diaminopyrimidine_antibiotic;_phenicol_antibiotic	5	255	255	1.0	
barcode07_1Gb	contig_1326	31966	32620	adeN_macrolide_antibiotic;_fluoroquinolone_antibiotic;_lincosamide_antibiotic;_carbapenem;_cephalosporin;_tetracycline_antibiotic;_rifamycin_antibiotic;_diaminopyrimidine_antibiotic;_phenicol_antibiotic;_penem	6	654	654	1.0	Acinetobacter baumannii (chromosome or plasmid)
barcode07_1Gb	contig_1400	7143	7983	sul1_sulfonamide_antibiotic	17	840	840	1.0	Unknown taxonomy (chromosome or plasmid)
barcode07_1Gb	contig_1400	7976	8324	qacEdelta1_disinfecting_agents_and_antiseptics	17	348	348	1.0	Unknown taxonomy (chromosome or plasmid)
barcode07_1Gb	contig_1400	8439	8973	ANT(2'')-Ia_aminoglycoside_antibiotic	20	534	534	1.0	Unknown taxonomy (chromosome or plasmid)
barcode07_1Gb	contig_1400	9095	9959	GES-1_carbapenem;_cephalosporin;_penam	23	864	864	1.0	Unknown taxonomy (chromosome or plasmid)
barcode07_1Gb	contig_1400	10032	10491	AAC(6')-Il_aminoglycoside_antibiotic	19	459	459	1.0	Unknown taxonomy (chromosome or plasmid)
barcode07_1Gb	contig_1466	1210	2176	CfxA3_cephamycin	8	966	966	1.0	Unknown taxonomy (chromosome or plasmid)
barcode07_1Gb	contig_152	17662	19138	msrE_macrolide_antibiotic;_streptogramin_antibiotic	45	1476	1476	1.0	Unknown taxonomy (chromosome or plasmid)
barcode07_1Gb	contig_152	19193	20078	mphE_macrolide_antibiotic	48	885	885	1.0	Unknown taxonomy (chromosome or plasmid)
barcode07_1Gb	contig_152	23997	25185	tet(39)_tetracycline_antibiotic	26	1188	1188	1.0	Unknown taxonomy (plasmid)
barcode07_1Gb	contig_1552	44046	44394	vanY gene in vanM cluster_glycopeptide_antibiotic	4	348	348	1.0	
barcode07_1Gb	contig_1631	1657	3442	tet(O)_tetracycline_antibiotic	10	1785	1785	1.0	Unknown taxonomy (chromosome or plasmid)
barcode07_1Gb	contig_1693	29100	30555	adeK_macrolide_antibiotic;_fluoroquinolone_antibiotic;_lincosamide_antibiotic;_carbapenem;_cephalosporin;_tetracycline_antibiotic;_rifamycin_antibiotic;_diaminopyrimidine_antibiotic;_phenicol_antibiotic;_penem	12	1455	1455	1.0	Acinetobacter baumannii (chromosome or plasmid)
barcode07_1Gb	contig_1693	30554	33731	adeJ_macrolide_antibiotic;_fluoroquinolone_antibiotic;_lincosamide_antibiotic;_carbapenem;_cephalosporin;_tetracycline_antibiotic;_rifamycin_antibiotic;_diaminopyrimidine_antibiotic;_phenicol_antibiotic;_penem	11	3177	3177	1.0	Acinetobacter baumannii (chromosome or plasmid)
barcode07_1Gb	contig_1693	33743	34994	adeI_macrolide_antibiotic;_fluoroquinolone_antibiotic;_lincosamide_antibiotic;_carbapenem;_cephalosporin;_tetracycline_antibiotic;_rifamycin_antibiotic;_diaminopyrimidine_antibiotic;_phenicol_antibiotic;_penem	13	1251	1251	1.0	Acinetobacter baumannii (chromosome or plasmid)
barcode07_1Gb	contig_1771	25636	26251	evgA_macrolide_antibiotic;_fluoroquinolone_antibiotic;_penam;_tetracycline_antibiotic	4	615	615	1.0	Escherichia coli (chromosome or plasmid)
barcode07_1Gb	contig_1771	26774	27830	emrK_tetracycline_antibiotic	3	1056	1056	1.0	Unknown taxonomy (chromosome or plasmid)
barcode07_1Gb	contig_1771	27829	29368	emrY_tetracycline_antibiotic	3	1539	1539	1.0	Escherichia coli (chromosome or plasmid)
barcode07_1Gb	contig_1796	2231	3434	vanT gene in vanG cluster_glycopeptide_antibiotic	8	1203	1203	1.0	
barcode07_1Gb	contig_181	18699	19032	Escherichia coli emrE_macrolide_antibiotic	3	333	333	1.0	Unknown taxonomy (chromosome or plasmid)
barcode07_1Gb	contig_1824	2503	2962	AAC(6')-Il_aminoglycoside_antibiotic	14	459	459	1.0	Unknown taxonomy (chromosome or plasmid)
barcode07_1Gb	contig_1824	3035	3899	GES-1_carbapenem;_cephalosporin;_penam	13	864	864	1.0	Unknown taxonomy (chromosome or plasmid)
barcode07_1Gb	contig_1849	21573	22806	mdtM_fluoroquinolone_antibiotic;_lincosamide_antibiotic;_nucleoside_antibiotic;_phenicol_antibiotic;_disinfecting_agents_and_antiseptics	12	1233	1233	1.0	Escherichia coli (chromosome or plasmid)
barcode07_1Gb	contig_195	96328	98548	Acinetobacter baumannii parC conferring resistance to fluoroquinolones_fluoroquinolone_antibiotic	5	2220	2220	1.0	Acinetobacter baumannii (chromosome or plasmid)
barcode07_1Gb	contig_195	157781	158570	ANT(3'')-IIa_aminoglycoside_antibiotic	11	789	789	1.0	Acinetobacter baumannii (chromosome or plasmid)
barcode07_1Gb	contig_21	152341	153166	OXA-644_carbapenem;_penam	61	825	825	1.0	Acinetobacter johnsonii (chromosome)
barcode07_1Gb	contig_212	75610	76405	OXA-504_penam	14	795	795	1.0	Aeromonas caviae (chromosome)
barcode07_1Gb	contig_217	23705	24107	FosA8_phosphonic_acid_antibiotic	16	402	402	1.0	Aeromonas caviae (chromosome or plasmid)
barcode07_1Gb	contig_226	5361	6267	mphA_macrolide_antibiotic	25	906	906	1.0	Unknown taxonomy (chromosome or plasmid)
barcode07_1Gb	contig_226	6263	7502	Mrx_macrolide_antibiotic	24	1239	1239	1.0	Unknown taxonomy (chromosome or plasmid)
barcode07_1Gb	contig_226	11577	12417	sul1_sulfonamide_antibiotic	32	840	840	1.0	Unknown taxonomy (chromosome or plasmid)
barcode07_1Gb	contig_226	12410	12758	qacEdelta1_disinfecting_agents_and_antiseptics	29	348	348	1.0	Unknown taxonomy (chromosome or plasmid)
barcode07_1Gb	contig_256	3825	4707	KPC-2_monobactam;_carbapenem;_cephalosporin;_penam	47	882	882	1.0	Unknown taxonomy (chromosome or plasmid)
barcode07_1Gb	contig_26	95052	95397	qacG_disinfecting_agents_and_antiseptics	23	345	345	1.0	Acinetobacter johnsonii (chromosome)
barcode07_1Gb	contig_26	514479	514734	rsmA_fluoroquinolone_antibiotic;_diaminopyrimidine_antibiotic;_phenicol_antibiotic	40	255	255	1.0	
barcode07_1Gb	contig_261	576	1761	Escherichia coli EF-Tu mutants conferring resistance to Pulvomycin_elfamycin_antibiotic	17	1185	1185	1.0	Enterobacter asburiae (chromosome or plasmid)
barcode07_1Gb	contig_27	290735	291722	vanH gene in vanO cluster_glycopeptide_antibiotic	8	987	987	1.0	
barcode07_1Gb	contig_270	25788	27339	Haemophilus influenzae PBP3 conferring resistance to beta-lactam antibiotics_cephalosporin;_cephamycin;_penam	18	1551	1551	1.0	Unknown taxonomy (chromosome or plasmid)
barcode07_1Gb	contig_295	64252	65167	vanW gene in vanG cluster_glycopeptide_antibiotic	61	915	915	1.0	Acinetobacter johnsonii (chromosome)
barcode07_1Gb	contig_317	14143	14743	AAC(6')-Ib9_aminoglycoside_antibiotic	13	600	600	1.0	Unknown taxonomy (chromosome or plasmid)
barcode07_1Gb	contig_317	15231	15579	qacEdelta1_disinfecting_agents_and_antiseptics	19	348	348	1.0	Unknown taxonomy (chromosome or plasmid)
barcode07_1Gb	contig_317	15572	16412	sul1_sulfonamide_antibiotic	22	840	840	1.0	Unknown taxonomy (chromosome or plasmid)
barcode07_1Gb	contig_320	8449	9289	aadA_aminoglycoside_antibiotic	22	840	840	1.0	Escherichia coli (chromosome or plasmid)
barcode07_1Gb	contig_320	9405	9753	qacEdelta1_disinfecting_agents_and_antiseptics	12	348	348	1.0	Unknown taxonomy (chromosome or plasmid)
barcode07_1Gb	contig_320	10997	11813	sul2_sulfonamide_antibiotic	8	816	816	1.0	Unknown taxonomy (chromosome or plasmid)
barcode07_1Gb	contig_334	3228	3951	baeR_aminoglycoside_antibiotic;_aminocoumarin_antibiotic	10	723	723	1.0	Enterobacter (chromosome)
barcode07_1Gb	contig_334	13025	14273	mdtA_aminocoumarin_antibiotic	10	1248	1248	1.0	Unknown taxonomy (chromosome or plasmid)
barcode07_1Gb	contig_34	17710	19762	mdtO_nucleoside_antibiotic;_disinfecting_agents_and_antiseptics	11	2052	2052	1.0	Escherichia coli (chromosome or plasmid)
barcode07_1Gb	contig_34	19761	20793	mdtN_nucleoside_antibiotic;_disinfecting_agents_and_antiseptics	14	1032	1032	1.0	Escherichia coli (chromosome or plasmid)
barcode07_1Gb	contig_35	624416	625652	vanW gene in vanI cluster_glycopeptide_antibiotic	52	1236	1236	1.0	
barcode07_1Gb	contig_35	1327658	1328165	nimK_nitroimidazole_antibiotic	44	507	507	1.0	
barcode07_1Gb	contig_35	1583685	1586877	adeF_fluoroquinolone_antibiotic;_tetracycline_antibiotic	54	3192	3192	1.0	
barcode07_1Gb	contig_35	1830336	1831446	vanT gene in vanG cluster_glycopeptide_antibiotic	56	1110	1110	1.0	
barcode07_1Gb	contig_355	24175	24922	vanY gene in vanG cluster_glycopeptide_antibiotic	5	747	747	1.0	
barcode07_1Gb	contig_360	19573	19762	rsmA_fluoroquinolone_antibiotic;_diaminopyrimidine_antibiotic;_phenicol_antibiotic	15	189	189	1.0	
barcode07_1Gb	contig_360	199651	200836	Escherichia coli EF-Tu mutants conferring resistance to Pulvomycin_elfamycin_antibiotic	20	1185	1185	1.0	Aeromonas caviae (chromosome or plasmid)
barcode07_1Gb	contig_360	219078	220263	Escherichia coli EF-Tu mutants conferring resistance to Pulvomycin_elfamycin_antibiotic	25	1185	1185	1.0	Aeromonas caviae (chromosome or plasmid)
barcode07_1Gb	contig_375	200465	202943	vanT gene in vanG cluster_glycopeptide_antibiotic	19	2478	2478	1.0	
barcode07_1Gb	contig_403	153877	155035	vanT gene in vanG cluster_glycopeptide_antibiotic	14	1158	1158	1.0	
barcode07_1Gb	contig_433	6797	9962	adeF_fluoroquinolone_antibiotic;_tetracycline_antibiotic	5	3165	3165	1.0	Acinetobacter (chromosome or plasmid)
barcode07_1Gb	contig_46	83136	84495	Escherichia coli GlpT with mutation conferring resistance to fosfomycin_phosphonic_acid_antibiotic	16	1359	1359	1.0	Escherichia coli (chromosome or plasmid)
barcode07_1Gb	contig_486	14835	15672	APH(6)-Id_aminoglycoside_antibiotic	22	837	837	1.0	Unknown taxonomy (chromosome or plasmid)
barcode07_1Gb	contig_486	15671	16475	APH(3'')-Ib_aminoglycoside_antibiotic	23	804	804	1.0	Unknown taxonomy (chromosome or plasmid)
barcode07_1Gb	contig_491	228	1056	OXA-253_carbapenem;_penam	9	828	828	1.0	Acinetobacter baumannii (chromosome)
barcode07_1Gb	contig_542	3359	4544	Escherichia coli EF-Tu mutants conferring resistance to Pulvomycin_elfamycin_antibiotic	17	1185	1185	1.0	Unknown taxonomy (chromosome or plasmid)
barcode07_1Gb	contig_561	13943	14672	gadW_macrolide_antibiotic;_fluoroquinolone_antibiotic;_penam	5	729	729	1.0	Escherichia coli (chromosome)
barcode07_1Gb	contig_561	18175	19333	mdtE_macrolide_antibiotic;_fluoroquinolone_antibiotic;_penam	7	1158	1158	1.0	Escherichia coli (chromosome)
barcode07_1Gb	contig_587	77435	78098	AcrS_fluoroquinolone_antibiotic;_cephalosporin;_glycylcycline;_cephamycin;_penam;_tetracycline_antibiotic;_rifamycin_antibiotic;_phenicol_antibiotic;_disinfecting_agents_and_antiseptics	9	663	663	1.0	Escherichia coli (chromosome or plasmid)
barcode07_1Gb	contig_587	78496	79654	AcrE_fluoroquinolone_antibiotic;_cephalosporin;_cephamycin;_penam	17	1158	1158	1.0	Unknown taxonomy (chromosome or plasmid)
barcode07_1Gb	contig_587	79665	82770	AcrF_fluoroquinolone_antibiotic;_cephalosporin;_cephamycin;_penam	25	3105	3105	1.0	Unknown taxonomy (chromosome or plasmid)
barcode07_1Gb	contig_587	119807	120992	Escherichia coli EF-Tu mutants conferring resistance to Pulvomycin_elfamycin_antibiotic	25	1185	1185	1.0	Enterobacter (chromosome or plasmid)
barcode07_1Gb	contig_61	1156505	1157615	vanT gene in vanG cluster_glycopeptide_antibiotic	6	1110	1110	1.0	
barcode07_1Gb	contig_755	16041	17274	Escherichia coli mdfA_tetracycline_antibiotic;_disinfecting_agents_and_antiseptics	10	1233	1233	1.0	Unknown taxonomy (chromosome or plasmid)
barcode07_1Gb	contig_771	30004	30631	vanW gene in vanI cluster_glycopeptide_antibiotic	3	627	627	1.0	
barcode07_1Gb	contig_831	1204	2020	sul2_sulfonamide_antibiotic	17	816	816	1.0	Unknown taxonomy (chromosome or plasmid)
barcode07_1Gb	contig_867	3399	4056	QnrVC1_fluoroquinolone_antibiotic	15	657	657	1.0	Unknown taxonomy (chromosome or plasmid)
barcode07_1Gb	contig_867	4216	4996	aadA_aminoglycoside_antibiotic	9	780	780	1.0	Unknown taxonomy (chromosome or plasmid)
barcode07_1Gb	contig_882	3296	4034	KPC-100_monobactam;_carbapenem;_cephalosporin;_penam	35	738	738	1.0	Unknown taxonomy (chromosome or plasmid)
barcode07_1Gb	contig_890	11	545	ANT(2'')-Ia_aminoglycoside_antibiotic	7	534	534	1.0	Unknown taxonomy (chromosome or plasmid)
barcode07_1Gb	contig_92	137987	138551	lnuC_lincosamide_antibiotic	8	564	564	1.0	Unknown taxonomy (chromosome or plasmid)
barcode07_1Gb	contig_924	32219	33371	MOX-12_cephalosporin;_cephamycin;_penam	14	1152	1152	1.0	Aeromonas caviae (chromosome or plasmid)
barcode07_1Gb	contig_97	47522	50675	adeF_fluoroquinolone_antibiotic;_tetracycline_antibiotic	12	3153	3153	1.0	
barcode07_1Gb	contig_988	3817	4918	LpsB_peptide_antibiotic	6	1101	1101	1.0	Acinetobacter baumannii (chromosome or plasmid)
barcode07_3Gb	contig_1050	922	1375	arr-3_rifamycin_antibiotic	19	453	453	1.0	Unknown taxonomy (chromosome or plasmid)
barcode07_3Gb	contig_1050	1480	2068	AAC(6')-Ib9_aminoglycoside_antibiotic	25	588	588	1.0	Unknown taxonomy (chromosome or plasmid)
barcode07_3Gb	contig_1050	2577	3417	sul1_sulfonamide_antibiotic	39	840	840	1.0	Unknown taxonomy (chromosome or plasmid)
barcode07_3Gb	contig_1050	23430	24210	APH(3')-VIa_aminoglycoside_antibiotic	19	780	780	1.0	Unknown taxonomy (chromosome or plasmid)
barcode07_3Gb	contig_1054	1094	1439	qacG_disinfecting_agents_and_antiseptics	10	345	345	1.0	Unknown taxonomy (chromosome or plasmid)
barcode07_3Gb	contig_1056	6491	7391	VEB-9_monobactam;_cephalosporin	12	900	900	1.0	Unknown taxonomy (chromosome or plasmid)
barcode07_3Gb	contig_1056	10768	11341	AAC(6')-Ian_aminoglycoside_antibiotic	8	573	573	1.0	Unknown taxonomy (chromosome or plasmid)
barcode07_3Gb	contig_1090	13562	16727	adeF_fluoroquinolone_antibiotic;_tetracycline_antibiotic	16	3165	3165	1.0	Acinetobacter (chromosome or plasmid)
barcode07_3Gb	contig_11	1316	1892	arr-3_rifamycin_antibiotic	10	576	576	1.0	Klebsiella pneumoniae (chromosome or plasmid)
barcode07_3Gb	contig_11	3095	3443	qacEdelta1_disinfecting_agents_and_antiseptics	29	348	348	1.0	Unknown taxonomy (chromosome or plasmid)
barcode07_3Gb	contig_11	3436	4276	sul1_sulfonamide_antibiotic	31	840	840	1.0	Unknown taxonomy (chromosome or plasmid)
barcode07_3Gb	contig_1117	67642	68737	vanG_glycopeptide_antibiotic	24	1095	1095	1.0	Shigella sonnei (chromosome or plasmid)
barcode07_3Gb	contig_1117	154660	155854	Escherichia coli acrA_fluoroquinolone_antibiotic;_cephalosporin;_glycylcycline;_penam;_tetracycline_antibiotic;_rifamycin_antibiotic;_phenicol_antibiotic;_disinfecting_agents_and_antiseptics	15	1194	1194	1.0	Unknown taxonomy (chromosome or plasmid)
barcode07_3Gb	contig_1117	155995	156643	Escherichia coli AcrAB-TolC with AcrR mutation conferring resistance to ciprofloxacin, tetracycline, and ceftazidime_fluoroquinolone_antibiotic;_cephalosporin;_glycylcycline;_penam;_tetracycline_antibiotic;_rifamycin_antibiotic;_phenicol_antibiotic;_disinfecting_agents_and_antiseptics	16	648	648	1.0	Unknown taxonomy (chromosome or plasmid)
barcode07_3Gb	contig_1135	396937	398095	vanT gene in vanG cluster_glycopeptide_antibiotic	34	1158	1158	1.0	
barcode07_3Gb	contig_12	5186	6026	sul1_sulfonamide_antibiotic	46	840	840	1.0	Unknown taxonomy (chromosome or plasmid)
barcode07_3Gb	contig_12	6019	6367	qacEdelta1_disinfecting_agents_and_antiseptics	41	348	348	1.0	Unknown taxonomy (chromosome or plasmid)
barcode07_3Gb	contig_12	6530	7310	aadA2_aminoglycoside_antibiotic	35	780	780	1.0	Escherichia coli (chromosome or plasmid)
barcode07_3Gb	contig_1200	12147	14073	tet(Q)_tetracycline_antibiotic	7	1926	1926	1.0	Unknown taxonomy (chromosome)
barcode07_3Gb	contig_1214	23117	23609	ANT(3'')-IIb_aminoglycoside_antibiotic	16	492	492	1.0	Acinetobacter baumannii (chromosome or plasmid)
barcode07_3Gb	contig_1214	83121	85341	Acinetobacter baumannii parC conferring resistance to fluoroquinolones_fluoroquinolone_antibiotic	18	2220	2220	1.0	Acinetobacter baumannii (chromosome or plasmid)
barcode07_3Gb	contig_1214	277939	279286	abeM_fluoroquinolone_antibiotic;_disinfecting_agents_and_antiseptics	15	1347	1347	1.0	Acinetobacter baumannii (chromosome or plasmid)
barcode07_3Gb	contig_1214	326479	327580	LpsB_peptide_antibiotic	18	1101	1101	1.0	Acinetobacter baumannii (chromosome or plasmid)
barcode07_3Gb	contig_1223	63752	65126	cpxA_aminoglycoside_antibiotic;_aminocoumarin_antibiotic	13	1374	1374	1.0	Escherichia coli (chromosome or plasmid)
barcode07_3Gb	contig_1227	269791	273385	evgS_macrolide_antibiotic;_fluoroquinolone_antibiotic;_penam;_tetracycline_antibiotic	11	3594	3594	1.0	Unknown taxonomy (chromosome or plasmid)
barcode07_3Gb	contig_1227	273389	274004	evgA_macrolide_antibiotic;_fluoroquinolone_antibiotic;_penam;_tetracycline_antibiotic	14	615	615	1.0	Unknown taxonomy (chromosome or plasmid)
barcode07_3Gb	contig_1227	274419	275583	emrK_tetracycline_antibiotic	10	1164	1164	1.0	Unknown taxonomy (chromosome or plasmid)
barcode07_3Gb	contig_1227	275582	277121	emrY_tetracycline_antibiotic	10	1539	1539	1.0	Unknown taxonomy (chromosome or plasmid)
barcode07_3Gb	contig_1234	3970	5056	vanT gene in vanG cluster_glycopeptide_antibiotic	3	1086	1086	1.0	
barcode07_3Gb	contig_1234	5244	5997	vanXY gene in vanG cluster_glycopeptide_antibiotic	3	753	753	1.0	
barcode07_3Gb	contig_1234	36663	37848	Escherichia coli EF-Tu mutants conferring resistance to Pulvomycin_elfamycin_antibiotic	20	1185	1185	1.0	Citrobacter (chromosome or plasmid)
barcode07_3Gb	contig_1235	4201	5386	Escherichia coli EF-Tu mutants conferring resistance to Pulvomycin_elfamycin_antibiotic	18	1185	1185	1.0	Unknown taxonomy (chromosome or plasmid)
barcode07_3Gb	contig_1271	34093	34624	emrR_fluoroquinolone_antibiotic	19	531	531	1.0	Unknown taxonomy (chromosome or plasmid)
barcode07_3Gb	contig_1271	34750	35923	emrA_fluoroquinolone_antibiotic	19	1173	1173	1.0	Escherichia coli (chromosome or plasmid)
barcode07_3Gb	contig_1271	35939	37478	emrB_fluoroquinolone_antibiotic	19	1539	1539	1.0	Unknown taxonomy (chromosome or plasmid)
barcode07_3Gb	contig_1271	42286	42472	rsmA_fluoroquinolone_antibiotic;_diaminopyrimidine_antibiotic;_phenicol_antibiotic	15	186	186	1.0	Unknown taxonomy (chromosome or plasmid)
barcode07_3Gb	contig_1308	84126	84552	FosA2_phosphonic_acid_antibiotic	12	426	426	1.0	Enterobacter kobei (chromosome)
barcode07_3Gb	contig_1319	7566	8199	CRP_macrolide_antibiotic;_fluoroquinolone_antibiotic;_penam	7	633	633	1.0	Enterobacter (chromosome or plasmid)
barcode07_3Gb	contig_1365	666415	667909	vanW gene in vanI cluster_glycopeptide_antibiotic	5	1494	1494	1.0	
barcode07_3Gb	contig_1402	47034	48186	MOX-13_cephalosporin;_cephamycin;_penam	32	1152	1152	1.0	Aeromonas caviae (chromosome or plasmid)
barcode07_3Gb	contig_1410	50185	51370	Escherichia coli EF-Tu mutants conferring resistance to Pulvomycin_elfamycin_antibiotic	25	1185	1185	1.0	Enterobacter asburiae (chromosome or plasmid)
barcode07_3Gb	contig_1414	393225	394335	vanT gene in vanG cluster_glycopeptide_antibiotic	42	1110	1110	1.0	
barcode07_3Gb	contig_1417	246781	247894	vanT gene in vanG cluster_glycopeptide_antibiotic	9	1113	1113	1.0	
barcode07_3Gb	contig_1481	68777	70256	Acinetobacter baumannii AmvA_macrolide_antibiotic;_disinfecting_agents_and_antiseptics	10	1479	1479	1.0	Acinetobacter baumannii (chromosome or plasmid)
barcode07_3Gb	contig_1481	328559	328889	abeS_macrolide_antibiotic;_aminocoumarin_antibiotic	11	330	330	1.0	Acinetobacter baumannii (chromosome or plasmid)
barcode07_3Gb	contig_1481	332197	333211	adeL_fluoroquinolone_antibiotic;_tetracycline_antibiotic	15	1014	1014	1.0	Acinetobacter baumannii (chromosome or plasmid)
barcode07_3Gb	contig_1481	333426	334647	adeG_fluoroquinolone_antibiotic;_tetracycline_antibiotic	17	1221	1221	1.0	Acinetobacter baumannii (chromosome or plasmid)
barcode07_3Gb	contig_1481	334653	337833	adeF_fluoroquinolone_antibiotic;_tetracycline_antibiotic	13	3180	3180	1.0	Acinetobacter baumannii (chromosome or plasmid)
barcode07_3Gb	contig_1481	337845	339294	adeH_fluoroquinolone_antibiotic;_tetracycline_antibiotic	9	1449	1449	1.0	Acinetobacter baumannii (chromosome or plasmid)
barcode07_3Gb	contig_1481	406297	407089	ADC-58_cephalosporin	10	792	792	1.0	Acinetobacter baumannii (chromosome or plasmid)
barcode07_3Gb	contig_1490	5634	6039	Escherichia coli AcrAB-TolC with MarR mutations conferring resistance to ciprofloxacin and tetracycline_fluoroquinolone_antibiotic;_cephalosporin;_glycylcycline;_penam;_tetracycline_antibiotic;_rifamycin_antibiotic;_phenicol_antibiotic;_disinfecting_agents_and_antiseptics	9	405	405	1.0	Klebsiella (chromosome)
barcode07_3Gb	contig_1522	18728	19934	Mef(En2)_macrolide_antibiotic;_lincosamide_antibiotic	18	1206	1206	1.0	Unknown taxonomy (chromosome)
barcode07_3Gb	contig_1595	169764	170259	lnuC_lincosamide_antibiotic	25	495	495	1.0	Unknown taxonomy (chromosome or plasmid)
barcode07_3Gb	contig_1620	4327	5155	OXA-253_carbapenem;_penam	35	828	828	1.0	Acinetobacter baumannii (chromosome)
barcode07_3Gb	contig_1624	4578	5463	mphE_macrolide_antibiotic	81	885	885	1.0	Unknown taxonomy (chromosome or plasmid)
barcode07_3Gb	contig_1624	5518	6994	msrE_macrolide_antibiotic;_streptogramin_antibiotic	82	1476	1476	1.0	Unknown taxonomy (chromosome or plasmid)
barcode07_3Gb	contig_1626	5015	6491	msrE_macrolide_antibiotic;_streptogramin_antibiotic	93	1476	1476	1.0	Unknown taxonomy (chromosome or plasmid)
barcode07_3Gb	contig_1626	6546	7431	mphE_macrolide_antibiotic	90	885	885	1.0	Unknown taxonomy (chromosome or plasmid)
barcode07_3Gb	contig_1630	508	1693	Escherichia coli EF-Tu mutants conferring resistance to Pulvomycin_elfamycin_antibiotic	51	1185	1185	1.0	Aeromonas caviae (chromosome or plasmid)
barcode07_3Gb	contig_1630	19713	20898	Escherichia coli EF-Tu mutants conferring resistance to Pulvomycin_elfamycin_antibiotic	45	1185	1185	1.0	Aeromonas (chromosome or plasmid)
barcode07_3Gb	contig_17	34420	35077	QnrVC1_fluoroquinolone_antibiotic	23	657	657	1.0	Unknown taxonomy (chromosome or plasmid)
barcode07_3Gb	contig_17	35237	36017	aadA_aminoglycoside_antibiotic	24	780	780	1.0	Unknown taxonomy (chromosome or plasmid)
barcode07_3Gb	contig_17	36766	37114	qacEdelta1_disinfecting_agents_and_antiseptics	59	348	348	1.0	Unknown taxonomy (chromosome or plasmid)
barcode07_3Gb	contig_17	37107	37947	sul1_sulfonamide_antibiotic	58	840	840	1.0	Unknown taxonomy (chromosome or plasmid)
barcode07_3Gb	contig_17	42022	43261	Mrx_macrolide_antibiotic	75	1239	1239	1.0	Unknown taxonomy (chromosome or plasmid)
barcode07_3Gb	contig_17	43257	44163	mphA_macrolide_antibiotic	64	906	906	1.0	Unknown taxonomy (chromosome or plasmid)
barcode07_3Gb	contig_17	45385	46225	sul1_sulfonamide_antibiotic	27	840	840	1.0	Unknown taxonomy (chromosome or plasmid)
barcode07_3Gb	contig_17	46218	46566	qacEdelta1_disinfecting_agents_and_antiseptics	29	348	348	1.0	Unknown taxonomy (chromosome or plasmid)
barcode07_3Gb	contig_17	46771	47560	aadA5_aminoglycoside_antibiotic	22	789	789	1.0	Unknown taxonomy (chromosome or plasmid)
barcode07_3Gb	contig_17	47690	48290	dfrA17_diaminopyrimidine_antibiotic	22	600	600	1.0	Unknown taxonomy (chromosome or plasmid)
barcode07_3Gb	contig_1707	17036	18956	tet(W)_tetracycline_antibiotic	17	1920	1920	1.0	Unknown taxonomy (chromosome or plasmid)
barcode07_3Gb	contig_1720	138075	138441	qacG_disinfecting_agents_and_antiseptics	97	366	366	1.0	Acinetobacter johnsonii (chromosome)
barcode07_3Gb	contig_1760	228721	230488	Haemophilus influenzae PBP3 conferring resistance to beta-lactam antibiotics_cephalosporin;_cephamycin;_penam	17	1767	1767	1.0	Unknown taxonomy (chromosome or plasmid)
barcode07_3Gb	contig_1760	236589	237534	leuO_nucleoside_antibiotic;_disinfecting_agents_and_antiseptics	8	945	945	1.0	Unknown taxonomy (chromosome or plasmid)
barcode07_3Gb	contig_18	45136	46375	Mrx_macrolide_antibiotic	39	1239	1239	1.0	Unknown taxonomy (chromosome or plasmid)
barcode07_3Gb	contig_18	46371	47277	mphA_macrolide_antibiotic	39	906	906	1.0	Unknown taxonomy (chromosome or plasmid)
barcode07_3Gb	contig_18	48344	49205	TEM-1_monobactam;_cephalosporin;_penam;_penem	23	861	861	1.0	Unknown taxonomy (chromosome or plasmid)
barcode07_3Gb	contig_1825	227510	229505	lmrD_lincosamide_antibiotic	8	1995	1995	1.0	
barcode07_3Gb	contig_1837	24061	24535	dfrF_diaminopyrimidine_antibiotic	11	474	474	1.0	Unknown taxonomy (chromosome or plasmid)
barcode07_3Gb	contig_1850	23721	24537	sul2_sulfonamide_antibiotic	41	816	816	1.0	Unknown taxonomy (chromosome or plasmid)
barcode07_3Gb	contig_1850	29642	30431	ANT(3'')-IIa_aminoglycoside_antibiotic	9	789	789	1.0	Acinetobacter (chromosome or plasmid)
barcode07_3Gb	contig_1911	22513	23428	vanW gene in vanG cluster_glycopeptide_antibiotic	61	915	915	1.0	Acinetobacter johnsonii (chromosome)
barcode07_3Gb	contig_1958	423268	424015	vanY gene in vanG cluster_glycopeptide_antibiotic	6	747	747	1.0	
barcode07_3Gb	contig_1993	12480	12693	vanU gene in vanG cluster_glycopeptide_antibiotic	5	213	213	1.0	
barcode07_3Gb	contig_1994	13765	15421	ArnT_peptide_antibiotic	7	1656	1656	1.0	Enterobacter kobei (chromosome)
barcode07_3Gb	contig_1994	18295	19279	PmrF_peptide_antibiotic	6	984	984	1.0	
barcode07_3Gb	contig_2014	4205	4679	dfrA14_diaminopyrimidine_antibiotic	7	474	474	1.0	Unknown taxonomy (chromosome or plasmid)
barcode07_3Gb	contig_2014	4713	5529	aadA_aminoglycoside_antibiotic	15	816	816	1.0	Unknown taxonomy (chromosome or plasmid)
barcode07_3Gb	contig_2014	5521	6322	OXA-10_cephalosporin;_penam	24	801	801	1.0	Unknown taxonomy (chromosome or plasmid)
barcode07_3Gb	contig_2014	6586	7846	cmlA5_phenicol_antibiotic	16	1260	1260	1.0	Unknown taxonomy (chromosome or plasmid)
barcode07_3Gb	contig_2014	8060	8699	AAC(6')-Ib9_aminoglycoside_antibiotic	14	639	639	1.0	Unknown taxonomy (chromosome or plasmid)
barcode07_3Gb	contig_2014	8781	9438	QnrVC4_fluoroquinolone_antibiotic	10	657	657	1.0	Unknown taxonomy (chromosome or plasmid)
barcode07_3Gb	contig_2015	11643	12267	tetR_tetracycline_antibiotic	15	624	624	1.0	Unknown taxonomy (chromosome or plasmid)
barcode07_3Gb	contig_2015	12348	13554	tet(B)_tetracycline_antibiotic	15	1206	1206	1.0	Unknown taxonomy (chromosome or plasmid)
barcode07_3Gb	contig_2075	22196	23534	vanW gene in vanI cluster_glycopeptide_antibiotic	5	1338	1338	1.0	
barcode07_3Gb	contig_2087	9005	9995	vanH gene in vanB cluster_glycopeptide_antibiotic	6	990	990	1.0	
barcode07_3Gb	contig_21	2644	3505	SHV-2_carbapenem;_cephalosporin;_penam	10	861	861	1.0	Unknown taxonomy (chromosome or plasmid)
barcode07_3Gb	contig_2112	6183	6510	qacG_disinfecting_agents_and_antiseptics	6	327	327	1.0	
barcode07_3Gb	contig_2129	2020	2848	OXA-253_carbapenem;_penam	25	828	828	1.0	Acinetobacter baumannii (chromosome)
barcode07_3Gb	contig_2140	154096	155347	adeI_macrolide_antibiotic;_fluoroquinolone_antibiotic;_lincosamide_antibiotic;_carbapenem;_cephalosporin;_tetracycline_antibiotic;_rifamycin_antibiotic;_diaminopyrimidine_antibiotic;_phenicol_antibiotic;_penem	24	1251	1251	1.0	Acinetobacter baumannii (chromosome or plasmid)
barcode07_3Gb	contig_2140	155359	158536	adeJ_macrolide_antibiotic;_fluoroquinolone_antibiotic;_lincosamide_antibiotic;_carbapenem;_cephalosporin;_tetracycline_antibiotic;_rifamycin_antibiotic;_diaminopyrimidine_antibiotic;_phenicol_antibiotic;_penem	20	3177	3177	1.0	Acinetobacter baumannii (chromosome or plasmid)
barcode07_3Gb	contig_2140	158535	159990	adeK_macrolide_antibiotic;_fluoroquinolone_antibiotic;_lincosamide_antibiotic;_carbapenem;_cephalosporin;_tetracycline_antibiotic;_rifamycin_antibiotic;_diaminopyrimidine_antibiotic;_phenicol_antibiotic;_penem	23	1455	1455	1.0	Acinetobacter baumannii (chromosome or plasmid)
barcode07_3Gb	contig_2158	3290	3623	qacG_disinfecting_agents_and_antiseptics	6	333	333	1.0	
barcode07_3Gb	contig_2167	152	1013	AAC(3)-IIe_aminoglycoside_antibiotic	11	861	861	1.0	Unknown taxonomy (chromosome or plasmid)
barcode07_3Gb	contig_22	1725	2610	mphE_macrolide_antibiotic	45	885	885	1.0	Unknown taxonomy (chromosome or plasmid)
barcode07_3Gb	contig_22	2665	4141	msrE_macrolide_antibiotic;_streptogramin_antibiotic	54	1476	1476	1.0	Unknown taxonomy (chromosome or plasmid)
barcode07_3Gb	contig_2217	6053	7538	lsaE_lincosamide_antibiotic;_streptogramin_antibiotic;_pleuromutilin_antibiotic	8	1485	1485	1.0	Streptococcus (chromosome or plasmid)
barcode07_3Gb	contig_2217	7591	8395	lnuB_lincosamide_antibiotic	9	804	804	1.0	Unknown taxonomy (chromosome or plasmid)
barcode07_3Gb	contig_2265	108075	108900	OXA-441_carbapenem;_penam	11	825	825	1.0	Acinetobacter baumannii (chromosome or plasmid)
barcode07_3Gb	contig_2268	46641	47973	vanW gene in vanI cluster_glycopeptide_antibiotic	8	1332	1332	1.0	
barcode07_3Gb	contig_2374	5180	6056	CTX-M-15_cephalosporin;_penam	19	876	876	1.0	Unknown taxonomy (chromosome or plasmid)
barcode07_3Gb	contig_2374	10696	11353	QnrS1_fluoroquinolone_antibiotic	27	657	657	1.0	Unknown taxonomy (chromosome or plasmid)
barcode07_3Gb	contig_2374	18384	18732	qacEdelta1_disinfecting_agents_and_antiseptics	23	348	348	1.0	Unknown taxonomy (chromosome or plasmid)
barcode07_3Gb	contig_2374	18895	19675	aadA_aminoglycoside_antibiotic	30	780	780	1.0	Unknown taxonomy (chromosome or plasmid)
barcode07_3Gb	contig_2374	19779	20253	dfrA1_diaminopyrimidine_antibiotic	23	474	474	1.0	Unknown taxonomy (chromosome or plasmid)
barcode07_3Gb	contig_2375	3317	4331	sul2_sulfonamide_antibiotic	10	1014	1014	1.0	Unknown taxonomy (chromosome or plasmid)
barcode07_3Gb	contig_2375	9226	10006	aadA_aminoglycoside_antibiotic	13	780	780	1.0	Escherichia coli (chromosome or plasmid)
barcode07_3Gb	contig_2408	83811	85464	ArnT_peptide_antibiotic	10	1653	1653	1.0	Unknown taxonomy (chromosome or plasmid)
barcode07_3Gb	contig_2408	88335	89304	PmrF_peptide_antibiotic	10	969	969	1.0	Unknown taxonomy (chromosome or plasmid)
barcode07_3Gb	contig_2408	103873	105232	Escherichia coli GlpT with mutation conferring resistance to fosfomycin_phosphonic_acid_antibiotic	15	1359	1359	1.0	Escherichia coli (chromosome or plasmid)
barcode07_3Gb	contig_2408	295738	296461	baeR_aminoglycoside_antibiotic;_aminocoumarin_antibiotic	6	723	723	1.0	Escherichia coli (chromosome or plasmid)
barcode07_3Gb	contig_2408	299275	302353	mdtC_aminocoumarin_antibiotic	10	3078	3078	1.0	Escherichia coli (chromosome or plasmid)
barcode07_3Gb	contig_2408	305477	306725	mdtA_aminocoumarin_antibiotic	13	1248	1248	1.0	Escherichia coli (chromosome or plasmid)
barcode07_3Gb	contig_2408	355572	356739	ugd_peptide_antibiotic	10	1167	1167	1.0	Escherichia coli (chromosome or plasmid)
barcode07_3Gb	contig_2561	19016	20990	tet(Q)_tetracycline_antibiotic	22	1974	1974	1.0	Unknown taxonomy (chromosome)
barcode07_3Gb	contig_2575	184491	185478	vanH gene in vanO cluster_glycopeptide_antibiotic	25	987	987	1.0	
barcode07_3Gb	contig_2615	63794	66935	adeF_fluoroquinolone_antibiotic;_tetracycline_antibiotic	12	3141	3141	1.0	
barcode07_3Gb	contig_2625	6319	6817	dfrA12_diaminopyrimidine_antibiotic	9	498	498	1.0	Unknown taxonomy (chromosome or plasmid)
barcode07_3Gb	contig_2625	7239	7989	aadA2_aminoglycoside_antibiotic	11	750	750	1.0	Unknown taxonomy (chromosome or plasmid)
barcode07_3Gb	contig_2640	5521	6010	vanY gene in vanB cluster_glycopeptide_antibiotic	4	489	489	1.0	Roseburia hominis (no genomic info)
barcode07_3Gb	contig_270	112	565	arr-3_rifamycin_antibiotic	14	453	453	1.0	Unknown taxonomy (chromosome or plasmid)
barcode07_3Gb	contig_270	649	1282	catB3_phenicol_antibiotic	21	633	633	1.0	Unknown taxonomy (chromosome or plasmid)
barcode07_3Gb	contig_270	1419	2250	OXA-1_cephalosporin;_penam	30	831	831	1.0	Unknown taxonomy (chromosome or plasmid)
barcode07_3Gb	contig_270	2380	2980	AAC(6')-Ib-cr6_fluoroquinolone_antibiotic;_aminoglycoside_antibiotic	34	600	600	1.0	Unknown taxonomy (chromosome or plasmid)
barcode07_3Gb	contig_270	5234	6095	AAC(3)-IId_aminoglycoside_antibiotic	16	861	861	1.0	Unknown taxonomy (chromosome or plasmid)
barcode07_3Gb	contig_2747	24617	25112	lnuC_lincosamide_antibiotic	25	495	495	1.0	Unknown taxonomy (chromosome or plasmid)
barcode07_3Gb	contig_2769	2365	3145	APH(3')-VIa_aminoglycoside_antibiotic	25	780	780	1.0	Unknown taxonomy (chromosome or plasmid)
barcode07_3Gb	contig_2995	32444	35573	acrD_aminoglycoside_antibiotic	10	3129	3129	1.0	Enterobacter (chromosome)
barcode07_3Gb	contig_311	450643	451879	vanW gene in vanI cluster_glycopeptide_antibiotic	127	1236	1236	1.0	
barcode07_3Gb	contig_311	1153886	1154393	nimK_nitroimidazole_antibiotic	131	507	507	1.0	
barcode07_3Gb	contig_311	1409892	1413084	adeF_fluoroquinolone_antibiotic;_tetracycline_antibiotic	137	3192	3192	1.0	
barcode07_3Gb	contig_311	1658974	1660084	vanT gene in vanG cluster_glycopeptide_antibiotic	176	1110	1110	1.0	
barcode07_3Gb	contig_312	72065	72479	H-NS_macrolide_antibiotic;_fluoroquinolone_antibiotic;_cephalosporin;_cephamycin;_penam;_tetracycline_antibiotic	15	414	414	1.0	Unknown taxonomy (chromosome or plasmid)
barcode07_3Gb	contig_3137	50067	51141	vanT gene in vanG cluster_glycopeptide_antibiotic	40	1074	1074	1.0	
barcode07_3Gb	contig_3148	53946	55131	Escherichia coli EF-Tu mutants conferring resistance to Pulvomycin_elfamycin_antibiotic	21	1185	1185	1.0	Unknown taxonomy (chromosome)
barcode07_3Gb	contig_315	14438	15242	APH(3'')-Ib_aminoglycoside_antibiotic	35	804	804	1.0	Unknown taxonomy (chromosome or plasmid)
barcode07_3Gb	contig_315	15241	16078	APH(6)-Id_aminoglycoside_antibiotic	37	837	837	1.0	Unknown taxonomy (chromosome or plasmid)
barcode07_3Gb	contig_315	19924	21400	msrE_macrolide_antibiotic;_streptogramin_antibiotic	99	1476	1476	1.0	Unknown taxonomy (chromosome or plasmid)
barcode07_3Gb	contig_315	21455	22340	mphE_macrolide_antibiotic	94	885	885	1.0	Unknown taxonomy (chromosome or plasmid)
barcode07_3Gb	contig_3161	30551	31856	Acinetobacter baumannii AbaQ_fluoroquinolone_antibiotic	11	1305	1305	1.0	Acinetobacter baumannii (chromosome or plasmid)
barcode07_3Gb	contig_3161	185944	186598	adeN_macrolide_antibiotic;_fluoroquinolone_antibiotic;_lincosamide_antibiotic;_carbapenem;_cephalosporin;_tetracycline_antibiotic;_rifamycin_antibiotic;_diaminopyrimidine_antibiotic;_phenicol_antibiotic;_penem	12	654	654	1.0	Acinetobacter baumannii (chromosome or plasmid)
barcode07_3Gb	contig_319	6891	8097	tet(B)_tetracycline_antibiotic	16	1206	1206	1.0	Unknown taxonomy (chromosome or plasmid)
barcode07_3Gb	contig_319	8178	8802	tetR_tetracycline_antibiotic	17	624	624	1.0	Unknown taxonomy (chromosome or plasmid)
barcode07_3Gb	contig_3271	14107	14638	emrR_fluoroquinolone_antibiotic	9	531	531	1.0	Enterobacter (chromosome or plasmid)
barcode07_3Gb	contig_3271	14764	15937	emrA_fluoroquinolone_antibiotic	9	1173	1173	1.0	
barcode07_3Gb	contig_3271	24574	24760	rsmA_fluoroquinolone_antibiotic;_diaminopyrimidine_antibiotic;_phenicol_antibiotic	15	186	186	1.0	Enterobacter (chromosome or plasmid)
barcode07_3Gb	contig_3292	25582	26668	ArnT_peptide_antibiotic	10	1086	1086	1.0	Escherichia coli (no genomic info)
barcode07_3Gb	contig_3323	21625	24118	vanT gene in vanG cluster_glycopeptide_antibiotic	7	2493	2493	1.0	
barcode07_3Gb	contig_3338	3784	4237	arr-3_rifamycin_antibiotic	29	453	453	1.0	Unknown taxonomy (chromosome or plasmid)
barcode07_3Gb	contig_3338	4309	4930	AAC(6')-Ib9_aminoglycoside_antibiotic	32	621	621	1.0	Unknown taxonomy (chromosome or plasmid)
barcode07_3Gb	contig_3338	5098	5446	qacEdelta1_disinfecting_agents_and_antiseptics	40	348	348	1.0	Unknown taxonomy (chromosome or plasmid)
barcode07_3Gb	contig_3338	5439	6279	sul1_sulfonamide_antibiotic	42	840	840	1.0	Unknown taxonomy (chromosome or plasmid)
barcode07_3Gb	contig_3386	8993	9326	qacG_disinfecting_agents_and_antiseptics	5	333	333	1.0	
barcode07_3Gb	contig_347	70101	70983	vanW gene in vanG cluster_glycopeptide_antibiotic	197	882	882	1.0	Acinetobacter johnsonii (chromosome)
barcode07_3Gb	contig_3483	30773	32006	mdtM_fluoroquinolone_antibiotic;_lincosamide_antibiotic;_nucleoside_antibiotic;_phenicol_antibiotic;_disinfecting_agents_and_antiseptics	15	1233	1233	1.0	Unknown taxonomy (chromosome or plasmid)
barcode07_3Gb	contig_3485	10397	10727	Klebsiella pneumoniae KpnF_macrolide_antibiotic;_aminoglycoside_antibiotic;_cephalosporin;_tetracycline_antibiotic;_peptide_antibiotic;_rifamycin_antibiotic;_disinfecting_agents_and_antiseptics	14	330	330	1.0	Enterobacter chengduensis (no genomic info)
barcode07_3Gb	contig_3485	10713	11076	Klebsiella pneumoniae KpnE_macrolide_antibiotic;_aminoglycoside_antibiotic;_cephalosporin;_tetracycline_antibiotic;_peptide_antibiotic;_rifamycin_antibiotic;_disinfecting_agents_and_antiseptics	13	363	363	1.0	Enterobacter chengduensis (chromosome)
barcode07_3Gb	contig_3555	404066	404813	vanY gene in vanG cluster_glycopeptide_antibiotic	5	747	747	1.0	
barcode07_3Gb	contig_3587	907	1237	qacG_disinfecting_agents_and_antiseptics	1	330	330	1.0	
barcode07_3Gb	contig_3628	3411	3741	qacG_disinfecting_agents_and_antiseptics	4	330	330	1.0	
barcode07_3Gb	contig_3688	7683	8064	marA_fluoroquinolone_antibiotic;_monobactam;_carbapenem;_cephalosporin;_glycylcycline;_cephamycin;_penam;_tetracycline_antibiotic;_rifamycin_antibiotic;_phenicol_antibiotic;_penem;_disinfecting_agents_and_antiseptics	7	381	381	1.0	Enterobacter (chromosome)
barcode07_3Gb	contig_3688	8084	8507	Escherichia coli AcrAB-TolC with MarR mutations conferring resistance to ciprofloxacin and tetracycline_fluoroquinolone_antibiotic;_cephalosporin;_glycylcycline;_penam;_tetracycline_antibiotic;_rifamycin_antibiotic;_phenicol_antibiotic;_disinfecting_agents_and_antiseptics	6	423	423	1.0	Enterobacter (chromosome)
barcode07_3Gb	contig_3806	15254	16388	EC-14_cephalosporin	19	1134	1134	1.0	Escherichia coli (chromosome or plasmid)
barcode07_3Gb	contig_3876	5849	6482	CRP_macrolide_antibiotic;_fluoroquinolone_antibiotic;_penam	9	633	633	1.0	Klebsiella pneumoniae (chromosome)
barcode07_3Gb	contig_3882	6134	6554	FosA6_phosphonic_acid_antibiotic	7	420	420	1.0	Klebsiella (chromosome or plasmid)
barcode07_3Gb	contig_3896	14244	14877	CRP_macrolide_antibiotic;_fluoroquinolone_antibiotic;_penam	16	633	633	1.0	Enterobacter (chromosome or plasmid)
barcode07_3Gb	contig_3921	25034	26408	cpxA_aminoglycoside_antibiotic;_aminocoumarin_antibiotic	13	1374	1374	1.0	
barcode07_3Gb	contig_3952	9133	9388	rsmA_fluoroquinolone_antibiotic;_diaminopyrimidine_antibiotic;_phenicol_antibiotic	6	255	255	1.0	
barcode07_3Gb	contig_3955	9311	9785	dfrA6_diaminopyrimidine_antibiotic	21	474	474	1.0	Unknown taxonomy (chromosome or plasmid)
barcode07_3Gb	contig_3955	9943	10600	QnrVC1_fluoroquinolone_antibiotic	29	657	657	1.0	Unknown taxonomy (chromosome or plasmid)
barcode07_3Gb	contig_40	20156	21923	Haemophilus influenzae PBP3 conferring resistance to beta-lactam antibiotics_cephalosporin;_cephamycin;_penam	14	1767	1767	1.0	Enterobacter (chromosome or plasmid)
barcode07_3Gb	contig_4015	11734	11953	rsmA_fluoroquinolone_antibiotic;_diaminopyrimidine_antibiotic;_phenicol_antibiotic	11	219	219	1.0	
barcode07_3Gb	contig_4051	23384	23810	FosA2_phosphonic_acid_antibiotic	14	426	426	1.0	Enterobacter roggenkampii (chromosome)
barcode07_3Gb	contig_4140	20623	23800	adeF_fluoroquinolone_antibiotic;_tetracycline_antibiotic	15	3177	3177	1.0	Unknown taxonomy (chromosome)
barcode07_3Gb	contig_4197	76057	76606	vanW gene in vanG cluster_glycopeptide_antibiotic	4	549	549	1.0	
barcode07_3Gb	contig_42	22602	23793	tet(C)_tetracycline_antibiotic	26	1191	1191	1.0	Unknown taxonomy (chromosome or plasmid)
barcode07_3Gb	contig_42	25975	27616	APH(6)-Id_aminoglycoside_antibiotic	25	1641	1641	1.0	Unknown taxonomy (chromosome or plasmid)
barcode07_3Gb	contig_424	229793	232946	adeF_fluoroquinolone_antibiotic;_tetracycline_antibiotic	8	3153	3153	1.0	
barcode07_3Gb	contig_4256	2	620	emrR_fluoroquinolone_antibiotic	6	618	618	1.0	Klebsiella pneumoniae (chromosome or plasmid)
barcode07_3Gb	contig_4256	745	1918	Klebsiella pneumoniae KpnG_macrolide_antibiotic;_fluoroquinolone_antibiotic;_aminoglycoside_antibiotic;_carbapenem;_cephalosporin;_penam;_peptide_antibiotic;_penem	6	1173	1173	1.0	Klebsiella pneumoniae (chromosome or plasmid)
barcode07_3Gb	contig_4256	11363	11549	rsmA_fluoroquinolone_antibiotic;_diaminopyrimidine_antibiotic;_phenicol_antibiotic	3	186	186	1.0	Unknown taxonomy (chromosome or plasmid)
barcode07_3Gb	contig_4268	3502	5098	Haemophilus influenzae PBP3 conferring resistance to beta-lactam antibiotics_cephalosporin;_cephamycin;_penam	5	1596	1596	1.0	Unknown taxonomy (chromosome or plasmid)
barcode07_3Gb	contig_4288	2470	4774	vanT gene in vanG cluster_glycopeptide_antibiotic	15	2304	2304	1.0	
barcode07_3Gb	contig_43	6650	7535	mphE_macrolide_antibiotic	93	885	885	1.0	Unknown taxonomy (chromosome or plasmid)
barcode07_3Gb	contig_43	7590	9066	msrE_macrolide_antibiotic;_streptogramin_antibiotic	89	1476	1476	1.0	Unknown taxonomy (chromosome or plasmid)
barcode07_3Gb	contig_4388	24834	25032	rsmA_fluoroquinolone_antibiotic;_diaminopyrimidine_antibiotic;_phenicol_antibiotic	10	198	198	1.0	
barcode07_3Gb	contig_439	312540	312795	rsmA_fluoroquinolone_antibiotic;_diaminopyrimidine_antibiotic;_phenicol_antibiotic	121	255	255	1.0	
barcode07_3Gb	contig_4462	1598	2459	AAC(3)-IIe_aminoglycoside_antibiotic	12	861	861	1.0	Unknown taxonomy (chromosome or plasmid)
barcode07_3Gb	contig_4474	144265	145468	vanT gene in vanG cluster_glycopeptide_antibiotic	6	1203	1203	1.0	
barcode07_3Gb	contig_4481	12451	14074	vanW gene in vanI cluster_glycopeptide_antibiotic	3	1623	1623	1.0	
barcode07_3Gb	contig_4598	431	1271	sul1_sulfonamide_antibiotic	27	840	840	1.0	Unknown taxonomy (chromosome or plasmid)
barcode07_3Gb	contig_4598	1264	1612	qacEdelta1_disinfecting_agents_and_antiseptics	31	348	348	1.0	Unknown taxonomy (chromosome or plasmid)
barcode07_3Gb	contig_4598	1768	2302	ANT(2'')-Ia_aminoglycoside_antibiotic	39	534	534	1.0	Unknown taxonomy (chromosome or plasmid)
barcode07_3Gb	contig_4598	2424	3288	GES-1_carbapenem;_cephalosporin;_penam	53	864	864	1.0	Unknown taxonomy (chromosome or plasmid)
barcode07_3Gb	contig_4598	3361	3820	AAC(6')-Il_aminoglycoside_antibiotic	54	459	459	1.0	Unknown taxonomy (chromosome or plasmid)
barcode07_3Gb	contig_462	242741	245273	vanT gene in vanG cluster_glycopeptide_antibiotic	56	2532	2532	1.0	
barcode07_3Gb	contig_4910	5621	7541	tet(O)_tetracycline_antibiotic	21	1920	1920	1.0	Unknown taxonomy (chromosome or plasmid)
barcode07_3Gb	contig_4966	21154	21970	sul2_sulfonamide_antibiotic	28	816	816	1.0	Unknown taxonomy (chromosome or plasmid)
barcode07_3Gb	contig_4966	22833	23670	APH(6)-Id_aminoglycoside_antibiotic	21	837	837	1.0	Unknown taxonomy (chromosome or plasmid)
barcode07_3Gb	contig_4966	24747	25947	tet(A)_tetracycline_antibiotic	16	1200	1200	1.0	Unknown taxonomy (chromosome or plasmid)
barcode07_3Gb	contig_5073	4754	6413	ArnT_peptide_antibiotic	3	1659	1659	1.0	
barcode07_3Gb	contig_5082	7529	8144	tet(W)_tetracycline_antibiotic	4	615	615	1.0	Unknown taxonomy (chromosome)
barcode07_3Gb	contig_5091	2194	2803	vanY gene in vanG cluster_glycopeptide_antibiotic	4	609	609	1.0	
barcode07_3Gb	contig_5101	2	542	Escherichia coli emrE_macrolide_antibiotic	2	540	540	1.0	Escherichia coli (chromosome or plasmid)
barcode07_3Gb	contig_5116	8620	9253	CRP_macrolide_antibiotic;_fluoroquinolone_antibiotic;_penam	8	633	633	1.0	Unknown taxonomy (chromosome)
barcode07_3Gb	contig_516	135731	136844	vanT gene in vanG cluster_glycopeptide_antibiotic	8	1113	1113	1.0	
barcode07_3Gb	contig_520	88710	90199	TolC_macrolide_antibiotic;_fluoroquinolone_antibiotic;_aminoglycoside_antibiotic;_carbapenem;_cephalosporin;_glycylcycline;_cephamycin;_penam;_tetracycline_antibiotic;_peptide_antibiotic;_aminocoumarin_antibiotic;_rifamycin_antibiotic;_phenicol_antibiotic;_penem;_disinfecting_agents_and_antiseptics	26	1489	1489	1.0	Escherichia coli (chromosome or plasmid)
barcode07_3Gb	contig_520	112594	113416	bacA_peptide_antibiotic	17	822	822	1.0	Escherichia coli (chromosome or plasmid)
barcode07_3Gb	contig_520	323723	324386	AcrS_fluoroquinolone_antibiotic;_cephalosporin;_glycylcycline;_cephamycin;_penam;_tetracycline_antibiotic;_rifamycin_antibiotic;_phenicol_antibiotic;_disinfecting_agents_and_antiseptics	22	663	663	1.0	Unknown taxonomy (chromosome or plasmid)
barcode07_3Gb	contig_520	324784	325942	AcrE_fluoroquinolone_antibiotic;_cephalosporin;_cephamycin;_penam	24	1158	1158	1.0	Unknown taxonomy (chromosome or plasmid)
barcode07_3Gb	contig_520	325953	329058	AcrF_fluoroquinolone_antibiotic;_cephalosporin;_cephamycin;_penam	22	3105	3105	1.0	Escherichia coli (chromosome or plasmid)
barcode07_3Gb	contig_520	365986	367171	Escherichia coli EF-Tu mutants conferring resistance to Pulvomycin_elfamycin_antibiotic	41	1185	1185	1.0	Unknown taxonomy (chromosome or plasmid)
barcode07_3Gb	contig_520	381963	382596	CRP_macrolide_antibiotic;_fluoroquinolone_antibiotic;_penam	11	633	633	1.0	Unknown taxonomy (chromosome or plasmid)
barcode07_3Gb	contig_520	552122	553280	mdtE_macrolide_antibiotic;_fluoroquinolone_antibiotic;_penam	16	1158	1158	1.0	Unknown taxonomy (chromosome)
barcode07_3Gb	contig_520	556781	557510	gadW_macrolide_antibiotic;_fluoroquinolone_antibiotic;_penam	18	729	729	1.0	Escherichia coli (chromosome)
barcode07_3Gb	contig_520	557877	558702	gadX_macrolide_antibiotic;_fluoroquinolone_antibiotic;_penam	17	825	825	1.0	Escherichia coli (chromosome)
barcode07_3Gb	contig_5209	7206	8046	sul1_sulfonamide_antibiotic	13	840	840	1.0	Unknown taxonomy (chromosome or plasmid)
barcode07_3Gb	contig_5209	8039	8387	qacEdelta1_disinfecting_agents_and_antiseptics	10	348	348	1.0	Unknown taxonomy (chromosome or plasmid)
barcode07_3Gb	contig_521	2497	3682	Escherichia coli EF-Tu mutants conferring resistance to Pulvomycin_elfamycin_antibiotic	29	1185	1185	1.0	Unknown taxonomy (chromosome or plasmid)
barcode07_3Gb	contig_53	5812	6616	APH(3'')-Ib_aminoglycoside_antibiotic	15	804	804	1.0	Unknown taxonomy (chromosome or plasmid)
barcode07_3Gb	contig_53	14037	14898	TEM-1_monobactam;_cephalosporin;_penam;_penem	29	861	861	1.0	Unknown taxonomy (chromosome or plasmid)
barcode07_3Gb	contig_5322	9892	10441	vanW gene in vanG cluster_glycopeptide_antibiotic	2	549	549	1.0	
barcode07_3Gb	contig_5343	14537	15296	vanY gene in vanB cluster_glycopeptide_antibiotic	6	759	759	1.0	
barcode07_3Gb	contig_5393	2151	2889	ErmB_macrolide_antibiotic;_lincosamide_antibiotic;_streptogramin_antibiotic;_streptogramin_A_antibiotic;_streptogramin_B_antibiotic	7	738	738	1.0	Unknown taxonomy (chromosome or plasmid)
barcode07_3Gb	contig_54	164	770	AAC(6')-Ib9_aminoglycoside_antibiotic	9	606	606	1.0	Unknown taxonomy (chromosome or plasmid)
barcode07_3Gb	contig_54	1688	2513	OXA-9_penam	6	825	825	1.0	Unknown taxonomy (chromosome or plasmid)
barcode07_3Gb	contig_563	40204	41089	mphE_macrolide_antibiotic	47	885	885	1.0	Unknown taxonomy (chromosome or plasmid)
barcode07_3Gb	contig_5657	7964	9884	tet(W)_tetracycline_antibiotic	23	1920	1920	1.0	Unknown taxonomy (chromosome or plasmid)
barcode07_3Gb	contig_5688	1996	2836	sul1_sulfonamide_antibiotic	36	840	840	1.0	Unknown taxonomy (chromosome or plasmid)
barcode07_3Gb	contig_5688	2829	3177	qacEdelta1_disinfecting_agents_and_antiseptics	29	348	348	1.0	Unknown taxonomy (chromosome or plasmid)
barcode07_3Gb	contig_5688	3643	4471	OXA-2_carbapenem;_cephalosporin;_penam	22	828	828	1.0	Unknown taxonomy (chromosome or plasmid)
barcode07_3Gb	contig_57	1671	2427	TEM-216_monobactam;_cephalosporin;_penam;_penem	10	756	756	1.0	Unknown taxonomy (chromosome or plasmid)
barcode07_3Gb	contig_573	94396	94585	rsmA_fluoroquinolone_antibiotic;_diaminopyrimidine_antibiotic;_phenicol_antibiotic	46	189	189	1.0	
barcode07_3Gb	contig_573	218325	218727	FosA8_phosphonic_acid_antibiotic	25	402	402	1.0	Aeromonas caviae (chromosome or plasmid)
barcode07_3Gb	contig_5763	44046	44535	nimJ_nitroimidazole_antibiotic	8	489	489	1.0	
barcode07_3Gb	contig_58	2233	3115	KPC-2_monobactam;_carbapenem;_cephalosporin;_penam	36	882	882	1.0	Unknown taxonomy (chromosome or plasmid)
barcode07_3Gb	contig_58	10035	10917	KPC-2_monobactam;_carbapenem;_cephalosporin;_penam	22	882	882	1.0	Unknown taxonomy (chromosome or plasmid)
barcode07_3Gb	contig_588	11663	12443	APH(3')-VIa_aminoglycoside_antibiotic	18	780	780	1.0	Unknown taxonomy (chromosome or plasmid)
barcode07_3Gb	contig_588	13720	14533	NDM-1_carbapenem;_cephalosporin;_cephamycin;_penam	18	813	813	1.0	Unknown taxonomy (chromosome or plasmid)
barcode07_3Gb	contig_5906	17102	17432	Klebsiella pneumoniae KpnF_macrolide_antibiotic;_aminoglycoside_antibiotic;_cephalosporin;_tetracycline_antibiotic;_peptide_antibiotic;_rifamycin_antibiotic;_disinfecting_agents_and_antiseptics	9	330	330	1.0	Citrobacter (chromosome)
barcode07_3Gb	contig_5906	17418	17781	Klebsiella pneumoniae KpnE_macrolide_antibiotic;_aminoglycoside_antibiotic;_cephalosporin;_tetracycline_antibiotic;_peptide_antibiotic;_rifamycin_antibiotic;_disinfecting_agents_and_antiseptics	9	363	363	1.0	Citrobacter portucalensis (chromosome)
barcode07_3Gb	contig_5935	1049	2249	tet(A)_tetracycline_antibiotic	14	1200	1200	1.0	Unknown taxonomy (chromosome or plasmid)
barcode07_3Gb	contig_5949	1342	2557	floR_phenicol_antibiotic	22	1215	1215	1.0	Unknown taxonomy (chromosome or plasmid)
barcode07_3Gb	contig_5995	7754	8402	kdpE_aminoglycoside_antibiotic	30	648	648	1.0	Unknown taxonomy (chromosome or plasmid)
barcode07_3Gb	contig_6008	142733	145889	adeF_fluoroquinolone_antibiotic;_tetracycline_antibiotic	17	3156	3156	1.0	
barcode07_3Gb	contig_6013	69672	71055	mdeA_fluoroquinolone_antibiotic;_aminoglycoside_antibiotic;_penam;_tetracycline_antibiotic;_disinfecting_agents_and_antiseptics	5	1383	1383	1.0	
barcode07_3Gb	contig_6018	4498	5683	Escherichia coli EF-Tu mutants conferring resistance to Pulvomycin_elfamycin_antibiotic	34	1185	1185	1.0	Unknown taxonomy (chromosome or plasmid)
barcode07_3Gb	contig_6024	16694	17129	Escherichia coli AcrAB-TolC with MarR mutations conferring resistance to ciprofloxacin and tetracycline_fluoroquinolone_antibiotic;_cephalosporin;_glycylcycline;_penam;_tetracycline_antibiotic;_rifamycin_antibiotic;_phenicol_antibiotic;_disinfecting_agents_and_antiseptics	9	435	435	1.0	Unknown taxonomy (chromosome or plasmid)
barcode07_3Gb	contig_6024	17148	17532	marA_fluoroquinolone_antibiotic;_monobactam;_carbapenem;_cephalosporin;_glycylcycline;_cephamycin;_penam;_tetracycline_antibiotic;_rifamycin_antibiotic;_phenicol_antibiotic;_penem;_disinfecting_agents_and_antiseptics	9	384	384	1.0	Unknown taxonomy (chromosome or plasmid)
barcode07_3Gb	contig_6026	16310	17153	vanW gene in vanI cluster_glycopeptide_antibiotic	3	843	843	1.0	
barcode07_3Gb	contig_6027	12102	13293	adeA_glycylcycline;_tetracycline_antibiotic	5	1191	1191	1.0	Acinetobacter baumannii (chromosome or plasmid)
barcode07_3Gb	contig_6078	9333	10170	APH(6)-Id_aminoglycoside_antibiotic	25	837	837	1.0	Unknown taxonomy (chromosome or plasmid)
barcode07_3Gb	contig_6078	10169	11111	APH(3'')-Ib_aminoglycoside_antibiotic	19	942	942	1.0	Pseudomonas aeruginosa (chromosome or plasmid)
barcode07_3Gb	contig_6078	11306	12101	APH(3'')-Ib_aminoglycoside_antibiotic	9	795	795	1.0	Unknown taxonomy (chromosome or plasmid)
barcode07_3Gb	contig_6078	13542	14052	dfrA8_diaminopyrimidine_antibiotic	7	510	510	1.0	Unknown taxonomy (chromosome or plasmid)
barcode07_3Gb	contig_6115	113	446	qacL_disinfecting_agents_and_antiseptics	15	333	333	1.0	Unknown taxonomy (chromosome or plasmid)
barcode07_3Gb	contig_6120	14624	15362	ErmB_macrolide_antibiotic;_lincosamide_antibiotic;_streptogramin_antibiotic;_streptogramin_A_antibiotic;_streptogramin_B_antibiotic	13	738	738	1.0	Unknown taxonomy (chromosome or plasmid)
barcode07_3Gb	contig_6137	54004	55396	Escherichia coli UhpT with mutation conferring resistance to fosfomycin_phosphonic_acid_antibiotic	12	1392	1392	1.0	Citrobacter freundii (chromosome or plasmid)
barcode07_3Gb	contig_6208	380	935	AAC(6')-Ib4_aminoglycoside_antibiotic	15	555	555	1.0	Unknown taxonomy (chromosome or plasmid)
barcode07_3Gb	contig_6208	1073	1937	GES-5_carbapenem;_cephalosporin;_penam	19	864	864	1.0	Unknown taxonomy (chromosome or plasmid)
barcode07_3Gb	contig_6208	13137	13917	APH(3')-VIa_aminoglycoside_antibiotic	12	780	780	1.0	Unknown taxonomy (chromosome or plasmid)
barcode07_3Gb	contig_6233	24359	24689	Klebsiella pneumoniae KpnF_macrolide_antibiotic;_aminoglycoside_antibiotic;_cephalosporin;_tetracycline_antibiotic;_peptide_antibiotic;_rifamycin_antibiotic;_disinfecting_agents_and_antiseptics	7	330	330	1.0	Unknown taxonomy (chromosome or plasmid)
barcode07_3Gb	contig_6233	24675	25041	Klebsiella pneumoniae KpnE_macrolide_antibiotic;_aminoglycoside_antibiotic;_cephalosporin;_tetracycline_antibiotic;_peptide_antibiotic;_rifamycin_antibiotic;_disinfecting_agents_and_antiseptics	7	366	366	1.0	Unknown taxonomy (chromosome or plasmid)
barcode07_3Gb	contig_6249	15313	15637	Escherichia coli soxS with mutation conferring antibiotic resistance_fluoroquinolone_antibiotic;_monobactam;_carbapenem;_cephalosporin;_glycylcycline;_cephamycin;_penam;_tetracycline_antibiotic;_rifamycin_antibiotic;_phenicol_antibiotic;_penem;_disinfecting_agents_and_antiseptics	24	324	324	1.0	Unknown taxonomy (chromosome or plasmid)
barcode07_3Gb	contig_6249	15722	16187	Escherichia coli soxR with mutation conferring antibiotic resistance_fluoroquinolone_antibiotic;_cephalosporin;_glycylcycline;_penam;_tetracycline_antibiotic;_rifamycin_antibiotic;_phenicol_antibiotic;_disinfecting_agents_and_antiseptics	21	465	465	1.0	Unknown taxonomy (chromosome or plasmid)
barcode07_3Gb	contig_6249	37252	38719	mdtP_nucleoside_antibiotic;_disinfecting_agents_and_antiseptics	24	1467	1467	1.0	Unknown taxonomy (chromosome or plasmid)
barcode07_3Gb	contig_6249	40767	41799	mdtN_nucleoside_antibiotic;_disinfecting_agents_and_antiseptics	13	1032	1032	1.0	Unknown taxonomy (chromosome or plasmid)
barcode07_3Gb	contig_6249	71183	72827	eptA_peptide_antibiotic	22	1644	1644	1.0	Unknown taxonomy (chromosome or plasmid)
barcode07_3Gb	contig_626	144156	144411	rsmA_fluoroquinolone_antibiotic;_diaminopyrimidine_antibiotic;_phenicol_antibiotic	12	255	255	1.0	
barcode07_3Gb	contig_6276	2612	3872	EreB_macrolide_antibiotic	11	1260	1260	1.0	
barcode07_3Gb	contig_6315	4850	5324	dfrA6_diaminopyrimidine_antibiotic	14	474	474	1.0	Unknown taxonomy (chromosome or plasmid)
barcode07_3Gb	contig_6315	5482	6139	QnrVC1_fluoroquinolone_antibiotic	22	657	657	1.0	Unknown taxonomy (chromosome or plasmid)
barcode07_3Gb	contig_6326	9786	10932	CMY-129_cephamycin	9	1146	1146	1.0	Citrobacter portucalensis (chromosome or plasmid)
barcode07_3Gb	contig_6329	36246	37473	mdtG_phosphonic_acid_antibiotic	28	1227	1227	1.0	Unknown taxonomy (chromosome or plasmid)
barcode07_3Gb	contig_6336	11841	13029	tet(39)_tetracycline_antibiotic	34	1188	1188	1.0	Unknown taxonomy (plasmid)
barcode07_3Gb	contig_72	1381	1831	AAC(6')-IIa_aminoglycoside_antibiotic	12	450	450	1.0	Unknown taxonomy (chromosome or plasmid)
barcode07_3Gb	contig_72	2006	2834	OXA-21_cephalosporin;_penam	13	828	828	1.0	Unknown taxonomy (chromosome or plasmid)
barcode07_3Gb	contig_72	2895	3528	catB3_phenicol_antibiotic	14	633	633	1.0	Unknown taxonomy (chromosome or plasmid)
barcode07_3Gb	contig_72	4552	4900	qacEdelta1_disinfecting_agents_and_antiseptics	17	348	348	1.0	Unknown taxonomy (chromosome or plasmid)
barcode07_3Gb	contig_72	4893	5733	sul1_sulfonamide_antibiotic	18	840	840	1.0	Unknown taxonomy (chromosome or plasmid)
barcode07_3Gb	contig_726	788348	791540	adeF_fluoroquinolone_antibiotic;_tetracycline_antibiotic	35	3192	3192	1.0	
barcode07_3Gb	contig_740	99561	100356	OXA-504_penam	57	795	795	1.0	Aeromonas caviae (chromosome)
barcode07_3Gb	contig_758	7859	8639	APH(3')-VIa_aminoglycoside_antibiotic	24	780	780	1.0	Unknown taxonomy (chromosome or plasmid)
barcode07_3Gb	contig_759	5976	6858	KPC-2_monobactam;_carbapenem;_cephalosporin;_penam	42	882	882	1.0	Unknown taxonomy (chromosome or plasmid)
barcode07_3Gb	contig_759	9273	10053	APH(3')-VIa_aminoglycoside_antibiotic	24	780	780	1.0	Unknown taxonomy (chromosome or plasmid)
barcode07_3Gb	contig_79	6825	8013	tet(39)_tetracycline_antibiotic	34	1188	1188	1.0	Unknown taxonomy (plasmid)
barcode07_3Gb	contig_805	17169	17994	OXA-644_carbapenem;_penam	221	825	825	1.0	Acinetobacter johnsonii (chromosome)
barcode07_3Gb	contig_865	1040	2171	vanT gene in vanG cluster_glycopeptide_antibiotic	5	1131	1131	1.0	
barcode07_3Gb	contig_9	13511	14393	KPC-2_monobactam;_carbapenem;_cephalosporin;_penam	146	882	882	1.0	Unknown taxonomy (chromosome or plasmid)
barcode07_3Gb	contig_909	109745	110939	vanT gene in vanG cluster_glycopeptide_antibiotic	13	1194	1194	1.0	
barcode07_3Gb	contig_909	261635	262808	vanT gene in vanG cluster_glycopeptide_antibiotic	8	1173	1173	1.0	
barcode07_3Gb	contig_909	269725	271687	tet(O)_tetracycline_antibiotic	8	1962	1962	1.0	
barcode07_3Gb	contig_957	9499	10975	msrE_macrolide_antibiotic;_streptogramin_antibiotic	91	1476	1476	1.0	Unknown taxonomy (chromosome or plasmid)
barcode07_3Gb	contig_957	11030	11915	mphE_macrolide_antibiotic	94	885	885	1.0	Unknown taxonomy (chromosome or plasmid)
barcode07_3Gb	contig_979	4659	5847	tet(39)_tetracycline_antibiotic	34	1188	1188	1.0	Unknown taxonomy (plasmid)
barcode07_6Gb	contig_100	305992	307987	lmrD_lincosamide_antibiotic	21	1995	1995	1.0	
barcode07_6Gb	contig_100	982027	982774	vanY gene in vanG cluster_glycopeptide_antibiotic	13	747	747	1.0	
barcode07_6Gb	contig_10019	37233	37428	rsmA_fluoroquinolone_antibiotic;_diaminopyrimidine_antibiotic;_phenicol_antibiotic	11	195	195	1.0	
barcode07_6Gb	contig_10038	2832	3018	rsmA_fluoroquinolone_antibiotic;_diaminopyrimidine_antibiotic;_phenicol_antibiotic	13	186	186	1.0	Enterobacter (chromosome or plasmid)
barcode07_6Gb	contig_1007	51108	52623	aadT_macrolide_antibiotic;_tetracycline_antibiotic;_disinfecting_agents_and_antiseptics	17	1515	1515	1.0	
barcode07_6Gb	contig_10169	40965	42621	ArnT_peptide_antibiotic	12	1656	1656	1.0	Enterobacter roggenkampii (chromosome)
barcode07_6Gb	contig_1019	21954	22677	baeR_aminoglycoside_antibiotic;_aminocoumarin_antibiotic	14	723	723	1.0	Enterobacter (chromosome)
barcode07_6Gb	contig_1019	22673	24587	baeS_aminoglycoside_antibiotic;_aminocoumarin_antibiotic	14	1914	1914	1.0	
barcode07_6Gb	contig_1025	25720	26014	qacJ_disinfecting_agents_and_antiseptics	19	294	294	1.0	
barcode07_6Gb	contig_10325	5476	6277	ErmF_macrolide_antibiotic;_lincosamide_antibiotic;_streptogramin_antibiotic;_streptogramin_A_antibiotic;_streptogramin_B_antibiotic	37	801	801	1.0	Unknown taxonomy (chromosome or plasmid)
barcode07_6Gb	contig_10348	451	1672	vanW gene in vanI cluster_glycopeptide_antibiotic	5	1221	1221	1.0	
barcode07_6Gb	contig_10412	165	981	sul2_sulfonamide_antibiotic	26	816	816	1.0	Unknown taxonomy (chromosome or plasmid)
barcode07_6Gb	contig_10568	19115	20114	vanH gene in vanB cluster_glycopeptide_antibiotic	11	999	999	1.0	
barcode07_6Gb	contig_10625	8557	10000	ArnT_peptide_antibiotic	12	1443	1443	1.0	Klebsiella (chromosome)
barcode07_6Gb	contig_10657	3075	3951	CTX-M-95_cephalosporin	5	876	876	1.0	
barcode07_6Gb	contig_10674	16617	18072	vanW gene in vanI cluster_glycopeptide_antibiotic	4	1455	1455	1.0	
barcode07_6Gb	contig_10689	2061	3234	vanY gene in vanF cluster_glycopeptide_antibiotic	6	1173	1173	1.0	
barcode07_6Gb	contig_10738	9338	10133	APH(3')-IIIa_aminoglycoside_antibiotic	15	795	795	1.0	Unknown taxonomy (chromosome or plasmid)
barcode07_6Gb	contig_10751	7056	8187	vanT gene in vanG cluster_glycopeptide_antibiotic	8	1131	1131	1.0	Roseburia hominis (no genomic info)
barcode07_6Gb	contig_10915	4985	5687	vanY gene in vanB cluster_glycopeptide_antibiotic	14	702	702	1.0	
barcode07_6Gb	contig_10928	10729	11719	vanH gene in vanB cluster_glycopeptide_antibiotic	15	990	990	1.0	
barcode07_6Gb	contig_10964	10162	10348	rsmA_fluoroquinolone_antibiotic;_diaminopyrimidine_antibiotic;_phenicol_antibiotic	11	186	186	1.0	Citrobacter (chromosome or plasmid)
barcode07_6Gb	contig_10964	16718	18098	Klebsiella pneumoniae KpnH_macrolide_antibiotic;_fluoroquinolone_antibiotic;_aminoglycoside_antibiotic;_carbapenem;_cephalosporin;_penam;_peptide_antibiotic;_penem	7	1380	1380	1.0	Citrobacter freundii (chromosome)
barcode07_6Gb	contig_10964	19578	20109	emrR_fluoroquinolone_antibiotic	9	531	531	1.0	Citrobacter (chromosome)
barcode07_6Gb	contig_10976	24996	26202	Mef(En2)_macrolide_antibiotic;_lincosamide_antibiotic	23	1206	1206	1.0	Unknown taxonomy (chromosome)
barcode07_6Gb	contig_11022	574	940	qacG_disinfecting_agents_and_antiseptics	5	366	366	1.0	
barcode07_6Gb	contig_11022	5006	5372	qacG_disinfecting_agents_and_antiseptics	5	366	366	1.0	
barcode07_6Gb	contig_11324	6360	6993	CRP_macrolide_antibiotic;_fluoroquinolone_antibiotic;_penam	14	633	633	1.0	Klebsiella pneumoniae (chromosome)
barcode07_6Gb	contig_11494	12153	12516	Klebsiella pneumoniae KpnE_macrolide_antibiotic;_aminoglycoside_antibiotic;_cephalosporin;_tetracycline_antibiotic;_peptide_antibiotic;_rifamycin_antibiotic;_disinfecting_agents_and_antiseptics	8	363	363	1.0	Citrobacter (chromosome)
barcode07_6Gb	contig_11494	12502	12832	Klebsiella pneumoniae KpnF_macrolide_antibiotic;_aminoglycoside_antibiotic;_cephalosporin;_tetracycline_antibiotic;_peptide_antibiotic;_rifamycin_antibiotic;_disinfecting_agents_and_antiseptics	8	330	330	1.0	Citrobacter (chromosome)
barcode07_6Gb	contig_11550	1344	3270	tet(Q)_tetracycline_antibiotic	9	1926	1926	1.0	Unknown taxonomy (chromosome)
barcode07_6Gb	contig_11680	2701	3379	kdpE_aminoglycoside_antibiotic	6	678	678	1.0	Citrobacter (chromosome)
barcode07_6Gb	contig_11824	1792	2953	vanT gene in vanG cluster_glycopeptide_antibiotic	5	1161	1161	1.0	
barcode07_6Gb	contig_11908	492	1002	dfrA8_diaminopyrimidine_antibiotic	15	510	510	1.0	Unknown taxonomy (chromosome or plasmid)
barcode07_6Gb	contig_11920	64114	65488	cpxA_aminoglycoside_antibiotic;_aminocoumarin_antibiotic	42	1374	1374	1.0	Escherichia coli (chromosome or plasmid)
barcode07_6Gb	contig_11941	11393	12698	Acinetobacter baumannii AbaQ_fluoroquinolone_antibiotic	16	1305	1305	1.0	
barcode07_6Gb	contig_11979	960	1845	mphE_macrolide_antibiotic	81	885	885	1.0	Unknown taxonomy (chromosome or plasmid)
barcode07_6Gb	contig_11979	1900	3376	msrE_macrolide_antibiotic;_streptogramin_antibiotic	83	1476	1476	1.0	Unknown taxonomy (chromosome or plasmid)
barcode07_6Gb	contig_12000	44009	44747	ErmB_macrolide_antibiotic;_lincosamide_antibiotic;_streptogramin_antibiotic;_streptogramin_A_antibiotic;_streptogramin_B_antibiotic	21	738	738	1.0	Unknown taxonomy (chromosome or plasmid)
barcode07_6Gb	contig_12033	13009	14110	vanG_glycopeptide_antibiotic	15	1101	1101	1.0	Enterobacter roggenkampii (chromosome)
barcode07_6Gb	contig_12070	28755	30411	ArnT_peptide_antibiotic	13	1656	1656	1.0	Enterobacter kobei (chromosome)
barcode07_6Gb	contig_12070	33285	34269	PmrF_peptide_antibiotic	10	984	984	1.0	
barcode07_6Gb	contig_12088	4539	6933	vanT gene in vanG cluster_glycopeptide_antibiotic	5	2394	2394	1.0	Parabacteroides distasonis (chromosome)
barcode07_6Gb	contig_12159	13099	13288	rsmA_fluoroquinolone_antibiotic;_diaminopyrimidine_antibiotic;_phenicol_antibiotic	89	189	189	1.0	
barcode07_6Gb	contig_12211	15655	15991	qacG_disinfecting_agents_and_antiseptics	6	336	336	1.0	
barcode07_6Gb	contig_12258	95304	96537	Escherichia coli mdfA_tetracycline_antibiotic;_disinfecting_agents_and_antiseptics	14	1233	1233	1.0	
barcode07_6Gb	contig_12260	2213	3095	KPC-2_monobactam;_carbapenem;_cephalosporin;_penam	88	882	882	1.0	Unknown taxonomy (chromosome or plasmid)
barcode07_6Gb	contig_12332	70855	72031	oqxA_fluoroquinolone_antibiotic;_glycylcycline;_tetracycline_antibiotic;_diaminopyrimidine_antibiotic;_nitrofuran_antibiotic	5	1176	1176	1.0	Enterobacter kobei (chromosome)
barcode07_6Gb	contig_12332	72055	75163	adeF_fluoroquinolone_antibiotic;_tetracycline_antibiotic	6	3108	3108	1.0	Enterobacter kobei (chromosome)
barcode07_6Gb	contig_12353	8588	10103	aadT_macrolide_antibiotic;_tetracycline_antibiotic;_disinfecting_agents_and_antiseptics	9	1515	1515	1.0	
barcode07_6Gb	contig_12366	62370	62901	emrR_fluoroquinolone_antibiotic	7	531	531	1.0	Enterobacter kobei (chromosome or plasmid)
barcode07_6Gb	contig_12366	63027	64200	emrA_fluoroquinolone_antibiotic	9	1173	1173	1.0	
barcode07_6Gb	contig_12366	72813	72999	rsmA_fluoroquinolone_antibiotic;_diaminopyrimidine_antibiotic;_phenicol_antibiotic	19	186	186	1.0	Enterobacter (chromosome or plasmid)
barcode07_6Gb	contig_12378	8296	9292	CfxA6_cephamycin	19	996	996	1.0	
barcode07_6Gb	contig_12429	36614	37748	EC-14_cephalosporin	36	1134	1134	1.0	Escherichia coli (chromosome or plasmid)
barcode07_6Gb	contig_1245	5011	5854	OXA-58_carbapenem;_penam	25	843	843	1.0	Unknown taxonomy (chromosome or plasmid)
barcode07_6Gb	contig_1246	10445	11330	mphE_macrolide_antibiotic	101	885	885	1.0	Unknown taxonomy (chromosome or plasmid)
barcode07_6Gb	contig_1246	11385	12861	msrE_macrolide_antibiotic;_streptogramin_antibiotic	105	1476	1476	1.0	Unknown taxonomy (chromosome or plasmid)
barcode07_6Gb	contig_12468	10880	11741	AAC(3)-IIe_aminoglycoside_antibiotic	22	861	861	1.0	Unknown taxonomy (chromosome or plasmid)
barcode07_6Gb	contig_12468	11882	12743	TEM-1_monobactam;_cephalosporin;_penam;_penem	27	861	861	1.0	Unknown taxonomy (chromosome or plasmid)
barcode07_6Gb	contig_12474	19091	19280	rsmA_fluoroquinolone_antibiotic;_diaminopyrimidine_antibiotic;_phenicol_antibiotic	15	189	189	1.0	
barcode07_6Gb	contig_12479	8083	8911	OXA-253_carbapenem;_penam	47	828	828	1.0	Acinetobacter baumannii (chromosome)
barcode07_6Gb	contig_12595	38613	39048	Escherichia coli AcrAB-TolC with MarR mutations conferring resistance to ciprofloxacin and tetracycline_fluoroquinolone_antibiotic;_cephalosporin;_glycylcycline;_penam;_tetracycline_antibiotic;_rifamycin_antibiotic;_phenicol_antibiotic;_disinfecting_agents_and_antiseptics	11	435	435	1.0	Enterobacter cloacae (chromosome)
barcode07_6Gb	contig_12595	39069	39450	marA_fluoroquinolone_antibiotic;_monobactam;_carbapenem;_cephalosporin;_glycylcycline;_cephamycin;_penam;_tetracycline_antibiotic;_rifamycin_antibiotic;_phenicol_antibiotic;_penem;_disinfecting_agents_and_antiseptics	11	381	381	1.0	Enterobacter roggenkampii (chromosome)
barcode07_6Gb	contig_1263	3903	4731	OXA-253_carbapenem;_penam	74	828	828	1.0	Acinetobacter baumannii (chromosome)
barcode07_6Gb	contig_1263	26697	28173	msrE_macrolide_antibiotic;_streptogramin_antibiotic	45	1476	1476	1.0	Unknown taxonomy (chromosome or plasmid)
barcode07_6Gb	contig_1263	28228	29113	mphE_macrolide_antibiotic	45	885	885	1.0	Unknown taxonomy (chromosome or plasmid)
barcode07_6Gb	contig_12731	6602	7169	FosA8_phosphonic_acid_antibiotic	13	567	567	1.0	Klebsiella pneumoniae (chromosome or plasmid)
barcode07_6Gb	contig_12737	43761	43947	rsmA_fluoroquinolone_antibiotic;_diaminopyrimidine_antibiotic;_phenicol_antibiotic	9	186	186	1.0	Unknown taxonomy (chromosome or plasmid)
barcode07_6Gb	contig_12737	51842	53381	Klebsiella pneumoniae KpnH_macrolide_antibiotic;_fluoroquinolone_antibiotic;_aminoglycoside_antibiotic;_carbapenem;_cephalosporin;_penam;_peptide_antibiotic;_penem	10	1539	1539	1.0	Klebsiella pneumoniae (chromosome or plasmid)
barcode07_6Gb	contig_12737	53396	54569	Klebsiella pneumoniae KpnG_macrolide_antibiotic;_fluoroquinolone_antibiotic;_aminoglycoside_antibiotic;_carbapenem;_cephalosporin;_penam;_peptide_antibiotic;_penem	10	1173	1173	1.0	Klebsiella pneumoniae (chromosome or plasmid)
barcode07_6Gb	contig_12737	54694	55225	emrR_fluoroquinolone_antibiotic	7	531	531	1.0	Klebsiella (chromosome or plasmid)
barcode07_6Gb	contig_1274	17889	18774	mphE_macrolide_antibiotic	40	885	885	1.0	Unknown taxonomy (chromosome or plasmid)
barcode07_6Gb	contig_1274	18829	20305	msrE_macrolide_antibiotic;_streptogramin_antibiotic	45	1476	1476	1.0	Unknown taxonomy (chromosome or plasmid)
barcode07_6Gb	contig_1287	2272	3157	mphE_macrolide_antibiotic	59	885	885	1.0	Unknown taxonomy (chromosome or plasmid)
barcode07_6Gb	contig_129	13937	14696	vanY gene in vanB cluster_glycopeptide_antibiotic	14	759	759	1.0	
barcode07_6Gb	contig_129	460484	461615	vanT gene in vanG cluster_glycopeptide_antibiotic	9	1131	1131	1.0	
barcode07_6Gb	contig_1294	9610	11086	msrE_macrolide_antibiotic;_streptogramin_antibiotic	93	1476	1476	1.0	Unknown taxonomy (chromosome or plasmid)
barcode07_6Gb	contig_1294	11141	12026	mphE_macrolide_antibiotic	82	885	885	1.0	Unknown taxonomy (chromosome or plasmid)
barcode07_6Gb	contig_1325	1019	1904	mphE_macrolide_antibiotic	74	885	885	1.0	Unknown taxonomy (chromosome or plasmid)
barcode07_6Gb	contig_1325	1959	3435	msrE_macrolide_antibiotic;_streptogramin_antibiotic	65	1476	1476	1.0	Unknown taxonomy (chromosome or plasmid)
barcode07_6Gb	contig_1340	705943	707053	vanT gene in vanG cluster_glycopeptide_antibiotic	78	1110	1110	1.0	
barcode07_6Gb	contig_1342	880146	880476	qacG_disinfecting_agents_and_antiseptics	15	330	330	1.0	
barcode07_6Gb	contig_1342	1040045	1040792	vanY gene in vanG cluster_glycopeptide_antibiotic	14	747	747	1.0	
barcode07_6Gb	contig_1342	1698715	1700710	lmrD_lincosamide_antibiotic	19	1995	1995	1.0	
barcode07_6Gb	contig_1358	364160	364649	nimJ_nitroimidazole_antibiotic	6	489	489	1.0	
barcode07_6Gb	contig_1360	23533	26011	vanT gene in vanG cluster_glycopeptide_antibiotic	15	2478	2478	1.0	
barcode07_6Gb	contig_1452	172570	173395	gadX_macrolide_antibiotic;_fluoroquinolone_antibiotic;_penam	31	825	825	1.0	Escherichia coli (chromosome)
barcode07_6Gb	contig_1452	173762	174491	gadW_macrolide_antibiotic;_fluoroquinolone_antibiotic;_penam	34	729	729	1.0	Escherichia coli (chromosome)
barcode07_6Gb	contig_1452	177992	179150	mdtE_macrolide_antibiotic;_fluoroquinolone_antibiotic;_penam	42	1158	1158	1.0	Unknown taxonomy (chromosome)
barcode07_6Gb	contig_1456	1214157	1215315	vanT gene in vanG cluster_glycopeptide_antibiotic	57	1158	1158	1.0	
barcode07_6Gb	contig_1456	1796729	1797716	vanH gene in vanO cluster_glycopeptide_antibiotic	46	987	987	1.0	
barcode07_6Gb	contig_146	224	1043	mphA_macrolide_antibiotic	128	819	819	1.0	Unknown taxonomy (chromosome or plasmid)
barcode07_6Gb	contig_146	1039	2278	Mrx_macrolide_antibiotic	137	1239	1239	1.0	Unknown taxonomy (chromosome or plasmid)
barcode07_6Gb	contig_146	7680	8520	sul1_sulfonamide_antibiotic	71	840	840	1.0	Unknown taxonomy (chromosome or plasmid)
barcode07_6Gb	contig_146	8513	8861	qacEdelta1_disinfecting_agents_and_antiseptics	62	348	348	1.0	Unknown taxonomy (chromosome or plasmid)
barcode07_6Gb	contig_146	9061	9556	dfrA15b_diaminopyrimidine_antibiotic	9	495	495	1.0	Unknown taxonomy (chromosome or plasmid)
barcode07_6Gb	contig_15	75213	76416	vanT gene in vanG cluster_glycopeptide_antibiotic	23	1203	1203	1.0	
barcode07_6Gb	contig_15	146691	148185	vanW gene in vanI cluster_glycopeptide_antibiotic	13	1494	1494	1.0	
barcode07_6Gb	contig_15	1076050	1076614	lnuC_lincosamide_antibiotic	50	564	564	1.0	Unknown taxonomy (chromosome or plasmid)
barcode07_6Gb	contig_15	1911454	1914607	adeF_fluoroquinolone_antibiotic;_tetracycline_antibiotic	20	3153	3153	1.0	
barcode07_6Gb	contig_15	1980408	1980972	lnuC_lincosamide_antibiotic	39	564	564	1.0	Unknown taxonomy (chromosome or plasmid)
barcode07_6Gb	contig_153	7073	7934	TEM-1_monobactam;_cephalosporin;_penam;_penem	42	861	861	1.0	Unknown taxonomy (chromosome or plasmid)
barcode07_6Gb	contig_1558	5014	5347	Escherichia coli emrE_macrolide_antibiotic	20	333	333	1.0	Unknown taxonomy (chromosome or plasmid)
barcode07_6Gb	contig_156	347	1208	AAC(3)-IIe_aminoglycoside_antibiotic	6	861	861	1.0	Unknown taxonomy (chromosome or plasmid)
barcode07_6Gb	contig_156	1696	2341	QnrB19_fluoroquinolone_antibiotic	78	645	645	1.0	Unknown taxonomy (chromosome or plasmid)
barcode07_6Gb	contig_156	11818	12655	APH(6)-Id_aminoglycoside_antibiotic	18	837	837	1.0	Unknown taxonomy (chromosome or plasmid)
barcode07_6Gb	contig_1568	46320	48813	vanT gene in vanG cluster_glycopeptide_antibiotic	13	2493	2493	1.0	
barcode07_6Gb	contig_158	153	969	APH(3')-Ia_aminoglycoside_antibiotic	26	816	816	1.0	Unknown taxonomy (chromosome or plasmid)
barcode07_6Gb	contig_1588	6260	6734	dfrA6_diaminopyrimidine_antibiotic	46	474	474	1.0	Unknown taxonomy (chromosome or plasmid)
barcode07_6Gb	contig_1588	6892	7549	QnrVC1_fluoroquinolone_antibiotic	40	657	657	1.0	Unknown taxonomy (chromosome or plasmid)
barcode07_6Gb	contig_1588	46064	46940	OXA-4_cephalosporin;_penam	10	876	876	1.0	Pseudomonas aeruginosa (chromosome or plasmid)
barcode07_6Gb	contig_1588	47151	47499	qacEdelta1_disinfecting_agents_and_antiseptics	14	348	348	1.0	Unknown taxonomy (chromosome or plasmid)
barcode07_6Gb	contig_1588	47492	48332	sul1_sulfonamide_antibiotic	10	840	840	1.0	Unknown taxonomy (chromosome or plasmid)
barcode07_6Gb	contig_162	15640	16522	KPC-2_monobactam;_carbapenem;_cephalosporin;_penam	283	882	882	1.0	Unknown taxonomy (chromosome or plasmid)
barcode07_6Gb	contig_1631	303807	304959	ADC-154_cephalosporin	19	1152	1152	1.0	Acinetobacter baumannii (chromosome or plasmid)
barcode07_6Gb	contig_1631	408137	409586	adeH_fluoroquinolone_antibiotic;_tetracycline_antibiotic	26	1449	1449	1.0	Acinetobacter baumannii (chromosome or plasmid)
barcode07_6Gb	contig_1631	409598	412778	adeF_fluoroquinolone_antibiotic;_tetracycline_antibiotic	27	3180	3180	1.0	Acinetobacter baumannii (chromosome or plasmid)
barcode07_6Gb	contig_1631	412784	414005	adeG_fluoroquinolone_antibiotic;_tetracycline_antibiotic	26	1221	1221	1.0	Acinetobacter baumannii (chromosome or plasmid)
barcode07_6Gb	contig_1631	414220	415234	adeL_fluoroquinolone_antibiotic;_tetracycline_antibiotic	22	1014	1014	1.0	Acinetobacter baumannii (chromosome or plasmid)
barcode07_6Gb	contig_1631	418542	418872	abeS_macrolide_antibiotic;_aminocoumarin_antibiotic	24	330	330	1.0	Acinetobacter baumannii (chromosome or plasmid)
barcode07_6Gb	contig_1631	679426	680905	Acinetobacter baumannii AmvA_macrolide_antibiotic;_disinfecting_agents_and_antiseptics	21	1479	1479	1.0	Acinetobacter baumannii (chromosome or plasmid)
barcode07_6Gb	contig_1631	789691	790345	adeN_macrolide_antibiotic;_fluoroquinolone_antibiotic;_lincosamide_antibiotic;_carbapenem;_cephalosporin;_tetracycline_antibiotic;_rifamycin_antibiotic;_diaminopyrimidine_antibiotic;_phenicol_antibiotic;_penem	24	654	654	1.0	Acinetobacter baumannii (chromosome or plasmid)
barcode07_6Gb	contig_1631	1025688	1026993	Acinetobacter baumannii AbaQ_fluoroquinolone_antibiotic	24	1305	1305	1.0	Acinetobacter baumannii (chromosome or plasmid)
barcode07_6Gb	contig_165	3439	4300	SHV-120_carbapenem;_cephalosporin;_penam	18	861	861	1.0	Unknown taxonomy (chromosome or plasmid)
barcode07_6Gb	contig_166	11746	12985	Mrx_macrolide_antibiotic	71	1239	1239	1.0	Unknown taxonomy (chromosome or plasmid)
barcode07_6Gb	contig_166	12981	13887	mphA_macrolide_antibiotic	78	906	906	1.0	Unknown taxonomy (chromosome or plasmid)
barcode07_6Gb	contig_166	14954	15815	TEM-1_monobactam;_cephalosporin;_penam;_penem	25	861	861	1.0	Unknown taxonomy (chromosome or plasmid)
barcode07_6Gb	contig_168	1134	1974	sul1_sulfonamide_antibiotic	34	840	840	1.0	Unknown taxonomy (chromosome or plasmid)
barcode07_6Gb	contig_168	1967	2315	qacEdelta1_disinfecting_agents_and_antiseptics	35	348	348	1.0	Unknown taxonomy (chromosome or plasmid)
barcode07_6Gb	contig_168	2520	3309	aadA5_aminoglycoside_antibiotic	30	789	789	1.0	Unknown taxonomy (chromosome or plasmid)
barcode07_6Gb	contig_168	3439	4039	dfrA17_diaminopyrimidine_antibiotic	27	600	600	1.0	Unknown taxonomy (chromosome or plasmid)
barcode07_6Gb	contig_169	2519	3404	mphE_macrolide_antibiotic	38	885	885	1.0	Unknown taxonomy (chromosome or plasmid)
barcode07_6Gb	contig_169	3459	4935	msrE_macrolide_antibiotic;_streptogramin_antibiotic	35	1476	1476	1.0	Unknown taxonomy (chromosome or plasmid)
barcode07_6Gb	contig_169	6327	6861	ANT(2'')-Ia_aminoglycoside_antibiotic	10	534	534	1.0	Unknown taxonomy (chromosome or plasmid)
barcode07_6Gb	contig_169	7005	7905	VEB-1_monobactam;_cephalosporin	15	900	900	1.0	Unknown taxonomy (chromosome or plasmid)
barcode07_6Gb	contig_169	8023	9283	cmlA5_phenicol_antibiotic	34	1260	1260	1.0	Unknown taxonomy (chromosome or plasmid)
barcode07_6Gb	contig_169	9497	10136	AAC(6')-Ib9_aminoglycoside_antibiotic	28	639	639	1.0	Unknown taxonomy (chromosome or plasmid)
barcode07_6Gb	contig_169	10218	10875	QnrVC4_fluoroquinolone_antibiotic	25	657	657	1.0	Unknown taxonomy (chromosome or plasmid)
barcode07_6Gb	contig_17	1171397	1172729	vanW gene in vanI cluster_glycopeptide_antibiotic	13	1332	1332	1.0	
barcode07_6Gb	contig_17	1271770	1274911	adeF_fluoroquinolone_antibiotic;_tetracycline_antibiotic	17	3141	3141	1.0	
barcode07_6Gb	contig_17	1469198	1470311	vanT gene in vanG cluster_glycopeptide_antibiotic	20	1113	1113	1.0	
barcode07_6Gb	contig_17	2410521	2411898	vanW gene in vanI cluster_glycopeptide_antibiotic	11	1377	1377	1.0	
barcode07_6Gb	contig_171	3464	4037	AAC(6')-Ian_aminoglycoside_antibiotic	12	573	573	1.0	Unknown taxonomy (chromosome or plasmid)
barcode07_6Gb	contig_172	2679	3540	SHV-2A_carbapenem;_cephalosporin;_penam	7	861	861	1.0	Unknown taxonomy (chromosome or plasmid)
barcode07_6Gb	contig_1744	3468	4707	tet(40)_tetracycline_antibiotic	17	1239	1239	1.0	Faecalibacterium prausnitzii (chromosome)
barcode07_6Gb	contig_175	8953	9757	APH(3'')-Ib_aminoglycoside_antibiotic	68	804	804	1.0	Unknown taxonomy (chromosome or plasmid)
barcode07_6Gb	contig_175	9756	10593	APH(6)-Id_aminoglycoside_antibiotic	58	837	837	1.0	Unknown taxonomy (chromosome or plasmid)
barcode07_6Gb	contig_1768	42969	44280	Acinetobacter baumannii AbaQ_fluoroquinolone_antibiotic	5	1311	1311	1.0	Acinetobacter lwoffii (chromosome)
barcode07_6Gb	contig_1817	46212	47127	vanW gene in vanG cluster_glycopeptide_antibiotic	342	915	915	1.0	Acinetobacter johnsonii (chromosome)
barcode07_6Gb	contig_1831	385746	388902	adeF_fluoroquinolone_antibiotic;_tetracycline_antibiotic	21	3156	3156	1.0	
barcode07_6Gb	contig_198	2661	3501	sul1_sulfonamide_antibiotic	89	840	840	1.0	Unknown taxonomy (chromosome or plasmid)
barcode07_6Gb	contig_198	3957	4491	ANT(2'')-Ia_aminoglycoside_antibiotic	59	534	534	1.0	Unknown taxonomy (chromosome or plasmid)
barcode07_6Gb	contig_198	4613	5477	GES-1_carbapenem;_cephalosporin;_penam	75	864	864	1.0	Unknown taxonomy (chromosome or plasmid)
barcode07_6Gb	contig_200	35664	37149	APH(3'')-Ib_aminoglycoside_antibiotic	55	1485	1485	1.0	Pseudomonas aeruginosa (chromosome or plasmid)
barcode07_6Gb	contig_200	37148	37985	APH(6)-Id_aminoglycoside_antibiotic	41	837	837	1.0	Unknown taxonomy (chromosome or plasmid)
barcode07_6Gb	contig_200	42967	44167	tet(A)_tetracycline_antibiotic	37	1200	1200	1.0	Unknown taxonomy (chromosome or plasmid)
barcode07_6Gb	contig_2014	50349	50763	H-NS_macrolide_antibiotic;_fluoroquinolone_antibiotic;_cephalosporin;_cephamycin;_penam;_tetracycline_antibiotic	18	414	414	1.0	Unknown taxonomy (chromosome or plasmid)
barcode07_6Gb	contig_2014	202427	203636	mdtH_fluoroquinolone_antibiotic	24	1209	1209	1.0	Unknown taxonomy (chromosome or plasmid)
barcode07_6Gb	contig_2014	212266	213493	mdtG_phosphonic_acid_antibiotic	24	1227	1227	1.0	Unknown taxonomy (chromosome or plasmid)
barcode07_6Gb	contig_2015	50694	53844	adeF_fluoroquinolone_antibiotic;_tetracycline_antibiotic	69	3150	3150	1.0	Aeromonas caviae (chromosome or plasmid)
barcode07_6Gb	contig_2025	89493	90678	Escherichia coli EF-Tu mutants conferring resistance to Pulvomycin_elfamycin_antibiotic	29	1185	1185	1.0	Unknown taxonomy (chromosome)
barcode07_6Gb	contig_2187	25838	27038	tet(A)_tetracycline_antibiotic	24	1200	1200	1.0	Unknown taxonomy (chromosome or plasmid)
barcode07_6Gb	contig_2198	54395	54830	Escherichia coli AcrAB-TolC with MarR mutations conferring resistance to ciprofloxacin and tetracycline_fluoroquinolone_antibiotic;_cephalosporin;_glycylcycline;_penam;_tetracycline_antibiotic;_rifamycin_antibiotic;_phenicol_antibiotic;_disinfecting_agents_and_antiseptics	19	435	435	1.0	Unknown taxonomy (chromosome or plasmid)
barcode07_6Gb	contig_2198	54849	55233	marA_fluoroquinolone_antibiotic;_monobactam;_carbapenem;_cephalosporin;_glycylcycline;_cephamycin;_penam;_tetracycline_antibiotic;_rifamycin_antibiotic;_phenicol_antibiotic;_penem;_disinfecting_agents_and_antiseptics	19	384	384	1.0	Unknown taxonomy (chromosome or plasmid)
barcode07_6Gb	contig_2198	93878	94208	Klebsiella pneumoniae KpnF_macrolide_antibiotic;_aminoglycoside_antibiotic;_cephalosporin;_tetracycline_antibiotic;_peptide_antibiotic;_rifamycin_antibiotic;_disinfecting_agents_and_antiseptics	16	330	330	1.0	Unknown taxonomy (chromosome or plasmid)
barcode07_6Gb	contig_2198	94194	94560	Klebsiella pneumoniae KpnE_macrolide_antibiotic;_aminoglycoside_antibiotic;_cephalosporin;_tetracycline_antibiotic;_peptide_antibiotic;_rifamycin_antibiotic;_disinfecting_agents_and_antiseptics	16	366	366	1.0	Unknown taxonomy (chromosome or plasmid)
barcode07_6Gb	contig_235	6293	6791	dfrA12_diaminopyrimidine_antibiotic	40	498	498	1.0	Unknown taxonomy (chromosome or plasmid)
barcode07_6Gb	contig_235	7210	7990	aadA2_aminoglycoside_antibiotic	48	780	780	1.0	Unknown taxonomy (chromosome or plasmid)
barcode07_6Gb	contig_235	8153	8501	qacEdelta1_disinfecting_agents_and_antiseptics	75	348	348	1.0	Unknown taxonomy (chromosome or plasmid)
barcode07_6Gb	contig_235	8494	9334	sul1_sulfonamide_antibiotic	76	840	840	1.0	Unknown taxonomy (chromosome or plasmid)
barcode07_6Gb	contig_2365	1742	2567	OXA-644_carbapenem;_penam	326	825	825	1.0	Acinetobacter johnsonii (chromosome)
barcode07_6Gb	contig_2366	1742	2567	OXA-652_carbapenem;_penam	342	825	825	1.0	Acinetobacter johnsonii (chromosome)
barcode07_6Gb	contig_2389	161288	162176	vanW gene in vanG cluster_glycopeptide_antibiotic	10	888	888	1.0	
barcode07_6Gb	contig_2391	31574	31829	rsmA_fluoroquinolone_antibiotic;_diaminopyrimidine_antibiotic;_phenicol_antibiotic	17	255	255	1.0	
barcode07_6Gb	contig_2445	1107	1929	lnuF_lincosamide_antibiotic	4	822	822	1.0	Unknown taxonomy (chromosome or plasmid)
barcode07_6Gb	contig_2445	2044	3265	EreA_macrolide_antibiotic	5	1221	1221	1.0	Unknown taxonomy (chromosome or plasmid)
barcode07_6Gb	contig_2445	3432	4149	aadA7_aminoglycoside_antibiotic	5	717	717	1.0	Unknown taxonomy (chromosome or plasmid)
barcode07_6Gb	contig_2482	2523	3708	Escherichia coli EF-Tu mutants conferring resistance to Pulvomycin_elfamycin_antibiotic	38	1185	1185	1.0	Enterobacter (chromosome or plasmid)
barcode07_6Gb	contig_2487	16155	17547	Escherichia coli UhpT with mutation conferring resistance to fosfomycin_phosphonic_acid_antibiotic	26	1392	1392	1.0	Enterobacter roggenkampii (chromosome or plasmid)
barcode07_6Gb	contig_2492	121886	123005	vanT gene in vanG cluster_glycopeptide_antibiotic	8	1119	1119	1.0	
barcode07_6Gb	contig_2507	41581	42229	Escherichia coli AcrAB-TolC with AcrR mutation conferring resistance to ciprofloxacin, tetracycline, and ceftazidime_fluoroquinolone_antibiotic;_cephalosporin;_glycylcycline;_penam;_tetracycline_antibiotic;_rifamycin_antibiotic;_phenicol_antibiotic;_disinfecting_agents_and_antiseptics	32	648	648	1.0	Unknown taxonomy (chromosome or plasmid)
barcode07_6Gb	contig_2507	42370	43564	Escherichia coli acrA_fluoroquinolone_antibiotic;_cephalosporin;_glycylcycline;_penam;_tetracycline_antibiotic;_rifamycin_antibiotic;_phenicol_antibiotic;_disinfecting_agents_and_antiseptics	31	1194	1194	1.0	Unknown taxonomy (chromosome or plasmid)
barcode07_6Gb	contig_2507	43586	46736	acrB_fluoroquinolone_antibiotic;_cephalosporin;_glycylcycline;_penam;_tetracycline_antibiotic;_rifamycin_antibiotic;_phenicol_antibiotic;_disinfecting_agents_and_antiseptics	24	3150	3150	1.0	Escherichia coli (chromosome or plasmid)
barcode07_6Gb	contig_2507	127043	128138	vanG_glycopeptide_antibiotic	32	1095	1095	1.0	Unknown taxonomy (chromosome or plasmid)
barcode07_6Gb	contig_2560	160850	161951	LpsB_peptide_antibiotic	33	1101	1101	1.0	Acinetobacter baumannii (chromosome or plasmid)
barcode07_6Gb	contig_2560	209584	210931	abeM_fluoroquinolone_antibiotic;_disinfecting_agents_and_antiseptics	37	1347	1347	1.0	Acinetobacter baumannii (chromosome or plasmid)
barcode07_6Gb	contig_2560	416664	418884	Acinetobacter baumannii parC conferring resistance to fluoroquinolones_fluoroquinolone_antibiotic	42	2220	2220	1.0	Acinetobacter baumannii (chromosome or plasmid)
barcode07_6Gb	contig_259	31975	35089	adeF_fluoroquinolone_antibiotic;_tetracycline_antibiotic	17	3114	3114	1.0	Enterobacter kobei (chromosome)
barcode07_6Gb	contig_2604	86170	88648	vanT gene in vanG cluster_glycopeptide_antibiotic	120	2478	2478	1.0	
barcode07_6Gb	contig_2611	980	2156	cmx_phenicol_antibiotic	7	1176	1176	1.0	Unknown taxonomy (chromosome or plasmid)
barcode07_6Gb	contig_2612	117427	118267	sul1_sulfonamide_antibiotic	97	840	840	1.0	Unknown taxonomy (chromosome or plasmid)
barcode07_6Gb	contig_2612	118260	118608	qacEdelta1_disinfecting_agents_and_antiseptics	83	348	348	1.0	Unknown taxonomy (chromosome or plasmid)
barcode07_6Gb	contig_2612	119601	120429	OXA-2_carbapenem;_cephalosporin;_penam	48	828	828	1.0	Unknown taxonomy (chromosome or plasmid)
barcode07_6Gb	contig_2613	1948	2788	sul1_sulfonamide_antibiotic	80	840	840	1.0	Unknown taxonomy (chromosome or plasmid)
barcode07_6Gb	contig_2613	2781	3129	qacEdelta1_disinfecting_agents_and_antiseptics	69	348	348	1.0	Unknown taxonomy (chromosome or plasmid)
barcode07_6Gb	contig_2613	3285	3918	catB3_phenicol_antibiotic	51	633	633	1.0	Unknown taxonomy (chromosome or plasmid)
barcode07_6Gb	contig_2613	4055	4886	OXA-1_cephalosporin;_penam	60	831	831	1.0	Unknown taxonomy (chromosome or plasmid)
barcode07_6Gb	contig_2613	5016	5616	AAC(6')-Ib-cr6_fluoroquinolone_antibiotic;_aminoglycoside_antibiotic	69	600	600	1.0	Unknown taxonomy (chromosome or plasmid)
barcode07_6Gb	contig_2692	603519	604335	sul2_sulfonamide_antibiotic	49	816	816	1.0	Unknown taxonomy (chromosome or plasmid)
barcode07_6Gb	contig_2692	605198	606035	APH(6)-Id_aminoglycoside_antibiotic	30	837	837	1.0	Unknown taxonomy (chromosome or plasmid)
barcode07_6Gb	contig_2692	607112	608312	tet(A)_tetracycline_antibiotic	36	1200	1200	1.0	Unknown taxonomy (chromosome or plasmid)
barcode07_6Gb	contig_2705	20812	21472	catA1_phenicol_antibiotic	4	660	660	1.0	Unknown taxonomy (chromosome or plasmid)
barcode07_6Gb	contig_271	16950	18096	MIR-10_monobactam;_cephalosporin	19	1146	1146	1.0	Enterobacter (chromosome)
barcode07_6Gb	contig_275	173516	174719	Escherichia coli EF-Tu mutants conferring resistance to Pulvomycin_elfamycin_antibiotic	44	1203	1203	1.0	Unknown taxonomy (chromosome or plasmid)
barcode07_6Gb	contig_2779	1392	2208	sul2_sulfonamide_antibiotic	56	816	816	1.0	Unknown taxonomy (chromosome or plasmid)
barcode07_6Gb	contig_2779	7313	8102	ANT(3'')-IIa_aminoglycoside_antibiotic	12	789	789	1.0	Acinetobacter (chromosome or plasmid)
barcode07_6Gb	contig_279	29949	31593	eptA_peptide_antibiotic	30	1644	1644	1.0	Unknown taxonomy (chromosome or plasmid)
barcode07_6Gb	contig_279	54369	55401	mdtN_nucleoside_antibiotic;_disinfecting_agents_and_antiseptics	33	1032	1032	1.0	Unknown taxonomy (chromosome or plasmid)
barcode07_6Gb	contig_279	80213	80678	Escherichia coli soxR with mutation conferring antibiotic resistance_fluoroquinolone_antibiotic;_cephalosporin;_glycylcycline;_penam;_tetracycline_antibiotic;_rifamycin_antibiotic;_phenicol_antibiotic;_disinfecting_agents_and_antiseptics	23	465	465	1.0	Unknown taxonomy (chromosome or plasmid)
barcode07_6Gb	contig_279	80763	81087	Escherichia coli soxS with mutation conferring antibiotic resistance_fluoroquinolone_antibiotic;_monobactam;_carbapenem;_cephalosporin;_glycylcycline;_cephamycin;_penam;_tetracycline_antibiotic;_rifamycin_antibiotic;_phenicol_antibiotic;_penem;_disinfecting_agents_and_antiseptics	26	324	324	1.0	Unknown taxonomy (chromosome or plasmid)
barcode07_6Gb	contig_279	221981	223166	Escherichia coli EF-Tu mutants conferring resistance to Pulvomycin_elfamycin_antibiotic	58	1185	1185	1.0	Unknown taxonomy (chromosome or plasmid)
barcode07_6Gb	contig_2832	6278	7115	APH(6)-Id_aminoglycoside_antibiotic	32	837	837	1.0	Unknown taxonomy (chromosome or plasmid)
barcode07_6Gb	contig_2862	6953	8066	vanT gene in vanG cluster_glycopeptide_antibiotic	17	1113	1113	1.0	
barcode07_6Gb	contig_29	480452	481646	vanT gene in vanG cluster_glycopeptide_antibiotic	26	1194	1194	1.0	
barcode07_6Gb	contig_29	632337	633510	vanT gene in vanG cluster_glycopeptide_antibiotic	15	1173	1173	1.0	
barcode07_6Gb	contig_29	640429	642391	tet(O)_tetracycline_antibiotic	13	1962	1962	1.0	
barcode07_6Gb	contig_290	77804	80918	acrD_aminoglycoside_antibiotic	8	3114	3114	1.0	Enterobacter (chromosome)
barcode07_6Gb	contig_2911	892	1081	rsmA_fluoroquinolone_antibiotic;_diaminopyrimidine_antibiotic;_phenicol_antibiotic	33	189	189	1.0	
barcode07_6Gb	contig_2924	103927	104527	AAC(6')-Ib-cr6_fluoroquinolone_antibiotic;_aminoglycoside_antibiotic	58	600	600	1.0	Unknown taxonomy (chromosome or plasmid)
barcode07_6Gb	contig_2924	104657	105488	OXA-1_cephalosporin;_penam	51	831	831	1.0	Unknown taxonomy (chromosome or plasmid)
barcode07_6Gb	contig_2924	105625	106258	catB3_phenicol_antibiotic	45	633	633	1.0	Unknown taxonomy (chromosome or plasmid)
barcode07_6Gb	contig_2924	106342	106795	arr-3_rifamycin_antibiotic	46	453	453	1.0	Unknown taxonomy (chromosome or plasmid)
barcode07_6Gb	contig_2924	107017	107365	qacEdelta1_disinfecting_agents_and_antiseptics	79	348	348	1.0	Unknown taxonomy (chromosome or plasmid)
barcode07_6Gb	contig_2924	107358	108198	sul1_sulfonamide_antibiotic	80	840	840	1.0	Unknown taxonomy (chromosome or plasmid)
barcode07_6Gb	contig_301	22307	23453	ACT-87_carbapenem;_cephalosporin;_cephamycin;_penam	6	1146	1146	1.0	Enterobacter kobei (chromosome)
barcode07_6Gb	contig_3057	1510	2323	NDM-1_carbapenem;_cephalosporin;_cephamycin;_penam	25	813	813	1.0	Unknown taxonomy (chromosome or plasmid)
barcode07_6Gb	contig_3057	3600	4380	APH(3')-VIa_aminoglycoside_antibiotic	24	780	780	1.0	Unknown taxonomy (chromosome or plasmid)
barcode07_6Gb	contig_3062	5408	6188	APH(3')-VIa_aminoglycoside_antibiotic	18	780	780	1.0	Unknown taxonomy (chromosome or plasmid)
barcode07_6Gb	contig_3062	7465	8278	NDM-1_carbapenem;_cephalosporin;_cephamycin;_penam	14	813	813	1.0	Unknown taxonomy (chromosome or plasmid)
barcode07_6Gb	contig_3066	1758	2211	arr-3_rifamycin_antibiotic	55	453	453	1.0	Unknown taxonomy (chromosome or plasmid)
barcode07_6Gb	contig_3066	2283	2904	AAC(6')-Ib9_aminoglycoside_antibiotic	56	621	621	1.0	Unknown taxonomy (chromosome or plasmid)
barcode07_6Gb	contig_3066	3072	3420	qacEdelta1_disinfecting_agents_and_antiseptics	75	348	348	1.0	Unknown taxonomy (chromosome or plasmid)
barcode07_6Gb	contig_3066	3413	4253	sul1_sulfonamide_antibiotic	85	840	840	1.0	Unknown taxonomy (chromosome or plasmid)
barcode07_6Gb	contig_3067	126966	127311	qacG_disinfecting_agents_and_antiseptics	11	345	345	1.0	Unknown taxonomy (chromosome or plasmid)
barcode07_6Gb	contig_3067	196706	197486	APH(3')-VIa_aminoglycoside_antibiotic	57	780	780	1.0	Unknown taxonomy (chromosome or plasmid)
barcode07_6Gb	contig_3067	207257	208481	tet(B)_tetracycline_antibiotic	23	1224	1224	1.0	Unknown taxonomy (chromosome or plasmid)
barcode07_6Gb	contig_3067	208541	209168	tetR_tetracycline_antibiotic	23	627	627	1.0	Unknown taxonomy (chromosome or plasmid)
barcode07_6Gb	contig_3067	217422	218349	PER-2_monobactam;_carbapenem;_cephalosporin;_penam;_penem	30	927	927	1.0	Unknown taxonomy (plasmid)
barcode07_6Gb	contig_3068	2	695	aadA_aminoglycoside_antibiotic	9	693	693	1.0	Unknown taxonomy (chromosome or plasmid)
barcode07_6Gb	contig_3069	5669	7733	MCR-5.1_peptide_antibiotic	3	2064	2064	1.0	Unknown taxonomy (chromosome or plasmid)
barcode07_6Gb	contig_3094	18663	19500	APH(6)-Id_aminoglycoside_antibiotic	40	837	837	1.0	Unknown taxonomy (chromosome or plasmid)
barcode07_6Gb	contig_3094	19499	20303	APH(3'')-Ib_aminoglycoside_antibiotic	36	804	804	1.0	Unknown taxonomy (chromosome or plasmid)
barcode07_6Gb	contig_313	4358	5543	Escherichia coli EF-Tu mutants conferring resistance to Pulvomycin_elfamycin_antibiotic	26	1185	1185	1.0	Klebsiella (chromosome or plasmid)
barcode07_6Gb	contig_315	4452	5637	Escherichia coli EF-Tu mutants conferring resistance to Pulvomycin_elfamycin_antibiotic	17	1185	1185	1.0	Klebsiella (chromosome or plasmid)
barcode07_6Gb	contig_3155	1175	1508	qacE_disinfecting_agents_and_antiseptics	8	333	333	1.0	Unknown taxonomy (chromosome or plasmid)
barcode07_6Gb	contig_3159	97397	98054	QnrVC1_fluoroquinolone_antibiotic	36	657	657	1.0	Unknown taxonomy (chromosome or plasmid)
barcode07_6Gb	contig_3159	98214	98994	aadA_aminoglycoside_antibiotic	42	780	780	1.0	Unknown taxonomy (chromosome or plasmid)
barcode07_6Gb	contig_3159	99743	100091	qacEdelta1_disinfecting_agents_and_antiseptics	81	348	348	1.0	Unknown taxonomy (chromosome or plasmid)
barcode07_6Gb	contig_3159	100084	100924	sul1_sulfonamide_antibiotic	86	840	840	1.0	Unknown taxonomy (chromosome or plasmid)
barcode07_6Gb	contig_3160	5711	6170	AAC(6')-Il_aminoglycoside_antibiotic	62	459	459	1.0	Unknown taxonomy (chromosome or plasmid)
barcode07_6Gb	contig_3160	6243	7107	GES-1_carbapenem;_cephalosporin;_penam	62	864	864	1.0	Unknown taxonomy (chromosome or plasmid)
barcode07_6Gb	contig_3160	7229	7763	ANT(2'')-Ia_aminoglycoside_antibiotic	55	534	534	1.0	Unknown taxonomy (chromosome or plasmid)
barcode07_6Gb	contig_3164	2	824	aadA16_aminoglycoside_antibiotic	7	822	822	1.0	Unknown taxonomy (chromosome or plasmid)
barcode07_6Gb	contig_3164	1677	2505	OXA-21_cephalosporin;_penam	7	828	828	1.0	Unknown taxonomy (chromosome or plasmid)
barcode07_6Gb	contig_3164	2574	3129	AAC(6')-IIa_aminoglycoside_antibiotic	11	555	555	1.0	Unknown taxonomy (chromosome or plasmid)
barcode07_6Gb	contig_3165	348	1176	OXA-2_carbapenem;_cephalosporin;_penam	16	828	828	1.0	Unknown taxonomy (chromosome or plasmid)
barcode07_6Gb	contig_3165	2133	2961	OXA-2_carbapenem;_cephalosporin;_penam	14	828	828	1.0	Unknown taxonomy (chromosome or plasmid)
barcode07_6Gb	contig_3165	3042	3693	AAC(6')-Ib9_aminoglycoside_antibiotic	13	651	651	1.0	Unknown taxonomy (chromosome or plasmid)
barcode07_6Gb	contig_3165	3734	4598	GES-1_carbapenem;_cephalosporin;_penam	13	864	864	1.0	Unknown taxonomy (chromosome or plasmid)
barcode07_6Gb	contig_3278	15966	16704	ErmB_macrolide_antibiotic;_lincosamide_antibiotic;_streptogramin_antibiotic;_streptogramin_A_antibiotic;_streptogramin_B_antibiotic	16	738	738	1.0	Unknown taxonomy (chromosome or plasmid)
barcode07_6Gb	contig_3309	35506	36328	bacA_peptide_antibiotic	11	822	822	1.0	
barcode07_6Gb	contig_3330	22854	24126	Acinetobacter baumannii AbaQ_fluoroquinolone_antibiotic	14	1272	1272	1.0	
barcode07_6Gb	contig_3389	50561	51542	PmrF_peptide_antibiotic	11	981	981	1.0	
barcode07_6Gb	contig_3389	54424	56080	ArnT_peptide_antibiotic	7	1656	1656	1.0	Escherichia coli (no genomic info)
barcode07_6Gb	contig_3398	145787	146117	qacG_disinfecting_agents_and_antiseptics	2	330	330	1.0	
barcode07_6Gb	contig_3398	279280	280663	mdeA_fluoroquinolone_antibiotic;_aminoglycoside_antibiotic;_penam;_tetracycline_antibiotic;_disinfecting_agents_and_antiseptics	5	1383	1383	1.0	
barcode07_6Gb	contig_3475	7999	8875	CTX-M-55_cephalosporin	8	876	876	1.0	Unknown taxonomy (chromosome or plasmid)
barcode07_6Gb	contig_3475	9656	10394	TEM-244_monobactam;_cephalosporin;_penam;_penem	8	738	738	1.0	Unknown taxonomy (chromosome or plasmid)
barcode07_6Gb	contig_3475	11539	11956	FosA3_phosphonic_acid_antibiotic	3	417	417	1.0	Unknown taxonomy (chromosome or plasmid)
barcode07_6Gb	contig_3475	14778	15573	APH(3')-IIa_aminoglycoside_antibiotic	4	795	795	1.0	Unknown taxonomy (chromosome or plasmid)
barcode07_6Gb	contig_3480	7481	8342	TEM-1_monobactam;_cephalosporin;_penam;_penem	46	861	861	1.0	Unknown taxonomy (chromosome or plasmid)
barcode07_6Gb	contig_3480	9041	9866	OXA-9_penam	33	825	825	1.0	Unknown taxonomy (chromosome or plasmid)
barcode07_6Gb	contig_3480	9925	10702	aadA_aminoglycoside_antibiotic	35	777	777	1.0	Unknown taxonomy (chromosome or plasmid)
barcode07_6Gb	contig_3480	10783	11389	AAC(6')-Ib9_aminoglycoside_antibiotic	33	606	606	1.0	Unknown taxonomy (chromosome or plasmid)
barcode07_6Gb	contig_349	124694	126317	mdtM_fluoroquinolone_antibiotic;_lincosamide_antibiotic;_nucleoside_antibiotic;_phenicol_antibiotic;_disinfecting_agents_and_antiseptics	31	1623	1623	1.0	Unknown taxonomy (chromosome or plasmid)
barcode07_6Gb	contig_349	276863	277808	leuO_nucleoside_antibiotic;_disinfecting_agents_and_antiseptics	27	945	945	1.0	Unknown taxonomy (chromosome or plasmid)
barcode07_6Gb	contig_349	283909	285676	Haemophilus influenzae PBP3 conferring resistance to beta-lactam antibiotics_cephalosporin;_cephamycin;_penam	44	1767	1767	1.0	Escherichia coli (chromosome or plasmid)
barcode07_6Gb	contig_3490	31186	33652	vanT gene in vanG cluster_glycopeptide_antibiotic	19	2466	2466	1.0	Phocaeicola (chromosome)
barcode07_6Gb	contig_3506	161575	162253	kdpE_aminoglycoside_antibiotic	28	678	678	1.0	Unknown taxonomy (chromosome or plasmid)
barcode07_6Gb	contig_3515	10946	11726	APH(3')-VIa_aminoglycoside_antibiotic	67	780	780	1.0	Unknown taxonomy (chromosome or plasmid)
barcode07_6Gb	contig_3516	9475	10666	tet(C)_tetracycline_antibiotic	42	1191	1191	1.0	Unknown taxonomy (chromosome or plasmid)
barcode07_6Gb	contig_3516	12354	13269	APH(6)-Id_aminoglycoside_antibiotic	5	915	915	1.0	Unknown taxonomy (chromosome or plasmid)
barcode07_6Gb	contig_353	5022	5898	CTX-M-15_cephalosporin;_penam	26	876	876	1.0	Unknown taxonomy (chromosome or plasmid)
barcode07_6Gb	contig_353	10538	11195	QnrS1_fluoroquinolone_antibiotic	39	657	657	1.0	Unknown taxonomy (chromosome or plasmid)
barcode07_6Gb	contig_356	1213	2428	floR_phenicol_antibiotic	17	1215	1215	1.0	Unknown taxonomy (chromosome or plasmid)
barcode07_6Gb	contig_3570	54794	56168	cpxA_aminoglycoside_antibiotic;_aminocoumarin_antibiotic	12	1374	1374	1.0	
barcode07_6Gb	contig_3577	1768	2956	tet(39)_tetracycline_antibiotic	18	1188	1188	1.0	Unknown taxonomy (plasmid)
barcode07_6Gb	contig_3579	1609	2824	floR_phenicol_antibiotic	16	1215	1215	1.0	Unknown taxonomy (chromosome or plasmid)
barcode07_6Gb	contig_3581	907	2074	tet(X)_glycylcycline;_tetracycline_antibiotic	24	1167	1167	1.0	Unknown taxonomy (chromosome or plasmid)
barcode07_6Gb	contig_3582	1175	1955	aadA_aminoglycoside_antibiotic	10	780	780	1.0	Unknown taxonomy (chromosome or plasmid)
barcode07_6Gb	contig_3582	2124	2457	qacL_disinfecting_agents_and_antiseptics	8	333	333	1.0	Unknown taxonomy (chromosome or plasmid)
barcode07_6Gb	contig_3582	3637	4429	sul3_sulfonamide_antibiotic	5	792	792	1.0	Unknown taxonomy (chromosome or plasmid)
barcode07_6Gb	contig_360	26835	27309	dfrA1_diaminopyrimidine_antibiotic	21	474	474	1.0	Unknown taxonomy (chromosome or plasmid)
barcode07_6Gb	contig_360	27413	28193	aadA_aminoglycoside_antibiotic	24	780	780	1.0	Unknown taxonomy (chromosome or plasmid)
barcode07_6Gb	contig_360	28356	28704	qacEdelta1_disinfecting_agents_and_antiseptics	16	348	348	1.0	Unknown taxonomy (chromosome or plasmid)
barcode07_6Gb	contig_360	29948	30764	sul2_sulfonamide_antibiotic	37	816	816	1.0	Unknown taxonomy (chromosome or plasmid)
barcode07_6Gb	contig_360	36869	37526	QnrS1_fluoroquinolone_antibiotic	18	657	657	1.0	Unknown taxonomy (chromosome or plasmid)
barcode07_6Gb	contig_361	27159	28398	Mrx_macrolide_antibiotic	90	1239	1239	1.0	Unknown taxonomy (chromosome or plasmid)
barcode07_6Gb	contig_361	28394	29300	mphA_macrolide_antibiotic	87	906	906	1.0	Unknown taxonomy (chromosome or plasmid)
barcode07_6Gb	contig_3627	17504	19430	tet(Q)_tetracycline_antibiotic	16	1926	1926	1.0	Unknown taxonomy (chromosome)
barcode07_6Gb	contig_3654	1157	2021	APH(3'')-Ib_aminoglycoside_antibiotic	23	864	864	1.0	Unknown taxonomy (chromosome or plasmid)
barcode07_6Gb	contig_3654	2020	2857	APH(6)-Id_aminoglycoside_antibiotic	29	837	837	1.0	Unknown taxonomy (chromosome or plasmid)
barcode07_6Gb	contig_383	2277	3114	APH(6)-Id_aminoglycoside_antibiotic	60	837	837	1.0	Unknown taxonomy (chromosome or plasmid)
barcode07_6Gb	contig_383	3113	3917	APH(3'')-Ib_aminoglycoside_antibiotic	64	804	804	1.0	Unknown taxonomy (chromosome or plasmid)
barcode07_6Gb	contig_3850	33017	35636	adeF_fluoroquinolone_antibiotic;_tetracycline_antibiotic	28	2619	2619	1.0	Unknown taxonomy (chromosome)
barcode07_6Gb	contig_3852	1125	2025	VEB-3_monobactam;_cephalosporin	12	900	900	1.0	Unknown taxonomy (chromosome or plasmid)
barcode07_6Gb	contig_3891	12626	13667	vanG_glycopeptide_antibiotic	6	1041	1041	1.0	
barcode07_6Gb	contig_3891	13663	14416	vanXY gene in vanG cluster_glycopeptide_antibiotic	4	753	753	1.0	
barcode07_6Gb	contig_3891	14402	15221	vanT gene in vanG cluster_glycopeptide_antibiotic	4	819	819	1.0	
barcode07_6Gb	contig_3985	70339	71731	Escherichia coli UhpT with mutation conferring resistance to fosfomycin_phosphonic_acid_antibiotic	19	1392	1392	1.0	Enterobacter kobei (chromosome or plasmid)
barcode07_6Gb	contig_4000	780098	783290	adeF_fluoroquinolone_antibiotic;_tetracycline_antibiotic	78	3192	3192	1.0	
barcode07_6Gb	contig_4030	8798	9431	CRP_macrolide_antibiotic;_fluoroquinolone_antibiotic;_penam	8	633	633	1.0	Citrobacter freundii (chromosome)
barcode07_6Gb	contig_4030	27827	29012	Escherichia coli EF-Tu mutants conferring resistance to Pulvomycin_elfamycin_antibiotic	23	1185	1185	1.0	Unknown taxonomy (chromosome or plasmid)
barcode07_6Gb	contig_4031	12305	13490	Escherichia coli EF-Tu mutants conferring resistance to Pulvomycin_elfamycin_antibiotic	33	1185	1185	1.0	Unknown taxonomy (chromosome or plasmid)
barcode07_6Gb	contig_4032	13547	14732	Escherichia coli EF-Tu mutants conferring resistance to Pulvomycin_elfamycin_antibiotic	29	1185	1185	1.0	Enterobacter roggenkampii (chromosome or plasmid)
barcode07_6Gb	contig_4032	37968	38601	CRP_macrolide_antibiotic;_fluoroquinolone_antibiotic;_penam	22	633	633	1.0	Enterobacter roggenkampii (chromosome or plasmid)
barcode07_6Gb	contig_4033	19350	20535	Escherichia coli EF-Tu mutants conferring resistance to Pulvomycin_elfamycin_antibiotic	19	1185	1185	1.0	Unknown taxonomy (chromosome or plasmid)
barcode07_6Gb	contig_4034	15466	16651	Escherichia coli EF-Tu mutants conferring resistance to Pulvomycin_elfamycin_antibiotic	26	1185	1185	1.0	Unknown taxonomy (chromosome or plasmid)
barcode07_6Gb	contig_4034	39954	40587	CRP_macrolide_antibiotic;_fluoroquinolone_antibiotic;_penam	14	633	633	1.0	Unknown taxonomy (chromosome)
barcode07_6Gb	contig_4035	118827	119490	AcrS_fluoroquinolone_antibiotic;_cephalosporin;_glycylcycline;_cephamycin;_penam;_tetracycline_antibiotic;_rifamycin_antibiotic;_phenicol_antibiotic;_disinfecting_agents_and_antiseptics	37	663	663	1.0	Unknown taxonomy (chromosome or plasmid)
barcode07_6Gb	contig_4035	119888	121046	AcrE_fluoroquinolone_antibiotic;_cephalosporin;_cephamycin;_penam	40	1158	1158	1.0	Unknown taxonomy (chromosome or plasmid)
barcode07_6Gb	contig_4035	121057	124162	AcrF_fluoroquinolone_antibiotic;_cephalosporin;_cephamycin;_penam	38	3105	3105	1.0	Unknown taxonomy (chromosome or plasmid)
barcode07_6Gb	contig_4035	176184	177369	Escherichia coli EF-Tu mutants conferring resistance to Pulvomycin_elfamycin_antibiotic	26	1185	1185	1.0	Unknown taxonomy (chromosome or plasmid)
barcode07_6Gb	contig_4115	3461	3788	qacG_disinfecting_agents_and_antiseptics	4	327	327	1.0	
barcode07_6Gb	contig_4115	11907	15033	adeF_fluoroquinolone_antibiotic;_tetracycline_antibiotic	10	3126	3126	1.0	
barcode07_6Gb	contig_4116	13386	14019	CRP_macrolide_antibiotic;_fluoroquinolone_antibiotic;_penam	20	633	633	1.0	Enterobacter (chromosome or plasmid)
barcode07_6Gb	contig_4138	17576	18818	mdtM_fluoroquinolone_antibiotic;_lincosamide_antibiotic;_nucleoside_antibiotic;_phenicol_antibiotic;_disinfecting_agents_and_antiseptics	13	1242	1242	1.0	
barcode07_6Gb	contig_4187	67416	69342	tet(Q)_tetracycline_antibiotic	42	1926	1926	1.0	Unknown taxonomy (chromosome)
barcode07_6Gb	contig_4264	5457	6339	KPC-2_monobactam;_carbapenem;_cephalosporin;_penam	51	882	882	1.0	Unknown taxonomy (chromosome or plasmid)
barcode07_6Gb	contig_4307	1963	2779	sul2_sulfonamide_antibiotic	60	816	816	1.0	Acinetobacter baumannii (chromosome or plasmid)
barcode07_6Gb	contig_4343	2222	3116	tet(W)_tetracycline_antibiotic	17	894	894	1.0	Unknown taxonomy (chromosome or plasmid)
barcode07_6Gb	contig_4446	10031	10871	sul1_sulfonamide_antibiotic	22	840	840	1.0	Unknown taxonomy (chromosome or plasmid)
barcode07_6Gb	contig_4446	10864	11212	qacEdelta1_disinfecting_agents_and_antiseptics	27	348	348	1.0	Unknown taxonomy (chromosome or plasmid)
barcode07_6Gb	contig_4446	11434	11875	arr-3_rifamycin_antibiotic	9	441	441	1.0	Unknown taxonomy (chromosome or plasmid)
barcode07_6Gb	contig_4449	44494	45745	adeI_macrolide_antibiotic;_fluoroquinolone_antibiotic;_lincosamide_antibiotic;_carbapenem;_cephalosporin;_tetracycline_antibiotic;_rifamycin_antibiotic;_diaminopyrimidine_antibiotic;_phenicol_antibiotic;_penem	35	1251	1251	1.0	Acinetobacter baumannii (chromosome or plasmid)
barcode07_6Gb	contig_4449	45757	48934	adeJ_macrolide_antibiotic;_fluoroquinolone_antibiotic;_lincosamide_antibiotic;_carbapenem;_cephalosporin;_tetracycline_antibiotic;_rifamycin_antibiotic;_diaminopyrimidine_antibiotic;_phenicol_antibiotic;_penem	37	3177	3177	1.0	Acinetobacter baumannii (chromosome or plasmid)
barcode07_6Gb	contig_4449	48933	50388	adeK_macrolide_antibiotic;_fluoroquinolone_antibiotic;_lincosamide_antibiotic;_carbapenem;_cephalosporin;_tetracycline_antibiotic;_rifamycin_antibiotic;_diaminopyrimidine_antibiotic;_phenicol_antibiotic;_penem	35	1455	1455	1.0	Acinetobacter baumannii (chromosome or plasmid)
barcode07_6Gb	contig_4475	6065	6278	vanU gene in vanG cluster_glycopeptide_antibiotic	14	213	213	1.0	
barcode07_6Gb	contig_4476	6561	6774	vanU gene in vanG cluster_glycopeptide_antibiotic	15	213	213	1.0	
barcode07_6Gb	contig_4636	92685	93933	mdtA_aminocoumarin_antibiotic	25	1248	1248	1.0	Escherichia coli (chromosome or plasmid)
barcode07_6Gb	contig_4636	97057	100135	mdtC_aminocoumarin_antibiotic	23	3078	3078	1.0	Unknown taxonomy (chromosome or plasmid)
barcode07_6Gb	contig_4636	102947	103670	baeR_aminoglycoside_antibiotic;_aminocoumarin_antibiotic	19	723	723	1.0	Unknown taxonomy (chromosome or plasmid)
barcode07_6Gb	contig_4640	3564	4563	vanY gene in vanB cluster_glycopeptide_antibiotic	4	999	999	1.0	
barcode07_6Gb	contig_4659	1285	2125	sul1_sulfonamide_antibiotic	5	840	840	1.0	Unknown taxonomy (chromosome or plasmid)
barcode07_6Gb	contig_4731	432	1692	EreB_macrolide_antibiotic	15	1260	1260	1.0	
barcode07_6Gb	contig_4811	17276	18464	tet(39)_tetracycline_antibiotic	53	1188	1188	1.0	Unknown taxonomy (plasmid)
barcode07_6Gb	contig_4929	971	1751	APH(3')-VIa_aminoglycoside_antibiotic	45	780	780	1.0	Unknown taxonomy (chromosome or plasmid)
barcode07_6Gb	contig_4997	63795	64620	OXA-441_carbapenem;_penam	25	825	825	1.0	Acinetobacter baumannii (chromosome or plasmid)
barcode07_6Gb	contig_5113	50200	51352	MOX-13_cephalosporin;_cephamycin;_penam	75	1152	1152	1.0	Aeromonas caviae (chromosome or plasmid)
barcode07_6Gb	contig_5157	16157	16493	qacG_disinfecting_agents_and_antiseptics	4	336	336	1.0	
barcode07_6Gb	contig_5239	8418	8892	dfrA14_diaminopyrimidine_antibiotic	12	474	474	1.0	Unknown taxonomy (chromosome or plasmid)
barcode07_6Gb	contig_5239	8926	9742	aadA_aminoglycoside_antibiotic	26	816	816	1.0	Unknown taxonomy (chromosome or plasmid)
barcode07_6Gb	contig_5239	9734	10535	OXA-10_cephalosporin;_penam	28	801	801	1.0	Unknown taxonomy (chromosome or plasmid)
barcode07_6Gb	contig_5241	114	588	dfrA6_diaminopyrimidine_antibiotic	7	474	474	1.0	Vibrio (chromosome or plasmid)
barcode07_6Gb	contig_5322	62108	65279	adeF_fluoroquinolone_antibiotic;_tetracycline_antibiotic	19	3171	3171	1.0	
barcode07_6Gb	contig_5322	684940	686494	vanW gene in vanI cluster_glycopeptide_antibiotic	5	1554	1554	1.0	
barcode07_6Gb	contig_5322	781714	783199	lsaE_lincosamide_antibiotic;_streptogramin_antibiotic;_pleuromutilin_antibiotic	20	1485	1485	1.0	Streptococcus (chromosome or plasmid)
barcode07_6Gb	contig_5322	783252	784056	lnuB_lincosamide_antibiotic	23	804	804	1.0	Unknown taxonomy (chromosome or plasmid)
barcode07_6Gb	contig_5332	10991	11531	vanY gene in vanM cluster_glycopeptide_antibiotic	17	540	540	1.0	Faecalibacterium prausnitzii (no genomic info)
barcode07_6Gb	contig_5338	13037	13292	rsmA_fluoroquinolone_antibiotic;_diaminopyrimidine_antibiotic;_phenicol_antibiotic	24	255	255	1.0	
barcode07_6Gb	contig_5351	4694	5825	vanT gene in vanG cluster_glycopeptide_antibiotic	6	1131	1131	1.0	
barcode07_6Gb	contig_5353	75850	77011	vanL_glycopeptide_antibiotic	9	1161	1161	1.0	
barcode07_6Gb	contig_5395	1425	2289	GES-5_carbapenem;_cephalosporin;_penam	10	864	864	1.0	Unknown taxonomy (chromosome or plasmid)
barcode07_6Gb	contig_5395	3831	5307	msrE_macrolide_antibiotic;_streptogramin_antibiotic	33	1476	1476	1.0	Unknown taxonomy (chromosome or plasmid)
barcode07_6Gb	contig_5395	5362	6247	mphE_macrolide_antibiotic	43	885	885	1.0	Unknown taxonomy (chromosome or plasmid)
barcode07_6Gb	contig_5395	8120	9149	tet(C)_tetracycline_antibiotic	43	1029	1029	1.0	Unknown taxonomy (chromosome or plasmid)
barcode07_6Gb	contig_5395	9425	10616	tet(C)_tetracycline_antibiotic	25	1191	1191	1.0	Unknown taxonomy (chromosome or plasmid)
barcode07_6Gb	contig_5402	8368	9232	GES-1_carbapenem;_cephalosporin;_penam	20	864	864	1.0	Acinetobacter baumannii (chromosome or plasmid)
barcode07_6Gb	contig_5402	14837	15296	AAC(6')-Il_aminoglycoside_antibiotic	21	459	459	1.0	Unknown taxonomy (chromosome or plasmid)
barcode07_6Gb	contig_5402	15369	16233	GES-1_carbapenem;_cephalosporin;_penam	21	864	864	1.0	Unknown taxonomy (chromosome or plasmid)
barcode07_6Gb	contig_5402	16355	16889	ANT(2'')-Ia_aminoglycoside_antibiotic	21	534	534	1.0	Unknown taxonomy (chromosome or plasmid)
barcode07_6Gb	contig_5402	16958	17786	OXA-2_carbapenem;_cephalosporin;_penam	20	828	828	1.0	Unknown taxonomy (chromosome or plasmid)
barcode07_6Gb	contig_5402	17915	18248	qacJ_disinfecting_agents_and_antiseptics	12	333	333	1.0	Unknown taxonomy (chromosome or plasmid)
barcode07_6Gb	contig_5402	18359	19205	aadA6_aminoglycoside_antibiotic	19	846	846	1.0	Unknown taxonomy (chromosome or plasmid)
barcode07_6Gb	contig_5402	19321	19669	qacEdelta1_disinfecting_agents_and_antiseptics	14	348	348	1.0	Unknown taxonomy (chromosome or plasmid)
barcode07_6Gb	contig_5464	66172	67405	Escherichia coli mdfA_tetracycline_antibiotic;_disinfecting_agents_and_antiseptics	21	1233	1233	1.0	Unknown taxonomy (chromosome or plasmid)
barcode07_6Gb	contig_5534	33365	33710	qacG_disinfecting_agents_and_antiseptics	22	345	345	1.0	Unknown taxonomy (chromosome or plasmid)
barcode07_6Gb	contig_5648	18637	19009	marA_fluoroquinolone_antibiotic;_monobactam;_carbapenem;_cephalosporin;_glycylcycline;_cephamycin;_penam;_tetracycline_antibiotic;_rifamycin_antibiotic;_phenicol_antibiotic;_penem;_disinfecting_agents_and_antiseptics	4	372	372	1.0	Klebsiella (chromosome or plasmid)
barcode07_6Gb	contig_5671	2	1112	tet(W)_tetracycline_antibiotic	21	1110	1110	1.0	Unknown taxonomy (chromosome or plasmid)
barcode07_6Gb	contig_5673	65351	66572	tet(40)_tetracycline_antibiotic	16	1221	1221	1.0	Unknown taxonomy (chromosome)
barcode07_6Gb	contig_5673	68302	70222	tet(W)_tetracycline_antibiotic	39	1920	1920	1.0	Unknown taxonomy (chromosome or plasmid)
barcode07_6Gb	contig_5676	5867	6752	mphE_macrolide_antibiotic	48	885	885	1.0	Unknown taxonomy (chromosome or plasmid)
barcode07_6Gb	contig_5676	6807	8283	msrE_macrolide_antibiotic;_streptogramin_antibiotic	72	1476	1476	1.0	Unknown taxonomy (chromosome or plasmid)
barcode07_6Gb	contig_5714	3661	4477	APH(3')-Ia_aminoglycoside_antibiotic	12	816	816	1.0	Unknown taxonomy (chromosome or plasmid)
barcode07_6Gb	contig_5750	44412	46179	Haemophilus influenzae PBP3 conferring resistance to beta-lactam antibiotics_cephalosporin;_cephamycin;_penam	13	1767	1767	1.0	Enterobacter kobei (chromosome or plasmid)
barcode07_6Gb	contig_5750	52342	53365	leuO_nucleoside_antibiotic;_disinfecting_agents_and_antiseptics	18	1023	1023	1.0	Enterobacter kobei (chromosome)
barcode07_6Gb	contig_5750	244739	245165	FosA2_phosphonic_acid_antibiotic	16	426	426	1.0	Enterobacter kobei (chromosome)
barcode07_6Gb	contig_5784	133105	134179	vanT gene in vanG cluster_glycopeptide_antibiotic	66	1074	1074	1.0	
barcode07_6Gb	contig_5812	15818	16163	qacG_disinfecting_agents_and_antiseptics	5	345	345	1.0	Acinetobacter (no genomic info)
barcode07_6Gb	contig_5841	56535	57729	Enterobacter cloacae acrA_fluoroquinolone_antibiotic;_cephalosporin;_glycylcycline;_penam;_tetracycline_antibiotic;_rifamycin_antibiotic;_phenicol_antibiotic;_disinfecting_agents_and_antiseptics	23	1194	1194	1.0	Enterobacter (chromosome)
barcode07_6Gb	contig_5841	57751	60898	acrB_fluoroquinolone_antibiotic;_cephalosporin;_glycylcycline;_penam;_tetracycline_antibiotic;_rifamycin_antibiotic;_phenicol_antibiotic;_disinfecting_agents_and_antiseptics	17	3147	3147	1.0	Unknown taxonomy (chromosome)
barcode07_6Gb	contig_5892	34589	35378	ANT(3'')-IIa_aminoglycoside_antibiotic	53	789	789	1.0	Acinetobacter baumannii (chromosome or plasmid)
barcode07_6Gb	contig_5970	38805	39648	ramA_fluoroquinolone_antibiotic;_monobactam;_carbapenem;_cephalosporin;_glycylcycline;_cephamycin;_penam;_tetracycline_antibiotic;_rifamycin_antibiotic;_phenicol_antibiotic;_penem;_disinfecting_agents_and_antiseptics	9	843	843	1.0	Enterobacter kobei (no genomic info)
barcode07_6Gb	contig_5994	4754	6413	ArnT_peptide_antibiotic	5	1659	1659	1.0	
barcode07_6Gb	contig_6057	14837	16055	tet(E)_tetracycline_antibiotic	17	1218	1218	1.0	Aeromonas veronii (chromosome)
barcode07_6Gb	contig_6105	8476	8860	marA_fluoroquinolone_antibiotic;_monobactam;_carbapenem;_cephalosporin;_glycylcycline;_cephamycin;_penam;_tetracycline_antibiotic;_rifamycin_antibiotic;_phenicol_antibiotic;_penem;_disinfecting_agents_and_antiseptics	5	384	384	1.0	Citrobacter freundii (chromosome)
barcode07_6Gb	contig_6133	17270	18473	Escherichia coli mdfA_tetracycline_antibiotic;_disinfecting_agents_and_antiseptics	5	1203	1203	1.0	Citrobacter (chromosome or plasmid)
barcode07_6Gb	contig_6178	108	765	QnrVC1_fluoroquinolone_antibiotic	8	657	657	1.0	Unknown taxonomy (chromosome or plasmid)
barcode07_6Gb	contig_6239	12970	13603	CRP_macrolide_antibiotic;_fluoroquinolone_antibiotic;_penam	31	633	633	1.0	Escherichia coli (chromosome or plasmid)
barcode07_6Gb	contig_6244	284318	284504	rsmA_fluoroquinolone_antibiotic;_diaminopyrimidine_antibiotic;_phenicol_antibiotic	35	186	186	1.0	Unknown taxonomy (chromosome or plasmid)
barcode07_6Gb	contig_6244	289311	290850	emrB_fluoroquinolone_antibiotic	33	1539	1539	1.0	Unknown taxonomy (chromosome or plasmid)
barcode07_6Gb	contig_6244	290866	292039	emrA_fluoroquinolone_antibiotic	27	1173	1173	1.0	Unknown taxonomy (chromosome or plasmid)
barcode07_6Gb	contig_6244	292165	292696	emrR_fluoroquinolone_antibiotic	25	531	531	1.0	Unknown taxonomy (chromosome or plasmid)
barcode07_6Gb	contig_6253	14270	15458	tet(39)_tetracycline_antibiotic	55	1188	1188	1.0	Unknown taxonomy (plasmid)
barcode07_6Gb	contig_6301	8538	9069	emrR_fluoroquinolone_antibiotic	7	531	531	1.0	
barcode07_6Gb	contig_6350	1823	2156	qacL_disinfecting_agents_and_antiseptics	20	333	333	1.0	Unknown taxonomy (chromosome or plasmid)
barcode07_6Gb	contig_6405	750	1614	GES-1_carbapenem;_cephalosporin;_penam	10	864	864	1.0	Unknown taxonomy (chromosome or plasmid)
barcode07_6Gb	contig_6405	2073	2937	GES-1_carbapenem;_cephalosporin;_penam	22	864	864	1.0	Unknown taxonomy (chromosome or plasmid)
barcode07_6Gb	contig_6405	3591	4455	GES-5_carbapenem;_cephalosporin;_penam	13	864	864	1.0	Unknown taxonomy (chromosome or plasmid)
barcode07_6Gb	contig_6465	12267	14187	tet(O)_tetracycline_antibiotic	53	1920	1920	1.0	Unknown taxonomy (chromosome or plasmid)
barcode07_6Gb	contig_65	177675	178077	FosA8_phosphonic_acid_antibiotic	74	402	402	1.0	Aeromonas caviae (chromosome or plasmid)
barcode07_6Gb	contig_6501	4251	7323	adeF_fluoroquinolone_antibiotic;_tetracycline_antibiotic	37	3072	3072	1.0	
barcode07_6Gb	contig_6558	43499	43718	rsmA_fluoroquinolone_antibiotic;_diaminopyrimidine_antibiotic;_phenicol_antibiotic	8	219	219	1.0	
barcode07_6Gb	contig_658	4779	5725	TLA-1_monobactam;_cephalosporin	5	946	946	1.0	
barcode07_6Gb	contig_6653	60939	61905	CfxA3_cephamycin	31	966	966	1.0	Unknown taxonomy (chromosome or plasmid)
barcode07_6Gb	contig_6656	58146	59289	vanG_glycopeptide_antibiotic	7	1143	1143	1.0	Enterobacter (chromosome)
barcode07_6Gb	contig_6719	17551	17911	qacJ_disinfecting_agents_and_antiseptics	6	360	360	1.0	
barcode07_6Gb	contig_672	4567	6043	msrE_macrolide_antibiotic;_streptogramin_antibiotic	101	1476	1476	1.0	Unknown taxonomy (chromosome or plasmid)
barcode07_6Gb	contig_672	6098	6983	mphE_macrolide_antibiotic	109	885	885	1.0	Unknown taxonomy (chromosome or plasmid)
barcode07_6Gb	contig_6805	1744	3595	vanW gene in vanI cluster_glycopeptide_antibiotic	4	1851	1851	1.0	Roseburia hominis (no genomic info)
barcode07_6Gb	contig_6814	15029	15926	vanY gene in vanG cluster_glycopeptide_antibiotic	3	897	897	1.0	
barcode07_6Gb	contig_6860	18627	19008	marA_fluoroquinolone_antibiotic;_monobactam;_carbapenem;_cephalosporin;_glycylcycline;_cephamycin;_penam;_tetracycline_antibiotic;_rifamycin_antibiotic;_phenicol_antibiotic;_penem;_disinfecting_agents_and_antiseptics	9	381	381	1.0	Enterobacter (chromosome or plasmid)
barcode07_6Gb	contig_6860	19027	19462	Escherichia coli AcrAB-TolC with MarR mutations conferring resistance to ciprofloxacin and tetracycline_fluoroquinolone_antibiotic;_cephalosporin;_glycylcycline;_penam;_tetracycline_antibiotic;_rifamycin_antibiotic;_phenicol_antibiotic;_disinfecting_agents_and_antiseptics	8	435	435	1.0	Enterobacter (chromosome)
barcode07_6Gb	contig_6890	7922	9029	vanW gene in vanI cluster_glycopeptide_antibiotic	2	1107	1107	1.0	
barcode07_6Gb	contig_6934	5736	8202	vanT gene in vanG cluster_glycopeptide_antibiotic	6	2466	2466	1.0	
barcode07_6Gb	contig_7003	55230	56052	bacA_peptide_antibiotic	20	822	822	1.0	
barcode07_6Gb	contig_7077	3636	5190	Klebsiella pneumoniae KpnH_macrolide_antibiotic;_fluoroquinolone_antibiotic;_aminoglycoside_antibiotic;_carbapenem;_cephalosporin;_penam;_peptide_antibiotic;_penem	5	1554	1554	1.0	Enterobacter (chromosome or plasmid)
barcode07_6Gb	contig_7077	11903	12089	rsmA_fluoroquinolone_antibiotic;_diaminopyrimidine_antibiotic;_phenicol_antibiotic	10	186	186	1.0	Leclercia adecarboxylata (chromosome or plasmid)
barcode07_6Gb	contig_7103	2421	2895	dfrA14_diaminopyrimidine_antibiotic	10	474	474	1.0	Unknown taxonomy (chromosome or plasmid)
barcode07_6Gb	contig_7115	24931	25129	rsmA_fluoroquinolone_antibiotic;_diaminopyrimidine_antibiotic;_phenicol_antibiotic	13	198	198	1.0	
barcode07_6Gb	contig_7184	20066	21179	vanG_glycopeptide_antibiotic	8	1113	1113	1.0	Citrobacter (chromosome or plasmid)
barcode07_6Gb	contig_7206	336459	336795	qacG_disinfecting_agents_and_antiseptics	7	336	336	1.0	
barcode07_6Gb	contig_723	10856	11513	QnrVC1_fluoroquinolone_antibiotic	23	657	657	1.0	Unknown taxonomy (chromosome or plasmid)
barcode07_6Gb	contig_7254	40096	40429	qacJ_disinfecting_agents_and_antiseptics	9	333	333	1.0	
barcode07_6Gb	contig_7259	30709	31930	tet(W)_tetracycline_antibiotic	25	1221	1221	1.0	Unknown taxonomy (chromosome or plasmid)
barcode07_6Gb	contig_7263	5820	6993	emrA_fluoroquinolone_antibiotic	16	1173	1173	1.0	
barcode07_6Gb	contig_7263	7119	7650	emrR_fluoroquinolone_antibiotic	13	531	531	1.0	Enterobacter roggenkampii (chromosome)
barcode07_6Gb	contig_7302	27740	28067	qacG_disinfecting_agents_and_antiseptics	8	327	327	1.0	
barcode07_6Gb	contig_7333	136878	139992	acrD_aminoglycoside_antibiotic	27	3114	3114	1.0	Escherichia coli (chromosome or plasmid)
barcode07_6Gb	contig_7333	237683	241277	evgS_macrolide_antibiotic;_fluoroquinolone_antibiotic;_penam;_tetracycline_antibiotic	21	3594	3594	1.0	Escherichia coli (chromosome or plasmid)
barcode07_6Gb	contig_7333	241281	241896	evgA_macrolide_antibiotic;_fluoroquinolone_antibiotic;_penam;_tetracycline_antibiotic	24	615	615	1.0	Unknown taxonomy (chromosome or plasmid)
barcode07_6Gb	contig_7333	242311	243475	emrK_tetracycline_antibiotic	25	1164	1164	1.0	Unknown taxonomy (chromosome or plasmid)
barcode07_6Gb	contig_7333	243474	245013	emrY_tetracycline_antibiotic	21	1539	1539	1.0	Unknown taxonomy (chromosome or plasmid)
barcode07_6Gb	contig_7364	11632	12256	tetR_tetracycline_antibiotic	22	624	624	1.0	Unknown taxonomy (chromosome or plasmid)
barcode07_6Gb	contig_7364	12337	13543	tet(B)_tetracycline_antibiotic	22	1206	1206	1.0	Unknown taxonomy (chromosome or plasmid)
barcode07_6Gb	contig_7368	6550	7009	AAC(6')-Il_aminoglycoside_antibiotic	19	459	459	1.0	Unknown taxonomy (chromosome or plasmid)
barcode07_6Gb	contig_7592	2964	3903	aadA11_aminoglycoside_antibiotic	13	939	939	1.0	Pseudomonas aeruginosa (chromosome or plasmid)
barcode07_6Gb	contig_760	338217	339453	vanW gene in vanI cluster_glycopeptide_antibiotic	270	1236	1236	1.0	
barcode07_6Gb	contig_760	1790699	1791809	vanT gene in vanG cluster_glycopeptide_antibiotic	316	1110	1110	1.0	
barcode07_6Gb	contig_760	2033665	2036857	adeF_fluoroquinolone_antibiotic;_tetracycline_antibiotic	291	3192	3192	1.0	
barcode07_6Gb	contig_760	2292425	2292932	nimK_nitroimidazole_antibiotic	276	507	507	1.0	
barcode07_6Gb	contig_7607	6337	7615	vanT gene in vanG cluster_glycopeptide_antibiotic	10	1278	1278	1.0	
barcode07_6Gb	contig_7641	17002	20128	adeF_fluoroquinolone_antibiotic;_tetracycline_antibiotic	7	3126	3126	1.0	
barcode07_6Gb	contig_7705	231976	234451	vanT gene in vanG cluster_glycopeptide_antibiotic	12	2475	2475	1.0	
barcode07_6Gb	contig_7770	18445	19915	adeC_glycylcycline;_tetracycline_antibiotic	7	1470	1470	1.0	Acinetobacter baumannii (chromosome or plasmid)
barcode07_6Gb	contig_7901	16248	16674	FosA2_phosphonic_acid_antibiotic	14	426	426	1.0	Enterobacter (chromosome)
barcode07_6Gb	contig_7926	5023	5347	Escherichia coli soxS with mutation conferring antibiotic resistance_fluoroquinolone_antibiotic;_monobactam;_carbapenem;_cephalosporin;_glycylcycline;_cephamycin;_penam;_tetracycline_antibiotic;_rifamycin_antibiotic;_phenicol_antibiotic;_penem;_disinfecting_agents_and_antiseptics	10	324	324	1.0	Citrobacter portucalensis (chromosome)
barcode07_6Gb	contig_80	698	1883	Escherichia coli EF-Tu mutants conferring resistance to Pulvomycin_elfamycin_antibiotic	93	1185	1185	1.0	Aeromonas caviae (chromosome or plasmid)
barcode07_6Gb	contig_80	19903	21088	Escherichia coli EF-Tu mutants conferring resistance to Pulvomycin_elfamycin_antibiotic	88	1185	1185	1.0	Aeromonas (chromosome or plasmid)
barcode07_6Gb	contig_80	310454	311249	OXA-504_penam	96	795	795	1.0	Aeromonas caviae (chromosome)
barcode07_6Gb	contig_8067	11557	14671	adeF_fluoroquinolone_antibiotic;_tetracycline_antibiotic	13	3114	3114	1.0	
barcode07_6Gb	contig_8067	14808	15699	CblA-1_cephalosporin	10	891	891	1.0	Phocaeicola dorei (no genomic info)
barcode07_6Gb	contig_8103	15330	15675	qacG_disinfecting_agents_and_antiseptics	18	345	345	1.0	Unknown taxonomy (chromosome or plasmid)
barcode07_6Gb	contig_8109	10527	11127	AAC(6')-Ib-cr6_fluoroquinolone_antibiotic;_aminoglycoside_antibiotic	28	600	600	1.0	Unknown taxonomy (chromosome or plasmid)
barcode07_6Gb	contig_8109	11223	11676	arr-3_rifamycin_antibiotic	27	453	453	1.0	Unknown taxonomy (chromosome or plasmid)
barcode07_6Gb	contig_8109	11899	12247	qacEdelta1_disinfecting_agents_and_antiseptics	60	348	348	1.0	Unknown taxonomy (chromosome or plasmid)
barcode07_6Gb	contig_8109	12240	13080	sul1_sulfonamide_antibiotic	67	840	840	1.0	Unknown taxonomy (chromosome or plasmid)
barcode07_6Gb	contig_8109	17155	18394	Mrx_macrolide_antibiotic	139	1239	1239	1.0	Unknown taxonomy (chromosome or plasmid)
barcode07_6Gb	contig_8109	18390	19296	mphA_macrolide_antibiotic	129	906	906	1.0	Unknown taxonomy (chromosome or plasmid)
barcode07_6Gb	contig_8141	35940	36129	rsmA_fluoroquinolone_antibiotic;_diaminopyrimidine_antibiotic;_phenicol_antibiotic	25	189	189	1.0	
barcode07_6Gb	contig_817	10067	11543	msrE_macrolide_antibiotic;_streptogramin_antibiotic	78	1476	1476	1.0	Unknown taxonomy (chromosome or plasmid)
barcode07_6Gb	contig_817	11598	12483	mphE_macrolide_antibiotic	88	885	885	1.0	Unknown taxonomy (chromosome or plasmid)
barcode07_6Gb	contig_8284	4640	5816	oqxA_fluoroquinolone_antibiotic;_glycylcycline;_tetracycline_antibiotic;_diaminopyrimidine_antibiotic;_nitrofuran_antibiotic	5	1176	1176	1.0	Klebsiella michiganensis (chromosome)
barcode07_6Gb	contig_8294	11942	13586	YojI_peptide_antibiotic	24	1644	1644	1.0	Escherichia coli (chromosome or plasmid)
barcode07_6Gb	contig_8294	53994	55353	Escherichia coli GlpT with mutation conferring resistance to fosfomycin_phosphonic_acid_antibiotic	26	1359	1359	1.0	Unknown taxonomy (chromosome or plasmid)
barcode07_6Gb	contig_8294	65994	66963	PmrF_peptide_antibiotic	27	969	969	1.0	Unknown taxonomy (chromosome or plasmid)
barcode07_6Gb	contig_8294	69831	71484	ArnT_peptide_antibiotic	22	1653	1653	1.0	Unknown taxonomy (chromosome or plasmid)
barcode07_6Gb	contig_8304	25110	26599	TolC_macrolide_antibiotic;_fluoroquinolone_antibiotic;_aminoglycoside_antibiotic;_carbapenem;_cephalosporin;_glycylcycline;_cephamycin;_penam;_tetracycline_antibiotic;_peptide_antibiotic;_aminocoumarin_antibiotic;_rifamycin_antibiotic;_phenicol_antibiotic;_penem;_disinfecting_agents_and_antiseptics	33	1489	1489	1.0	Unknown taxonomy (chromosome or plasmid)
barcode07_6Gb	contig_8304	48995	49817	bacA_peptide_antibiotic	35	822	822	1.0	Unknown taxonomy (chromosome or plasmid)
barcode07_6Gb	contig_8314	4028	7193	adeF_fluoroquinolone_antibiotic;_tetracycline_antibiotic	27	3165	3165	1.0	Acinetobacter (chromosome or plasmid)
barcode07_6Gb	contig_8437	520	1276	CMY-136_cephalosporin;_cephamycin	6	756	756	1.0	Citrobacter portucalensis (chromosome or plasmid)
barcode07_6Gb	contig_8461	116952	118701	msbA_nitroimidazole_antibiotic	24	1749	1749	1.0	Escherichia coli (chromosome)
barcode07_6Gb	contig_8613	6076	6295	rsmA_fluoroquinolone_antibiotic;_diaminopyrimidine_antibiotic;_phenicol_antibiotic	10	219	219	1.0	
barcode07_6Gb	contig_8646	1180	1960	APH(3')-VIa_aminoglycoside_antibiotic	33	780	780	1.0	Unknown taxonomy (chromosome or plasmid)
barcode07_6Gb	contig_8648	114	978	GES-1_carbapenem;_cephalosporin;_penam	12	864	864	1.0	Unknown taxonomy (chromosome or plasmid)
barcode07_6Gb	contig_8648	9082	9862	APH(3')-VIa_aminoglycoside_antibiotic	42	780	780	1.0	Unknown taxonomy (chromosome or plasmid)
barcode07_6Gb	contig_8709	36028	36361	qacG_disinfecting_agents_and_antiseptics	7	333	333	1.0	
barcode07_6Gb	contig_8765	571	1432	TEM-1_monobactam;_cephalosporin;_penam;_penem	26	861	861	1.0	Unknown taxonomy (chromosome or plasmid)
barcode07_6Gb	contig_8765	6403	7264	AAC(3)-IId_aminoglycoside_antibiotic	23	861	861	1.0	Unknown taxonomy (chromosome or plasmid)
barcode07_6Gb	contig_8867	343	1438	adeS_glycylcycline;_tetracycline_antibiotic	5	1095	1095	1.0	Acinetobacter baumannii (chromosome)
barcode07_6Gb	contig_8867	1469	2213	adeR_glycylcycline;_tetracycline_antibiotic	6	744	744	1.0	Acinetobacter baumannii (chromosome or plasmid)
barcode07_6Gb	contig_8936	12629	12848	rsmA_fluoroquinolone_antibiotic;_diaminopyrimidine_antibiotic;_phenicol_antibiotic	21	219	219	1.0	
barcode07_6Gb	contig_9055	27232	27520	vanY gene in vanF cluster_glycopeptide_antibiotic	3	288	288	1.0	
barcode07_6Gb	contig_9055	28052	28715	vanY gene in vanF cluster_glycopeptide_antibiotic	3	663	663	1.0	
barcode07_6Gb	contig_909	78606	78972	qacG_disinfecting_agents_and_antiseptics	197	366	366	1.0	Acinetobacter johnsonii (chromosome)
barcode07_6Gb	contig_9204	11006	11891	vanW gene in vanI cluster_glycopeptide_antibiotic	5	885	885	1.0	
barcode07_6Gb	contig_9239	44837	46184	vanW gene in vanI cluster_glycopeptide_antibiotic	9	1347	1347	1.0	
barcode07_6Gb	contig_9303	1260	1998	ErmB_macrolide_antibiotic;_lincosamide_antibiotic;_streptogramin_antibiotic;_streptogramin_A_antibiotic;_streptogramin_B_antibiotic	20	738	738	1.0	Unknown taxonomy (chromosome or plasmid)
barcode07_6Gb	contig_9364	6784	8554	Haemophilus influenzae PBP3 conferring resistance to beta-lactam antibiotics_cephalosporin;_cephamycin;_penam	11	1770	1770	1.0	Unknown taxonomy (chromosome or plasmid)
barcode07_6Gb	contig_9503	24	843	bacA_peptide_antibiotic	6	819	819	1.0	
barcode07_6Gb	contig_9671	4806	5865	vanY gene in vanA cluster_glycopeptide_antibiotic	5	1059	1059	1.0	
barcode07_6Gb	contig_9748	26050	26425	ramA_fluoroquinolone_antibiotic;_monobactam;_carbapenem;_cephalosporin;_glycylcycline;_cephamycin;_penam;_tetracycline_antibiotic;_rifamycin_antibiotic;_phenicol_antibiotic;_penem;_disinfecting_agents_and_antiseptics	11	375	375	1.0	Enterobacter (chromosome)
barcode07_6Gb	contig_9788	3720	4050	Klebsiella pneumoniae KpnF_macrolide_antibiotic;_aminoglycoside_antibiotic;_cephalosporin;_tetracycline_antibiotic;_peptide_antibiotic;_rifamycin_antibiotic;_disinfecting_agents_and_antiseptics	4	330	330	1.0	Enterobacter kobei (chromosome)
barcode07_6Gb	contig_9823	41961	42456	lnuC_lincosamide_antibiotic	24	495	495	1.0	Unknown taxonomy (chromosome or plasmid)
barcode07_6Gb	contig_983	136099	136354	rsmA_fluoroquinolone_antibiotic;_diaminopyrimidine_antibiotic;_phenicol_antibiotic	219	255	255	1.0	
barcode07_6Gb	contig_9850	8171	8492	vanY gene in vanG cluster_glycopeptide_antibiotic	2	321	321	1.0	
barcode07_6Gb	contig_9859	28047	28365	Klebsiella pneumoniae KpnF_macrolide_antibiotic;_aminoglycoside_antibiotic;_cephalosporin;_tetracycline_antibiotic;_peptide_antibiotic;_rifamycin_antibiotic;_disinfecting_agents_and_antiseptics	13	318	318	1.0	Enterobacter (chromosome)
barcode07_6Gb	contig_9962	28722	29217	nimA_nitroimidazole_antibiotic	3	495	495	1.0	
barcode07_6Gb	contig_9991	2131	2971	sul1_sulfonamide_antibiotic	11	840	840	1.0	Unknown taxonomy (chromosome or plasmid)
barcode07_9Gb	contig_10062	38709	39855	vanT gene in vanG cluster_glycopeptide_antibiotic	10	1146	1146	1.0	
barcode07_9Gb	contig_10132	2350	3235	mphE_macrolide_antibiotic	28	885	885	1.0	Unknown taxonomy (chromosome or plasmid)
barcode07_9Gb	contig_10132	3290	4766	msrE_macrolide_antibiotic;_streptogramin_antibiotic	31	1476	1476	1.0	Unknown taxonomy (chromosome or plasmid)
barcode07_9Gb	contig_10132	6972	7872	VEB-1_monobactam;_cephalosporin	15	900	900	1.0	Unknown taxonomy (chromosome or plasmid)
barcode07_9Gb	contig_10155	61839	63000	vanL_glycopeptide_antibiotic	13	1161	1161	1.0	
barcode07_9Gb	contig_10173	7961	9677	tet(O/W)_tetracycline_antibiotic	24	1716	1716	1.0	Unknown taxonomy (chromosome or plasmid)
barcode07_9Gb	contig_10183	735	1563	OXA-253_carbapenem;_penam	47	828	828	1.0	Acinetobacter baumannii (chromosome)
barcode07_9Gb	contig_10191	2030	2858	OXA-253_carbapenem;_penam	40	828	828	1.0	Acinetobacter baumannii (chromosome)
barcode07_9Gb	contig_102	76301	76499	rsmA_fluoroquinolone_antibiotic;_diaminopyrimidine_antibiotic;_phenicol_antibiotic	16	198	198	1.0	
barcode07_9Gb	contig_1022	271	844	AAC(6')-Ian_aminoglycoside_antibiotic	15	573	573	1.0	Unknown taxonomy (chromosome or plasmid)
barcode07_9Gb	contig_10244	46686	48078	Escherichia coli UhpT with mutation conferring resistance to fosfomycin_phosphonic_acid_antibiotic	26	1392	1392	1.0	Enterobacter roggenkampii (chromosome or plasmid)
barcode07_9Gb	contig_10246	174460	175645	Escherichia coli EF-Tu mutants conferring resistance to Pulvomycin_elfamycin_antibiotic	34	1185	1185	1.0	Enterobacter (chromosome or plasmid)
barcode07_9Gb	contig_10301	87571	88810	Mrx_macrolide_antibiotic	116	1239	1239	1.0	Unknown taxonomy (chromosome or plasmid)
barcode07_9Gb	contig_10301	88806	89712	mphA_macrolide_antibiotic	104	906	906	1.0	Unknown taxonomy (chromosome or plasmid)
barcode07_9Gb	contig_10301	90934	91774	sul1_sulfonamide_antibiotic	62	840	840	1.0	Unknown taxonomy (chromosome or plasmid)
barcode07_9Gb	contig_10301	91767	92115	qacEdelta1_disinfecting_agents_and_antiseptics	65	348	348	1.0	Unknown taxonomy (chromosome or plasmid)
barcode07_9Gb	contig_10301	92320	93109	aadA5_aminoglycoside_antibiotic	41	789	789	1.0	Unknown taxonomy (chromosome or plasmid)
barcode07_9Gb	contig_10301	93239	93839	dfrA17_diaminopyrimidine_antibiotic	36	600	600	1.0	Unknown taxonomy (chromosome or plasmid)
barcode07_9Gb	contig_10374	4532	4916	marA_fluoroquinolone_antibiotic;_monobactam;_carbapenem;_cephalosporin;_glycylcycline;_cephamycin;_penam;_tetracycline_antibiotic;_rifamycin_antibiotic;_phenicol_antibiotic;_penem;_disinfecting_agents_and_antiseptics	3	384	384	1.0	
barcode07_9Gb	contig_10382	5086	5947	AAC(3)-IIe_aminoglycoside_antibiotic	26	861	861	1.0	Unknown taxonomy (chromosome or plasmid)
barcode07_9Gb	contig_10382	6088	6949	TEM-1_monobactam;_cephalosporin;_penam;_penem	23	861	861	1.0	Unknown taxonomy (chromosome or plasmid)
barcode07_9Gb	contig_10382	9806	10706	VEB-9_monobactam;_cephalosporin	23	900	900	1.0	Unknown taxonomy (chromosome or plasmid)
barcode07_9Gb	contig_10406	18194	18449	rsmA_fluoroquinolone_antibiotic;_diaminopyrimidine_antibiotic;_phenicol_antibiotic	9	255	255	1.0	
barcode07_9Gb	contig_10459	95102	98228	adeF_fluoroquinolone_antibiotic;_tetracycline_antibiotic	15	3126	3126	1.0	
barcode07_9Gb	contig_10459	106354	106681	qacG_disinfecting_agents_and_antiseptics	16	327	327	1.0	
barcode07_9Gb	contig_10498	4166	5498	tet(W)_tetracycline_antibiotic	6	1332	1332	1.0	Eggerthella lenta (chromosome or plasmid)
barcode07_9Gb	contig_10498	15784	16771	vanH gene in vanO cluster_glycopeptide_antibiotic	11	987	987	1.0	
barcode07_9Gb	contig_10537	1400	2261	TEM-1_monobactam;_cephalosporin;_penam;_penem	68	861	861	1.0	Unknown taxonomy (chromosome or plasmid)
barcode07_9Gb	contig_10537	10967	11759	sul3_sulfonamide_antibiotic	15	792	792	1.0	Unknown taxonomy (chromosome or plasmid)
barcode07_9Gb	contig_10537	12939	13272	qacL_disinfecting_agents_and_antiseptics	15	333	333	1.0	Unknown taxonomy (chromosome or plasmid)
barcode07_9Gb	contig_10537	13441	14233	aadA_aminoglycoside_antibiotic	25	792	792	1.0	Unknown taxonomy (chromosome or plasmid)
barcode07_9Gb	contig_10537	22291	23107	APH(3')-Ia_aminoglycoside_antibiotic	15	816	816	1.0	Unknown taxonomy (chromosome or plasmid)
barcode07_9Gb	contig_1056	23729	24089	qacJ_disinfecting_agents_and_antiseptics	9	360	360	1.0	
barcode07_9Gb	contig_10581	10945	12646	ArnT_peptide_antibiotic	7	1701	1701	1.0	
barcode07_9Gb	contig_1062	38481	39270	aadA5_aminoglycoside_antibiotic	11	789	789	1.0	Unknown taxonomy (chromosome or plasmid)
barcode07_9Gb	contig_1062	43649	44108	AAC(6')-Il_aminoglycoside_antibiotic	22	459	459	1.0	Unknown taxonomy (chromosome or plasmid)
barcode07_9Gb	contig_1062	44181	45045	GES-2_carbapenem;_cephalosporin;_penam	17	864	864	1.0	Unknown taxonomy (chromosome or plasmid)
barcode07_9Gb	contig_10744	3070	4990	tet(O)_tetracycline_antibiotic	50	1920	1920	1.0	Unknown taxonomy (chromosome or plasmid)
barcode07_9Gb	contig_10756	72960	73395	Escherichia coli AcrAB-TolC with MarR mutations conferring resistance to ciprofloxacin and tetracycline_fluoroquinolone_antibiotic;_cephalosporin;_glycylcycline;_penam;_tetracycline_antibiotic;_rifamycin_antibiotic;_phenicol_antibiotic;_disinfecting_agents_and_antiseptics	12	435	435	1.0	Enterobacter (chromosome)
barcode07_9Gb	contig_10756	73416	73797	marA_fluoroquinolone_antibiotic;_monobactam;_carbapenem;_cephalosporin;_glycylcycline;_cephamycin;_penam;_tetracycline_antibiotic;_rifamycin_antibiotic;_phenicol_antibiotic;_penem;_disinfecting_agents_and_antiseptics	12	381	381	1.0	Enterobacter roggenkampii (chromosome)
barcode07_9Gb	contig_10768	80636	81314	kdpE_aminoglycoside_antibiotic	11	678	678	1.0	Citrobacter (chromosome)
barcode07_9Gb	contig_10777	15464	16670	Mef(En2)_macrolide_antibiotic;_lincosamide_antibiotic	39	1206	1206	1.0	Unknown taxonomy (chromosome)
barcode07_9Gb	contig_10796	41077	41755	kdpE_aminoglycoside_antibiotic	9	678	678	1.0	
barcode07_9Gb	contig_10811	1089	1944	ErmX_macrolide_antibiotic;_lincosamide_antibiotic;_streptogramin_antibiotic;_streptogramin_A_antibiotic;_streptogramin_B_antibiotic	10	855	855	1.0	Unknown taxonomy (chromosome or plasmid)
barcode07_9Gb	contig_10811	3236	4019	LCR-1_cephalosporin;_penam	7	783	783	1.0	Pseudomonas aeruginosa (chromosome or plasmid)
barcode07_9Gb	contig_1098	129721	130069	qacEdelta1_disinfecting_agents_and_antiseptics	98	348	348	1.0	Unknown taxonomy (chromosome or plasmid)
barcode07_9Gb	contig_1098	130062	130902	sul1_sulfonamide_antibiotic	115	840	840	1.0	Unknown taxonomy (chromosome or plasmid)
barcode07_9Gb	contig_1098	133877	135116	Mrx_macrolide_antibiotic	74	1239	1239	1.0	Unknown taxonomy (chromosome or plasmid)
barcode07_9Gb	contig_10997	6707	7445	ErmB_macrolide_antibiotic;_lincosamide_antibiotic;_streptogramin_antibiotic;_streptogramin_A_antibiotic;_streptogramin_B_antibiotic	26	738	738	1.0	Unknown taxonomy (chromosome or plasmid)
barcode07_9Gb	contig_11	5988	7464	msrE_macrolide_antibiotic;_streptogramin_antibiotic	43	1476	1476	1.0	Unknown taxonomy (chromosome or plasmid)
barcode07_9Gb	contig_11	7519	8404	mphE_macrolide_antibiotic	41	885	885	1.0	Unknown taxonomy (chromosome or plasmid)
barcode07_9Gb	contig_1100	15073	18184	adeF_fluoroquinolone_antibiotic;_tetracycline_antibiotic	8	3111	3111	1.0	
barcode07_9Gb	contig_11028	43274	45041	Haemophilus influenzae PBP3 conferring resistance to beta-lactam antibiotics_cephalosporin;_cephamycin;_penam	13	1767	1767	1.0	Citrobacter portucalensis (chromosome or plasmid)
barcode07_9Gb	contig_11028	51243	52191	leuO_nucleoside_antibiotic;_disinfecting_agents_and_antiseptics	11	948	948	1.0	Citrobacter portucalensis (chromosome)
barcode07_9Gb	contig_11059	30196	30622	FosA2_phosphonic_acid_antibiotic	27	426	426	1.0	Enterobacter roggenkampii (chromosome)
barcode07_9Gb	contig_1107	46407	48873	vanT gene in vanG cluster_glycopeptide_antibiotic	16	2466	2466	1.0	Phocaeicola (chromosome)
barcode07_9Gb	contig_11155	8229	9195	CfxA3_cephamycin	51	966	966	1.0	Unknown taxonomy (chromosome or plasmid)
barcode07_9Gb	contig_1118	9765	10545	APH(3')-VIa_aminoglycoside_antibiotic	23	780	780	1.0	Unknown taxonomy (chromosome or plasmid)
barcode07_9Gb	contig_1118	11822	12635	NDM-1_carbapenem;_cephalosporin;_cephamycin;_penam	21	813	813	1.0	Unknown taxonomy (chromosome or plasmid)
barcode07_9Gb	contig_11230	146905	148036	vanT gene in vanG cluster_glycopeptide_antibiotic	17	1131	1131	1.0	
barcode07_9Gb	contig_11253	1193	2414	tet(40)_tetracycline_antibiotic	29	1221	1221	1.0	Unknown taxonomy (chromosome)
barcode07_9Gb	contig_1126	19815	20652	APH(6)-Id_aminoglycoside_antibiotic	29	837	837	1.0	Unknown taxonomy (chromosome or plasmid)
barcode07_9Gb	contig_1126	20651	21593	APH(3'')-Ib_aminoglycoside_antibiotic	20	942	942	1.0	Pseudomonas aeruginosa (chromosome or plasmid)
barcode07_9Gb	contig_1126	21788	22583	APH(3'')-Ib_aminoglycoside_antibiotic	12	795	795	1.0	Unknown taxonomy (chromosome or plasmid)
barcode07_9Gb	contig_1126	24024	24534	dfrA8_diaminopyrimidine_antibiotic	23	510	510	1.0	Unknown taxonomy (chromosome or plasmid)
barcode07_9Gb	contig_1126	30095	31022	PER-12_monobactam;_carbapenem;_cephalosporin;_penam;_penem	8	927	927	1.0	Unknown taxonomy (chromosome or plasmid)
barcode07_9Gb	contig_1129	62108	62888	APH(3')-VIa_aminoglycoside_antibiotic	53	780	780	1.0	Unknown taxonomy (chromosome or plasmid)
barcode07_9Gb	contig_1129	82255	83095	sul1_sulfonamide_antibiotic	134	840	840	1.0	Unknown taxonomy (chromosome or plasmid)
barcode07_9Gb	contig_1129	83604	84192	AAC(6')-Ib9_aminoglycoside_antibiotic	92	588	588	1.0	Unknown taxonomy (chromosome or plasmid)
barcode07_9Gb	contig_1129	84297	84750	arr-3_rifamycin_antibiotic	80	453	453	1.0	Unknown taxonomy (chromosome or plasmid)
barcode07_9Gb	contig_11327	16812	16998	rsmA_fluoroquinolone_antibiotic;_diaminopyrimidine_antibiotic;_phenicol_antibiotic	17	186	186	1.0	Citrobacter (chromosome or plasmid)
barcode07_9Gb	contig_11327	23352	24891	emrB_fluoroquinolone_antibiotic	13	1539	1539	1.0	Citrobacter freundii (chromosome or plasmid)
barcode07_9Gb	contig_11327	24907	26080	emrA_fluoroquinolone_antibiotic	18	1173	1173	1.0	Citrobacter portucalensis (no genomic info)
barcode07_9Gb	contig_11327	26210	26741	emrR_fluoroquinolone_antibiotic	15	531	531	1.0	Citrobacter (chromosome)
barcode07_9Gb	contig_1137	269	1109	sul1_sulfonamide_antibiotic	94	840	840	1.0	Unknown taxonomy (chromosome or plasmid)
barcode07_9Gb	contig_1137	5184	6423	Mrx_macrolide_antibiotic	164	1239	1239	1.0	Unknown taxonomy (chromosome or plasmid)
barcode07_9Gb	contig_1137	6419	7325	mphA_macrolide_antibiotic	140	906	906	1.0	Unknown taxonomy (chromosome or plasmid)
barcode07_9Gb	contig_1143	25547	26384	APH(6)-Id_aminoglycoside_antibiotic	75	837	837	1.0	Unknown taxonomy (chromosome or plasmid)
barcode07_9Gb	contig_1143	36705	37362	QnrVC1_fluoroquinolone_antibiotic	13	657	657	1.0	Unknown taxonomy (chromosome or plasmid)
barcode07_9Gb	contig_1144	102	942	APH(6)-Id_aminoglycoside_antibiotic	50	840	840	1.0	Unknown taxonomy (chromosome or plasmid)
barcode07_9Gb	contig_1144	941	1745	APH(3'')-Ib_aminoglycoside_antibiotic	65	804	804	1.0	Unknown taxonomy (chromosome or plasmid)
barcode07_9Gb	contig_1144	136344	137205	TEM-1_monobactam;_cephalosporin;_penam;_penem	36	861	861	1.0	Unknown taxonomy (chromosome or plasmid)
barcode07_9Gb	contig_1144	142176	143037	AAC(3)-IId_aminoglycoside_antibiotic	28	861	861	1.0	Unknown taxonomy (chromosome or plasmid)
barcode07_9Gb	contig_1144	145291	145891	AAC(6')-Ib-cr6_fluoroquinolone_antibiotic;_aminoglycoside_antibiotic	72	600	600	1.0	Unknown taxonomy (chromosome or plasmid)
barcode07_9Gb	contig_1144	146021	146852	OXA-1_cephalosporin;_penam	58	831	831	1.0	Unknown taxonomy (chromosome or plasmid)
barcode07_9Gb	contig_1144	146989	147622	catB3_phenicol_antibiotic	49	633	633	1.0	Unknown taxonomy (chromosome or plasmid)
barcode07_9Gb	contig_1144	147706	148159	arr-3_rifamycin_antibiotic	35	453	453	1.0	Unknown taxonomy (chromosome or plasmid)
barcode07_9Gb	contig_1145	1897	2734	APH(6)-Id_aminoglycoside_antibiotic	96	837	837	1.0	Unknown taxonomy (chromosome or plasmid)
barcode07_9Gb	contig_1145	2733	3537	APH(3'')-Ib_aminoglycoside_antibiotic	104	804	804	1.0	Unknown taxonomy (chromosome or plasmid)
barcode07_9Gb	contig_1146	175831	177205	cpxA_aminoglycoside_antibiotic;_aminocoumarin_antibiotic	67	1374	1374	1.0	Unknown taxonomy (chromosome or plasmid)
barcode07_9Gb	contig_1149	9908	10721	NDM-1_carbapenem;_cephalosporin;_cephamycin;_penam	29	813	813	1.0	Unknown taxonomy (chromosome or plasmid)
barcode07_9Gb	contig_1149	11998	12778	APH(3')-VIa_aminoglycoside_antibiotic	26	780	780	1.0	Unknown taxonomy (chromosome or plasmid)
barcode07_9Gb	contig_11492	27877	29008	vanT gene in vanG cluster_glycopeptide_antibiotic	7	1131	1131	1.0	
barcode07_9Gb	contig_1153	55832	57071	Mrx_macrolide_antibiotic	66	1239	1239	1.0	Unknown taxonomy (chromosome or plasmid)
barcode07_9Gb	contig_1153	57067	57973	mphA_macrolide_antibiotic	65	906	906	1.0	Unknown taxonomy (chromosome or plasmid)
barcode07_9Gb	contig_1153	59040	59901	TEM-1_monobactam;_cephalosporin;_penam;_penem	38	861	861	1.0	Unknown taxonomy (chromosome or plasmid)
barcode07_9Gb	contig_1154	12412	12871	AAC(6')-Il_aminoglycoside_antibiotic	40	459	459	1.0	Unknown taxonomy (chromosome or plasmid)
barcode07_9Gb	contig_1154	13490	13949	AAC(6')-Il_aminoglycoside_antibiotic	30	459	459	1.0	Unknown taxonomy (chromosome or plasmid)
barcode07_9Gb	contig_1154	14102	14930	OXA-2_carbapenem;_cephalosporin;_penam	33	828	828	1.0	Unknown taxonomy (chromosome or plasmid)
barcode07_9Gb	contig_1154	15059	15392	qacJ_disinfecting_agents_and_antiseptics	18	333	333	1.0	Unknown taxonomy (chromosome or plasmid)
barcode07_9Gb	contig_1154	15503	16349	aadA6_aminoglycoside_antibiotic	25	846	846	1.0	Unknown taxonomy (chromosome or plasmid)
barcode07_9Gb	contig_1154	16465	16813	qacEdelta1_disinfecting_agents_and_antiseptics	22	348	348	1.0	Unknown taxonomy (chromosome or plasmid)
barcode07_9Gb	contig_1155	1235	1694	AAC(6')-Il_aminoglycoside_antibiotic	61	459	459	1.0	Unknown taxonomy (chromosome or plasmid)
barcode07_9Gb	contig_1155	1767	2631	GES-1_carbapenem;_cephalosporin;_penam	54	864	864	1.0	Unknown taxonomy (chromosome or plasmid)
barcode07_9Gb	contig_1155	3275	4139	GES-1_carbapenem;_cephalosporin;_penam	39	864	864	1.0	Unknown taxonomy (chromosome or plasmid)
barcode07_9Gb	contig_1155	4360	4708	qacEdelta1_disinfecting_agents_and_antiseptics	97	348	348	1.0	Unknown taxonomy (chromosome or plasmid)
barcode07_9Gb	contig_1155	4701	5541	sul1_sulfonamide_antibiotic	117	840	840	1.0	Unknown taxonomy (chromosome or plasmid)
barcode07_9Gb	contig_1155	10672	11578	mphA_macrolide_antibiotic	23	906	906	1.0	Unknown taxonomy (chromosome or plasmid)
barcode07_9Gb	contig_1157	693	1533	sul1_sulfonamide_antibiotic	49	840	840	1.0	Unknown taxonomy (chromosome or plasmid)
barcode07_9Gb	contig_1157	1526	1874	qacEdelta1_disinfecting_agents_and_antiseptics	50	348	348	1.0	Unknown taxonomy (chromosome or plasmid)
barcode07_9Gb	contig_1157	2079	2868	aadA5_aminoglycoside_antibiotic	29	789	789	1.0	Unknown taxonomy (chromosome or plasmid)
barcode07_9Gb	contig_1157	2998	3472	dfrA17_diaminopyrimidine_antibiotic	26	474	474	1.0	Unknown taxonomy (chromosome or plasmid)
barcode07_9Gb	contig_1158	11107	11968	SHV-2_carbapenem;_cephalosporin;_penam	25	861	861	1.0	Unknown taxonomy (chromosome or plasmid)
barcode07_9Gb	contig_1160	225	870	QnrB19_fluoroquinolone_antibiotic	93	645	645	1.0	Unknown taxonomy (chromosome or plasmid)
barcode07_9Gb	contig_1162	2283	3189	mphA_macrolide_antibiotic	10	906	906	1.0	Unknown taxonomy (chromosome or plasmid)
barcode07_9Gb	contig_11639	5218	6019	ErmF_macrolide_antibiotic;_lincosamide_antibiotic;_streptogramin_antibiotic;_streptogramin_A_antibiotic;_streptogramin_B_antibiotic	33	801	801	1.0	Unknown taxonomy (chromosome or plasmid)
barcode07_9Gb	contig_11639	7261	8125	aadS_aminoglycoside_antibiotic	34	864	864	1.0	Unknown taxonomy (chromosome or plasmid)
barcode07_9Gb	contig_1169	10594	12814	Acinetobacter baumannii parC conferring resistance to fluoroquinolones_fluoroquinolone_antibiotic	40	2220	2220	1.0	Acinetobacter baumannii (chromosome or plasmid)
barcode07_9Gb	contig_11752	22470	23862	Escherichia coli UhpT with mutation conferring resistance to fosfomycin_phosphonic_acid_antibiotic	13	1392	1392	1.0	Unknown taxonomy (chromosome or plasmid)
barcode07_9Gb	contig_11844	25140	26259	ugd_peptide_antibiotic	14	1119	1119	1.0	Escherichia coli (chromosome or plasmid)
barcode07_9Gb	contig_11952	129	459	qacG_disinfecting_agents_and_antiseptics	9	330	330	1.0	Elizabethkingia anophelis (chromosome)
barcode07_9Gb	contig_1196	385365	388521	adeF_fluoroquinolone_antibiotic;_tetracycline_antibiotic	32	3156	3156	1.0	
barcode07_9Gb	contig_1196	2539515	2539851	qacG_disinfecting_agents_and_antiseptics	15	336	336	1.0	
barcode07_9Gb	contig_1196	3148487	3149303	sul2_sulfonamide_antibiotic	48	816	816	1.0	Unknown taxonomy (chromosome or plasmid)
barcode07_9Gb	contig_1196	3150166	3151003	APH(6)-Id_aminoglycoside_antibiotic	39	837	837	1.0	Unknown taxonomy (chromosome or plasmid)
barcode07_9Gb	contig_1196	3152080	3153280	tet(A)_tetracycline_antibiotic	34	1200	1200	1.0	Unknown taxonomy (chromosome or plasmid)
barcode07_9Gb	contig_12066	626	815	vanY gene in vanM cluster_glycopeptide_antibiotic	6	189	189	1.0	
barcode07_9Gb	contig_12125	215698	216679	PmrF_peptide_antibiotic	13	981	981	1.0	
barcode07_9Gb	contig_12125	219559	221215	ArnT_peptide_antibiotic	11	1656	1656	1.0	Escherichia coli (no genomic info)
barcode07_9Gb	contig_12125	328832	329465	CRP_macrolide_antibiotic;_fluoroquinolone_antibiotic;_penam	17	633	633	1.0	Unknown taxonomy (chromosome)
barcode07_9Gb	contig_12125	352768	353953	Escherichia coli EF-Tu mutants conferring resistance to Pulvomycin_elfamycin_antibiotic	31	1185	1185	1.0	Unknown taxonomy (chromosome or plasmid)
barcode07_9Gb	contig_12141	1072	1438	qacG_disinfecting_agents_and_antiseptics	5	366	366	1.0	
barcode07_9Gb	contig_12141	5502	5868	qacG_disinfecting_agents_and_antiseptics	6	366	366	1.0	
barcode07_9Gb	contig_12215	1779	2682	CMY-132_cephamycin	5	903	903	1.0	Unknown taxonomy (chromosome or plasmid)
barcode07_9Gb	contig_12230	638	1418	aadA_aminoglycoside_antibiotic	19	780	780	1.0	Unknown taxonomy (chromosome or plasmid)
barcode07_9Gb	contig_12230	1578	2235	QnrVC1_fluoroquinolone_antibiotic	27	657	657	1.0	Unknown taxonomy (chromosome or plasmid)
barcode07_9Gb	contig_1224	52144	52981	APH(6)-Id_aminoglycoside_antibiotic	48	837	837	1.0	Unknown taxonomy (chromosome or plasmid)
barcode07_9Gb	contig_1225	295749	296637	vanW gene in vanG cluster_glycopeptide_antibiotic	13	888	888	1.0	
barcode07_9Gb	contig_1225	542196	542853	QnrVC4_fluoroquinolone_antibiotic	34	657	657	1.0	Unknown taxonomy (chromosome or plasmid)
barcode07_9Gb	contig_1225	542935	543574	AAC(6')-Ib9_aminoglycoside_antibiotic	38	639	639	1.0	Unknown taxonomy (chromosome or plasmid)
barcode07_9Gb	contig_1225	543788	545048	cmlA5_phenicol_antibiotic	44	1260	1260	1.0	Unknown taxonomy (chromosome or plasmid)
barcode07_9Gb	contig_1225	545312	546113	OXA-10_cephalosporin;_penam	41	801	801	1.0	Unknown taxonomy (chromosome or plasmid)
barcode07_9Gb	contig_1225	546105	546921	aadA_aminoglycoside_antibiotic	37	816	816	1.0	Unknown taxonomy (chromosome or plasmid)
barcode07_9Gb	contig_1226	1379	1934	AAC(6')-IIa_aminoglycoside_antibiotic	37	555	555	1.0	Unknown taxonomy (chromosome or plasmid)
barcode07_9Gb	contig_1227	1425	2289	GES-5_carbapenem;_cephalosporin;_penam	13	864	864	1.0	Unknown taxonomy (chromosome or plasmid)
barcode07_9Gb	contig_1227	2411	3248	aadA16_aminoglycoside_antibiotic	8	837	837	1.0	Pseudomonas aeruginosa (chromosome or plasmid)
barcode07_9Gb	contig_1228	2820	3912	aadA11_aminoglycoside_antibiotic	17	1092	1092	1.0	Pseudomonas aeruginosa (chromosome or plasmid)
barcode07_9Gb	contig_1228	3999	4347	qacEdelta1_disinfecting_agents_and_antiseptics	7	348	348	1.0	Unknown taxonomy (chromosome or plasmid)
barcode07_9Gb	contig_12336	3870	5343	vanW gene in vanI cluster_glycopeptide_antibiotic	8	1473	1473	1.0	
barcode07_9Gb	contig_12440	12944	14870	tet(Q)_tetracycline_antibiotic	59	1926	1926	1.0	Alistipes putredinis (chromosome)
barcode07_9Gb	contig_12490	70313	71204	CblA-1_cephalosporin	14	891	891	1.0	Phocaeicola dorei (no genomic info)
barcode07_9Gb	contig_12490	71341	74455	adeF_fluoroquinolone_antibiotic;_tetracycline_antibiotic	16	3114	3114	1.0	
barcode07_9Gb	contig_12531	14305	15634	Haemophilus influenzae PBP3 conferring resistance to beta-lactam antibiotics_cephalosporin;_cephamycin;_penam	9	1329	1329	1.0	Enterobacter asburiae (chromosome or plasmid)
barcode07_9Gb	contig_12558	17616	18438	bacA_peptide_antibiotic	10	822	822	1.0	
barcode07_9Gb	contig_12608	1553	2663	vanT gene in vanG cluster_glycopeptide_antibiotic	5	1110	1110	1.0	
barcode07_9Gb	contig_12690	32849	33737	vanW gene in vanI cluster_glycopeptide_antibiotic	8	888	888	1.0	
barcode07_9Gb	contig_12748	102270	103662	Escherichia coli UhpT with mutation conferring resistance to fosfomycin_phosphonic_acid_antibiotic	14	1392	1392	1.0	Citrobacter freundii (chromosome or plasmid)
barcode07_9Gb	contig_12749	3664	5056	Escherichia coli UhpT with mutation conferring resistance to fosfomycin_phosphonic_acid_antibiotic	6	1392	1392	1.0	Citrobacter portucalensis (chromosome or plasmid)
barcode07_9Gb	contig_12760	5378	6362	PmrF_peptide_antibiotic	9	984	984	1.0	Citrobacter (chromosome or plasmid)
barcode07_9Gb	contig_12760	9238	10834	ArnT_peptide_antibiotic	6	1596	1596	1.0	Citrobacter (chromosome)
barcode07_9Gb	contig_12963	9761	10583	bacA_peptide_antibiotic	9	822	822	1.0	
barcode07_9Gb	contig_12988	2699	3884	Escherichia coli EF-Tu mutants conferring resistance to Pulvomycin_elfamycin_antibiotic	24	1185	1185	1.0	Klebsiella (chromosome or plasmid)
barcode07_9Gb	contig_12994	30401	31664	vanW gene in vanI cluster_glycopeptide_antibiotic	5	1263	1263	1.0	
barcode07_9Gb	contig_13009	16079	16415	qacG_disinfecting_agents_and_antiseptics	4	336	336	1.0	
barcode07_9Gb	contig_1303	211058	211622	lnuC_lincosamide_antibiotic	37	564	564	1.0	Unknown taxonomy (chromosome or plasmid)
barcode07_9Gb	contig_1304	34421	35594	vanT gene in vanG cluster_glycopeptide_antibiotic	8	1173	1173	1.0	
barcode07_9Gb	contig_13217	4755	6414	ArnT_peptide_antibiotic	5	1659	1659	1.0	
barcode07_9Gb	contig_13264	30953	31937	PmrF_peptide_antibiotic	18	984	984	1.0	
barcode07_9Gb	contig_13264	34818	36474	ArnT_peptide_antibiotic	13	1656	1656	1.0	Klebsiella (chromosome)
barcode07_9Gb	contig_13291	17116	18211	adeS_glycylcycline;_tetracycline_antibiotic	10	1095	1095	1.0	Acinetobacter baumannii (chromosome)
barcode07_9Gb	contig_13291	18242	18986	adeR_glycylcycline;_tetracycline_antibiotic	10	744	744	1.0	Acinetobacter baumannii (chromosome or plasmid)
barcode07_9Gb	contig_13394	186	513	Escherichia coli soxS with mutation conferring antibiotic resistance_fluoroquinolone_antibiotic;_monobactam;_carbapenem;_cephalosporin;_glycylcycline;_cephamycin;_penam;_tetracycline_antibiotic;_rifamycin_antibiotic;_phenicol_antibiotic;_penem;_disinfecting_agents_and_antiseptics	11	327	327	1.0	Enterobacter hormaechei (no genomic info)
barcode07_9Gb	contig_13523	6153	6891	ErmB_macrolide_antibiotic;_lincosamide_antibiotic;_streptogramin_antibiotic;_streptogramin_A_antibiotic;_streptogramin_B_antibiotic	12	738	738	1.0	Unknown taxonomy (chromosome or plasmid)
barcode07_9Gb	contig_13523	10147	11056	aad(6)_aminoglycoside_antibiotic	12	909	909	1.0	Unknown taxonomy (chromosome or plasmid)
barcode07_9Gb	contig_13523	11052	11595	SAT-4_nucleoside_antibiotic	6	543	543	1.0	Unknown taxonomy (chromosome or plasmid)
barcode07_9Gb	contig_13523	11687	12482	APH(3')-IIIa_aminoglycoside_antibiotic	15	795	795	1.0	Unknown taxonomy (chromosome or plasmid)
barcode07_9Gb	contig_13523	14630	15326	vanR gene in vanA cluster_glycopeptide_antibiotic	4	696	696	1.0	Unknown taxonomy (chromosome or plasmid)
barcode07_9Gb	contig_13523	15315	16464	vanS gene in vanA cluster_glycopeptide_antibiotic	5	1149	1149	1.0	Unknown taxonomy (chromosome or plasmid)
barcode07_9Gb	contig_13523	18188	18731	vanH gene in vanA cluster_glycopeptide_antibiotic	4	543	543	1.0	Unknown taxonomy (chromosome or plasmid)
barcode07_9Gb	contig_13523	18700	19156	vanH gene in vanA cluster_glycopeptide_antibiotic	5	456	456	1.0	Unknown taxonomy (chromosome or plasmid)
barcode07_9Gb	contig_13523	19148	20180	vanA_glycopeptide_antibiotic	5	1032	1032	1.0	Unknown taxonomy (chromosome or plasmid)
barcode07_9Gb	contig_13523	20424	20796	vanX gene in vanA cluster_glycopeptide_antibiotic	5	372	372	1.0	Unknown taxonomy (chromosome or plasmid)
barcode07_9Gb	contig_13523	21224	22136	vanY gene in vanA cluster_glycopeptide_antibiotic	4	912	912	1.0	Unknown taxonomy (chromosome or plasmid)
barcode07_9Gb	contig_13523	22288	22774	vanZ gene in vanA cluster_glycopeptide_antibiotic	3	486	486	1.0	Unknown taxonomy (chromosome or plasmid)
barcode07_9Gb	contig_13557	7059	10629	Bifidobacterium adolescentis rpoB mutants conferring resistance to rifampicin_rifamycin_antibiotic	6	3570	3570	1.0	Bifidobacterium (chromosome)
barcode07_9Gb	contig_13826	13274	13598	Escherichia coli soxS with mutation conferring antibiotic resistance_fluoroquinolone_antibiotic;_monobactam;_carbapenem;_cephalosporin;_glycylcycline;_cephamycin;_penam;_tetracycline_antibiotic;_rifamycin_antibiotic;_phenicol_antibiotic;_penem;_disinfecting_agents_and_antiseptics	14	324	324	1.0	Citrobacter portucalensis (chromosome)
barcode07_9Gb	contig_13843	1264	1597	qacL_disinfecting_agents_and_antiseptics	26	333	333	1.0	Unknown taxonomy (chromosome or plasmid)
barcode07_9Gb	contig_13934	6241	7633	Escherichia coli UhpT with mutation conferring resistance to fosfomycin_phosphonic_acid_antibiotic	14	1392	1392	1.0	Citrobacter freundii (chromosome or plasmid)
barcode07_9Gb	contig_13961	43647	43833	rsmA_fluoroquinolone_antibiotic;_diaminopyrimidine_antibiotic;_phenicol_antibiotic	13	186	186	1.0	Unknown taxonomy (chromosome or plasmid)
barcode07_9Gb	contig_13961	53275	54448	Klebsiella pneumoniae KpnG_macrolide_antibiotic;_fluoroquinolone_antibiotic;_aminoglycoside_antibiotic;_carbapenem;_cephalosporin;_penam;_peptide_antibiotic;_penem	15	1173	1173	1.0	Klebsiella pneumoniae (chromosome or plasmid)
barcode07_9Gb	contig_13961	54573	55104	emrR_fluoroquinolone_antibiotic	11	531	531	1.0	Klebsiella (chromosome or plasmid)
barcode07_9Gb	contig_13973	10065	11268	vanT gene in vanG cluster_glycopeptide_antibiotic	9	1203	1203	1.0	Faecalibacterium prausnitzii (chromosome)
barcode07_9Gb	contig_14063	28700	29861	vanT gene in vanG cluster_glycopeptide_antibiotic	8	1161	1161	1.0	
barcode07_9Gb	contig_14085	9273	9690	FosA8_phosphonic_acid_antibiotic	3	417	417	1.0	
barcode07_9Gb	contig_14125	1530	2922	Escherichia coli UhpT with mutation conferring resistance to fosfomycin_phosphonic_acid_antibiotic	6	1392	1392	1.0	Klebsiella michiganensis (chromosome)
barcode07_9Gb	contig_14225	9053	12209	adeF_fluoroquinolone_antibiotic;_tetracycline_antibiotic	28	3156	3156	1.0	
barcode07_9Gb	contig_1426	29473	30310	APH(6)-Id_aminoglycoside_antibiotic	81	837	837	1.0	Unknown taxonomy (chromosome or plasmid)
barcode07_9Gb	contig_1428	20583	21363	APH(3')-VIa_aminoglycoside_antibiotic	60	780	780	1.0	Unknown taxonomy (chromosome or plasmid)
barcode07_9Gb	contig_1441	4314	5154	sul1_sulfonamide_antibiotic	37	840	840	1.0	Unknown taxonomy (chromosome or plasmid)
barcode07_9Gb	contig_1441	5193	5958	aadA_aminoglycoside_antibiotic	22	765	765	1.0	Unknown taxonomy (chromosome or plasmid)
barcode07_9Gb	contig_1443	16260	16695	Escherichia coli AcrAB-TolC with MarR mutations conferring resistance to ciprofloxacin and tetracycline_fluoroquinolone_antibiotic;_cephalosporin;_glycylcycline;_penam;_tetracycline_antibiotic;_rifamycin_antibiotic;_phenicol_antibiotic;_disinfecting_agents_and_antiseptics	24	435	435	1.0	Unknown taxonomy (chromosome or plasmid)
barcode07_9Gb	contig_1443	16714	17098	marA_fluoroquinolone_antibiotic;_monobactam;_carbapenem;_cephalosporin;_glycylcycline;_cephamycin;_penam;_tetracycline_antibiotic;_rifamycin_antibiotic;_phenicol_antibiotic;_penem;_disinfecting_agents_and_antiseptics	24	384	384	1.0	Unknown taxonomy (chromosome or plasmid)
barcode07_9Gb	contig_14464	28322	28508	rsmA_fluoroquinolone_antibiotic;_diaminopyrimidine_antibiotic;_phenicol_antibiotic	27	186	186	1.0	Enterobacter (chromosome or plasmid)
barcode07_9Gb	contig_14464	37052	38225	emrA_fluoroquinolone_antibiotic	26	1173	1173	1.0	
barcode07_9Gb	contig_14464	38351	38882	emrR_fluoroquinolone_antibiotic	25	531	531	1.0	Enterobacter roggenkampii (chromosome)
barcode07_9Gb	contig_145	8168	9005	APH(6)-Id_aminoglycoside_antibiotic	23	837	837	1.0	Unknown taxonomy (chromosome or plasmid)
barcode07_9Gb	contig_145	9004	9808	APH(3'')-Ib_aminoglycoside_antibiotic	16	804	804	1.0	Unknown taxonomy (chromosome or plasmid)
barcode07_9Gb	contig_145	18480	19125	QnrB19_fluoroquinolone_antibiotic	58	645	645	1.0	Unknown taxonomy (chromosome or plasmid)
barcode07_9Gb	contig_145	19613	20474	AAC(3)-IIe_aminoglycoside_antibiotic	10	861	861	1.0	Unknown taxonomy (chromosome or plasmid)
barcode07_9Gb	contig_14531	34979	38171	adeF_fluoroquinolone_antibiotic;_tetracycline_antibiotic	14	3192	3192	1.0	
barcode07_9Gb	contig_14662	9910	10147	vanY gene in vanG cluster_glycopeptide_antibiotic	5	237	237	1.0	
barcode07_9Gb	contig_14821	10479	12318	vanY gene in vanB cluster_glycopeptide_antibiotic	11	1839	1839	1.0	
barcode07_9Gb	contig_14972	4284	5382	vanG_glycopeptide_antibiotic	5	1098	1098	1.0	Klebsiella michiganensis (chromosome)
barcode07_9Gb	contig_14975	1260	1998	ErmB_macrolide_antibiotic;_lincosamide_antibiotic;_streptogramin_antibiotic;_streptogramin_A_antibiotic;_streptogramin_B_antibiotic	18	738	738	1.0	Unknown taxonomy (chromosome or plasmid)
barcode07_9Gb	contig_15	46135	47308	vanY gene in vanF cluster_glycopeptide_antibiotic	6	1173	1173	1.0	
barcode07_9Gb	contig_1501	1799	2405	AAC(6')-Ib9_aminoglycoside_antibiotic	22	606	606	1.0	Unknown taxonomy (chromosome or plasmid)
barcode07_9Gb	contig_1501	2486	3263	aadA_aminoglycoside_antibiotic	19	777	777	1.0	Unknown taxonomy (chromosome or plasmid)
barcode07_9Gb	contig_1501	3322	4147	OXA-9_penam	20	825	825	1.0	Unknown taxonomy (chromosome or plasmid)
barcode07_9Gb	contig_1501	4846	5707	TEM-1_monobactam;_cephalosporin;_penam;_penem	47	861	861	1.0	Unknown taxonomy (chromosome or plasmid)
barcode07_9Gb	contig_1501	6667	7552	mphE_macrolide_antibiotic	39	885	885	1.0	Unknown taxonomy (chromosome or plasmid)
barcode07_9Gb	contig_1501	7607	9083	msrE_macrolide_antibiotic;_streptogramin_antibiotic	33	1476	1476	1.0	Unknown taxonomy (chromosome or plasmid)
barcode07_9Gb	contig_1504	2031	2913	KPC-2_monobactam;_carbapenem;_cephalosporin;_penam	449	882	882	1.0	Unknown taxonomy (chromosome or plasmid)
barcode07_9Gb	contig_15054	1117	1450	qacL_disinfecting_agents_and_antiseptics	4	333	333	1.0	Unknown taxonomy (chromosome or plasmid)
barcode07_9Gb	contig_15054	1490	2402	aadA_aminoglycoside_antibiotic	11	912	912	1.0	Unknown taxonomy (chromosome or plasmid)
barcode07_9Gb	contig_1506	14658	15495	APH(6)-Id_aminoglycoside_antibiotic	26	837	837	1.0	Unknown taxonomy (chromosome or plasmid)
barcode07_9Gb	contig_1510	69962	70397	Escherichia coli AcrAB-TolC with MarR mutations conferring resistance to ciprofloxacin and tetracycline_fluoroquinolone_antibiotic;_cephalosporin;_glycylcycline;_penam;_tetracycline_antibiotic;_rifamycin_antibiotic;_phenicol_antibiotic;_disinfecting_agents_and_antiseptics	11	435	435	1.0	Enterobacter (chromosome)
barcode07_9Gb	contig_1510	70416	70797	marA_fluoroquinolone_antibiotic;_monobactam;_carbapenem;_cephalosporin;_glycylcycline;_cephamycin;_penam;_tetracycline_antibiotic;_rifamycin_antibiotic;_phenicol_antibiotic;_penem;_disinfecting_agents_and_antiseptics	12	381	381	1.0	Enterobacter (chromosome or plasmid)
barcode07_9Gb	contig_15108	15011	15341	Klebsiella pneumoniae KpnF_macrolide_antibiotic;_aminoglycoside_antibiotic;_cephalosporin;_tetracycline_antibiotic;_peptide_antibiotic;_rifamycin_antibiotic;_disinfecting_agents_and_antiseptics	13	330	330	1.0	Citrobacter (chromosome)
barcode07_9Gb	contig_15108	15327	15690	Klebsiella pneumoniae KpnE_macrolide_antibiotic;_aminoglycoside_antibiotic;_cephalosporin;_tetracycline_antibiotic;_peptide_antibiotic;_rifamycin_antibiotic;_disinfecting_agents_and_antiseptics	13	363	363	1.0	Citrobacter (chromosome)
barcode07_9Gb	contig_15136	1294	4447	oqxB_fluoroquinolone_antibiotic;_glycylcycline;_tetracycline_antibiotic;_diaminopyrimidine_antibiotic;_nitrofuran_antibiotic	6	3153	3153	1.0	Enterobacter kobei (chromosome)
barcode07_9Gb	contig_15136	4471	5647	oqxA_fluoroquinolone_antibiotic;_glycylcycline;_tetracycline_antibiotic;_diaminopyrimidine_antibiotic;_nitrofuran_antibiotic	6	1176	1176	1.0	Enterobacter kobei (chromosome)
barcode07_9Gb	contig_15137	2290	2764	dfrA6_diaminopyrimidine_antibiotic	12	474	474	1.0	Vibrio (chromosome or plasmid)
barcode07_9Gb	contig_15175	222	1395	vanW gene in vanI cluster_glycopeptide_antibiotic	4	1173	1173	1.0	
barcode07_9Gb	contig_1518	3225	4425	tet(A)_tetracycline_antibiotic	37	1200	1200	1.0	Unknown taxonomy (chromosome or plasmid)
barcode07_9Gb	contig_1520	1707	2313	AAC(6')-Ib9_aminoglycoside_antibiotic	19	606	606	1.0	Unknown taxonomy (chromosome or plasmid)
barcode07_9Gb	contig_1520	2394	3171	aadA_aminoglycoside_antibiotic	14	777	777	1.0	Unknown taxonomy (chromosome or plasmid)
barcode07_9Gb	contig_1520	3230	4055	OXA-9_penam	15	825	825	1.0	Unknown taxonomy (chromosome or plasmid)
barcode07_9Gb	contig_1520	5760	6621	TEM-1_monobactam;_cephalosporin;_penam;_penem	44	861	861	1.0	Unknown taxonomy (chromosome or plasmid)
barcode07_9Gb	contig_15224	7523	7742	rsmA_fluoroquinolone_antibiotic;_diaminopyrimidine_antibiotic;_phenicol_antibiotic	11	219	219	1.0	
barcode07_9Gb	contig_1528	18782	19628	aadA11_aminoglycoside_antibiotic	14	846	846	1.0	Unknown taxonomy (chromosome or plasmid)
barcode07_9Gb	contig_1531	3607	4471	GES-1_carbapenem;_cephalosporin;_penam	83	864	864	1.0	Unknown taxonomy (chromosome or plasmid)
barcode07_9Gb	contig_1531	4544	5003	AAC(6')-Il_aminoglycoside_antibiotic	89	459	459	1.0	Unknown taxonomy (chromosome or plasmid)
barcode07_9Gb	contig_1533	1218	2256	tet(C)_tetracycline_antibiotic	29	1038	1038	1.0	Unknown taxonomy (chromosome or plasmid)
barcode07_9Gb	contig_1540	31709	32369	catA1_phenicol_antibiotic	7	660	660	1.0	Unknown taxonomy (chromosome or plasmid)
barcode07_9Gb	contig_15466	5512	6280	vanW gene in vanI cluster_glycopeptide_antibiotic	6	768	768	1.0	
barcode07_9Gb	contig_15561	3363	4191	OXA-253_carbapenem;_penam	31	828	828	1.0	Acinetobacter baumannii (chromosome)
barcode07_9Gb	contig_15763	18534	18915	marA_fluoroquinolone_antibiotic;_monobactam;_carbapenem;_cephalosporin;_glycylcycline;_cephamycin;_penam;_tetracycline_antibiotic;_rifamycin_antibiotic;_phenicol_antibiotic;_penem;_disinfecting_agents_and_antiseptics	7	381	381	1.0	Klebsiella michiganensis (chromosome)
barcode07_9Gb	contig_15763	18932	19367	Escherichia coli AcrAB-TolC with MarR mutations conferring resistance to ciprofloxacin and tetracycline_fluoroquinolone_antibiotic;_cephalosporin;_glycylcycline;_penam;_tetracycline_antibiotic;_rifamycin_antibiotic;_phenicol_antibiotic;_disinfecting_agents_and_antiseptics	10	435	435	1.0	Klebsiella michiganensis (chromosome)
barcode07_9Gb	contig_15766	3815	4070	rsmA_fluoroquinolone_antibiotic;_diaminopyrimidine_antibiotic;_phenicol_antibiotic	9	255	255	1.0	
barcode07_9Gb	contig_15776	1487	2327	sul1_sulfonamide_antibiotic	57	840	840	1.0	Unknown taxonomy (chromosome or plasmid)
barcode07_9Gb	contig_15776	2320	2668	qacEdelta1_disinfecting_agents_and_antiseptics	56	348	348	1.0	Unknown taxonomy (chromosome or plasmid)
barcode07_9Gb	contig_15868	18618	18963	qacG_disinfecting_agents_and_antiseptics	5	345	345	1.0	
barcode07_9Gb	contig_1587	14877	15876	vanH gene in vanB cluster_glycopeptide_antibiotic	16	999	999	1.0	
barcode07_9Gb	contig_15911	9060	9249	rsmA_fluoroquinolone_antibiotic;_diaminopyrimidine_antibiotic;_phenicol_antibiotic	13	189	189	1.0	
barcode07_9Gb	contig_15918	3609	4608	vanY gene in vanG cluster_glycopeptide_antibiotic	5	999	999	1.0	
barcode07_9Gb	contig_15928	39243	39438	rsmA_fluoroquinolone_antibiotic;_diaminopyrimidine_antibiotic;_phenicol_antibiotic	8	195	195	1.0	
barcode07_9Gb	contig_1596	394967	395726	vanY gene in vanB cluster_glycopeptide_antibiotic	18	759	759	1.0	
barcode07_9Gb	contig_1596	880470	880800	qacG_disinfecting_agents_and_antiseptics	7	330	330	1.0	
barcode07_9Gb	contig_1596	1013946	1015329	mdeA_fluoroquinolone_antibiotic;_aminoglycoside_antibiotic;_penam;_tetracycline_antibiotic;_disinfecting_agents_and_antiseptics	8	1383	1383	1.0	
barcode07_9Gb	contig_1597	768117	769104	vanH gene in vanO cluster_glycopeptide_antibiotic	68	987	987	1.0	
barcode07_9Gb	contig_1597	1350508	1351666	vanT gene in vanG cluster_glycopeptide_antibiotic	88	1158	1158	1.0	
barcode07_9Gb	contig_1598	17914	18250	qacG_disinfecting_agents_and_antiseptics	10	336	336	1.0	
barcode07_9Gb	contig_16005	15925	17608	vanW gene in vanI cluster_glycopeptide_antibiotic	7	1683	1683	1.0	Roseburia hominis (no genomic info)
barcode07_9Gb	contig_16019	31650	31845	rsmA_fluoroquinolone_antibiotic;_diaminopyrimidine_antibiotic;_phenicol_antibiotic	5	195	195	1.0	
barcode07_9Gb	contig_16102	12467	13361	vanY gene in vanG cluster_glycopeptide_antibiotic	3	894	894	1.0	
barcode07_9Gb	contig_16151	21479	22877	Escherichia coli UhpT with mutation conferring resistance to fosfomycin_phosphonic_acid_antibiotic	4	1398	1398	1.0	Unknown taxonomy (chromosome or plasmid)
barcode07_9Gb	contig_16202	27780	28110	Klebsiella pneumoniae KpnF_macrolide_antibiotic;_aminoglycoside_antibiotic;_cephalosporin;_tetracycline_antibiotic;_peptide_antibiotic;_rifamycin_antibiotic;_disinfecting_agents_and_antiseptics	24	330	330	1.0	Unknown taxonomy (chromosome or plasmid)
barcode07_9Gb	contig_16202	28096	28462	Klebsiella pneumoniae KpnE_macrolide_antibiotic;_aminoglycoside_antibiotic;_cephalosporin;_tetracycline_antibiotic;_peptide_antibiotic;_rifamycin_antibiotic;_disinfecting_agents_and_antiseptics	24	366	366	1.0	Unknown taxonomy (chromosome or plasmid)
barcode07_9Gb	contig_16212	11207	13682	vanT gene in vanG cluster_glycopeptide_antibiotic	9	2475	2475	1.0	
barcode07_9Gb	contig_16225	4156	5038	vanY gene in vanB cluster_glycopeptide_antibiotic	6	882	882	1.0	Faecalibacterium prausnitzii (chromosome)
barcode07_9Gb	contig_16260	5890	7084	Escherichia coli acrA_fluoroquinolone_antibiotic;_cephalosporin;_glycylcycline;_penam;_tetracycline_antibiotic;_rifamycin_antibiotic;_phenicol_antibiotic;_disinfecting_agents_and_antiseptics	5	1194	1194	1.0	Citrobacter freundii (chromosome or plasmid)
barcode07_9Gb	contig_16260	7106	10256	acrB_fluoroquinolone_antibiotic;_cephalosporin;_glycylcycline;_penam;_tetracycline_antibiotic;_rifamycin_antibiotic;_phenicol_antibiotic;_disinfecting_agents_and_antiseptics	6	3150	3150	1.0	Citrobacter freundii (chromosome or plasmid)
barcode07_9Gb	contig_16296	301	634	Escherichia coli emrE_macrolide_antibiotic	18	333	333	1.0	Unknown taxonomy (chromosome or plasmid)
barcode07_9Gb	contig_1639	10611	11496	mphE_macrolide_antibiotic	176	885	885	1.0	Unknown taxonomy (chromosome or plasmid)
barcode07_9Gb	contig_1639	11551	13027	msrE_macrolide_antibiotic;_streptogramin_antibiotic	175	1476	1476	1.0	Unknown taxonomy (chromosome or plasmid)
barcode07_9Gb	contig_1640	10560	11388	OXA-253_carbapenem;_penam	38	828	828	1.0	Acinetobacter baumannii (chromosome)
barcode07_9Gb	contig_16409	14100	15066	tet(M)_tetracycline_antibiotic	11	966	966	1.0	Unknown taxonomy (chromosome or plasmid)
barcode07_9Gb	contig_16409	15073	15787	tet(M)_tetracycline_antibiotic	10	714	714	1.0	Unknown taxonomy (chromosome or plasmid)
barcode07_9Gb	contig_16415	11471	11969	nimG_nitroimidazole_antibiotic	7	498	498	1.0	
barcode07_9Gb	contig_1643	10712	11900	tet(39)_tetracycline_antibiotic	50	1188	1188	1.0	Unknown taxonomy (plasmid)
barcode07_9Gb	contig_1650	11948	12776	OXA-253_carbapenem;_penam	14	828	828	1.0	Acinetobacter baumannii (chromosome)
barcode07_9Gb	contig_16603	15244	16432	vanT gene in vanG cluster_glycopeptide_antibiotic	6	1188	1188	1.0	
barcode07_9Gb	contig_16628	5641	6061	FosA6_phosphonic_acid_antibiotic	8	420	420	1.0	Klebsiella (chromosome or plasmid)
barcode07_9Gb	contig_16693	4674	5784	vanG_glycopeptide_antibiotic	5	1110	1110	1.0	
barcode07_9Gb	contig_16813	22373	24245	ErmF_macrolide_antibiotic;_lincosamide_antibiotic;_streptogramin_antibiotic;_streptogramin_A_antibiotic;_streptogramin_B_antibiotic	10	1872	1872	1.0	Unknown taxonomy (chromosome or plasmid)
barcode07_9Gb	contig_16813	24457	25594	tet(X)_glycylcycline;_tetracycline_antibiotic	15	1137	1137	1.0	Unknown taxonomy (chromosome or plasmid)
barcode07_9Gb	contig_16823	4440	4866	vanY gene in vanB cluster_glycopeptide_antibiotic	7	426	426	1.0	
barcode07_9Gb	contig_16841	7359	9279	tet(O)_tetracycline_antibiotic	26	1920	1920	1.0	Unknown taxonomy (chromosome or plasmid)
barcode07_9Gb	contig_16917	9531	9720	rsmA_fluoroquinolone_antibiotic;_diaminopyrimidine_antibiotic;_phenicol_antibiotic	18	189	189	1.0	
barcode07_9Gb	contig_16927	19342	19786	fosA5_fluoroquinolone_antibiotic;_aminoglycoside_antibiotic;_phosphonic_acid_antibiotic	8	444	444	1.0	Klebsiella (chromosome or plasmid)
barcode07_9Gb	contig_1700	14463	15651	tet(39)_tetracycline_antibiotic	92	1188	1188	1.0	Unknown taxonomy (plasmid)
barcode07_9Gb	contig_1700	16677	17562	mphE_macrolide_antibiotic	42	885	885	1.0	Unknown taxonomy (chromosome or plasmid)
barcode07_9Gb	contig_1715	3845	4673	OXA-253_carbapenem;_penam	67	828	828	1.0	Acinetobacter baumannii (chromosome)
barcode07_9Gb	contig_17172	17659	20107	vanT gene in vanG cluster_glycopeptide_antibiotic	10	2448	2448	1.0	
barcode07_9Gb	contig_17174	22485	23118	CRP_macrolide_antibiotic;_fluoroquinolone_antibiotic;_penam	5	633	633	1.0	Unknown taxonomy (chromosome)
barcode07_9Gb	contig_17193	7921	8740	vanY gene in vanB cluster_glycopeptide_antibiotic	13	819	819	1.0	Faecalibacterium prausnitzii (chromosome)
barcode07_9Gb	contig_1720	5455	6298	OXA-58_carbapenem;_penam	26	843	843	1.0	Unknown taxonomy (chromosome or plasmid)
barcode07_9Gb	contig_17202	24228	24648	vanW gene in vanB cluster_glycopeptide_antibiotic	4	420	420	1.0	
barcode07_9Gb	contig_17346	17308	17941	vanW gene in vanB cluster_glycopeptide_antibiotic	5	633	633	1.0	
barcode07_9Gb	contig_17353	42767	43592	vanY gene in vanF cluster_glycopeptide_antibiotic	5	825	825	1.0	
barcode07_9Gb	contig_17353	43588	44260	vanY gene in vanF cluster_glycopeptide_antibiotic	4	672	672	1.0	
barcode07_9Gb	contig_17411	3789	4446	QnrS2_fluoroquinolone_antibiotic	24	657	657	1.0	Unknown taxonomy (chromosome or plasmid)
barcode07_9Gb	contig_17411	8982	9639	QnrS2_fluoroquinolone_antibiotic	11	657	657	1.0	Unknown taxonomy (chromosome or plasmid)
barcode07_9Gb	contig_17433	24783	27930	acrB_fluoroquinolone_antibiotic;_cephalosporin;_glycylcycline;_penam;_tetracycline_antibiotic;_rifamycin_antibiotic;_phenicol_antibiotic;_disinfecting_agents_and_antiseptics	9	3147	3147	1.0	
barcode07_9Gb	contig_17482	12989	13445	vanY gene in vanM cluster_glycopeptide_antibiotic	19	456	456	1.0	Faecalibacterium prausnitzii (no genomic info)
barcode07_9Gb	contig_1756	25	853	OXA-72_carbapenem;_penam	11	828	828	1.0	Unknown taxonomy (chromosome or plasmid)
barcode07_9Gb	contig_17592	16907	18557	ArnT_peptide_antibiotic	24	1650	1650	1.0	Pseudomonas fluorescens (no genomic info)
barcode07_9Gb	contig_1761	1314	2142	OXA-253_carbapenem;_penam	17	828	828	1.0	Acinetobacter baumannii (chromosome)
barcode07_9Gb	contig_17644	28666	29161	nimA_nitroimidazole_antibiotic	3	495	495	1.0	
barcode07_9Gb	contig_1774	1036	2164	tet(C)_tetracycline_antibiotic	12	1128	1128	1.0	Unknown taxonomy (chromosome or plasmid)
barcode07_9Gb	contig_1774	3670	4861	tet(C)_tetracycline_antibiotic	35	1191	1191	1.0	Unknown taxonomy (chromosome or plasmid)
barcode07_9Gb	contig_1774	6734	7619	mphE_macrolide_antibiotic	58	885	885	1.0	Unknown taxonomy (chromosome or plasmid)
barcode07_9Gb	contig_1774	7674	9150	msrE_macrolide_antibiotic;_streptogramin_antibiotic	60	1476	1476	1.0	Unknown taxonomy (chromosome or plasmid)
barcode07_9Gb	contig_17755	23359	24271	leuO_nucleoside_antibiotic;_disinfecting_agents_and_antiseptics	10	912	912	1.0	Klebsiella michiganensis (chromosome)
barcode07_9Gb	contig_17886	27143	27488	qacG_disinfecting_agents_and_antiseptics	4	345	345	1.0	
barcode07_9Gb	contig_17988	5846	6626	APH(3')-VIa_aminoglycoside_antibiotic	39	780	780	1.0	Unknown taxonomy (chromosome or plasmid)
barcode07_9Gb	contig_18049	2695	3934	Mrx_macrolide_antibiotic	111	1239	1239	1.0	Unknown taxonomy (chromosome or plasmid)
barcode07_9Gb	contig_18049	3930	4836	mphA_macrolide_antibiotic	99	906	906	1.0	Unknown taxonomy (chromosome or plasmid)
barcode07_9Gb	contig_18050	0	735	TEM-244_monobactam;_cephalosporin;_penam;_penem	22	735	735	1.0	Unknown taxonomy (chromosome or plasmid)
barcode07_9Gb	contig_18074	304	1504	tet(A)_tetracycline_antibiotic	15	1200	1200	1.0	Unknown taxonomy (chromosome or plasmid)
barcode07_9Gb	contig_18074	6040	6877	APH(6)-Id_aminoglycoside_antibiotic	13	837	837	1.0	Unknown taxonomy (chromosome or plasmid)
barcode07_9Gb	contig_18074	6876	7680	APH(3'')-Ib_aminoglycoside_antibiotic	14	804	804	1.0	Unknown taxonomy (chromosome or plasmid)
barcode07_9Gb	contig_18097	10349	11234	mphE_macrolide_antibiotic	165	885	885	1.0	Unknown taxonomy (chromosome or plasmid)
barcode07_9Gb	contig_18097	11289	12765	msrE_macrolide_antibiotic;_streptogramin_antibiotic	160	1476	1476	1.0	Unknown taxonomy (chromosome or plasmid)
barcode07_9Gb	contig_18098	2245	3130	mphE_macrolide_antibiotic	189	885	885	1.0	Unknown taxonomy (chromosome or plasmid)
barcode07_9Gb	contig_18098	3185	4661	msrE_macrolide_antibiotic;_streptogramin_antibiotic	211	1476	1476	1.0	Unknown taxonomy (chromosome or plasmid)
barcode07_9Gb	contig_18102	2450	3230	aadA_aminoglycoside_antibiotic	28	780	780	1.0	Unknown taxonomy (chromosome or plasmid)
barcode07_9Gb	contig_18102	3305	4106	OXA-101_cephalosporin;_penam	14	801	801	1.0	Unknown taxonomy (chromosome or plasmid)
barcode07_9Gb	contig_18102	4665	5529	sul4_sulfonamide_antibiotic	9	864	864	1.0	Unknown taxonomy (chromosome or plasmid)
barcode07_9Gb	contig_18119	24372	25689	Acinetobacter baumannii AbaQ_fluoroquinolone_antibiotic	18	1317	1317	1.0	
barcode07_9Gb	contig_18128	17153	18299	MIR-16_monobactam;_cephalosporin	23	1146	1146	1.0	Enterobacter (chromosome)
barcode07_9Gb	contig_18142	10590	11415	OXA-644_carbapenem;_penam	625	825	825	1.0	Acinetobacter johnsonii (chromosome)
barcode07_9Gb	contig_18160	1020	1554	ANT(2'')-Ia_aminoglycoside_antibiotic	32	534	534	1.0	Unknown taxonomy (chromosome or plasmid)
barcode07_9Gb	contig_18160	1676	2540	GES-1_carbapenem;_cephalosporin;_penam	46	864	864	1.0	Unknown taxonomy (chromosome or plasmid)
barcode07_9Gb	contig_18160	2613	3072	AAC(6')-Il_aminoglycoside_antibiotic	55	459	459	1.0	Unknown taxonomy (chromosome or plasmid)
barcode07_9Gb	contig_18192	1509	2436	PER-2_monobactam;_carbapenem;_cephalosporin;_penam;_penem	39	927	927	1.0	Unknown taxonomy (plasmid)
barcode07_9Gb	contig_18213	1858	2287	fosA5_fluoroquinolone_antibiotic;_aminoglycoside_antibiotic;_phosphonic_acid_antibiotic	4	429	429	1.0	
barcode07_9Gb	contig_18458	4283	5594	Acinetobacter baumannii AbaQ_fluoroquinolone_antibiotic	10	1311	1311	1.0	Acinetobacter lwoffii (chromosome)
barcode07_9Gb	contig_18486	20072	21419	vanW gene in vanI cluster_glycopeptide_antibiotic	11	1347	1347	1.0	
barcode07_9Gb	contig_18504	8264	9449	Escherichia coli EF-Tu mutants conferring resistance to Pulvomycin_elfamycin_antibiotic	32	1185	1185	1.0	Citrobacter (chromosome or plasmid)
barcode07_9Gb	contig_18504	27826	28459	CRP_macrolide_antibiotic;_fluoroquinolone_antibiotic;_penam	12	633	633	1.0	Citrobacter freundii (chromosome)
barcode07_9Gb	contig_18528	36289	36625	Klebsiella pneumoniae KpnE_macrolide_antibiotic;_aminoglycoside_antibiotic;_cephalosporin;_tetracycline_antibiotic;_peptide_antibiotic;_rifamycin_antibiotic;_disinfecting_agents_and_antiseptics	24	336	336	1.0	Enterobacter cloacae (chromosome)
barcode07_9Gb	contig_18536	2360	3140	APH(3')-VIa_aminoglycoside_antibiotic	26	780	780	1.0	Unknown taxonomy (chromosome or plasmid)
barcode07_9Gb	contig_18551	34944	35940	vanH gene in vanB cluster_glycopeptide_antibiotic	6	996	996	1.0	
barcode07_9Gb	contig_18568	18566	18911	qacG_disinfecting_agents_and_antiseptics	12	345	345	1.0	Unknown taxonomy (chromosome or plasmid)
barcode07_9Gb	contig_18572	17244	18432	tet(39)_tetracycline_antibiotic	75	1188	1188	1.0	Unknown taxonomy (plasmid)
barcode07_9Gb	contig_18579	9069	10584	aadT_macrolide_antibiotic;_tetracycline_antibiotic;_disinfecting_agents_and_antiseptics	14	1515	1515	1.0	
barcode07_9Gb	contig_18670	11664	11919	rsmA_fluoroquinolone_antibiotic;_diaminopyrimidine_antibiotic;_phenicol_antibiotic	9	255	255	1.0	
barcode07_9Gb	contig_18716	2872	3676	APH(3'')-Ib_aminoglycoside_antibiotic	25	804	804	1.0	Unknown taxonomy (chromosome or plasmid)
barcode07_9Gb	contig_18746	4869	5910	vanG_glycopeptide_antibiotic	9	1041	1041	1.0	
barcode07_9Gb	contig_18746	5906	6659	vanXY gene in vanG cluster_glycopeptide_antibiotic	6	753	753	1.0	
barcode07_9Gb	contig_18746	6850	8728	vanT gene in vanG cluster_glycopeptide_antibiotic	6	1878	1878	1.0	
barcode07_9Gb	contig_18900	22580	23639	vanY gene in vanA cluster_glycopeptide_antibiotic	6	1059	1059	1.0	
barcode07_9Gb	contig_18917	22902	23247	qacG_disinfecting_agents_and_antiseptics	37	345	345	1.0	Unknown taxonomy (chromosome or plasmid)
barcode07_9Gb	contig_18951	16863	19989	adeF_fluoroquinolone_antibiotic;_tetracycline_antibiotic	7	3126	3126	1.0	
barcode07_9Gb	contig_18995	13933	14728	APH(3')-IIIa_aminoglycoside_antibiotic	15	795	795	1.0	Unknown taxonomy (chromosome or plasmid)
barcode07_9Gb	contig_1904	2976	6126	adeF_fluoroquinolone_antibiotic;_tetracycline_antibiotic	87	3150	3150	1.0	Aeromonas caviae (chromosome or plasmid)
barcode07_9Gb	contig_19073	6686	8456	Haemophilus influenzae PBP3 conferring resistance to beta-lactam antibiotics_cephalosporin;_cephamycin;_penam	12	1770	1770	1.0	Unknown taxonomy (chromosome or plasmid)
barcode07_9Gb	contig_19074	400	1210	ErmB_macrolide_antibiotic;_lincosamide_antibiotic;_streptogramin_antibiotic;_streptogramin_A_antibiotic;_streptogramin_B_antibiotic	16	810	810	1.0	Escherichia coli (chromosome or plasmid)
barcode07_9Gb	contig_19135	14898	15546	vanW gene in vanI cluster_glycopeptide_antibiotic	3	648	648	1.0	
barcode07_9Gb	contig_19183	2636	2981	qacG_disinfecting_agents_and_antiseptics	8	345	345	1.0	Acinetobacter (chromosome or plasmid)
barcode07_9Gb	contig_19212	14534	16283	msbA_nitroimidazole_antibiotic	5	1749	1749	1.0	Unknown taxonomy (chromosome)
barcode07_9Gb	contig_19225	4877	5672	APH(3')-IIa_aminoglycoside_antibiotic	6	795	795	1.0	Unknown taxonomy (chromosome or plasmid)
barcode07_9Gb	contig_19225	8494	8911	FosA3_phosphonic_acid_antibiotic	4	417	417	1.0	Unknown taxonomy (chromosome or plasmid)
barcode07_9Gb	contig_19225	11578	12454	CTX-M-55_cephalosporin	11	876	876	1.0	Unknown taxonomy (chromosome or plasmid)
barcode07_9Gb	contig_2001	57555	60033	vanT gene in vanG cluster_glycopeptide_antibiotic	25	2478	2478	1.0	
barcode07_9Gb	contig_2054	38498	38753	rsmA_fluoroquinolone_antibiotic;_diaminopyrimidine_antibiotic;_phenicol_antibiotic	339	255	255	1.0	
barcode07_9Gb	contig_2061	33276	34536	EreB_macrolide_antibiotic	32	1260	1260	1.0	
barcode07_9Gb	contig_2062	803	2063	EreB_macrolide_antibiotic	18	1260	1260	1.0	
barcode07_9Gb	contig_2120	95850	96675	gadX_macrolide_antibiotic;_fluoroquinolone_antibiotic;_penam	48	825	825	1.0	Escherichia coli (chromosome)
barcode07_9Gb	contig_2120	97042	97771	gadW_macrolide_antibiotic;_fluoroquinolone_antibiotic;_penam	48	729	729	1.0	Escherichia coli (chromosome)
barcode07_9Gb	contig_2120	101272	102430	mdtE_macrolide_antibiotic;_fluoroquinolone_antibiotic;_penam	48	1158	1158	1.0	Unknown taxonomy (chromosome)
barcode07_9Gb	contig_2137	18169	19354	Escherichia coli EF-Tu mutants conferring resistance to Pulvomycin_elfamycin_antibiotic	42	1185	1185	1.0	Unknown taxonomy (chromosome or plasmid)
barcode07_9Gb	contig_2137	71340	74445	AcrF_fluoroquinolone_antibiotic;_cephalosporin;_cephamycin;_penam	63	3105	3105	1.0	Escherichia coli (chromosome or plasmid)
barcode07_9Gb	contig_2137	74456	75614	AcrE_fluoroquinolone_antibiotic;_cephalosporin;_cephamycin;_penam	63	1158	1158	1.0	Unknown taxonomy (chromosome or plasmid)
barcode07_9Gb	contig_2137	76012	76675	AcrS_fluoroquinolone_antibiotic;_cephalosporin;_glycylcycline;_cephamycin;_penam;_tetracycline_antibiotic;_rifamycin_antibiotic;_phenicol_antibiotic;_disinfecting_agents_and_antiseptics	59	663	663	1.0	Unknown taxonomy (chromosome or plasmid)
barcode07_9Gb	contig_2138	25689	26322	CRP_macrolide_antibiotic;_fluoroquinolone_antibiotic;_penam	45	633	633	1.0	Escherichia coli (chromosome or plasmid)
barcode07_9Gb	contig_2138	41112	42297	Escherichia coli EF-Tu mutants conferring resistance to Pulvomycin_elfamycin_antibiotic	57	1185	1185	1.0	Unknown taxonomy (chromosome or plasmid)
barcode07_9Gb	contig_2147	44799	47976	adeF_fluoroquinolone_antibiotic;_tetracycline_antibiotic	32	3177	3177	1.0	Unknown taxonomy (chromosome)
barcode07_9Gb	contig_22	8097	8442	qacG_disinfecting_agents_and_antiseptics	10	345	345	1.0	Acinetobacter (no genomic info)
barcode07_9Gb	contig_2236	25734	26886	MOX-13_cephalosporin;_cephamycin;_penam	104	1152	1152	1.0	Aeromonas caviae (chromosome or plasmid)
barcode07_9Gb	contig_2251	37813	38998	Escherichia coli EF-Tu mutants conferring resistance to Pulvomycin_elfamycin_antibiotic	26	1185	1185	1.0	Unknown taxonomy (chromosome or plasmid)
barcode07_9Gb	contig_2252	94362	97476	adeF_fluoroquinolone_antibiotic;_tetracycline_antibiotic	22	3114	3114	1.0	Enterobacter roggenkampii (chromosome)
barcode07_9Gb	contig_2253	129823	130957	EC-14_cephalosporin	44	1134	1134	1.0	Unknown taxonomy (chromosome or plasmid)
barcode07_9Gb	contig_2253	193686	195330	eptA_peptide_antibiotic	46	1644	1644	1.0	Unknown taxonomy (chromosome or plasmid)
barcode07_9Gb	contig_2253	224673	225705	mdtN_nucleoside_antibiotic;_disinfecting_agents_and_antiseptics	57	1032	1032	1.0	Unknown taxonomy (chromosome or plasmid)
barcode07_9Gb	contig_2253	250291	250756	Escherichia coli soxR with mutation conferring antibiotic resistance_fluoroquinolone_antibiotic;_cephalosporin;_glycylcycline;_penam;_tetracycline_antibiotic;_rifamycin_antibiotic;_phenicol_antibiotic;_disinfecting_agents_and_antiseptics	47	465	465	1.0	Unknown taxonomy (chromosome or plasmid)
barcode07_9Gb	contig_2253	250841	251165	Escherichia coli soxS with mutation conferring antibiotic resistance_fluoroquinolone_antibiotic;_monobactam;_carbapenem;_cephalosporin;_glycylcycline;_cephamycin;_penam;_tetracycline_antibiotic;_rifamycin_antibiotic;_phenicol_antibiotic;_penem;_disinfecting_agents_and_antiseptics	49	324	324	1.0	Unknown taxonomy (chromosome or plasmid)
barcode07_9Gb	contig_2253	396279	397464	Escherichia coli EF-Tu mutants conferring resistance to Pulvomycin_elfamycin_antibiotic	80	1185	1185	1.0	Unknown taxonomy (chromosome or plasmid)
barcode07_9Gb	contig_2256	81047	82241	Enterobacter cloacae acrA_fluoroquinolone_antibiotic;_cephalosporin;_glycylcycline;_penam;_tetracycline_antibiotic;_rifamycin_antibiotic;_phenicol_antibiotic;_disinfecting_agents_and_antiseptics	20	1194	1194	1.0	Enterobacter roggenkampii (chromosome)
barcode07_9Gb	contig_2256	182314	183415	vanG_glycopeptide_antibiotic	21	1101	1101	1.0	Enterobacter (chromosome)
barcode07_9Gb	contig_2258	37381	38566	Escherichia coli EF-Tu mutants conferring resistance to Pulvomycin_elfamycin_antibiotic	35	1185	1185	1.0	Citrobacter (chromosome or plasmid)
barcode07_9Gb	contig_2270	19155	20340	Escherichia coli EF-Tu mutants conferring resistance to Pulvomycin_elfamycin_antibiotic	21	1185	1185	1.0	Klebsiella (chromosome or plasmid)
barcode07_9Gb	contig_2272	71234	72233	CMY-136_cephalosporin;_cephamycin	15	999	999	1.0	Citrobacter portucalensis (chromosome or plasmid)
barcode07_9Gb	contig_2301	24618	27732	adeF_fluoroquinolone_antibiotic;_tetracycline_antibiotic	22	3114	3114	1.0	Enterobacter kobei (chromosome)
barcode07_9Gb	contig_2316	15870	17757	tet(Q)_tetracycline_antibiotic	12	1887	1887	1.0	Unknown taxonomy (chromosome)
barcode07_9Gb	contig_2316	18594	19671	tet(X4)_glycylcycline;_tetracycline_antibiotic	27	1077	1077	1.0	Unknown taxonomy (chromosome or plasmid)
barcode07_9Gb	contig_2316	19883	20684	ErmF_macrolide_antibiotic;_lincosamide_antibiotic;_streptogramin_antibiotic;_streptogramin_A_antibiotic;_streptogramin_B_antibiotic	40	801	801	1.0	Unknown taxonomy (chromosome or plasmid)
barcode07_9Gb	contig_2365	310740	312735	lmrD_lincosamide_antibiotic	27	1995	1995	1.0	
barcode07_9Gb	contig_2365	970657	971404	vanY gene in vanG cluster_glycopeptide_antibiotic	20	747	747	1.0	
barcode07_9Gb	contig_2365	1130972	1131302	qacG_disinfecting_agents_and_antiseptics	25	330	330	1.0	
barcode07_9Gb	contig_2465	1169	1985	sul2_sulfonamide_antibiotic	63	816	816	1.0	Unknown taxonomy (chromosome or plasmid)
barcode07_9Gb	contig_2465	4487	5702	floR_phenicol_antibiotic	19	1215	1215	1.0	Unknown taxonomy (chromosome or plasmid)
barcode07_9Gb	contig_2515	43805	45320	aadT_macrolide_antibiotic;_tetracycline_antibiotic;_disinfecting_agents_and_antiseptics	21	1515	1515	1.0	
barcode07_9Gb	contig_2516	208386	209496	vanT gene in vanG cluster_glycopeptide_antibiotic	487	1110	1110	1.0	
barcode07_9Gb	contig_2516	452822	456014	adeF_fluoroquinolone_antibiotic;_tetracycline_antibiotic	431	3192	3192	1.0	
barcode07_9Gb	contig_2516	711662	712169	nimK_nitroimidazole_antibiotic	395	507	507	1.0	
barcode07_9Gb	contig_2516	1414177	1415413	vanW gene in vanI cluster_glycopeptide_antibiotic	392	1236	1236	1.0	
barcode07_9Gb	contig_2601	8219	9044	OXA-644_carbapenem;_penam	581	825	825	1.0	Acinetobacter johnsonii (chromosome)
barcode07_9Gb	contig_2603	2297	3122	OXA-644_carbapenem;_penam	112	825	825	1.0	Acinetobacter johnsonii (chromosome)
barcode07_9Gb	contig_2705	3220	4084	aadS_aminoglycoside_antibiotic	21	864	864	1.0	Unknown taxonomy (chromosome or plasmid)
barcode07_9Gb	contig_2706	748	1939	tet(C)_tetracycline_antibiotic	29	1191	1191	1.0	Unknown taxonomy (chromosome or plasmid)
barcode07_9Gb	contig_2708	9376	10156	APH(3')-VIa_aminoglycoside_antibiotic	71	780	780	1.0	Unknown taxonomy (chromosome or plasmid)
barcode07_9Gb	contig_2708	12571	13453	KPC-2_monobactam;_carbapenem;_cephalosporin;_penam	120	882	882	1.0	Unknown taxonomy (chromosome or plasmid)
barcode07_9Gb	contig_2735	90955	91777	bacA_peptide_antibiotic	51	822	822	1.0	Unknown taxonomy (chromosome or plasmid)
barcode07_9Gb	contig_2735	114184	115673	TolC_macrolide_antibiotic;_fluoroquinolone_antibiotic;_aminoglycoside_antibiotic;_carbapenem;_cephalosporin;_glycylcycline;_cephamycin;_penam;_tetracycline_antibiotic;_peptide_antibiotic;_aminocoumarin_antibiotic;_rifamycin_antibiotic;_phenicol_antibiotic;_penem;_disinfecting_agents_and_antiseptics	50	1489	1489	1.0	Unknown taxonomy (chromosome or plasmid)
barcode07_9Gb	contig_2792	72984	74463	Acinetobacter baumannii AmvA_macrolide_antibiotic;_disinfecting_agents_and_antiseptics	38	1479	1479	1.0	Acinetobacter baumannii (chromosome or plasmid)
barcode07_9Gb	contig_2792	334115	334445	abeS_macrolide_antibiotic;_aminocoumarin_antibiotic	36	330	330	1.0	Acinetobacter baumannii (chromosome or plasmid)
barcode07_9Gb	contig_2792	337753	338767	adeL_fluoroquinolone_antibiotic;_tetracycline_antibiotic	40	1014	1014	1.0	Acinetobacter baumannii (chromosome or plasmid)
barcode07_9Gb	contig_2792	338982	340203	adeG_fluoroquinolone_antibiotic;_tetracycline_antibiotic	44	1221	1221	1.0	Acinetobacter baumannii (chromosome or plasmid)
barcode07_9Gb	contig_2792	340209	343389	adeF_fluoroquinolone_antibiotic;_tetracycline_antibiotic	43	3180	3180	1.0	Acinetobacter baumannii (chromosome or plasmid)
barcode07_9Gb	contig_2792	343401	344850	adeH_fluoroquinolone_antibiotic;_tetracycline_antibiotic	37	1449	1449	1.0	Acinetobacter baumannii (chromosome or plasmid)
barcode07_9Gb	contig_2792	448029	449181	ADC-154_cephalosporin	27	1152	1152	1.0	Acinetobacter baumannii (chromosome or plasmid)
barcode07_9Gb	contig_2792	798891	800142	adeI_macrolide_antibiotic;_fluoroquinolone_antibiotic;_lincosamide_antibiotic;_carbapenem;_cephalosporin;_tetracycline_antibiotic;_rifamycin_antibiotic;_diaminopyrimidine_antibiotic;_phenicol_antibiotic;_penem	61	1251	1251	1.0	Acinetobacter baumannii (chromosome or plasmid)
barcode07_9Gb	contig_2792	800154	803331	adeJ_macrolide_antibiotic;_fluoroquinolone_antibiotic;_lincosamide_antibiotic;_carbapenem;_cephalosporin;_tetracycline_antibiotic;_rifamycin_antibiotic;_diaminopyrimidine_antibiotic;_phenicol_antibiotic;_penem	59	3177	3177	1.0	Acinetobacter baumannii (chromosome or plasmid)
barcode07_9Gb	contig_2792	803330	804785	adeK_macrolide_antibiotic;_fluoroquinolone_antibiotic;_lincosamide_antibiotic;_carbapenem;_cephalosporin;_tetracycline_antibiotic;_rifamycin_antibiotic;_diaminopyrimidine_antibiotic;_phenicol_antibiotic;_penem	57	1455	1455	1.0	Acinetobacter baumannii (chromosome or plasmid)
barcode07_9Gb	contig_2816	585	2124	emrB_fluoroquinolone_antibiotic	44	1539	1539	1.0	Unknown taxonomy (chromosome or plasmid)
barcode07_9Gb	contig_2816	6940	7126	rsmA_fluoroquinolone_antibiotic;_diaminopyrimidine_antibiotic;_phenicol_antibiotic	48	186	186	1.0	Unknown taxonomy (chromosome or plasmid)
barcode07_9Gb	contig_2818	19741	20395	adeN_macrolide_antibiotic;_fluoroquinolone_antibiotic;_lincosamide_antibiotic;_carbapenem;_cephalosporin;_tetracycline_antibiotic;_rifamycin_antibiotic;_diaminopyrimidine_antibiotic;_phenicol_antibiotic;_penem	30	654	654	1.0	Acinetobacter baumannii (chromosome or plasmid)
barcode07_9Gb	contig_2846	48383	48638	rsmA_fluoroquinolone_antibiotic;_diaminopyrimidine_antibiotic;_phenicol_antibiotic	10	255	255	1.0	
barcode07_9Gb	contig_2856	14361	15177	sul2_sulfonamide_antibiotic	88	816	816	1.0	Unknown taxonomy (chromosome or plasmid)
barcode07_9Gb	contig_2856	36275	37493	tet(E)_tetracycline_antibiotic	23	1218	1218	1.0	Aeromonas veronii (chromosome)
barcode07_9Gb	contig_2857	10337	11504	tet(X3)_glycylcycline;_tetracycline_antibiotic	8	1167	1167	1.0	Unknown taxonomy (chromosome or plasmid)
barcode07_9Gb	contig_2857	14879	15695	sul2_sulfonamide_antibiotic	75	816	816	1.0	Unknown taxonomy (chromosome or plasmid)
barcode07_9Gb	contig_2877	11306	12290	vanH gene in vanO cluster_glycopeptide_antibiotic	7	984	984	1.0	
barcode07_9Gb	contig_2894	18102	18897	OXA-504_penam	155	795	795	1.0	Aeromonas caviae (chromosome)
barcode07_9Gb	contig_2901	2828	4304	msrE_macrolide_antibiotic;_streptogramin_antibiotic	41	1476	1476	1.0	Unknown taxonomy (chromosome or plasmid)
barcode07_9Gb	contig_2901	4359	5244	mphE_macrolide_antibiotic	37	885	885	1.0	Unknown taxonomy (chromosome or plasmid)
barcode07_9Gb	contig_2901	7506	8106	AAC(6')-Ib-cr6_fluoroquinolone_antibiotic;_aminoglycoside_antibiotic	63	600	600	1.0	Unknown taxonomy (chromosome or plasmid)
barcode07_9Gb	contig_2901	8236	9067	OXA-1_cephalosporin;_penam	50	831	831	1.0	Unknown taxonomy (chromosome or plasmid)
barcode07_9Gb	contig_2901	9204	9837	catB3_phenicol_antibiotic	43	633	633	1.0	Unknown taxonomy (chromosome or plasmid)
barcode07_9Gb	contig_2901	9921	10374	arr-3_rifamycin_antibiotic	20	453	453	1.0	Unknown taxonomy (chromosome or plasmid)
barcode07_9Gb	contig_2902	2748	4224	msrE_macrolide_antibiotic;_streptogramin_antibiotic	31	1476	1476	1.0	Unknown taxonomy (chromosome or plasmid)
barcode07_9Gb	contig_2902	4279	5164	mphE_macrolide_antibiotic	40	885	885	1.0	Unknown taxonomy (chromosome or plasmid)
barcode07_9Gb	contig_2912	1371	2172	OXA-10_cephalosporin;_penam	24	801	801	1.0	Unknown taxonomy (chromosome or plasmid)
barcode07_9Gb	contig_2912	2164	2980	aadA_aminoglycoside_antibiotic	25	816	816	1.0	Unknown taxonomy (chromosome or plasmid)
barcode07_9Gb	contig_2912	3014	3488	dfrA14_diaminopyrimidine_antibiotic	16	474	474	1.0	Unknown taxonomy (chromosome or plasmid)
barcode07_9Gb	contig_2914	2301	3501	tet(A)_tetracycline_antibiotic	16	1200	1200	1.0	Unknown taxonomy (chromosome or plasmid)
barcode07_9Gb	contig_2914	4100	5315	floR_phenicol_antibiotic	15	1215	1215	1.0	Unknown taxonomy (chromosome or plasmid)
barcode07_9Gb	contig_2914	14812	15286	dfrA1_diaminopyrimidine_antibiotic	27	474	474	1.0	Unknown taxonomy (chromosome or plasmid)
barcode07_9Gb	contig_2914	15390	16170	aadA_aminoglycoside_antibiotic	35	780	780	1.0	Unknown taxonomy (chromosome or plasmid)
barcode07_9Gb	contig_2914	16333	16681	qacEdelta1_disinfecting_agents_and_antiseptics	31	348	348	1.0	Unknown taxonomy (chromosome or plasmid)
barcode07_9Gb	contig_2914	17925	18741	sul2_sulfonamide_antibiotic	46	816	816	1.0	Unknown taxonomy (chromosome or plasmid)
barcode07_9Gb	contig_2915	1326	2190	GES-1_carbapenem;_cephalosporin;_penam	18	864	864	1.0	Unknown taxonomy (chromosome or plasmid)
barcode07_9Gb	contig_2916	22123	22963	sul1_sulfonamide_antibiotic	77	840	840	1.0	Unknown taxonomy (chromosome or plasmid)
barcode07_9Gb	contig_2916	22956	23304	qacEdelta1_disinfecting_agents_and_antiseptics	78	348	348	1.0	Unknown taxonomy (chromosome or plasmid)
barcode07_9Gb	contig_2916	23467	24247	aadA2_aminoglycoside_antibiotic	48	780	780	1.0	Unknown taxonomy (chromosome or plasmid)
barcode07_9Gb	contig_2917	1300	2131	aadA7_aminoglycoside_antibiotic	16	831	831	1.0	Salmonella enterica (chromosome or plasmid)
barcode07_9Gb	contig_2917	2616	2949	qacL_disinfecting_agents_and_antiseptics	31	333	333	1.0	Unknown taxonomy (chromosome or plasmid)
barcode07_9Gb	contig_2917	3193	3775	AAC(6')-IIc_aminoglycoside_antibiotic	17	582	582	1.0	Unknown taxonomy (chromosome or plasmid)
barcode07_9Gb	contig_2917	3914	4778	GES-5_carbapenem;_cephalosporin;_penam	21	864	864	1.0	Unknown taxonomy (chromosome or plasmid)
barcode07_9Gb	contig_2923	2260	3187	PER-3_monobactam;_carbapenem;_cephalosporin;_penam;_penem	14	927	927	1.0	Unknown taxonomy (chromosome or plasmid)
barcode07_9Gb	contig_2947	7549	8023	dfrF_diaminopyrimidine_antibiotic	19	474	474	1.0	Unknown taxonomy (chromosome or plasmid)
barcode07_9Gb	contig_2978	17273	18476	Escherichia coli mdfA_tetracycline_antibiotic;_disinfecting_agents_and_antiseptics	8	1203	1203	1.0	Citrobacter portucalensis (chromosome or plasmid)
barcode07_9Gb	contig_3	762932	763496	lnuC_lincosamide_antibiotic	69	564	564	1.0	Unknown taxonomy (chromosome or plasmid)
barcode07_9Gb	contig_3	1598337	1601490	adeF_fluoroquinolone_antibiotic;_tetracycline_antibiotic	34	3153	3153	1.0	
barcode07_9Gb	contig_3	1669653	1670217	lnuC_lincosamide_antibiotic	59	564	564	1.0	Unknown taxonomy (chromosome or plasmid)
barcode07_9Gb	contig_3	2368970	2370173	vanT gene in vanG cluster_glycopeptide_antibiotic	30	1203	1203	1.0	
barcode07_9Gb	contig_3	2439464	2440958	vanW gene in vanI cluster_glycopeptide_antibiotic	22	1494	1494	1.0	
barcode07_9Gb	contig_3017	4801	5926	vanT gene in vanG cluster_glycopeptide_antibiotic	3	1125	1125	1.0	
barcode07_9Gb	contig_3024	76918	78064	ACT-87_carbapenem;_cephalosporin;_cephamycin;_penam	11	1146	1146	1.0	Enterobacter kobei (chromosome)
barcode07_9Gb	contig_3032	231136	231796	tet(W)_tetracycline_antibiotic	34	660	660	1.0	Unknown taxonomy (chromosome)
barcode07_9Gb	contig_3042	224372	227966	evgS_macrolide_antibiotic;_fluoroquinolone_antibiotic;_penam;_tetracycline_antibiotic	29	3594	3594	1.0	Unknown taxonomy (chromosome or plasmid)
barcode07_9Gb	contig_3042	227970	228585	evgA_macrolide_antibiotic;_fluoroquinolone_antibiotic;_penam;_tetracycline_antibiotic	35	615	615	1.0	Unknown taxonomy (chromosome or plasmid)
barcode07_9Gb	contig_3042	229108	230164	emrK_tetracycline_antibiotic	36	1056	1056	1.0	Unknown taxonomy (chromosome or plasmid)
barcode07_9Gb	contig_3042	230163	231702	emrY_tetracycline_antibiotic	33	1539	1539	1.0	Unknown taxonomy (chromosome or plasmid)
barcode07_9Gb	contig_3057	9795	12912	adeF_fluoroquinolone_antibiotic;_tetracycline_antibiotic	7	3117	3117	1.0	Phocaeicola massiliensis (chromosome)
barcode07_9Gb	contig_3058	58429	61546	adeF_fluoroquinolone_antibiotic;_tetracycline_antibiotic	10	3117	3117	1.0	Phocaeicola (chromosome)
barcode07_9Gb	contig_3061	1325	2168	OXA-58_carbapenem;_penam	18	843	843	1.0	Unknown taxonomy (chromosome or plasmid)
barcode07_9Gb	contig_3093	25619	25964	qacG_disinfecting_agents_and_antiseptics	13	345	345	1.0	
barcode07_9Gb	contig_31	89748	89937	rsmA_fluoroquinolone_antibiotic;_diaminopyrimidine_antibiotic;_phenicol_antibiotic	126	189	189	1.0	
barcode07_9Gb	contig_31	213634	214036	FosA8_phosphonic_acid_antibiotic	112	402	402	1.0	Aeromonas caviae (chromosome or plasmid)
barcode07_9Gb	contig_3193	38622	39807	Escherichia coli EF-Tu mutants conferring resistance to Pulvomycin_elfamycin_antibiotic	30	1185	1185	1.0	Unknown taxonomy (chromosome)
barcode07_9Gb	contig_3193	59796	60981	Escherichia coli EF-Tu mutants conferring resistance to Pulvomycin_elfamycin_antibiotic	31	1185	1185	1.0	Unknown taxonomy (chromosome or plasmid)
barcode07_9Gb	contig_32	306000	307995	lmrD_lincosamide_antibiotic	27	1995	1995	1.0	
barcode07_9Gb	contig_32	982032	982779	vanY gene in vanG cluster_glycopeptide_antibiotic	22	747	747	1.0	
barcode07_9Gb	contig_3266	11363	13283	tet(W)_tetracycline_antibiotic	53	1920	1920	1.0	Unknown taxonomy (chromosome or plasmid)
barcode07_9Gb	contig_3334	2268	3078	OXA-9_penam	17	810	810	1.0	Unknown taxonomy (chromosome or plasmid)
barcode07_9Gb	contig_3334	3137	3914	aadA_aminoglycoside_antibiotic	20	777	777	1.0	Unknown taxonomy (chromosome or plasmid)
barcode07_9Gb	contig_3334	3995	4601	AAC(6')-Ib9_aminoglycoside_antibiotic	29	606	606	1.0	Unknown taxonomy (chromosome or plasmid)
barcode07_9Gb	contig_3334	10699	11914	floR_phenicol_antibiotic	17	1215	1215	1.0	Unknown taxonomy (chromosome or plasmid)
barcode07_9Gb	contig_3334	15895	16315	FosA6_phosphonic_acid_antibiotic	9	420	420	1.0	Unknown taxonomy (chromosome or plasmid)
barcode07_9Gb	contig_34	14159	14372	vanU gene in vanG cluster_glycopeptide_antibiotic	18	213	213	1.0	
barcode07_9Gb	contig_3437	23871	24945	vanT gene in vanG cluster_glycopeptide_antibiotic	80	1074	1074	1.0	
barcode07_9Gb	contig_3455	35162	36002	sul1_sulfonamide_antibiotic	11	840	840	1.0	Unknown taxonomy (chromosome or plasmid)
barcode07_9Gb	contig_3518	7460	8684	tet(B)_tetracycline_antibiotic	42	1224	1224	1.0	Unknown taxonomy (chromosome or plasmid)
barcode07_9Gb	contig_3518	8744	9371	tetR_tetracycline_antibiotic	47	627	627	1.0	Unknown taxonomy (chromosome or plasmid)
barcode07_9Gb	contig_3548	7667	9323	ArnT_peptide_antibiotic	15	1656	1656	1.0	Enterobacter roggenkampii (chromosome)
barcode07_9Gb	contig_3548	98668	99301	CRP_macrolide_antibiotic;_fluoroquinolone_antibiotic;_penam	29	633	633	1.0	Enterobacter roggenkampii (chromosome or plasmid)
barcode07_9Gb	contig_3548	122514	123699	Escherichia coli EF-Tu mutants conferring resistance to Pulvomycin_elfamycin_antibiotic	32	1185	1185	1.0	Enterobacter (chromosome or plasmid)
barcode07_9Gb	contig_3591	30728	31988	mdtM_fluoroquinolone_antibiotic;_lincosamide_antibiotic;_nucleoside_antibiotic;_phenicol_antibiotic;_disinfecting_agents_and_antiseptics	52	1260	1260	1.0	Escherichia coli (chromosome or plasmid)
barcode07_9Gb	contig_3591	172395	173340	leuO_nucleoside_antibiotic;_disinfecting_agents_and_antiseptics	41	945	945	1.0	Unknown taxonomy (chromosome or plasmid)
barcode07_9Gb	contig_3591	179440	181207	Haemophilus influenzae PBP3 conferring resistance to beta-lactam antibiotics_cephalosporin;_cephamycin;_penam	62	1767	1767	1.0	Escherichia coli (chromosome or plasmid)
barcode07_9Gb	contig_3657	901	2161	cmlA4_phenicol_antibiotic	8	1260	1260	1.0	Unknown taxonomy (chromosome or plasmid)
barcode07_9Gb	contig_3657	2459	2933	dfrA15b_diaminopyrimidine_antibiotic	12	474	474	1.0	Unknown taxonomy (chromosome or plasmid)
barcode07_9Gb	contig_3658	383	1034	AAC(6')-Ib9_aminoglycoside_antibiotic	23	651	651	1.0	Unknown taxonomy (chromosome or plasmid)
barcode07_9Gb	contig_3658	1075	1939	GES-1_carbapenem;_cephalosporin;_penam	27	864	864	1.0	Unknown taxonomy (chromosome or plasmid)
barcode07_9Gb	contig_3660	2683	3520	aadA_aminoglycoside_antibiotic	19	837	837	1.0	Unknown taxonomy (chromosome or plasmid)
barcode07_9Gb	contig_3660	3791	4448	QnrVC1_fluoroquinolone_antibiotic	25	657	657	1.0	Unknown taxonomy (chromosome or plasmid)
barcode07_9Gb	contig_3660	4606	5080	dfrA6_diaminopyrimidine_antibiotic	26	474	474	1.0	Unknown taxonomy (chromosome or plasmid)
barcode07_9Gb	contig_3661	2	851	GES-1_carbapenem;_cephalosporin;_penam	10	849	849	1.0	Unknown taxonomy (chromosome or plasmid)
barcode07_9Gb	contig_3661	892	1543	AAC(6')-Ib9_aminoglycoside_antibiotic	20	651	651	1.0	Unknown taxonomy (chromosome or plasmid)
barcode07_9Gb	contig_3661	1624	2452	OXA-2_carbapenem;_cephalosporin;_penam	23	828	828	1.0	Unknown taxonomy (chromosome or plasmid)
barcode07_9Gb	contig_3661	3409	4237	OXA-2_carbapenem;_cephalosporin;_penam	27	828	828	1.0	Unknown taxonomy (chromosome or plasmid)
barcode07_9Gb	contig_3661	4692	5040	qacEdelta1_disinfecting_agents_and_antiseptics	21	348	348	1.0	Unknown taxonomy (chromosome or plasmid)
barcode07_9Gb	contig_3662	226673	227879	Mef(En2)_macrolide_antibiotic;_lincosamide_antibiotic	34	1206	1206	1.0	Unknown taxonomy (chromosome)
barcode07_9Gb	contig_3792	138885	141378	vanT gene in vanG cluster_glycopeptide_antibiotic	19	2493	2493	1.0	
barcode07_9Gb	contig_38	400216	401593	vanW gene in vanI cluster_glycopeptide_antibiotic	22	1377	1377	1.0	
barcode07_9Gb	contig_38	1341800	1342913	vanT gene in vanG cluster_glycopeptide_antibiotic	26	1113	1113	1.0	
barcode07_9Gb	contig_38	1537201	1540342	adeF_fluoroquinolone_antibiotic;_tetracycline_antibiotic	34	3141	3141	1.0	
barcode07_9Gb	contig_38	1639383	1640715	vanW gene in vanI cluster_glycopeptide_antibiotic	23	1332	1332	1.0	
barcode07_9Gb	contig_3913	741849	742959	vanT gene in vanG cluster_glycopeptide_antibiotic	113	1110	1110	1.0	
barcode07_9Gb	contig_3934	12470	13352	KPC-2_monobactam;_carbapenem;_cephalosporin;_penam	73	882	882	1.0	Unknown taxonomy (chromosome or plasmid)
barcode07_9Gb	contig_3959	7828	8617	ANT(3'')-IIa_aminoglycoside_antibiotic	72	789	789	1.0	Acinetobacter baumannii (chromosome or plasmid)
barcode07_9Gb	contig_3976	25831	26716	mphE_macrolide_antibiotic	49	885	885	1.0	Unknown taxonomy (chromosome or plasmid)
barcode07_9Gb	contig_3993	40291	40621	qacG_disinfecting_agents_and_antiseptics	4	330	330	1.0	
barcode07_9Gb	contig_4005	8085	8874	vanH gene in vanO cluster_glycopeptide_antibiotic	4	789	789	1.0	
barcode07_9Gb	contig_4012	16576	18010	vanW gene in vanI cluster_glycopeptide_antibiotic	8	1434	1434	1.0	
barcode07_9Gb	contig_4082	4638	5862	mef(C)_macrolide_antibiotic;_tetracycline_antibiotic	19	1224	1224	1.0	
barcode07_9Gb	contig_4082	5866	6751	mphG_macrolide_antibiotic	25	885	885	1.0	
barcode07_9Gb	contig_4083	9902	10268	qacG_disinfecting_agents_and_antiseptics	297	366	366	1.0	Acinetobacter johnsonii (chromosome)
barcode07_9Gb	contig_41	2474	2963	lnuC_lincosamide_antibiotic	4	489	489	1.0	Unknown taxonomy (chromosome or plasmid)
barcode07_9Gb	contig_4177	264569	265394	OXA-441_carbapenem;_penam	37	825	825	1.0	Acinetobacter baumannii (chromosome or plasmid)
barcode07_9Gb	contig_4196	12468	13353	mphE_macrolide_antibiotic	161	885	885	1.0	Unknown taxonomy (chromosome or plasmid)
barcode07_9Gb	contig_4196	13408	14884	msrE_macrolide_antibiotic;_streptogramin_antibiotic	172	1476	1476	1.0	Unknown taxonomy (chromosome or plasmid)
barcode07_9Gb	contig_4213	17803	18313	dfrA8_diaminopyrimidine_antibiotic	11	510	510	1.0	Unknown taxonomy (chromosome or plasmid)
barcode07_9Gb	contig_4298	13065	13596	emrR_fluoroquinolone_antibiotic	39	531	531	1.0	Unknown taxonomy (chromosome or plasmid)
barcode07_9Gb	contig_4327	29993	33158	adeF_fluoroquinolone_antibiotic;_tetracycline_antibiotic	6	3165	3165	1.0	Acinetobacter nosocomialis (chromosome or plasmid)
barcode07_9Gb	contig_4366	134984	136169	Escherichia coli EF-Tu mutants conferring resistance to Pulvomycin_elfamycin_antibiotic	33	1185	1185	1.0	Enterobacter kobei (chromosome or plasmid)
barcode07_9Gb	contig_44	843976	845095	vanT gene in vanG cluster_glycopeptide_antibiotic	10	1119	1119	1.0	
barcode07_9Gb	contig_44	1710429	1710918	nimJ_nitroimidazole_antibiotic	12	489	489	1.0	
barcode07_9Gb	contig_45	2259147	2261118	tet(O)_tetracycline_antibiotic	24	1971	1971	1.0	
barcode07_9Gb	contig_45	2268028	2269201	vanT gene in vanG cluster_glycopeptide_antibiotic	24	1173	1173	1.0	
barcode07_9Gb	contig_45	2419902	2421075	vanT gene in vanG cluster_glycopeptide_antibiotic	37	1173	1173	1.0	
barcode07_9Gb	contig_4556	38394	38769	ramA_fluoroquinolone_antibiotic;_monobactam;_carbapenem;_cephalosporin;_glycylcycline;_cephamycin;_penam;_tetracycline_antibiotic;_rifamycin_antibiotic;_phenicol_antibiotic;_penem;_disinfecting_agents_and_antiseptics	11	375	375	1.0	Enterobacter kobei (no genomic info)
barcode07_9Gb	contig_4556	354815	356048	Escherichia coli mdfA_tetracycline_antibiotic;_disinfecting_agents_and_antiseptics	20	1233	1233	1.0	
barcode07_9Gb	contig_4556	921344	921707	Klebsiella pneumoniae KpnE_macrolide_antibiotic;_aminoglycoside_antibiotic;_cephalosporin;_tetracycline_antibiotic;_peptide_antibiotic;_rifamycin_antibiotic;_disinfecting_agents_and_antiseptics	12	363	363	1.0	Enterobacter kobei (chromosome)
barcode07_9Gb	contig_4556	921693	922023	Klebsiella pneumoniae KpnF_macrolide_antibiotic;_aminoglycoside_antibiotic;_cephalosporin;_tetracycline_antibiotic;_peptide_antibiotic;_rifamycin_antibiotic;_disinfecting_agents_and_antiseptics	11	330	330	1.0	Enterobacter kobei (chromosome)
barcode07_9Gb	contig_4594	64914	65904	vanH gene in vanB cluster_glycopeptide_antibiotic	21	990	990	1.0	
barcode07_9Gb	contig_4684	3491	6362	vanT gene in vanG cluster_glycopeptide_antibiotic	35	2871	2871	1.0	Faecalibacterium prausnitzii (chromosome)
barcode07_9Gb	contig_4701	68119	69103	PmrF_peptide_antibiotic	17	984	984	1.0	
barcode07_9Gb	contig_4701	71977	73633	ArnT_peptide_antibiotic	19	1656	1656	1.0	Enterobacter kobei (chromosome)
barcode07_9Gb	contig_4701	148068	148701	CRP_macrolide_antibiotic;_fluoroquinolone_antibiotic;_penam	27	633	633	1.0	Enterobacter (chromosome or plasmid)
barcode07_9Gb	contig_4701	171856	173041	Escherichia coli EF-Tu mutants conferring resistance to Pulvomycin_elfamycin_antibiotic	25	1185	1185	1.0	Enterobacter kobei (chromosome or plasmid)
barcode07_9Gb	contig_4719	50609	51287	kdpE_aminoglycoside_antibiotic	37	678	678	1.0	Escherichia coli (chromosome or plasmid)
barcode07_9Gb	contig_4719	209996	211229	Escherichia coli mdfA_tetracycline_antibiotic;_disinfecting_agents_and_antiseptics	32	1233	1233	1.0	Unknown taxonomy (chromosome or plasmid)
barcode07_9Gb	contig_4790	6512	6986	dfrA6_diaminopyrimidine_antibiotic	49	474	474	1.0	Unknown taxonomy (chromosome or plasmid)
barcode07_9Gb	contig_4790	7144	7801	QnrVC1_fluoroquinolone_antibiotic	47	657	657	1.0	Unknown taxonomy (chromosome or plasmid)
barcode07_9Gb	contig_48	13469	14582	vanG_glycopeptide_antibiotic	14	1113	1113	1.0	Citrobacter (chromosome or plasmid)
barcode07_9Gb	contig_4885	2132	2972	sul1_sulfonamide_antibiotic	36	840	840	1.0	Unknown taxonomy (chromosome or plasmid)
barcode07_9Gb	contig_4885	5035	5866	OXA-4_cephalosporin;_penam	32	831	831	1.0	Pseudomonas aeruginosa (chromosome or plasmid)
barcode07_9Gb	contig_4885	5990	6782	aadA_aminoglycoside_antibiotic	28	792	792	1.0	Unknown taxonomy (chromosome or plasmid)
barcode07_9Gb	contig_510	63239	64124	mphE_macrolide_antibiotic	187	885	885	1.0	Unknown taxonomy (chromosome or plasmid)
barcode07_9Gb	contig_510	64179	65655	msrE_macrolide_antibiotic;_streptogramin_antibiotic	186	1476	1476	1.0	Unknown taxonomy (chromosome or plasmid)
barcode07_9Gb	contig_5151	49738	52852	acrD_aminoglycoside_antibiotic	14	3114	3114	1.0	Enterobacter (chromosome)
barcode07_9Gb	contig_5160	15925	16300	ramA_fluoroquinolone_antibiotic;_monobactam;_carbapenem;_cephalosporin;_glycylcycline;_cephamycin;_penam;_tetracycline_antibiotic;_rifamycin_antibiotic;_phenicol_antibiotic;_penem;_disinfecting_agents_and_antiseptics	10	375	375	1.0	Enterobacter (chromosome)
barcode07_9Gb	contig_52	72661	73855	Enterobacter cloacae acrA_fluoroquinolone_antibiotic;_cephalosporin;_glycylcycline;_penam;_tetracycline_antibiotic;_rifamycin_antibiotic;_phenicol_antibiotic;_disinfecting_agents_and_antiseptics	21	1194	1194	1.0	Enterobacter (chromosome)
barcode07_9Gb	contig_52	73877	77024	acrB_fluoroquinolone_antibiotic;_cephalosporin;_glycylcycline;_penam;_tetracycline_antibiotic;_rifamycin_antibiotic;_phenicol_antibiotic;_disinfecting_agents_and_antiseptics	18	3147	3147	1.0	Unknown taxonomy (chromosome)
barcode07_9Gb	contig_52	172278	173379	vanG_glycopeptide_antibiotic	10	1101	1101	1.0	Enterobacter kobei (chromosome)
barcode07_9Gb	contig_5222	183792	184977	Escherichia coli EF-Tu mutants conferring resistance to Pulvomycin_elfamycin_antibiotic	137	1185	1185	1.0	Aeromonas caviae (chromosome or plasmid)
barcode07_9Gb	contig_5222	202997	204182	Escherichia coli EF-Tu mutants conferring resistance to Pulvomycin_elfamycin_antibiotic	153	1185	1185	1.0	Aeromonas caviae (chromosome or plasmid)
barcode07_9Gb	contig_5240	8897	10871	tet(Q)_tetracycline_antibiotic	16	1974	1974	1.0	Unknown taxonomy (chromosome)
barcode07_9Gb	contig_5241	5100	5901	ErmF_macrolide_antibiotic;_lincosamide_antibiotic;_streptogramin_antibiotic;_streptogramin_A_antibiotic;_streptogramin_B_antibiotic	24	801	801	1.0	Unknown taxonomy (chromosome or plasmid)
barcode07_9Gb	contig_5241	9809	11735	tet(Q)_tetracycline_antibiotic	43	1926	1926	1.0	Unknown taxonomy (chromosome)
barcode07_9Gb	contig_5244	9781	11707	tet(Q)_tetracycline_antibiotic	45	1926	1926	1.0	Unknown taxonomy (chromosome)
barcode07_9Gb	contig_5253	1933	2635	vanY gene in vanB cluster_glycopeptide_antibiotic	14	702	702	1.0	
barcode07_9Gb	contig_5255	2863	3601	ErmB_macrolide_antibiotic;_lincosamide_antibiotic;_streptogramin_antibiotic;_streptogramin_A_antibiotic;_streptogramin_B_antibiotic	22	738	738	1.0	Unknown taxonomy (chromosome or plasmid)
barcode07_9Gb	contig_53	148908	150675	Haemophilus influenzae PBP3 conferring resistance to beta-lactam antibiotics_cephalosporin;_cephamycin;_penam	11	1767	1767	1.0	Enterobacter kobei (chromosome or plasmid)
barcode07_9Gb	contig_53	156837	157860	leuO_nucleoside_antibiotic;_disinfecting_agents_and_antiseptics	19	1023	1023	1.0	Enterobacter kobei (chromosome)
barcode07_9Gb	contig_53	347599	348025	FosA2_phosphonic_acid_antibiotic	28	426	426	1.0	Enterobacter kobei (chromosome)
barcode07_9Gb	contig_5304	11965	13609	YojI_peptide_antibiotic	32	1644	1644	1.0	Escherichia coli (chromosome or plasmid)
barcode07_9Gb	contig_5304	54156	55515	Escherichia coli GlpT with mutation conferring resistance to fosfomycin_phosphonic_acid_antibiotic	37	1359	1359	1.0	Unknown taxonomy (chromosome or plasmid)
barcode07_9Gb	contig_5304	66153	67122	PmrF_peptide_antibiotic	31	969	969	1.0	Unknown taxonomy (chromosome or plasmid)
barcode07_9Gb	contig_5304	69991	71644	ArnT_peptide_antibiotic	23	1653	1653	1.0	Unknown taxonomy (chromosome or plasmid)
barcode07_9Gb	contig_5474	4298	5126	OXA-253_carbapenem;_penam	5	828	828	1.0	Acinetobacter baumannii (chromosome or plasmid)
barcode07_9Gb	contig_5767	5976	6852	CTX-M-95_cephalosporin	8	876	876	1.0	
barcode07_9Gb	contig_5835	31248	32052	lnuB_lincosamide_antibiotic	31	804	804	1.0	Unknown taxonomy (chromosome or plasmid)
barcode07_9Gb	contig_5835	32105	33590	lsaE_lincosamide_antibiotic;_streptogramin_antibiotic;_pleuromutilin_antibiotic	32	1485	1485	1.0	Streptococcus (chromosome or plasmid)
barcode07_9Gb	contig_5835	128781	130335	vanW gene in vanI cluster_glycopeptide_antibiotic	13	1554	1554	1.0	
barcode07_9Gb	contig_5835	749873	753044	adeF_fluoroquinolone_antibiotic;_tetracycline_antibiotic	21	3171	3171	1.0	
barcode07_9Gb	contig_6070	134387	136865	vanT gene in vanG cluster_glycopeptide_antibiotic	158	2478	2478	1.0	
barcode07_9Gb	contig_6362	37125	37749	catS_phenicol_antibiotic	15	624	624	1.0	Parvimonas micra (chromosome)
barcode07_9Gb	contig_6432	125480	126581	LpsB_peptide_antibiotic	56	1101	1101	1.0	Acinetobacter baumannii (chromosome or plasmid)
barcode07_9Gb	contig_6432	174170	175517	abeM_fluoroquinolone_antibiotic;_disinfecting_agents_and_antiseptics	60	1347	1347	1.0	Acinetobacter baumannii (chromosome or plasmid)
barcode07_9Gb	contig_6513	119479	119824	qacG_disinfecting_agents_and_antiseptics	10	345	345	1.0	
barcode07_9Gb	contig_6530	9440	10163	baeR_aminoglycoside_antibiotic;_aminocoumarin_antibiotic	20	723	723	1.0	Klebsiella (chromosome)
barcode07_9Gb	contig_6539	3307	4279	leuO_nucleoside_antibiotic;_disinfecting_agents_and_antiseptics	9	972	972	1.0	
barcode07_9Gb	contig_6663	3430	3619	rsmA_fluoroquinolone_antibiotic;_diaminopyrimidine_antibiotic;_phenicol_antibiotic	90	189	189	1.0	
barcode07_9Gb	contig_6745	15578	16313	ErmG_macrolide_antibiotic;_lincosamide_antibiotic;_streptogramin_antibiotic;_streptogramin_A_antibiotic;_streptogramin_B_antibiotic	13	735	735	1.0	Unknown taxonomy (chromosome)
barcode07_9Gb	contig_677	32809	33409	AAC(6')-Ib-cr6_fluoroquinolone_antibiotic;_aminoglycoside_antibiotic	74	600	600	1.0	Unknown taxonomy (chromosome or plasmid)
barcode07_9Gb	contig_677	33539	34370	OXA-1_cephalosporin;_penam	59	831	831	1.0	Unknown taxonomy (chromosome or plasmid)
barcode07_9Gb	contig_677	34507	35140	catB3_phenicol_antibiotic	48	633	633	1.0	Unknown taxonomy (chromosome or plasmid)
barcode07_9Gb	contig_677	35224	35677	arr-3_rifamycin_antibiotic	33	453	453	1.0	Unknown taxonomy (chromosome or plasmid)
barcode07_9Gb	contig_693	8031	8916	mphE_macrolide_antibiotic	200	885	885	1.0	Unknown taxonomy (chromosome or plasmid)
barcode07_9Gb	contig_693	8971	10447	msrE_macrolide_antibiotic;_streptogramin_antibiotic	212	1476	1476	1.0	Unknown taxonomy (chromosome or plasmid)
barcode07_9Gb	contig_6996	17563	18454	vanY gene in vanB cluster_glycopeptide_antibiotic	8	891	891	1.0	Faecalibacterium prausnitzii (chromosome)
barcode07_9Gb	contig_701	80550	81855	Acinetobacter baumannii AbaQ_fluoroquinolone_antibiotic	27	1305	1305	1.0	
barcode07_9Gb	contig_7023	161805	162768	leuO_nucleoside_antibiotic;_disinfecting_agents_and_antiseptics	14	963	963	1.0	Enterobacter (chromosome)
barcode07_9Gb	contig_7023	168932	170699	Haemophilus influenzae PBP3 conferring resistance to beta-lactam antibiotics_cephalosporin;_cephamycin;_penam	13	1767	1767	1.0	Enterobacter roggenkampii (chromosome or plasmid)
barcode07_9Gb	contig_7111	25766	26585	bacA_peptide_antibiotic	6	819	819	1.0	Escherichia coli (chromosome)
barcode07_9Gb	contig_7241	11633	12257	tetR_tetracycline_antibiotic	49	624	624	1.0	Unknown taxonomy (chromosome or plasmid)
barcode07_9Gb	contig_7241	12338	13544	tet(B)_tetracycline_antibiotic	43	1206	1206	1.0	Unknown taxonomy (chromosome or plasmid)
barcode07_9Gb	contig_7337	27357	30468	adeF_fluoroquinolone_antibiotic;_tetracycline_antibiotic	11	3111	3111	1.0	Phocaeicola vulgatus (chromosome)
barcode07_9Gb	contig_7367	2413	3526	vanT gene in vanG cluster_glycopeptide_antibiotic	20	1113	1113	1.0	
barcode07_9Gb	contig_74	2517	3015	dfrA12_diaminopyrimidine_antibiotic	51	498	498	1.0	Unknown taxonomy (chromosome or plasmid)
barcode07_9Gb	contig_74	3434	4214	aadA2_aminoglycoside_antibiotic	78	780	780	1.0	Unknown taxonomy (chromosome or plasmid)
barcode07_9Gb	contig_74	4377	4725	qacEdelta1_disinfecting_agents_and_antiseptics	157	348	348	1.0	Unknown taxonomy (chromosome or plasmid)
barcode07_9Gb	contig_74	4718	5558	sul1_sulfonamide_antibiotic	168	840	840	1.0	Unknown taxonomy (chromosome or plasmid)
barcode07_9Gb	contig_74	9633	10872	Mrx_macrolide_antibiotic	160	1239	1239	1.0	Unknown taxonomy (chromosome or plasmid)
barcode07_9Gb	contig_74	10868	11774	mphA_macrolide_antibiotic	143	906	906	1.0	Unknown taxonomy (chromosome or plasmid)
barcode07_9Gb	contig_74	12750	13566	APH(3')-Ia_aminoglycoside_antibiotic	47	816	816	1.0	Unknown taxonomy (chromosome or plasmid)
barcode07_9Gb	contig_7498	62732	62918	rsmA_fluoroquinolone_antibiotic;_diaminopyrimidine_antibiotic;_phenicol_antibiotic	32	186	186	1.0	Enterobacter (chromosome or plasmid)
barcode07_9Gb	contig_7498	69960	71508	emrB_fluoroquinolone_antibiotic	17	1548	1548	1.0	Enterobacter kobei (chromosome or plasmid)
barcode07_9Gb	contig_7498	71524	72697	emrA_fluoroquinolone_antibiotic	17	1173	1173	1.0	
barcode07_9Gb	contig_7498	72823	73354	emrR_fluoroquinolone_antibiotic	14	531	531	1.0	Enterobacter kobei (chromosome or plasmid)
barcode07_9Gb	contig_7558	208376	209768	Escherichia coli UhpT with mutation conferring resistance to fosfomycin_phosphonic_acid_antibiotic	19	1392	1392	1.0	Enterobacter kobei (chromosome or plasmid)
barcode07_9Gb	contig_7578	65239	67960	adeF_fluoroquinolone_antibiotic;_tetracycline_antibiotic	20	2721	2721	1.0	
barcode07_9Gb	contig_7657	2122	2902	APH(3')-VIa_aminoglycoside_antibiotic	19	780	780	1.0	Unknown taxonomy (chromosome or plasmid)
barcode07_9Gb	contig_7659	28811	29144	qacJ_disinfecting_agents_and_antiseptics	16	333	333	1.0	
barcode07_9Gb	contig_77	8201	8534	qacE_disinfecting_agents_and_antiseptics	24	333	333	1.0	Unknown taxonomy (chromosome or plasmid)
barcode07_9Gb	contig_7709	4746	5091	qacG_disinfecting_agents_and_antiseptics	13	345	345	1.0	Unknown taxonomy (chromosome or plasmid)
barcode07_9Gb	contig_7710	345	1206	TEM-1_monobactam;_cephalosporin;_penam;_penem	16	861	861	1.0	Unknown taxonomy (chromosome or plasmid)
barcode07_9Gb	contig_7710	1347	2208	AAC(3)-IIe_aminoglycoside_antibiotic	21	861	861	1.0	Unknown taxonomy (chromosome or plasmid)
barcode07_9Gb	contig_7762	7135	8320	Escherichia coli EF-Tu mutants conferring resistance to Pulvomycin_elfamycin_antibiotic	25	1185	1185	1.0	Klebsiella pneumoniae (chromosome or plasmid)
barcode07_9Gb	contig_7762	23403	24036	CRP_macrolide_antibiotic;_fluoroquinolone_antibiotic;_penam	20	633	633	1.0	Unknown taxonomy (chromosome)
barcode07_9Gb	contig_7831	94299	94629	qacG_disinfecting_agents_and_antiseptics	2	330	330	1.0	
barcode07_9Gb	contig_7906	786	2730	tet(W)_tetracycline_antibiotic	36	1944	1944	1.0	Unknown taxonomy (chromosome or plasmid)
barcode07_9Gb	contig_7939	18873	22050	adeF_fluoroquinolone_antibiotic;_tetracycline_antibiotic	30	3177	3177	1.0	Unknown taxonomy (chromosome)
barcode07_9Gb	contig_7960	2322	4503	adeF_fluoroquinolone_antibiotic;_tetracycline_antibiotic	17	2181	2181	1.0	Unknown taxonomy (chromosome)
barcode07_9Gb	contig_7972	17084	18242	vanW gene in vanI cluster_glycopeptide_antibiotic	10	1158	1158	1.0	
barcode07_9Gb	contig_8	305253	307728	vanT gene in vanG cluster_glycopeptide_antibiotic	15	2475	2475	1.0	
barcode07_9Gb	contig_8025	1609	2266	QnrVC1_fluoroquinolone_antibiotic	20	657	657	1.0	Unknown taxonomy (chromosome or plasmid)
barcode07_9Gb	contig_8025	2424	2898	dfrA6_diaminopyrimidine_antibiotic	38	474	474	1.0	Unknown taxonomy (chromosome or plasmid)
barcode07_9Gb	contig_8025	4616	5273	QnrVC1_fluoroquinolone_antibiotic	26	657	657	1.0	Unknown taxonomy (chromosome or plasmid)
barcode07_9Gb	contig_804	4982	5846	APH(3'')-Ib_aminoglycoside_antibiotic	19	864	864	1.0	Unknown taxonomy (chromosome or plasmid)
barcode07_9Gb	contig_804	5845	6682	APH(6)-Id_aminoglycoside_antibiotic	27	837	837	1.0	Unknown taxonomy (chromosome or plasmid)
barcode07_9Gb	contig_804	14742	15558	sul2_sulfonamide_antibiotic	74	816	816	1.0	Unknown taxonomy (chromosome or plasmid)
barcode07_9Gb	contig_804	20663	21452	ANT(3'')-IIa_aminoglycoside_antibiotic	18	789	789	1.0	Acinetobacter (chromosome or plasmid)
barcode07_9Gb	contig_8083	9096	10566	adeC_glycylcycline;_tetracycline_antibiotic	8	1470	1470	1.0	Acinetobacter baumannii (chromosome or plasmid)
barcode07_9Gb	contig_8092	17220	20331	adeB_glycylcycline;_tetracycline_antibiotic	17	3111	3111	1.0	Acinetobacter baumannii (no genomic info)
barcode07_9Gb	contig_8098	1093	2029	vanT gene in vanG cluster_glycopeptide_antibiotic	8	936	936	1.0	Parabacteroides distasonis (chromosome)
barcode07_9Gb	contig_815	36055	36388	qacG_disinfecting_agents_and_antiseptics	8	333	333	1.0	
barcode07_9Gb	contig_8210	29220	30315	vanG_glycopeptide_antibiotic	47	1095	1095	1.0	Unknown taxonomy (chromosome or plasmid)
barcode07_9Gb	contig_8210	110625	113775	acrB_fluoroquinolone_antibiotic;_cephalosporin;_glycylcycline;_penam;_tetracycline_antibiotic;_rifamycin_antibiotic;_phenicol_antibiotic;_disinfecting_agents_and_antiseptics	28	3150	3150	1.0	Escherichia coli (chromosome or plasmid)
barcode07_9Gb	contig_8210	113797	114991	Escherichia coli acrA_fluoroquinolone_antibiotic;_cephalosporin;_glycylcycline;_penam;_tetracycline_antibiotic;_rifamycin_antibiotic;_phenicol_antibiotic;_disinfecting_agents_and_antiseptics	41	1194	1194	1.0	Unknown taxonomy (chromosome or plasmid)
barcode07_9Gb	contig_8210	115132	115780	Escherichia coli AcrAB-TolC with AcrR mutation conferring resistance to ciprofloxacin, tetracycline, and ceftazidime_fluoroquinolone_antibiotic;_cephalosporin;_glycylcycline;_penam;_tetracycline_antibiotic;_rifamycin_antibiotic;_phenicol_antibiotic;_disinfecting_agents_and_antiseptics	47	648	648	1.0	Unknown taxonomy (chromosome or plasmid)
barcode07_9Gb	contig_8275	17310	20433	mdtB_aminocoumarin_antibiotic	16	3123	3123	1.0	
barcode07_9Gb	contig_8275	20433	23511	mdtC_aminocoumarin_antibiotic	19	3078	3078	1.0	
barcode07_9Gb	contig_8275	24924	26328	baeS_aminoglycoside_antibiotic;_aminocoumarin_antibiotic	27	1404	1404	1.0	
barcode07_9Gb	contig_8350	540	1425	mphE_macrolide_antibiotic	19	885	885	1.0	Unknown taxonomy (chromosome or plasmid)
barcode07_9Gb	contig_8390	528	1356	OXA-253_carbapenem;_penam	32	828	828	1.0	Acinetobacter baumannii (chromosome)
barcode07_9Gb	contig_8491	18985	19795	vanY gene in vanB cluster_glycopeptide_antibiotic	9	810	810	1.0	
barcode07_9Gb	contig_850	34891	35773	vanW gene in vanG cluster_glycopeptide_antibiotic	546	882	882	1.0	Acinetobacter johnsonii (chromosome)
barcode07_9Gb	contig_8585	29598	31254	ArnT_peptide_antibiotic	10	1656	1656	1.0	Klebsiella michiganensis (chromosome)
barcode07_9Gb	contig_8585	34134	35118	PmrF_peptide_antibiotic	17	984	984	1.0	Citrobacter amalonaticus (no genomic info)
barcode07_9Gb	contig_8620	2429	3590	vanT gene in vanG cluster_glycopeptide_antibiotic	7	1161	1161	1.0	Phocaeicola dorei (chromosome)
barcode07_9Gb	contig_8631	4273	5110	APH(6)-Id_aminoglycoside_antibiotic	20	837	837	1.0	Unknown taxonomy (chromosome or plasmid)
barcode07_9Gb	contig_8631	5109	5964	APH(3'')-Ib_aminoglycoside_antibiotic	14	855	855	1.0	Acinetobacter (chromosome or plasmid)
barcode07_9Gb	contig_8632	1484	2675	tet(C)_tetracycline_antibiotic	34	1191	1191	1.0	Unknown taxonomy (chromosome or plasmid)
barcode07_9Gb	contig_8632	5985	6885	VEB-1_monobactam;_cephalosporin	17	900	900	1.0	Unknown taxonomy (chromosome or plasmid)
barcode07_9Gb	contig_8632	7029	7563	ANT(2'')-Ia_aminoglycoside_antibiotic	17	534	534	1.0	Unknown taxonomy (chromosome or plasmid)
barcode07_9Gb	contig_8632	7647	8100	arr-2_rifamycin_antibiotic	6	453	453	1.0	Unknown taxonomy (chromosome or plasmid)
barcode07_9Gb	contig_8672	3748	4612	GES-5_carbapenem;_cephalosporin;_penam	12	864	864	1.0	Unknown taxonomy (chromosome or plasmid)
barcode07_9Gb	contig_8678	34155	35397	mdtM_fluoroquinolone_antibiotic;_lincosamide_antibiotic;_nucleoside_antibiotic;_phenicol_antibiotic;_disinfecting_agents_and_antiseptics	13	1242	1242	1.0	
barcode07_9Gb	contig_8794	1579	2764	Escherichia coli EF-Tu mutants conferring resistance to Pulvomycin_elfamycin_antibiotic	48	1185	1185	1.0	Enterobacter (chromosome or plasmid)
barcode07_9Gb	contig_8900	19185	20025	sul1_sulfonamide_antibiotic	71	840	840	1.0	Unknown taxonomy (chromosome or plasmid)
barcode07_9Gb	contig_8900	20018	20366	qacEdelta1_disinfecting_agents_and_antiseptics	61	348	348	1.0	Unknown taxonomy (chromosome or plasmid)
barcode07_9Gb	contig_8900	23030	23564	ANT(2'')-Ia_aminoglycoside_antibiotic	32	534	534	1.0	Unknown taxonomy (chromosome or plasmid)
barcode07_9Gb	contig_8900	24423	24771	qacEdelta1_disinfecting_agents_and_antiseptics	58	348	348	1.0	Unknown taxonomy (chromosome or plasmid)
barcode07_9Gb	contig_8900	24764	25604	sul1_sulfonamide_antibiotic	52	840	840	1.0	Unknown taxonomy (chromosome or plasmid)
barcode07_9Gb	contig_8906	19979	21728	msbA_nitroimidazole_antibiotic	25	1749	1749	1.0	Escherichia coli (chromosome)
barcode07_9Gb	contig_8919	9507	9921	H-NS_macrolide_antibiotic;_fluoroquinolone_antibiotic;_cephalosporin;_cephamycin;_penam;_tetracycline_antibiotic	6	414	414	1.0	Citrobacter amalonaticus (chromosome)
barcode07_9Gb	contig_8934	4530	4863	qacJ_disinfecting_agents_and_antiseptics	13	333	333	1.0	
barcode07_9Gb	contig_8969	50527	50782	rsmA_fluoroquinolone_antibiotic;_diaminopyrimidine_antibiotic;_phenicol_antibiotic	12	255	255	1.0	
barcode07_9Gb	contig_9130	9416	10871	adeK_macrolide_antibiotic;_fluoroquinolone_antibiotic;_lincosamide_antibiotic;_carbapenem;_cephalosporin;_tetracycline_antibiotic;_rifamycin_antibiotic;_diaminopyrimidine_antibiotic;_phenicol_antibiotic;_penem	23	1455	1455	1.0	Acinetobacter baumannii (chromosome or plasmid)
barcode07_9Gb	contig_9156	16004	17210	Mef(En2)_macrolide_antibiotic;_lincosamide_antibiotic	36	1206	1206	1.0	Unknown taxonomy (chromosome)
barcode07_9Gb	contig_9168	18856	21076	Acinetobacter baumannii parC conferring resistance to fluoroquinolones_fluoroquinolone_antibiotic	54	2220	2220	1.0	Acinetobacter baumannii (chromosome or plasmid)
barcode07_9Gb	contig_9211	4999	5254	rsmA_fluoroquinolone_antibiotic;_diaminopyrimidine_antibiotic;_phenicol_antibiotic	40	255	255	1.0	
barcode07_9Gb	contig_9226	27741	28077	qacG_disinfecting_agents_and_antiseptics	4	336	336	1.0	
barcode07_9Gb	contig_9238	55279	56584	Acinetobacter baumannii AbaQ_fluoroquinolone_antibiotic	31	1305	1305	1.0	Acinetobacter baumannii (chromosome or plasmid)
barcode07_9Gb	contig_938	7313	10478	adeF_fluoroquinolone_antibiotic;_tetracycline_antibiotic	41	3165	3165	1.0	Acinetobacter (chromosome or plasmid)
barcode07_9Gb	contig_9475	66149	67397	mdtA_aminocoumarin_antibiotic	32	1248	1248	1.0	Escherichia coli (chromosome or plasmid)
barcode07_9Gb	contig_9475	70521	73599	mdtC_aminocoumarin_antibiotic	35	3078	3078	1.0	Escherichia coli (chromosome or plasmid)
barcode07_9Gb	contig_9475	76412	77135	baeR_aminoglycoside_antibiotic;_aminocoumarin_antibiotic	31	723	723	1.0	Unknown taxonomy (chromosome or plasmid)
barcode07_9Gb	contig_9483	93267	96420	adeF_fluoroquinolone_antibiotic;_tetracycline_antibiotic	9	3153	3153	1.0	
barcode07_9Gb	contig_9498	124331	125153	bacA_peptide_antibiotic	21	822	822	1.0	
barcode07_9Gb	contig_9596	8028	8463	Escherichia coli AcrAB-TolC with MarR mutations conferring resistance to ciprofloxacin and tetracycline_fluoroquinolone_antibiotic;_cephalosporin;_glycylcycline;_penam;_tetracycline_antibiotic;_rifamycin_antibiotic;_phenicol_antibiotic;_disinfecting_agents_and_antiseptics	7	435	435	1.0	Citrobacter (chromosome)
barcode07_9Gb	contig_9596	8481	8865	marA_fluoroquinolone_antibiotic;_monobactam;_carbapenem;_cephalosporin;_glycylcycline;_cephamycin;_penam;_tetracycline_antibiotic;_rifamycin_antibiotic;_phenicol_antibiotic;_penem;_disinfecting_agents_and_antiseptics	7	384	384	1.0	Citrobacter freundii (chromosome)
barcode07_9Gb	contig_9627	55797	58437	Escherichia coli gyrA conferring resistance to fluoroquinolones_fluoroquinolone_antibiotic	15	2640	2640	1.0	Citrobacter (chromosome or plasmid)
barcode07_9Gb	contig_9627	77780	78764	PmrF_peptide_antibiotic	9	984	984	1.0	Citrobacter (chromosome or plasmid)
barcode07_9Gb	contig_9629	71240	72236	CfxA6_cephamycin	25	996	996	1.0	
barcode07_9Gb	contig_9690	45148	46246	vanG_glycopeptide_antibiotic	8	1098	1098	1.0	Klebsiella pneumoniae (chromosome)
barcode07_9Gb	contig_9830	16704	17931	mdtG_phosphonic_acid_antibiotic	37	1227	1227	1.0	Unknown taxonomy (chromosome or plasmid)
barcode07_9Gb	contig_9830	26561	27770	mdtH_fluoroquinolone_antibiotic	31	1209	1209	1.0	Unknown taxonomy (chromosome or plasmid)
barcode07_9Gb	contig_9830	179448	179862	H-NS_macrolide_antibiotic;_fluoroquinolone_antibiotic;_cephalosporin;_cephamycin;_penam;_tetracycline_antibiotic	20	414	414	1.0	Unknown taxonomy (chromosome or plasmid)
barcode07_9Gb	contig_9914	20324	21200	CTX-M-15_cephalosporin;_penam	43	876	876	1.0	Unknown taxonomy (chromosome or plasmid)
barcode07_9Gb	contig_9914	25840	26497	QnrS1_fluoroquinolone_antibiotic	51	657	657	1.0	Unknown taxonomy (chromosome or plasmid)
barcode07_9Gb	contig_997	330651	333843	adeF_fluoroquinolone_antibiotic;_tetracycline_antibiotic	94	3192	3192	1.0	
barcode09_03Gb	contig_127	10686	11466	APH(3')-VIa_aminoglycoside_antibiotic	14	780	780	1.0	Unknown taxonomy (chromosome or plasmid)
barcode09_03Gb	contig_159	47569	47824	rsmA_fluoroquinolone_antibiotic;_diaminopyrimidine_antibiotic;_phenicol_antibiotic	21	255	255	1.0	
barcode09_03Gb	contig_16	32815	33730	vanW gene in vanG cluster_glycopeptide_antibiotic	21	915	915	1.0	Acinetobacter johnsonii (chromosome)
barcode09_03Gb	contig_197	1620	2022	FosA8_phosphonic_acid_antibiotic	6	402	402	1.0	Aeromonas caviae (chromosome or plasmid)
barcode09_03Gb	contig_216	752986	754096	vanT gene in vanG cluster_glycopeptide_antibiotic	12	1110	1110	1.0	
barcode09_03Gb	contig_232	69558	69924	qacG_disinfecting_agents_and_antiseptics	13	366	366	1.0	Acinetobacter johnsonii (chromosome)
barcode09_03Gb	contig_300	3132	4014	KPC-2_monobactam;_carbapenem;_cephalosporin;_penam	21	882	882	1.0	Unknown taxonomy (chromosome or plasmid)
barcode09_03Gb	contig_366	131348	131855	nimK_nitroimidazole_antibiotic	6	507	507	1.0	
barcode09_03Gb	contig_38	91260	92085	OXA-644_carbapenem;_penam	25	825	825	1.0	Acinetobacter johnsonii (chromosome)
barcode09_03Gb	contig_386	5323	6559	vanW gene in vanI cluster_glycopeptide_antibiotic	3	1236	1236	1.0	
barcode09_03Gb	contig_401	29875	31702	vanT gene in vanG cluster_glycopeptide_antibiotic	3	1827	1827	1.0	
barcode09_03Gb	contig_41	2618	2963	qacG_disinfecting_agents_and_antiseptics	6	345	345	1.0	Acinetobacter johnsonii (chromosome)
barcode09_03Gb	contig_431	4310	5786	msrE_macrolide_antibiotic;_streptogramin_antibiotic	18	1476	1476	1.0	Unknown taxonomy (chromosome or plasmid)
barcode09_03Gb	contig_431	5841	6726	mphE_macrolide_antibiotic	18	885	885	1.0	Unknown taxonomy (chromosome or plasmid)
barcode09_03Gb	contig_561	2698	3580	KPC-2_monobactam;_carbapenem;_cephalosporin;_penam	4	882	882	1.0	Unknown taxonomy (chromosome or plasmid)
barcode09_03Gb	contig_85	11233	12472	Mrx_macrolide_antibiotic	9	1239	1239	1.0	Unknown taxonomy (chromosome or plasmid)
barcode09_03Gb	contig_85	12468	13374	mphA_macrolide_antibiotic	12	906	906	1.0	Unknown taxonomy (chromosome or plasmid)
barcode09_05Gb	contig_110	57016	57931	vanW gene in vanG cluster_glycopeptide_antibiotic	34	915	915	1.0	Acinetobacter johnsonii (chromosome)
barcode09_05Gb	contig_131	9265	10450	Escherichia coli EF-Tu mutants conferring resistance to Pulvomycin_elfamycin_antibiotic	13	1185	1185	1.0	Unknown taxonomy (chromosome or plasmid)
barcode09_05Gb	contig_152	737	1922	Escherichia coli EF-Tu mutants conferring resistance to Pulvomycin_elfamycin_antibiotic	19	1185	1185	1.0	Aeromonas caviae (chromosome or plasmid)
barcode09_05Gb	contig_152	20169	21354	Escherichia coli EF-Tu mutants conferring resistance to Pulvomycin_elfamycin_antibiotic	26	1185	1185	1.0	Aeromonas caviae (chromosome or plasmid)
barcode09_05Gb	contig_161	528	894	qacG_disinfecting_agents_and_antiseptics	3	366	366	1.0	Acinetobacter johnsonii (chromosome)
barcode09_05Gb	contig_196	4867	6058	tet(C)_tetracycline_antibiotic	11	1191	1191	1.0	Unknown taxonomy (chromosome or plasmid)
barcode09_05Gb	contig_201	3715	4210	lnuC_lincosamide_antibiotic	10	495	495	1.0	Unknown taxonomy (chromosome or plasmid)
barcode09_05Gb	contig_247	5604	5913	FosA8_phosphonic_acid_antibiotic	7	309	309	1.0	Aeromonas caviae (chromosome or plasmid)
barcode09_05Gb	contig_3	54514	55294	APH(3')-VIa_aminoglycoside_antibiotic	4	780	780	1.0	Unknown taxonomy (chromosome or plasmid)
barcode09_05Gb	contig_3	69413	70193	APH(3')-VIa_aminoglycoside_antibiotic	16	780	780	1.0	Unknown taxonomy (chromosome or plasmid)
barcode09_05Gb	contig_3	78278	79118	sul1_sulfonamide_antibiotic	31	840	840	1.0	Unknown taxonomy (chromosome or plasmid)
barcode09_05Gb	contig_3	89729	90953	tet(B)_tetracycline_antibiotic	5	1224	1224	1.0	Unknown taxonomy (chromosome or plasmid)
barcode09_05Gb	contig_3	91013	91640	tetR_tetracycline_antibiotic	5	627	627	1.0	Unknown taxonomy (chromosome or plasmid)
barcode09_05Gb	contig_331	26754	27558	APH(3'')-Ib_aminoglycoside_antibiotic	17	804	804	1.0	Unknown taxonomy (chromosome or plasmid)
barcode09_05Gb	contig_331	27557	28394	APH(6)-Id_aminoglycoside_antibiotic	16	837	837	1.0	Unknown taxonomy (chromosome or plasmid)
barcode09_05Gb	contig_331	32149	33625	msrE_macrolide_antibiotic;_streptogramin_antibiotic	38	1476	1476	1.0	Unknown taxonomy (chromosome or plasmid)
barcode09_05Gb	contig_331	33680	34565	mphE_macrolide_antibiotic	34	885	885	1.0	Unknown taxonomy (chromosome or plasmid)
barcode09_05Gb	contig_35	523565	524801	vanW gene in vanI cluster_glycopeptide_antibiotic	17	1236	1236	1.0	
barcode09_05Gb	contig_35	1965388	1966498	vanT gene in vanG cluster_glycopeptide_antibiotic	14	1110	1110	1.0	
barcode09_05Gb	contig_35	2211063	2214255	adeF_fluoroquinolone_antibiotic;_tetracycline_antibiotic	20	3192	3192	1.0	
barcode09_05Gb	contig_35	2469778	2470285	nimK_nitroimidazole_antibiotic	20	507	507	1.0	
barcode09_05Gb	contig_39	7196	7574	rsmA_fluoroquinolone_antibiotic;_diaminopyrimidine_antibiotic;_phenicol_antibiotic	6	378	378	1.0	
barcode09_05Gb	contig_41	52417	52672	rsmA_fluoroquinolone_antibiotic;_diaminopyrimidine_antibiotic;_phenicol_antibiotic	29	255	255	1.0	
barcode09_05Gb	contig_41	473838	474204	qacG_disinfecting_agents_and_antiseptics	16	366	366	1.0	Acinetobacter johnsonii (chromosome)
barcode09_05Gb	contig_684	93209	94070	TEM-1_monobactam;_cephalosporin;_penam;_penem	8	861	861	1.0	Unknown taxonomy (chromosome or plasmid)
barcode09_05Gb	contig_684	94121	95072	AAC(3)-IIe_aminoglycoside_antibiotic	4	951	951	1.0	Acinetobacter baumannii (chromosome or plasmid)
barcode09_05Gb	contig_732	36056	37214	vanT gene in vanG cluster_glycopeptide_antibiotic	3	1158	1158	1.0	
barcode09_05Gb	contig_738	20296	21088	aadA_aminoglycoside_antibiotic	12	792	792	1.0	Unknown taxonomy (chromosome or plasmid)
barcode09_05Gb	contig_738	38334	39573	Mrx_macrolide_antibiotic	14	1239	1239	1.0	Unknown taxonomy (chromosome or plasmid)
barcode09_05Gb	contig_738	39569	40475	mphA_macrolide_antibiotic	13	906	906	1.0	Unknown taxonomy (chromosome or plasmid)
barcode09_05Gb	contig_82	21093	21975	KPC-2_monobactam;_carbapenem;_cephalosporin;_penam	48	882	882	1.0	Unknown taxonomy (chromosome or plasmid)
barcode09_05Gb	contig_874	3481	3736	rsmA_fluoroquinolone_antibiotic;_diaminopyrimidine_antibiotic;_phenicol_antibiotic	6	255	255	1.0	
barcode09_05Gb	contig_929	115	979	GES-1_carbapenem;_cephalosporin;_penam	8	864	864	1.0	Unknown taxonomy (chromosome or plasmid)
barcode09_05Gb	contig_929	1052	1511	AAC(6')-Il_aminoglycoside_antibiotic	15	459	459	1.0	Unknown taxonomy (chromosome or plasmid)
barcode09_05Gb	contig_944	10671	13203	vanT gene in vanG cluster_glycopeptide_antibiotic	9	2532	2532	1.0	
barcode09_05Gb	contig_984	8124	9006	KPC-2_monobactam;_carbapenem;_cephalosporin;_penam	20	882	882	1.0	Unknown taxonomy (chromosome or plasmid)
barcode09_05Gb	contig_984	11428	12208	APH(3')-VIa_aminoglycoside_antibiotic	12	780	780	1.0	Unknown taxonomy (chromosome or plasmid)
barcode09_1Gb	contig_1043	4771	5185	H-NS_macrolide_antibiotic;_fluoroquinolone_antibiotic;_cephalosporin;_cephamycin;_penam;_tetracycline_antibiotic	8	414	414	1.0	Unknown taxonomy (chromosome or plasmid)
barcode09_1Gb	contig_1066	140450	141662	vanT gene in vanG cluster_glycopeptide_antibiotic	3	1212	1212	1.0	
barcode09_1Gb	contig_1094	5459	6287	OXA-253_carbapenem;_penam	10	828	828	1.0	Acinetobacter baumannii (chromosome)
barcode09_1Gb	contig_1115	18177	19164	vanH gene in vanO cluster_glycopeptide_antibiotic	9	987	987	1.0	
barcode09_1Gb	contig_114	815653	816889	vanW gene in vanI cluster_glycopeptide_antibiotic	30	1236	1236	1.0	
barcode09_1Gb	contig_114	1518894	1519401	nimK_nitroimidazole_antibiotic	24	507	507	1.0	
barcode09_1Gb	contig_114	1774906	1778098	adeF_fluoroquinolone_antibiotic;_tetracycline_antibiotic	45	3192	3192	1.0	
barcode09_1Gb	contig_1151	45160	48352	adeF_fluoroquinolone_antibiotic;_tetracycline_antibiotic	13	3192	3192	1.0	
barcode09_1Gb	contig_1162	2716	3544	OXA-253_carbapenem;_penam	9	828	828	1.0	Acinetobacter baumannii (chromosome)
barcode09_1Gb	contig_118	3148	4030	KPC-2_monobactam;_carbapenem;_cephalosporin;_penam	86	882	882	1.0	Unknown taxonomy (chromosome or plasmid)
barcode09_1Gb	contig_119	1287	1746	AAC(6')-Il_aminoglycoside_antibiotic	22	459	459	1.0	Unknown taxonomy (chromosome or plasmid)
barcode09_1Gb	contig_119	1819	2683	GES-1_carbapenem;_cephalosporin;_penam	23	864	864	1.0	Unknown taxonomy (chromosome or plasmid)
barcode09_1Gb	contig_119	2805	3339	ANT(2'')-Ia_aminoglycoside_antibiotic	26	534	534	1.0	Unknown taxonomy (chromosome or plasmid)
barcode09_1Gb	contig_119	3454	3802	qacEdelta1_disinfecting_agents_and_antiseptics	32	348	348	1.0	Unknown taxonomy (chromosome or plasmid)
barcode09_1Gb	contig_119	3795	4635	sul1_sulfonamide_antibiotic	35	840	840	1.0	Unknown taxonomy (chromosome or plasmid)
barcode09_1Gb	contig_119	7460	8264	APH(3'')-Ib_aminoglycoside_antibiotic	27	804	804	1.0	Unknown taxonomy (chromosome or plasmid)
barcode09_1Gb	contig_119	8263	9100	APH(6)-Id_aminoglycoside_antibiotic	28	837	837	1.0	Unknown taxonomy (chromosome or plasmid)
barcode09_1Gb	contig_1200	15686	17060	cpxA_aminoglycoside_antibiotic;_aminocoumarin_antibiotic	7	1374	1374	1.0	Unknown taxonomy (chromosome or plasmid)
barcode09_1Gb	contig_1225	11427	12336	AAC(3)-IIe_aminoglycoside_antibiotic	13	909	909	1.0	Acinetobacter baumannii (chromosome or plasmid)
barcode09_1Gb	contig_1225	12430	13291	TEM-1_monobactam;_cephalosporin;_penam;_penem	12	861	861	1.0	Unknown taxonomy (chromosome or plasmid)
barcode09_1Gb	contig_1229	9762	10968	Mef(En2)_macrolide_antibiotic;_lincosamide_antibiotic	4	1206	1206	1.0	Unknown taxonomy (chromosome)
barcode09_1Gb	contig_1241	27365	28550	Escherichia coli EF-Tu mutants conferring resistance to Pulvomycin_elfamycin_antibiotic	10	1185	1185	1.0	Unknown taxonomy (chromosome or plasmid)
barcode09_1Gb	contig_125	17262	17760	dfrA12_diaminopyrimidine_antibiotic	12	498	498	1.0	Unknown taxonomy (chromosome or plasmid)
barcode09_1Gb	contig_125	18179	18959	aadA2_aminoglycoside_antibiotic	21	780	780	1.0	Unknown taxonomy (chromosome or plasmid)
barcode09_1Gb	contig_125	19122	19470	qacEdelta1_disinfecting_agents_and_antiseptics	36	348	348	1.0	Unknown taxonomy (chromosome or plasmid)
barcode09_1Gb	contig_125	19463	20303	sul1_sulfonamide_antibiotic	33	840	840	1.0	Unknown taxonomy (chromosome or plasmid)
barcode09_1Gb	contig_125	24438	25677	Mrx_macrolide_antibiotic	28	1239	1239	1.0	Unknown taxonomy (chromosome or plasmid)
barcode09_1Gb	contig_125	25673	26579	mphA_macrolide_antibiotic	30	906	906	1.0	Unknown taxonomy (chromosome or plasmid)
barcode09_1Gb	contig_1283	53190	54342	MOX-13_cephalosporin;_cephamycin;_penam	7	1152	1152	1.0	Aeromonas caviae (chromosome or plasmid)
barcode09_1Gb	contig_1329	4757	5231	dfrA31_diaminopyrimidine_antibiotic	4	474	474	1.0	Vibrio (chromosome or plasmid)
barcode09_1Gb	contig_1329	5388	6045	QnrVC1_fluoroquinolone_antibiotic	8	657	657	1.0	Unknown taxonomy (chromosome or plasmid)
barcode09_1Gb	contig_1378	8625	9060	Escherichia coli AcrAB-TolC with MarR mutations conferring resistance to ciprofloxacin and tetracycline_fluoroquinolone_antibiotic;_cephalosporin;_glycylcycline;_penam;_tetracycline_antibiotic;_rifamycin_antibiotic;_phenicol_antibiotic;_disinfecting_agents_and_antiseptics	12	435	435	1.0	Enterobacter (chromosome)
barcode09_1Gb	contig_1378	9079	9460	marA_fluoroquinolone_antibiotic;_monobactam;_carbapenem;_cephalosporin;_glycylcycline;_cephamycin;_penam;_tetracycline_antibiotic;_rifamycin_antibiotic;_phenicol_antibiotic;_penem;_disinfecting_agents_and_antiseptics	13	381	381	1.0	Enterobacter (chromosome or plasmid)
barcode09_1Gb	contig_1400	8390	9536	MIR-17_monobactam;_cephalosporin	5	1146	1146	1.0	Enterobacter roggenkampii (chromosome)
barcode09_1Gb	contig_1413	783	1971	tet(39)_tetracycline_antibiotic	18	1188	1188	1.0	Unknown taxonomy (plasmid)
barcode09_1Gb	contig_1465	10597	10945	qacEdelta1_disinfecting_agents_and_antiseptics	4	348	348	1.0	Unknown taxonomy (chromosome or plasmid)
barcode09_1Gb	contig_1465	11109	11901	aadA_aminoglycoside_antibiotic	13	792	792	1.0	Unknown taxonomy (chromosome or plasmid)
barcode09_1Gb	contig_1474	42032	42287	rsmA_fluoroquinolone_antibiotic;_diaminopyrimidine_antibiotic;_phenicol_antibiotic	58	255	255	1.0	
barcode09_1Gb	contig_1498	133	1204	vanT gene in vanG cluster_glycopeptide_antibiotic	3	1071	1071	1.0	
barcode09_1Gb	contig_1532	258	615	vanW gene in vanI cluster_glycopeptide_antibiotic	1	357	357	1.0	
barcode09_1Gb	contig_1578	8864	9725	SHV-12_carbapenem;_cephalosporin;_penam	11	861	861	1.0	Unknown taxonomy (chromosome or plasmid)
barcode09_1Gb	contig_1578	12027	12807	aadA_aminoglycoside_antibiotic	15	780	780	1.0	Unknown taxonomy (chromosome or plasmid)
barcode09_1Gb	contig_1651	19157	20417	EreB_macrolide_antibiotic	6	1260	1260	1.0	
barcode09_1Gb	contig_1705	12181	12526	qacG_disinfecting_agents_and_antiseptics	9	345	345	1.0	Unknown taxonomy (chromosome or plasmid)
barcode09_1Gb	contig_1853	9655	12394	tet(W)_tetracycline_antibiotic	9	2739	2739	1.0	Unknown taxonomy (chromosome or plasmid)
barcode09_1Gb	contig_1872	109	1309	tet(A)_tetracycline_antibiotic	10	1200	1200	1.0	Unknown taxonomy (chromosome or plasmid)
barcode09_1Gb	contig_1956	6034	6364	abeS_macrolide_antibiotic;_aminocoumarin_antibiotic	5	330	330	1.0	Acinetobacter baumannii (chromosome or plasmid)
barcode09_1Gb	contig_1977	10624	11506	KPC-2_monobactam;_carbapenem;_cephalosporin;_penam	24	882	882	1.0	Unknown taxonomy (chromosome or plasmid)
barcode09_1Gb	contig_1977	13921	14701	APH(3')-VIa_aminoglycoside_antibiotic	26	780	780	1.0	Unknown taxonomy (chromosome or plasmid)
barcode09_1Gb	contig_1977	25849	26629	APH(3')-VIa_aminoglycoside_antibiotic	17	780	780	1.0	Unknown taxonomy (chromosome or plasmid)
barcode09_1Gb	contig_201	706	1051	qacG_disinfecting_agents_and_antiseptics	4	345	345	1.0	
barcode09_1Gb	contig_2023	36482	40460	ArnT_peptide_antibiotic	4	3978	3978	1.0	Enterobacter kobei (chromosome)
barcode09_1Gb	contig_2099	21702	21957	FosA8_phosphonic_acid_antibiotic	4	255	255	1.0	Enterobacter kobei (chromosome)
barcode09_1Gb	contig_2154	10165	11659	vanW gene in vanI cluster_glycopeptide_antibiotic	6	1494	1494	1.0	
barcode09_1Gb	contig_2213	11087	11969	KPC-2_monobactam;_carbapenem;_cephalosporin;_penam	20	882	882	1.0	Unknown taxonomy (chromosome or plasmid)
barcode09_1Gb	contig_2225	3901	4246	qacG_disinfecting_agents_and_antiseptics	23	345	345	1.0	Acinetobacter johnsonii (chromosome)
barcode09_1Gb	contig_2235	10015	11491	msrE_macrolide_antibiotic;_streptogramin_antibiotic	41	1476	1476	1.0	Unknown taxonomy (chromosome or plasmid)
barcode09_1Gb	contig_2235	11546	12431	mphE_macrolide_antibiotic	50	885	885	1.0	Unknown taxonomy (chromosome or plasmid)
barcode09_1Gb	contig_2243	523	1429	mphA_macrolide_antibiotic	18	906	906	1.0	Unknown taxonomy (chromosome or plasmid)
barcode09_1Gb	contig_2243	1425	2664	Mrx_macrolide_antibiotic	18	1239	1239	1.0	Unknown taxonomy (chromosome or plasmid)
barcode09_1Gb	contig_2246	65005	65569	lnuC_lincosamide_antibiotic	15	564	564	1.0	Unknown taxonomy (chromosome or plasmid)
barcode09_1Gb	contig_2265	1067	1880	NDM-1_carbapenem;_cephalosporin;_cephamycin;_penam	12	813	813	1.0	Unknown taxonomy (chromosome or plasmid)
barcode09_1Gb	contig_2265	3157	3937	APH(3')-VIa_aminoglycoside_antibiotic	18	780	780	1.0	Unknown taxonomy (chromosome or plasmid)
barcode09_1Gb	contig_2288	2904	3690	ErmF_macrolide_antibiotic;_lincosamide_antibiotic;_streptogramin_antibiotic;_streptogramin_A_antibiotic;_streptogramin_B_antibiotic	8	786	786	1.0	Unknown taxonomy (chromosome or plasmid)
barcode09_1Gb	contig_2288	7631	9557	tet(Q)_tetracycline_antibiotic	11	1926	1926	1.0	Unknown taxonomy (chromosome)
barcode09_1Gb	contig_2294	52214	53324	vanT gene in vanG cluster_glycopeptide_antibiotic	11	1110	1110	1.0	
barcode09_1Gb	contig_2304	25371	26517	ACT-87_carbapenem;_cephalosporin;_cephamycin;_penam	5	1146	1146	1.0	Enterobacter kobei (chromosome)
barcode09_1Gb	contig_2331	51934	52591	QnrVC1_fluoroquinolone_antibiotic	13	657	657	1.0	Unknown taxonomy (chromosome or plasmid)
barcode09_1Gb	contig_2331	52749	53223	dfrA6_diaminopyrimidine_antibiotic	10	474	474	1.0	Unknown taxonomy (chromosome or plasmid)
barcode09_1Gb	contig_2347	2858	3722	GES-1_carbapenem;_cephalosporin;_penam	12	864	864	1.0	Unknown taxonomy (chromosome or plasmid)
barcode09_1Gb	contig_2348	6496	7324	OXA-253_carbapenem;_penam	4	828	828	1.0	Acinetobacter baumannii (chromosome)
barcode09_1Gb	contig_269	12129	15294	adeF_fluoroquinolone_antibiotic;_tetracycline_antibiotic	14	3165	3165	1.0	Acinetobacter (chromosome or plasmid)
barcode09_1Gb	contig_287	58434	59067	CRP_macrolide_antibiotic;_fluoroquinolone_antibiotic;_penam	17	633	633	1.0	Enterobacter cloacae (chromosome or plasmid)
barcode09_1Gb	contig_399	1228	2767	emrB_fluoroquinolone_antibiotic	11	1539	1539	1.0	Unknown taxonomy (chromosome or plasmid)
barcode09_1Gb	contig_399	9869	10055	rsmA_fluoroquinolone_antibiotic;_diaminopyrimidine_antibiotic;_phenicol_antibiotic	6	186	186	1.0	Enterobacter (chromosome or plasmid)
barcode09_1Gb	contig_405	26588	27503	vanW gene in vanG cluster_glycopeptide_antibiotic	76	915	915	1.0	Acinetobacter johnsonii (chromosome)
barcode09_1Gb	contig_419	10408	11224	sul2_sulfonamide_antibiotic	14	816	816	1.0	Unknown taxonomy (chromosome or plasmid)
barcode09_1Gb	contig_419	13177	14392	floR_phenicol_antibiotic	8	1215	1215	1.0	Unknown taxonomy (chromosome or plasmid)
barcode09_1Gb	contig_423	6070	6955	mphE_macrolide_antibiotic	53	885	885	1.0	Unknown taxonomy (chromosome or plasmid)
barcode09_1Gb	contig_423	7981	9169	tet(39)_tetracycline_antibiotic	24	1188	1188	1.0	Unknown taxonomy (plasmid)
barcode09_1Gb	contig_440	499093	499438	qacG_disinfecting_agents_and_antiseptics	34	345	345	1.0	Acinetobacter johnsonii (chromosome)
barcode09_1Gb	contig_452	11375	12218	OXA-58_carbapenem;_penam	11	843	843	1.0	Unknown taxonomy (chromosome or plasmid)
barcode09_1Gb	contig_452	18558	20034	msrE_macrolide_antibiotic;_streptogramin_antibiotic	60	1476	1476	1.0	Unknown taxonomy (chromosome or plasmid)
barcode09_1Gb	contig_452	20089	20974	mphE_macrolide_antibiotic	61	885	885	1.0	Unknown taxonomy (chromosome or plasmid)
barcode09_1Gb	contig_452	24616	25804	tet(39)_tetracycline_antibiotic	18	1188	1188	1.0	Unknown taxonomy (plasmid)
barcode09_1Gb	contig_456	25313	26240	PER-2_monobactam;_carbapenem;_cephalosporin;_penam;_penem	9	927	927	1.0	Unknown taxonomy (plasmid)
barcode09_1Gb	contig_456	34494	35118	tetR_tetracycline_antibiotic	10	624	624	1.0	Unknown taxonomy (chromosome or plasmid)
barcode09_1Gb	contig_456	35199	36405	tet(B)_tetracycline_antibiotic	11	1206	1206	1.0	Unknown taxonomy (chromosome or plasmid)
barcode09_1Gb	contig_456	44682	45135	arr-3_rifamycin_antibiotic	21	453	453	1.0	Unknown taxonomy (chromosome or plasmid)
barcode09_1Gb	contig_456	45240	45828	AAC(6')-Ib9_aminoglycoside_antibiotic	30	588	588	1.0	Unknown taxonomy (chromosome or plasmid)
barcode09_1Gb	contig_456	45996	46344	qacEdelta1_disinfecting_agents_and_antiseptics	39	348	348	1.0	Unknown taxonomy (chromosome or plasmid)
barcode09_1Gb	contig_456	46337	47177	sul1_sulfonamide_antibiotic	43	840	840	1.0	Unknown taxonomy (chromosome or plasmid)
barcode09_1Gb	contig_456	66778	67558	APH(3')-VIa_aminoglycoside_antibiotic	14	780	780	1.0	Unknown taxonomy (chromosome or plasmid)
barcode09_1Gb	contig_457	151	1012	TEM-1_monobactam;_cephalosporin;_penam;_penem	10	861	861	1.0	Unknown taxonomy (chromosome or plasmid)
barcode09_1Gb	contig_457	1712	2537	OXA-9_penam	5	825	825	1.0	Unknown taxonomy (chromosome or plasmid)
barcode09_1Gb	contig_516	550318	551428	vanT gene in vanG cluster_glycopeptide_antibiotic	26	1110	1110	1.0	
barcode09_1Gb	contig_536	3278	4121	OXA-58_carbapenem;_penam	7	843	843	1.0	Unknown taxonomy (chromosome or plasmid)
barcode09_1Gb	contig_536	1631456	1633988	vanT gene in vanG cluster_glycopeptide_antibiotic	18	2532	2532	1.0	
barcode09_1Gb	contig_71	93260	94055	OXA-504_penam	19	795	795	1.0	Aeromonas caviae (chromosome)
barcode09_1Gb	contig_720	37092	37311	rsmA_fluoroquinolone_antibiotic;_diaminopyrimidine_antibiotic;_phenicol_antibiotic	9	219	219	1.0	
barcode09_1Gb	contig_736	6325	7510	Escherichia coli EF-Tu mutants conferring resistance to Pulvomycin_elfamycin_antibiotic	15	1185	1185	1.0	Aeromonas caviae (chromosome or plasmid)
barcode09_1Gb	contig_736	25702	26887	Escherichia coli EF-Tu mutants conferring resistance to Pulvomycin_elfamycin_antibiotic	18	1185	1185	1.0	Aeromonas caviae (chromosome or plasmid)
barcode09_1Gb	contig_74	23009	23411	FosA8_phosphonic_acid_antibiotic	13	402	402	1.0	Aeromonas caviae (chromosome or plasmid)
barcode09_1Gb	contig_783	33209	34013	APH(3'')-Ib_aminoglycoside_antibiotic	30	804	804	1.0	Unknown taxonomy (chromosome or plasmid)
barcode09_1Gb	contig_783	34012	34849	APH(6)-Id_aminoglycoside_antibiotic	30	837	837	1.0	Unknown taxonomy (chromosome or plasmid)
barcode09_1Gb	contig_784	5069	5885	sul2_sulfonamide_antibiotic	16	816	816	1.0	Unknown taxonomy (chromosome or plasmid)
barcode09_1Gb	contig_792	133374	134448	vanT gene in vanG cluster_glycopeptide_antibiotic	14	1074	1074	1.0	
barcode09_1Gb	contig_81	111602	111791	rsmA_fluoroquinolone_antibiotic;_diaminopyrimidine_antibiotic;_phenicol_antibiotic	14	189	189	1.0	
barcode09_1Gb	contig_946	3047	4067	PmrF_peptide_antibiotic	7	1020	1020	1.0	Escherichia coli (chromosome or plasmid)
barcode09_3Gb	contig_100	27642	28467	OXA-644_carbapenem;_penam	273	825	825	1.0	Acinetobacter johnsonii (chromosome)
barcode09_3Gb	contig_1004	230893	231082	rsmA_fluoroquinolone_antibiotic;_diaminopyrimidine_antibiotic;_phenicol_antibiotic	43	189	189	1.0	
barcode09_3Gb	contig_105	965	1850	mphE_macrolide_antibiotic	82	885	885	1.0	Unknown taxonomy (chromosome or plasmid)
barcode09_3Gb	contig_105	1905	3381	msrE_macrolide_antibiotic;_streptogramin_antibiotic	83	1476	1476	1.0	Unknown taxonomy (chromosome or plasmid)
barcode09_3Gb	contig_1061	8588	9122	ANT(2'')-Ia_aminoglycoside_antibiotic	4	534	534	1.0	Unknown taxonomy (chromosome or plasmid)
barcode09_3Gb	contig_1061	9240	10071	OXA-4_cephalosporin;_penam	5	831	831	1.0	Pseudomonas aeruginosa (chromosome or plasmid)
barcode09_3Gb	contig_1063	348	1176	OXA-2_carbapenem;_cephalosporin;_penam	15	828	828	1.0	Unknown taxonomy (chromosome or plasmid)
barcode09_3Gb	contig_1063	2726	3590	GES-1_carbapenem;_cephalosporin;_penam	26	864	864	1.0	Unknown taxonomy (chromosome or plasmid)
barcode09_3Gb	contig_1063	11693	12473	APH(3')-VIa_aminoglycoside_antibiotic	30	780	780	1.0	Unknown taxonomy (chromosome or plasmid)
barcode09_3Gb	contig_1089	2642	3503	SHV-5_carbapenem;_cephalosporin;_penam	13	861	861	1.0	Unknown taxonomy (chromosome or plasmid)
barcode09_3Gb	contig_1090	5574	6072	dfrA12_diaminopyrimidine_antibiotic	17	498	498	1.0	Unknown taxonomy (chromosome or plasmid)
barcode09_3Gb	contig_1090	6491	7271	aadA2_aminoglycoside_antibiotic	26	780	780	1.0	Unknown taxonomy (chromosome or plasmid)
barcode09_3Gb	contig_1090	7434	7782	qacEdelta1_disinfecting_agents_and_antiseptics	55	348	348	1.0	Unknown taxonomy (chromosome or plasmid)
barcode09_3Gb	contig_1090	7775	8615	sul1_sulfonamide_antibiotic	61	840	840	1.0	Unknown taxonomy (chromosome or plasmid)
barcode09_3Gb	contig_1090	12690	13929	Mrx_macrolide_antibiotic	79	1239	1239	1.0	Unknown taxonomy (chromosome or plasmid)
barcode09_3Gb	contig_1090	13925	14831	mphA_macrolide_antibiotic	76	906	906	1.0	Unknown taxonomy (chromosome or plasmid)
barcode09_3Gb	contig_112	39811	41185	cpxA_aminoglycoside_antibiotic;_aminocoumarin_antibiotic	6	1374	1374	1.0	
barcode09_3Gb	contig_1148	761843	762407	lnuC_lincosamide_antibiotic	26	564	564	1.0	Unknown taxonomy (chromosome or plasmid)
barcode09_3Gb	contig_1148	1597271	1600424	adeF_fluoroquinolone_antibiotic;_tetracycline_antibiotic	13	3153	3153	1.0	
barcode09_3Gb	contig_1148	1666299	1666863	lnuC_lincosamide_antibiotic	23	564	564	1.0	Unknown taxonomy (chromosome or plasmid)
barcode09_3Gb	contig_1193	50096	51170	vanT gene in vanG cluster_glycopeptide_antibiotic	34	1074	1074	1.0	
barcode09_3Gb	contig_1209	91762	92164	FosA8_phosphonic_acid_antibiotic	39	402	402	1.0	Aeromonas caviae (chromosome or plasmid)
barcode09_3Gb	contig_1210	273099	274284	Escherichia coli EF-Tu mutants conferring resistance to Pulvomycin_elfamycin_antibiotic	52	1185	1185	1.0	Aeromonas caviae (chromosome or plasmid)
barcode09_3Gb	contig_1210	292308	293493	Escherichia coli EF-Tu mutants conferring resistance to Pulvomycin_elfamycin_antibiotic	56	1185	1185	1.0	Aeromonas caviae (chromosome or plasmid)
barcode09_3Gb	contig_1226	44583	45378	OXA-504_penam	45	795	795	1.0	Aeromonas caviae (chromosome)
barcode09_3Gb	contig_123	965	1850	mphE_macrolide_antibiotic	72	885	885	1.0	Unknown taxonomy (chromosome or plasmid)
barcode09_3Gb	contig_123	1905	3381	msrE_macrolide_antibiotic;_streptogramin_antibiotic	61	1476	1476	1.0	Unknown taxonomy (chromosome or plasmid)
barcode09_3Gb	contig_125	6864	8103	Mrx_macrolide_antibiotic	58	1239	1239	1.0	Unknown taxonomy (chromosome or plasmid)
barcode09_3Gb	contig_125	8099	9005	mphA_macrolide_antibiotic	53	906	906	1.0	Unknown taxonomy (chromosome or plasmid)
barcode09_3Gb	contig_125	10045	10930	mphE_macrolide_antibiotic	41	885	885	1.0	Unknown taxonomy (chromosome or plasmid)
barcode09_3Gb	contig_125	10985	12461	msrE_macrolide_antibiotic;_streptogramin_antibiotic	33	1476	1476	1.0	Unknown taxonomy (chromosome or plasmid)
barcode09_3Gb	contig_125	13817	14351	ANT(2'')-Ia_aminoglycoside_antibiotic	21	534	534	1.0	Unknown taxonomy (chromosome or plasmid)
barcode09_3Gb	contig_125	14495	15395	VEB-1_monobactam;_cephalosporin	20	900	900	1.0	Unknown taxonomy (chromosome or plasmid)
barcode09_3Gb	contig_125	15513	16773	cmlA5_phenicol_antibiotic	18	1260	1260	1.0	Unknown taxonomy (chromosome or plasmid)
barcode09_3Gb	contig_125	16987	17626	AAC(6')-Ib9_aminoglycoside_antibiotic	20	639	639	1.0	Unknown taxonomy (chromosome or plasmid)
barcode09_3Gb	contig_125	17708	18365	QnrVC4_fluoroquinolone_antibiotic	24	657	657	1.0	Unknown taxonomy (chromosome or plasmid)
barcode09_3Gb	contig_133	2453	3338	mphE_macrolide_antibiotic	19	885	885	1.0	Unknown taxonomy (chromosome or plasmid)
barcode09_3Gb	contig_1333	1150	2365	floR_phenicol_antibiotic	5	1215	1215	1.0	Unknown taxonomy (chromosome or plasmid)
barcode09_3Gb	contig_1346	76566	77382	sul2_sulfonamide_antibiotic	11	816	816	1.0	Unknown taxonomy (chromosome or plasmid)
barcode09_3Gb	contig_1346	85445	86282	APH(6)-Id_aminoglycoside_antibiotic	27	837	837	1.0	Unknown taxonomy (chromosome or plasmid)
barcode09_3Gb	contig_1346	86281	87145	APH(3'')-Ib_aminoglycoside_antibiotic	23	864	864	1.0	Unknown taxonomy (chromosome or plasmid)
barcode09_3Gb	contig_1435	2238	2712	dfrA1_diaminopyrimidine_antibiotic	17	474	474	1.0	Unknown taxonomy (chromosome or plasmid)
barcode09_3Gb	contig_1435	2816	3596	aadA_aminoglycoside_antibiotic	19	780	780	1.0	Escherichia coli (chromosome or plasmid)
barcode09_3Gb	contig_1435	3759	4107	qacEdelta1_disinfecting_agents_and_antiseptics	14	348	348	1.0	Unknown taxonomy (chromosome or plasmid)
barcode09_3Gb	contig_1435	5351	6167	sul2_sulfonamide_antibiotic	13	816	816	1.0	Unknown taxonomy (chromosome or plasmid)
barcode09_3Gb	contig_1451	20856	23334	vanT gene in vanG cluster_glycopeptide_antibiotic	11	2478	2478	1.0	
barcode09_3Gb	contig_1506	49523	50469	TLA-1_monobactam;_cephalosporin	8	946	946	1.0	
barcode09_3Gb	contig_1507	167502	167757	rsmA_fluoroquinolone_antibiotic;_diaminopyrimidine_antibiotic;_phenicol_antibiotic	25	255	255	1.0	
barcode09_3Gb	contig_1539	165715	167209	vanW gene in vanI cluster_glycopeptide_antibiotic	16	1494	1494	1.0	
barcode09_3Gb	contig_1566	29445	29700	rsmA_fluoroquinolone_antibiotic;_diaminopyrimidine_antibiotic;_phenicol_antibiotic	183	255	255	1.0	
barcode09_3Gb	contig_1652	1673	2579	mphA_macrolide_antibiotic	41	906	906	1.0	Unknown taxonomy (chromosome or plasmid)
barcode09_3Gb	contig_1652	8730	9078	qacEdelta1_disinfecting_agents_and_antiseptics	36	348	348	1.0	Unknown taxonomy (chromosome or plasmid)
barcode09_3Gb	contig_1652	9301	9754	arr-3_rifamycin_antibiotic	25	453	453	1.0	Unknown taxonomy (chromosome or plasmid)
barcode09_3Gb	contig_1652	9850	10453	AAC(6')-Ib-cr6_fluoroquinolone_antibiotic;_aminoglycoside_antibiotic	25	603	603	1.0	Unknown taxonomy (chromosome or plasmid)
barcode09_3Gb	contig_1653	2057	2897	sul1_sulfonamide_antibiotic	22	840	840	1.0	Unknown taxonomy (chromosome or plasmid)
barcode09_3Gb	contig_1653	2987	3239	qacJ_disinfecting_agents_and_antiseptics	15	252	252	1.0	Unknown taxonomy (chromosome or plasmid)
barcode09_3Gb	contig_1653	5792	6125	qacL_disinfecting_agents_and_antiseptics	13	333	333	1.0	Unknown taxonomy (chromosome or plasmid)
barcode09_3Gb	contig_1654	642	1548	mphA_macrolide_antibiotic	44	906	906	1.0	Unknown taxonomy (chromosome or plasmid)
barcode09_3Gb	contig_1654	1544	2783	Mrx_macrolide_antibiotic	51	1239	1239	1.0	Unknown taxonomy (chromosome or plasmid)
barcode09_3Gb	contig_1654	6858	7698	sul1_sulfonamide_antibiotic	55	840	840	1.0	Unknown taxonomy (chromosome or plasmid)
barcode09_3Gb	contig_1654	7691	8039	qacEdelta1_disinfecting_agents_and_antiseptics	46	348	348	1.0	Unknown taxonomy (chromosome or plasmid)
barcode09_3Gb	contig_1654	8788	9568	aadA_aminoglycoside_antibiotic	27	780	780	1.0	Unknown taxonomy (chromosome or plasmid)
barcode09_3Gb	contig_1654	9728	10385	QnrVC1_fluoroquinolone_antibiotic	21	657	657	1.0	Unknown taxonomy (chromosome or plasmid)
barcode09_3Gb	contig_1656	5291	5717	FosA2_phosphonic_acid_antibiotic	10	426	426	1.0	Enterobacter kobei (chromosome)
barcode09_3Gb	contig_1656	197185	198208	leuO_nucleoside_antibiotic;_disinfecting_agents_and_antiseptics	21	1023	1023	1.0	Enterobacter kobei (chromosome)
barcode09_3Gb	contig_1656	204370	206137	Haemophilus influenzae PBP3 conferring resistance to beta-lactam antibiotics_cephalosporin;_cephamycin;_penam	15	1767	1767	1.0	Enterobacter kobei (chromosome or plasmid)
barcode09_3Gb	contig_1666	30762	31947	Escherichia coli EF-Tu mutants conferring resistance to Pulvomycin_elfamycin_antibiotic	17	1185	1185	1.0	Enterobacter (chromosome or plasmid)
barcode09_3Gb	contig_1669	20459	21332	CMY-136_cephalosporin;_cephamycin	4	873	873	1.0	Citrobacter (chromosome or plasmid)
barcode09_3Gb	contig_1670	4887	6435	emrB_fluoroquinolone_antibiotic	16	1548	1548	1.0	Enterobacter kobei (chromosome or plasmid)
barcode09_3Gb	contig_1670	6451	7624	emrA_fluoroquinolone_antibiotic	17	1173	1173	1.0	
barcode09_3Gb	contig_1670	7750	8281	emrR_fluoroquinolone_antibiotic	16	531	531	1.0	Enterobacter kobei (chromosome or plasmid)
barcode09_3Gb	contig_1670	301552	304666	acrD_aminoglycoside_antibiotic	10	3114	3114	1.0	Enterobacter (chromosome)
barcode09_3Gb	contig_1673	36878	38063	Escherichia coli EF-Tu mutants conferring resistance to Pulvomycin_elfamycin_antibiotic	16	1185	1185	1.0	Citrobacter (chromosome or plasmid)
barcode09_3Gb	contig_173	1276	1882	AAC(6')-Ib9_aminoglycoside_antibiotic	13	606	606	1.0	Unknown taxonomy (chromosome or plasmid)
barcode09_3Gb	contig_173	1963	2740	aadA_aminoglycoside_antibiotic	15	777	777	1.0	Unknown taxonomy (chromosome or plasmid)
barcode09_3Gb	contig_173	2799	3624	OXA-9_penam	10	825	825	1.0	Unknown taxonomy (chromosome or plasmid)
barcode09_3Gb	contig_173	4323	5184	TEM-1_monobactam;_cephalosporin;_penam;_penem	29	861	861	1.0	Unknown taxonomy (chromosome or plasmid)
barcode09_3Gb	contig_173	6144	7029	mphE_macrolide_antibiotic	28	885	885	1.0	Unknown taxonomy (chromosome or plasmid)
barcode09_3Gb	contig_173	7084	8560	msrE_macrolide_antibiotic;_streptogramin_antibiotic	29	1476	1476	1.0	Unknown taxonomy (chromosome or plasmid)
barcode09_3Gb	contig_173	15730	16546	sul2_sulfonamide_antibiotic	27	816	816	1.0	Unknown taxonomy (chromosome or plasmid)
barcode09_3Gb	contig_173	18497	19712	floR_phenicol_antibiotic	19	1215	1215	1.0	Unknown taxonomy (chromosome or plasmid)
barcode09_3Gb	contig_1748	7413	9945	vanT gene in vanG cluster_glycopeptide_antibiotic	41	2532	2532	1.0	
barcode09_3Gb	contig_1770	1276	2389	vanG_glycopeptide_antibiotic	7	1113	1113	1.0	Citrobacter portucalensis (chromosome or plasmid)
barcode09_3Gb	contig_1779	142175	143408	Escherichia coli mdfA_tetracycline_antibiotic;_disinfecting_agents_and_antiseptics	8	1233	1233	1.0	
barcode09_3Gb	contig_1804	257764	258877	vanT gene in vanG cluster_glycopeptide_antibiotic	7	1113	1113	1.0	
barcode09_3Gb	contig_1835	7808	8144	vanW gene in vanI cluster_glycopeptide_antibiotic	2	336	336	1.0	
barcode09_3Gb	contig_185	55650	56535	mphE_macrolide_antibiotic	60	885	885	1.0	Unknown taxonomy (chromosome or plasmid)
barcode09_3Gb	contig_185	56590	58066	msrE_macrolide_antibiotic;_streptogramin_antibiotic	47	1476	1476	1.0	Unknown taxonomy (chromosome or plasmid)
barcode09_3Gb	contig_1883	16435	17323	tet(O)_tetracycline_antibiotic	37	888	888	1.0	Unknown taxonomy (chromosome or plasmid)
barcode09_3Gb	contig_1883	17336	18356	tet(O)_tetracycline_antibiotic	38	1020	1020	1.0	Unknown taxonomy (chromosome or plasmid)
barcode09_3Gb	contig_1926	6525	7305	APH(3')-VIa_aminoglycoside_antibiotic	40	780	780	1.0	Unknown taxonomy (chromosome or plasmid)
barcode09_3Gb	contig_193	6468	7308	sul1_sulfonamide_antibiotic	48	840	840	1.0	Unknown taxonomy (chromosome or plasmid)
barcode09_3Gb	contig_193	7301	7649	qacEdelta1_disinfecting_agents_and_antiseptics	45	348	348	1.0	Unknown taxonomy (chromosome or plasmid)
barcode09_3Gb	contig_193	7817	8438	AAC(6')-Ib9_aminoglycoside_antibiotic	36	621	621	1.0	Unknown taxonomy (chromosome or plasmid)
barcode09_3Gb	contig_193	8510	8963	arr-3_rifamycin_antibiotic	39	453	453	1.0	Unknown taxonomy (chromosome or plasmid)
barcode09_3Gb	contig_193	15283	16489	tet(B)_tetracycline_antibiotic	28	1206	1206	1.0	Unknown taxonomy (chromosome or plasmid)
barcode09_3Gb	contig_193	16570	17194	tetR_tetracycline_antibiotic	25	624	624	1.0	Unknown taxonomy (chromosome or plasmid)
barcode09_3Gb	contig_193	25447	26374	PER-2_monobactam;_carbapenem;_cephalosporin;_penam;_penem	25	927	927	1.0	Unknown taxonomy (plasmid)
barcode09_3Gb	contig_193	52587	53472	mphE_macrolide_antibiotic	57	885	885	1.0	Unknown taxonomy (chromosome or plasmid)
barcode09_3Gb	contig_193	53527	55003	msrE_macrolide_antibiotic;_streptogramin_antibiotic	60	1476	1476	1.0	Unknown taxonomy (chromosome or plasmid)
barcode09_3Gb	contig_193	57266	58103	APH(6)-Id_aminoglycoside_antibiotic	50	837	837	1.0	Unknown taxonomy (chromosome or plasmid)
barcode09_3Gb	contig_193	58102	58906	APH(3'')-Ib_aminoglycoside_antibiotic	59	804	804	1.0	Unknown taxonomy (chromosome or plasmid)
barcode09_3Gb	contig_1930	4423	5938	aadT_macrolide_antibiotic;_tetracycline_antibiotic;_disinfecting_agents_and_antiseptics	4	1515	1515	1.0	
barcode09_3Gb	contig_196	810	1695	mphE_macrolide_antibiotic	14	885	885	1.0	Unknown taxonomy (chromosome or plasmid)
barcode09_3Gb	contig_196	1750	3226	msrE_macrolide_antibiotic;_streptogramin_antibiotic	19	1476	1476	1.0	Unknown taxonomy (chromosome or plasmid)
barcode09_3Gb	contig_196	12588	13473	mphE_macrolide_antibiotic	9	885	885	1.0	Unknown taxonomy (chromosome or plasmid)
barcode09_3Gb	contig_197	15119	16004	mphE_macrolide_antibiotic	84	885	885	1.0	Unknown taxonomy (chromosome or plasmid)
barcode09_3Gb	contig_197	16059	17535	msrE_macrolide_antibiotic;_streptogramin_antibiotic	79	1476	1476	1.0	Unknown taxonomy (chromosome or plasmid)
barcode09_3Gb	contig_1992	89909	90941	mdtN_nucleoside_antibiotic;_disinfecting_agents_and_antiseptics	10	1032	1032	1.0	Escherichia coli (chromosome or plasmid)
barcode09_3Gb	contig_2055	1765	2596	sul1_sulfonamide_antibiotic	4	831	831	1.0	Unknown taxonomy (chromosome or plasmid)
barcode09_3Gb	contig_2103	1291	1636	qacJ_disinfecting_agents_and_antiseptics	5	345	345	1.0	Unknown taxonomy (chromosome or plasmid)
barcode09_3Gb	contig_2199	74690	75023	qacL_disinfecting_agents_and_antiseptics	10	333	333	1.0	Unknown taxonomy (chromosome or plasmid)
barcode09_3Gb	contig_2199	75096	75885	aadA5_aminoglycoside_antibiotic	9	789	789	1.0	Unknown taxonomy (chromosome or plasmid)
barcode09_3Gb	contig_2199	76898	77480	AAC(6')-IIc_aminoglycoside_antibiotic	2	582	582	1.0	Unknown taxonomy (chromosome or plasmid)
barcode09_3Gb	contig_2203	378162	381318	adeF_fluoroquinolone_antibiotic;_tetracycline_antibiotic	8	3156	3156	1.0	
barcode09_3Gb	contig_2231	4127	7277	adeF_fluoroquinolone_antibiotic;_tetracycline_antibiotic	40	3150	3150	1.0	Aeromonas caviae (chromosome or plasmid)
barcode09_3Gb	contig_2369	126001	127159	vanT gene in vanG cluster_glycopeptide_antibiotic	25	1158	1158	1.0	
barcode09_3Gb	contig_2369	708635	709610	vanH gene in vanO cluster_glycopeptide_antibiotic	14	975	975	1.0	
barcode09_3Gb	contig_238	11721	12834	vanT gene in vanG cluster_glycopeptide_antibiotic	10	1113	1113	1.0	
barcode09_3Gb	contig_2393	16862	18008	ACT-87_carbapenem;_cephalosporin;_cephamycin;_penam	11	1146	1146	1.0	Enterobacter kobei (chromosome)
barcode09_3Gb	contig_240	464172	467364	adeF_fluoroquinolone_antibiotic;_tetracycline_antibiotic	25	3192	3192	1.0	
barcode09_3Gb	contig_2428	6039	7344	Acinetobacter baumannii AbaQ_fluoroquinolone_antibiotic	7	1305	1305	1.0	
barcode09_3Gb	contig_2512	101	929	OXA-253_carbapenem;_penam	41	828	828	1.0	Acinetobacter baumannii (chromosome)
barcode09_3Gb	contig_2546	25089	28266	adeF_fluoroquinolone_antibiotic;_tetracycline_antibiotic	22	3177	3177	1.0	Unknown taxonomy (chromosome)
barcode09_3Gb	contig_2564	193069	196210	adeF_fluoroquinolone_antibiotic;_tetracycline_antibiotic	10	3141	3141	1.0	
barcode09_3Gb	contig_2564	295326	296658	vanW gene in vanI cluster_glycopeptide_antibiotic	5	1332	1332	1.0	
barcode09_3Gb	contig_2622	3721	4456	ErmG_macrolide_antibiotic;_lincosamide_antibiotic;_streptogramin_antibiotic;_streptogramin_A_antibiotic;_streptogramin_B_antibiotic	5	735	735	1.0	Unknown taxonomy (chromosome)
barcode09_3Gb	contig_2692	144002	144347	qacG_disinfecting_agents_and_antiseptics	7	345	345	1.0	
barcode09_3Gb	contig_2740	76369	77230	TEM-1_monobactam;_cephalosporin;_penam;_penem	27	861	861	1.0	Unknown taxonomy (chromosome or plasmid)
barcode09_3Gb	contig_2740	77281	78232	AAC(3)-IIe_aminoglycoside_antibiotic	23	951	951	1.0	Acinetobacter baumannii (chromosome or plasmid)
barcode09_3Gb	contig_2761	155	500	qacG_disinfecting_agents_and_antiseptics	9	345	345	1.0	Unknown taxonomy (chromosome or plasmid)
barcode09_3Gb	contig_2873	14606	15752	vanT gene in vanG cluster_glycopeptide_antibiotic	9	1146	1146	1.0	
barcode09_3Gb	contig_2906	87921	88287	qacG_disinfecting_agents_and_antiseptics	129	366	366	1.0	Acinetobacter johnsonii (chromosome)
barcode09_3Gb	contig_2908	4992	5466	dfrA14_diaminopyrimidine_antibiotic	10	474	474	1.0	Unknown taxonomy (chromosome or plasmid)
barcode09_3Gb	contig_3	26294	27563	tet(W/N/W)_tetracycline_antibiotic	7	1269	1269	1.0	
barcode09_3Gb	contig_3005	602	1430	OXA-253_carbapenem;_penam	39	828	828	1.0	Acinetobacter baumannii (chromosome)
barcode09_3Gb	contig_3065	97405	98230	gadX_macrolide_antibiotic;_fluoroquinolone_antibiotic;_penam	5	825	825	1.0	Unknown taxonomy (chromosome)
barcode09_3Gb	contig_3065	98597	99326	gadW_macrolide_antibiotic;_fluoroquinolone_antibiotic;_penam	6	729	729	1.0	Escherichia coli (chromosome)
barcode09_3Gb	contig_3065	102827	103985	mdtE_macrolide_antibiotic;_fluoroquinolone_antibiotic;_penam	5	1158	1158	1.0	Unknown taxonomy (chromosome)
barcode09_3Gb	contig_3091	4045	4825	APH(3')-VIa_aminoglycoside_antibiotic	60	780	780	1.0	Unknown taxonomy (chromosome or plasmid)
barcode09_3Gb	contig_3091	7240	8122	KPC-2_monobactam;_carbapenem;_cephalosporin;_penam	62	882	882	1.0	Unknown taxonomy (chromosome or plasmid)
barcode09_3Gb	contig_3105	1003	1477	dfrA31_diaminopyrimidine_antibiotic	7	474	474	1.0	Vibrio (chromosome or plasmid)
barcode09_3Gb	contig_3107	91284	91539	rsmA_fluoroquinolone_antibiotic;_diaminopyrimidine_antibiotic;_phenicol_antibiotic	15	255	255	1.0	
barcode09_3Gb	contig_3157	7371	8232	AAC(3)-IIe_aminoglycoside_antibiotic	7	861	861	1.0	Unknown taxonomy (chromosome or plasmid)
barcode09_3Gb	contig_3157	8720	9365	QnrB19_fluoroquinolone_antibiotic	22	645	645	1.0	Unknown taxonomy (chromosome or plasmid)
barcode09_3Gb	contig_3158	2928	3789	SHV-12_carbapenem;_cephalosporin;_penam	15	861	861	1.0	Unknown taxonomy (chromosome or plasmid)
barcode09_3Gb	contig_3173	49993	50179	rsmA_fluoroquinolone_antibiotic;_diaminopyrimidine_antibiotic;_phenicol_antibiotic	13	186	186	1.0	Unknown taxonomy (chromosome or plasmid)
barcode09_3Gb	contig_3173	55375	56584	Klebsiella pneumoniae KpnH_macrolide_antibiotic;_fluoroquinolone_antibiotic;_aminoglycoside_antibiotic;_carbapenem;_cephalosporin;_penam;_peptide_antibiotic;_penem	4	1209	1209	1.0	Unknown taxonomy (chromosome or plasmid)
barcode09_3Gb	contig_3173	57900	58431	emrR_fluoroquinolone_antibiotic	6	531	531	1.0	Unknown taxonomy (chromosome or plasmid)
barcode09_3Gb	contig_3230	15169	17089	tet(W)_tetracycline_antibiotic	25	1920	1920	1.0	Unknown taxonomy (chromosome or plasmid)
barcode09_3Gb	contig_3246	83139	83520	marA_fluoroquinolone_antibiotic;_monobactam;_carbapenem;_cephalosporin;_glycylcycline;_cephamycin;_penam;_tetracycline_antibiotic;_rifamycin_antibiotic;_phenicol_antibiotic;_penem;_disinfecting_agents_and_antiseptics	15	381	381	1.0	Enterobacter (chromosome or plasmid)
barcode09_3Gb	contig_3246	83539	83974	Escherichia coli AcrAB-TolC with MarR mutations conferring resistance to ciprofloxacin and tetracycline_fluoroquinolone_antibiotic;_cephalosporin;_glycylcycline;_penam;_tetracycline_antibiotic;_rifamycin_antibiotic;_phenicol_antibiotic;_disinfecting_agents_and_antiseptics	13	435	435	1.0	Enterobacter (chromosome)
barcode09_3Gb	contig_3247	20427	20862	Escherichia coli AcrAB-TolC with MarR mutations conferring resistance to ciprofloxacin and tetracycline_fluoroquinolone_antibiotic;_cephalosporin;_glycylcycline;_penam;_tetracycline_antibiotic;_rifamycin_antibiotic;_phenicol_antibiotic;_disinfecting_agents_and_antiseptics	3	435	435	1.0	Unknown taxonomy (chromosome or plasmid)
barcode09_3Gb	contig_3247	20881	21265	marA_fluoroquinolone_antibiotic;_monobactam;_carbapenem;_cephalosporin;_glycylcycline;_cephamycin;_penam;_tetracycline_antibiotic;_rifamycin_antibiotic;_phenicol_antibiotic;_penem;_disinfecting_agents_and_antiseptics	4	384	384	1.0	Unknown taxonomy (chromosome or plasmid)
barcode09_3Gb	contig_3249	10518	11175	QnrVC1_fluoroquinolone_antibiotic	19	657	657	1.0	Unknown taxonomy (chromosome or plasmid)
barcode09_3Gb	contig_3249	11333	11807	dfrA6_diaminopyrimidine_antibiotic	23	474	474	1.0	Unknown taxonomy (chromosome or plasmid)
barcode09_3Gb	contig_3366	112384	113485	vanG_glycopeptide_antibiotic	12	1101	1101	1.0	Enterobacter kobei (chromosome)
barcode09_3Gb	contig_3366	208390	211537	acrB_fluoroquinolone_antibiotic;_cephalosporin;_glycylcycline;_penam;_tetracycline_antibiotic;_rifamycin_antibiotic;_phenicol_antibiotic;_disinfecting_agents_and_antiseptics	15	3147	3147	1.0	Unknown taxonomy (chromosome)
barcode09_3Gb	contig_3366	211559	212753	Enterobacter cloacae acrA_fluoroquinolone_antibiotic;_cephalosporin;_glycylcycline;_penam;_tetracycline_antibiotic;_rifamycin_antibiotic;_phenicol_antibiotic;_disinfecting_agents_and_antiseptics	11	1194	1194	1.0	Enterobacter (chromosome)
barcode09_3Gb	contig_3379	11264	12422	vanW gene in vanI cluster_glycopeptide_antibiotic	7	1158	1158	1.0	
barcode09_3Gb	contig_3487	11000	11489	nimJ_nitroimidazole_antibiotic	7	489	489	1.0	
barcode09_3Gb	contig_3550	37	898	AAC(3)-IId_aminoglycoside_antibiotic	9	861	861	1.0	Unknown taxonomy (chromosome or plasmid)
barcode09_3Gb	contig_3577	8108	9500	Escherichia coli UhpT with mutation conferring resistance to fosfomycin_phosphonic_acid_antibiotic	9	1392	1392	1.0	Citrobacter portucalensis (chromosome or plasmid)
barcode09_3Gb	contig_3598	10684	11500	sul2_sulfonamide_antibiotic	33	816	816	1.0	Unknown taxonomy (chromosome or plasmid)
barcode09_3Gb	contig_3598	14002	15217	floR_phenicol_antibiotic	11	1215	1215	1.0	Unknown taxonomy (chromosome or plasmid)
barcode09_3Gb	contig_3618	3106	4594	vanT gene in vanG cluster_glycopeptide_antibiotic	4	1488	1488	1.0	
barcode09_3Gb	contig_3649	38435	38690	rsmA_fluoroquinolone_antibiotic;_diaminopyrimidine_antibiotic;_phenicol_antibiotic	7	255	255	1.0	
barcode09_3Gb	contig_37	52763	53645	vanW gene in vanG cluster_glycopeptide_antibiotic	211	882	882	1.0	Acinetobacter johnsonii (chromosome)
barcode09_3Gb	contig_3723	14191	15376	Escherichia coli EF-Tu mutants conferring resistance to Pulvomycin_elfamycin_antibiotic	15	1185	1185	1.0	Enterobacter kobei (chromosome or plasmid)
barcode09_3Gb	contig_3723	38519	39152	CRP_macrolide_antibiotic;_fluoroquinolone_antibiotic;_penam	22	633	633	1.0	Enterobacter (chromosome or plasmid)
barcode09_3Gb	contig_3723	113645	115301	ArnT_peptide_antibiotic	19	1656	1656	1.0	Enterobacter kobei (chromosome)
barcode09_3Gb	contig_3723	118178	119162	PmrF_peptide_antibiotic	21	984	984	1.0	
barcode09_3Gb	contig_3845	5510	7049	emrB_fluoroquinolone_antibiotic	7	1539	1539	1.0	Citrobacter (chromosome)
barcode09_3Gb	contig_3845	8368	8899	emrR_fluoroquinolone_antibiotic	4	531	531	1.0	Citrobacter (chromosome)
barcode09_3Gb	contig_3858	1491	1905	H-NS_macrolide_antibiotic;_fluoroquinolone_antibiotic;_cephalosporin;_cephamycin;_penam;_tetracycline_antibiotic	6	414	414	1.0	Unknown taxonomy (chromosome or plasmid)
barcode09_3Gb	contig_3859	4810	5626	sul2_sulfonamide_antibiotic	21	816	816	1.0	Shigella flexneri (chromosome or plasmid)
barcode09_3Gb	contig_3859	8082	8655	AAC(6')-Ian_aminoglycoside_antibiotic	6	573	573	1.0	Unknown taxonomy (chromosome or plasmid)
barcode09_3Gb	contig_3863	68648	68834	rsmA_fluoroquinolone_antibiotic;_diaminopyrimidine_antibiotic;_phenicol_antibiotic	8	186	186	1.0	Enterobacter (chromosome or plasmid)
barcode09_3Gb	contig_387	68929	69718	ANT(3'')-IIa_aminoglycoside_antibiotic	9	789	789	1.0	Acinetobacter (chromosome or plasmid)
barcode09_3Gb	contig_4036	3601	4174	tet(W/N/W)_tetracycline_antibiotic	8	573	573	1.0	Unknown taxonomy (chromosome)
barcode09_3Gb	contig_4134	742	1399	QnrVC1_fluoroquinolone_antibiotic	17	657	657	1.0	Unknown taxonomy (chromosome or plasmid)
barcode09_3Gb	contig_4134	7044	7503	AAC(6')-Il_aminoglycoside_antibiotic	45	459	459	1.0	Unknown taxonomy (chromosome or plasmid)
barcode09_3Gb	contig_4134	7576	8440	GES-1_carbapenem;_cephalosporin;_penam	45	864	864	1.0	Unknown taxonomy (chromosome or plasmid)
barcode09_3Gb	contig_4138	112115	114608	vanT gene in vanG cluster_glycopeptide_antibiotic	8	2493	2493	1.0	
barcode09_3Gb	contig_4149	31217	31472	rsmA_fluoroquinolone_antibiotic;_diaminopyrimidine_antibiotic;_phenicol_antibiotic	10	255	255	1.0	
barcode09_3Gb	contig_4177	308040	309192	ADC-154_cephalosporin	5	1152	1152	1.0	Acinetobacter baumannii (chromosome or plasmid)
barcode09_3Gb	contig_4189	110067	110991	Shigella flexneri acrA_fluoroquinolone_antibiotic;_cephalosporin;_glycylcycline;_penam;_tetracycline_antibiotic;_rifamycin_antibiotic;_phenicol_antibiotic;_disinfecting_agents_and_antiseptics	7	924	924	1.0	Unknown taxonomy (chromosome or plasmid)
barcode09_3Gb	contig_4189	111132	111912	Escherichia coli AcrAB-TolC with AcrR mutation conferring resistance to ciprofloxacin, tetracycline, and ceftazidime_fluoroquinolone_antibiotic;_cephalosporin;_glycylcycline;_penam;_tetracycline_antibiotic;_rifamycin_antibiotic;_phenicol_antibiotic;_disinfecting_agents_and_antiseptics	8	780	780	1.0	Escherichia coli (chromosome or plasmid)
barcode09_3Gb	contig_422	1133	2015	KPC-2_monobactam;_carbapenem;_cephalosporin;_penam	162	882	882	1.0	Unknown taxonomy (chromosome or plasmid)
barcode09_3Gb	contig_424	3141	4023	KPC-2_monobactam;_carbapenem;_cephalosporin;_penam	171	882	882	1.0	Unknown taxonomy (chromosome or plasmid)
barcode09_3Gb	contig_424	28861	29335	dfrA31_diaminopyrimidine_antibiotic	8	474	474	1.0	Vibrio (chromosome or plasmid)
barcode09_3Gb	contig_424	29493	30150	QnrVC1_fluoroquinolone_antibiotic	12	657	657	1.0	Unknown taxonomy (chromosome or plasmid)
barcode09_3Gb	contig_428	107456	108293	APH(6)-Id_aminoglycoside_antibiotic	21	837	837	1.0	Unknown taxonomy (chromosome or plasmid)
barcode09_3Gb	contig_4287	3456	4662	Mef(En2)_macrolide_antibiotic;_lincosamide_antibiotic	14	1206	1206	1.0	Unknown taxonomy (chromosome)
barcode09_3Gb	contig_4330	232	598	Klebsiella pneumoniae KpnE_macrolide_antibiotic;_aminoglycoside_antibiotic;_cephalosporin;_tetracycline_antibiotic;_peptide_antibiotic;_rifamycin_antibiotic;_disinfecting_agents_and_antiseptics	4	366	366	1.0	Unknown taxonomy (chromosome or plasmid)
barcode09_3Gb	contig_435	3134	3791	QnrVC1_fluoroquinolone_antibiotic	9	657	657	1.0	Unknown taxonomy (chromosome or plasmid)
barcode09_3Gb	contig_4425	232564	232894	abeS_macrolide_antibiotic;_aminocoumarin_antibiotic	5	330	330	1.0	Acinetobacter baumannii (chromosome or plasmid)
barcode09_3Gb	contig_4425	236202	237216	adeL_fluoroquinolone_antibiotic;_tetracycline_antibiotic	3	1014	1014	1.0	Acinetobacter baumannii (chromosome or plasmid)
barcode09_3Gb	contig_4425	237431	238652	adeG_fluoroquinolone_antibiotic;_tetracycline_antibiotic	3	1221	1221	1.0	Acinetobacter baumannii (chromosome or plasmid)
barcode09_3Gb	contig_4533	3121	3454	qacL_disinfecting_agents_and_antiseptics	9	333	333	1.0	Unknown taxonomy (chromosome or plasmid)
barcode09_3Gb	contig_4566	61	1249	tet(39)_tetracycline_antibiotic	54	1188	1188	1.0	Unknown taxonomy (plasmid)
barcode09_3Gb	contig_4571	3679	4540	TEM-1_monobactam;_cephalosporin;_penam;_penem	10	861	861	1.0	Unknown taxonomy (chromosome or plasmid)
barcode09_3Gb	contig_4581	7812	8538	vanY gene in vanB cluster_glycopeptide_antibiotic	12	726	726	1.0	Roseburia hominis (no genomic info)
barcode09_3Gb	contig_4594	46781	47747	ArnT_peptide_antibiotic	15	966	966	1.0	Enterobacter roggenkampii (chromosome)
barcode09_3Gb	contig_4594	50931	51909	PmrF_peptide_antibiotic	13	978	978	1.0	
barcode09_3Gb	contig_4622	6687	7821	EC-14_cephalosporin	12	1134	1134	1.0	Escherichia coli (chromosome or plasmid)
barcode09_3Gb	contig_4713	17954	19139	Escherichia coli EF-Tu mutants conferring resistance to Pulvomycin_elfamycin_antibiotic	13	1185	1185	1.0	Unknown taxonomy (chromosome)
barcode09_3Gb	contig_4715	6175	7360	Escherichia coli EF-Tu mutants conferring resistance to Pulvomycin_elfamycin_antibiotic	16	1185	1185	1.0	Shewanella putrefaciens (chromosome or plasmid)
barcode09_3Gb	contig_4765	4460	4715	rsmA_fluoroquinolone_antibiotic;_diaminopyrimidine_antibiotic;_phenicol_antibiotic	18	255	255	1.0	
barcode09_3Gb	contig_4804	10023	11208	Escherichia coli EF-Tu mutants conferring resistance to Pulvomycin_elfamycin_antibiotic	15	1185	1185	1.0	Unknown taxonomy (chromosome or plasmid)
barcode09_3Gb	contig_4907	50427	51916	TolC_macrolide_antibiotic;_fluoroquinolone_antibiotic;_aminoglycoside_antibiotic;_carbapenem;_cephalosporin;_glycylcycline;_cephamycin;_penam;_tetracycline_antibiotic;_peptide_antibiotic;_aminocoumarin_antibiotic;_rifamycin_antibiotic;_phenicol_antibiotic;_penem;_disinfecting_agents_and_antiseptics	11	1489	1489	1.0	Escherichia coli (chromosome or plasmid)
barcode09_3Gb	contig_4937	9180	9507	qacG_disinfecting_agents_and_antiseptics	9	327	327	1.0	
barcode09_3Gb	contig_4939	505	1693	tet(39)_tetracycline_antibiotic	54	1188	1188	1.0	Unknown taxonomy (plasmid)
barcode09_3Gb	contig_5062	16951	17845	vanW gene in vanI cluster_glycopeptide_antibiotic	3	894	894	1.0	
barcode09_3Gb	contig_5072	3458	4259	ErmF_macrolide_antibiotic;_lincosamide_antibiotic;_streptogramin_antibiotic;_streptogramin_A_antibiotic;_streptogramin_B_antibiotic	17	801	801	1.0	Unknown taxonomy (chromosome or plasmid)
barcode09_3Gb	contig_5072	6343	8269	tet(Q)_tetracycline_antibiotic	5	1926	1926	1.0	Unknown taxonomy (chromosome)
barcode09_3Gb	contig_5097	54052	54811	vanY gene in vanB cluster_glycopeptide_antibiotic	3	759	759	1.0	
barcode09_3Gb	contig_5180	18829	21049	Acinetobacter baumannii parC conferring resistance to fluoroquinolones_fluoroquinolone_antibiotic	23	2220	2220	1.0	Acinetobacter baumannii (chromosome or plasmid)
barcode09_3Gb	contig_5180	229201	230548	abeM_fluoroquinolone_antibiotic;_disinfecting_agents_and_antiseptics	17	1347	1347	1.0	Acinetobacter baumannii (chromosome or plasmid)
barcode09_3Gb	contig_5180	270934	272035	LpsB_peptide_antibiotic	3	1101	1101	1.0	Acinetobacter baumannii (chromosome or plasmid)
barcode09_3Gb	contig_5211	2358	3138	APH(3')-VIa_aminoglycoside_antibiotic	51	780	780	1.0	Unknown taxonomy (chromosome or plasmid)
barcode09_3Gb	contig_5211	17225	18005	APH(3')-VIa_aminoglycoside_antibiotic	34	780	780	1.0	Unknown taxonomy (chromosome or plasmid)
barcode09_3Gb	contig_5213	39771	40101	qacG_disinfecting_agents_and_antiseptics	4	330	330	1.0	
barcode09_3Gb	contig_5390	20178	21228	TRU-1_cephalosporin;_penam	7	1050	1050	1.0	
barcode09_3Gb	contig_5498	84556	85501	leuO_nucleoside_antibiotic;_disinfecting_agents_and_antiseptics	8	945	945	1.0	Unknown taxonomy (chromosome or plasmid)
barcode09_3Gb	contig_5592	63928	65383	adeK_macrolide_antibiotic;_fluoroquinolone_antibiotic;_lincosamide_antibiotic;_carbapenem;_cephalosporin;_tetracycline_antibiotic;_rifamycin_antibiotic;_diaminopyrimidine_antibiotic;_phenicol_antibiotic;_penem	7	1455	1455	1.0	Acinetobacter baumannii (chromosome or plasmid)
barcode09_3Gb	contig_5604	23622	23952	qacG_disinfecting_agents_and_antiseptics	4	330	330	1.0	
barcode09_3Gb	contig_5606	2943	4134	tet(C)_tetracycline_antibiotic	21	1191	1191	1.0	Unknown taxonomy (chromosome or plasmid)
barcode09_3Gb	contig_562	91687	92860	vanT gene in vanG cluster_glycopeptide_antibiotic	9	1173	1173	1.0	
barcode09_3Gb	contig_5728	9880	10255	ramA_fluoroquinolone_antibiotic;_monobactam;_carbapenem;_cephalosporin;_glycylcycline;_cephamycin;_penam;_tetracycline_antibiotic;_rifamycin_antibiotic;_phenicol_antibiotic;_penem;_disinfecting_agents_and_antiseptics	11	375	375	1.0	Enterobacter (chromosome)
barcode09_3Gb	contig_5804	18342	19728	vanT gene in vanG cluster_glycopeptide_antibiotic	9	1386	1386	1.0	
barcode09_3Gb	contig_5825	14526	15492	CfxA4_cephamycin	16	966	966	1.0	Unknown taxonomy (chromosome or plasmid)
barcode09_3Gb	contig_5828	7762	8908	MIR-17_monobactam;_cephalosporin	10	1146	1146	1.0	Enterobacter (chromosome)
barcode09_3Gb	contig_5919	10339	11287	leuO_nucleoside_antibiotic;_disinfecting_agents_and_antiseptics	6	948	948	1.0	Citrobacter (chromosome)
barcode09_3Gb	contig_5990	29031	32145	acrD_aminoglycoside_antibiotic	7	3114	3114	1.0	
barcode09_3Gb	contig_6061	3646	4666	vanY gene in vanB cluster_glycopeptide_antibiotic	8	1020	1020	1.0	Faecalibacterium prausnitzii (chromosome)
barcode09_3Gb	contig_607	809875	811111	vanW gene in vanI cluster_glycopeptide_antibiotic	71	1236	1236	1.0	
barcode09_3Gb	contig_607	1513119	1513626	nimK_nitroimidazole_antibiotic	86	507	507	1.0	
barcode09_3Gb	contig_607	1767652	1770844	adeF_fluoroquinolone_antibiotic;_tetracycline_antibiotic	99	3192	3192	1.0	
barcode09_3Gb	contig_607	2014324	2015434	vanT gene in vanG cluster_glycopeptide_antibiotic	94	1110	1110	1.0	
barcode09_3Gb	contig_612	8532	9369	APH(6)-Id_aminoglycoside_antibiotic	36	837	837	1.0	Unknown taxonomy (chromosome or plasmid)
barcode09_3Gb	contig_6170	1486	2209	baeR_aminoglycoside_antibiotic;_aminocoumarin_antibiotic	6	723	723	1.0	Enterobacter roggenkampii (chromosome)
barcode09_3Gb	contig_6185	9710	9923	vanU gene in vanG cluster_glycopeptide_antibiotic	6	213	213	1.0	
barcode09_3Gb	contig_6189	918	1377	AAC(6')-Il_aminoglycoside_antibiotic	39	459	459	1.0	Unknown taxonomy (chromosome or plasmid)
barcode09_3Gb	contig_619	30681	31518	APH(6)-Id_aminoglycoside_antibiotic	42	837	837	1.0	Unknown taxonomy (chromosome or plasmid)
barcode09_3Gb	contig_6191	12670	13495	OXA-441_carbapenem;_penam	4	825	825	1.0	Acinetobacter baumannii (chromosome or plasmid)
barcode09_3Gb	contig_620	10894	11353	AAC(6')-Il_aminoglycoside_antibiotic	63	459	459	1.0	Unknown taxonomy (chromosome or plasmid)
barcode09_3Gb	contig_620	11426	12290	GES-1_carbapenem;_cephalosporin;_penam	65	864	864	1.0	Unknown taxonomy (chromosome or plasmid)
barcode09_3Gb	contig_620	12412	12946	ANT(2'')-Ia_aminoglycoside_antibiotic	48	534	534	1.0	Unknown taxonomy (chromosome or plasmid)
barcode09_3Gb	contig_620	13062	13410	qacEdelta1_disinfecting_agents_and_antiseptics	77	348	348	1.0	Unknown taxonomy (chromosome or plasmid)
barcode09_3Gb	contig_620	13403	14243	sul1_sulfonamide_antibiotic	88	840	840	1.0	Unknown taxonomy (chromosome or plasmid)
barcode09_3Gb	contig_629	19732	20392	catA1_phenicol_antibiotic	12	660	660	1.0	Unknown taxonomy (chromosome or plasmid)
barcode09_3Gb	contig_629	30377	30911	ANT(2'')-Ia_aminoglycoside_antibiotic	20	534	534	1.0	Unknown taxonomy (chromosome or plasmid)
barcode09_3Gb	contig_629	30968	31502	ANT(2'')-Ia_aminoglycoside_antibiotic	12	534	534	1.0	Unknown taxonomy (chromosome or plasmid)
barcode09_3Gb	contig_629	31560	32019	AAC(6')-Il_aminoglycoside_antibiotic	16	459	459	1.0	Unknown taxonomy (chromosome or plasmid)
barcode09_3Gb	contig_629	32150	32684	ANT(2'')-Ia_aminoglycoside_antibiotic	20	534	534	1.0	Unknown taxonomy (chromosome or plasmid)
barcode09_3Gb	contig_629	32753	33581	OXA-2_carbapenem;_cephalosporin;_penam	17	828	828	1.0	Unknown taxonomy (chromosome or plasmid)
barcode09_3Gb	contig_629	33710	34043	qacJ_disinfecting_agents_and_antiseptics	7	333	333	1.0	Unknown taxonomy (chromosome or plasmid)
barcode09_3Gb	contig_629	35117	35465	qacEdelta1_disinfecting_agents_and_antiseptics	11	348	348	1.0	Unknown taxonomy (chromosome or plasmid)
barcode09_3Gb	contig_630	1130	1787	QnrS2_fluoroquinolone_antibiotic	12	657	657	1.0	Unknown taxonomy (chromosome or plasmid)
barcode09_3Gb	contig_6310	3411	3942	emrR_fluoroquinolone_antibiotic	7	531	531	1.0	Enterobacter asburiae (chromosome or plasmid)
barcode09_3Gb	contig_6462	2271	3504	mdtM_fluoroquinolone_antibiotic;_lincosamide_antibiotic;_nucleoside_antibiotic;_phenicol_antibiotic;_disinfecting_agents_and_antiseptics	7	1233	1233	1.0	Unknown taxonomy (chromosome or plasmid)
barcode09_3Gb	contig_6499	495	1377	KPC-2_monobactam;_carbapenem;_cephalosporin;_penam	40	882	882	1.0	Unknown taxonomy (chromosome or plasmid)
barcode09_3Gb	contig_6503	116476	116839	Klebsiella pneumoniae KpnE_macrolide_antibiotic;_aminoglycoside_antibiotic;_cephalosporin;_tetracycline_antibiotic;_peptide_antibiotic;_rifamycin_antibiotic;_disinfecting_agents_and_antiseptics	12	363	363	1.0	Enterobacter kobei (chromosome)
barcode09_3Gb	contig_6503	116825	117155	Klebsiella pneumoniae KpnF_macrolide_antibiotic;_aminoglycoside_antibiotic;_cephalosporin;_tetracycline_antibiotic;_peptide_antibiotic;_rifamycin_antibiotic;_disinfecting_agents_and_antiseptics	12	330	330	1.0	Enterobacter (chromosome)
barcode09_3Gb	contig_6640	206077	207592	aadT_macrolide_antibiotic;_tetracycline_antibiotic;_disinfecting_agents_and_antiseptics	23	1515	1515	1.0	
barcode09_3Gb	contig_6644	960	1845	mphE_macrolide_antibiotic	59	885	885	1.0	Unknown taxonomy (chromosome or plasmid)
barcode09_3Gb	contig_6644	1900	3376	msrE_macrolide_antibiotic;_streptogramin_antibiotic	57	1476	1476	1.0	Unknown taxonomy (chromosome or plasmid)
barcode09_3Gb	contig_6664	1426	2182	TEM-216_monobactam;_cephalosporin;_penam;_penem	4	756	756	1.0	Unknown taxonomy (chromosome or plasmid)
barcode09_3Gb	contig_6666	1278	2139	TEM-1_monobactam;_cephalosporin;_penam;_penem	22	861	861	1.0	Unknown taxonomy (chromosome or plasmid)
barcode09_3Gb	contig_6797	43232	44585	vanW gene in vanI cluster_glycopeptide_antibiotic	5	1353	1353	1.0	
barcode09_3Gb	contig_6841	218024	219227	vanT gene in vanG cluster_glycopeptide_antibiotic	15	1203	1203	1.0	
barcode09_3Gb	contig_6847	2914	6028	adeF_fluoroquinolone_antibiotic;_tetracycline_antibiotic	7	3114	3114	1.0	Enterobacter roggenkampii (chromosome)
barcode09_3Gb	contig_6852	17509	19504	lmrD_lincosamide_antibiotic	6	1995	1995	1.0	
barcode09_3Gb	contig_6887	5212	6208	CfxA6_cephamycin	13	996	996	1.0	
barcode09_3Gb	contig_6945	28997	29744	vanY gene in vanG cluster_glycopeptide_antibiotic	5	747	747	1.0	
barcode09_3Gb	contig_6972	24116	26090	tet(Q)_tetracycline_antibiotic	28	1974	1974	1.0	Unknown taxonomy (chromosome)
barcode09_3Gb	contig_6999	12067	12868	OXA-10_cephalosporin;_penam	13	801	801	1.0	Unknown taxonomy (chromosome or plasmid)
barcode09_3Gb	contig_6999	12943	13735	aadA_aminoglycoside_antibiotic	12	792	792	1.0	Unknown taxonomy (chromosome or plasmid)
barcode09_3Gb	contig_7011	89721	90399	kdpE_aminoglycoside_antibiotic	8	678	678	1.0	Escherichia coli (chromosome or plasmid)
barcode09_3Gb	contig_7014	8900	9728	OXA-253_carbapenem;_penam	39	828	828	1.0	Acinetobacter baumannii (chromosome)
barcode09_3Gb	contig_7031	15751	16096	qacG_disinfecting_agents_and_antiseptics	29	345	345	1.0	Unknown taxonomy (chromosome or plasmid)
barcode09_3Gb	contig_7041	7558	8422	aadS_aminoglycoside_antibiotic	17	864	864	1.0	Unknown taxonomy (chromosome or plasmid)
barcode09_3Gb	contig_7055	244	889	QnrB19_fluoroquinolone_antibiotic	19	645	645	1.0	Unknown taxonomy (chromosome or plasmid)
barcode09_3Gb	contig_7058	13230	13953	baeR_aminoglycoside_antibiotic;_aminocoumarin_antibiotic	4	723	723	1.0	Enterobacter kobei (chromosome)
barcode09_3Gb	contig_7079	6520	7336	sul2_sulfonamide_antibiotic	22	816	816	1.0	Unknown taxonomy (chromosome or plasmid)
barcode09_3Gb	contig_7079	8199	9036	APH(6)-Id_aminoglycoside_antibiotic	16	837	837	1.0	Unknown taxonomy (chromosome or plasmid)
barcode09_3Gb	contig_7079	10113	11313	tet(A)_tetracycline_antibiotic	29	1200	1200	1.0	Unknown taxonomy (chromosome or plasmid)
barcode09_3Gb	contig_7106	398	1055	QnrS2_fluoroquinolone_antibiotic	16	657	657	1.0	Unknown taxonomy (chromosome or plasmid)
barcode09_3Gb	contig_7107	6165	7047	KPC-2_monobactam;_carbapenem;_cephalosporin;_penam	44	882	882	1.0	Unknown taxonomy (chromosome or plasmid)
barcode09_3Gb	contig_731	1853	3044	tet(C)_tetracycline_antibiotic	23	1191	1191	1.0	Unknown taxonomy (chromosome or plasmid)
barcode09_3Gb	contig_731	4550	5669	tet(C)_tetracycline_antibiotic	14	1119	1119	1.0	Unknown taxonomy (chromosome or plasmid)
barcode09_3Gb	contig_731	7055	7895	sul1_sulfonamide_antibiotic	65	840	840	1.0	Unknown taxonomy (chromosome or plasmid)
barcode09_3Gb	contig_731	7888	8236	qacEdelta1_disinfecting_agents_and_antiseptics	60	348	348	1.0	Unknown taxonomy (chromosome or plasmid)
barcode09_3Gb	contig_731	8458	8911	arr-3_rifamycin_antibiotic	41	453	453	1.0	Unknown taxonomy (chromosome or plasmid)
barcode09_3Gb	contig_731	8995	9628	catB3_phenicol_antibiotic	38	633	633	1.0	Unknown taxonomy (chromosome or plasmid)
barcode09_3Gb	contig_731	9765	10596	OXA-1_cephalosporin;_penam	39	831	831	1.0	Unknown taxonomy (chromosome or plasmid)
barcode09_3Gb	contig_731	10726	11326	AAC(6')-Ib-cr6_fluoroquinolone_antibiotic;_aminoglycoside_antibiotic	44	600	600	1.0	Unknown taxonomy (chromosome or plasmid)
barcode09_3Gb	contig_742	430292	431402	vanT gene in vanG cluster_glycopeptide_antibiotic	31	1110	1110	1.0	
barcode09_3Gb	contig_849	119	1559	AAC(6')-Ie-APH(2'')-Ia bifunctional protein_aminoglycoside_antibiotic	6	1440	1440	1.0	Unknown taxonomy (chromosome or plasmid)
barcode09_3Gb	contig_849	2407	3667	EreB_macrolide_antibiotic	10	1260	1260	1.0	
barcode09_3Gb	contig_851	1304	2564	EreB_macrolide_antibiotic	10	1260	1260	1.0	
barcode09_3Gb	contig_962	945	1830	mphE_macrolide_antibiotic	38	885	885	1.0	Unknown taxonomy (chromosome or plasmid)
barcode09_3Gb	contig_962	1885	3361	msrE_macrolide_antibiotic;_streptogramin_antibiotic	42	1476	1476	1.0	Unknown taxonomy (chromosome or plasmid)
barcode09_3Gb	contig_963	4773	5610	APH(6)-Id_aminoglycoside_antibiotic	36	837	837	1.0	Unknown taxonomy (chromosome or plasmid)
barcode09_3Gb	contig_963	5609	6413	APH(3'')-Ib_aminoglycoside_antibiotic	39	804	804	1.0	Unknown taxonomy (chromosome or plasmid)
barcode09_3Gb	contig_965	48040	49516	msrE_macrolide_antibiotic;_streptogramin_antibiotic	99	1476	1476	1.0	Unknown taxonomy (chromosome or plasmid)
barcode09_3Gb	contig_965	49571	50456	mphE_macrolide_antibiotic	95	885	885	1.0	Unknown taxonomy (chromosome or plasmid)
barcode09_3Gb	contig_970	2009	2849	sul1_sulfonamide_antibiotic	58	840	840	1.0	Unknown taxonomy (chromosome or plasmid)
barcode09_3Gb	contig_970	2842	3190	qacEdelta1_disinfecting_agents_and_antiseptics	52	348	348	1.0	Unknown taxonomy (chromosome or plasmid)
barcode09_3Gb	contig_970	3353	4133	aadA2_aminoglycoside_antibiotic	23	780	780	1.0	Unknown taxonomy (chromosome or plasmid)
barcode09_3Gb	contig_970	7169	8360	tet(C)_tetracycline_antibiotic	34	1191	1191	1.0	Unknown taxonomy (chromosome or plasmid)
barcode09_3Gb	contig_971	22131	22974	OXA-58_carbapenem;_penam	15	843	843	1.0	Unknown taxonomy (chromosome or plasmid)
barcode09_3Gb	contig_971	28097	29573	msrE_macrolide_antibiotic;_streptogramin_antibiotic	37	1476	1476	1.0	Unknown taxonomy (chromosome or plasmid)
barcode09_3Gb	contig_971	29628	30513	mphE_macrolide_antibiotic	28	885	885	1.0	Unknown taxonomy (chromosome or plasmid)
barcode09_3Gb	contig_979	10734	13899	adeF_fluoroquinolone_antibiotic;_tetracycline_antibiotic	26	3165	3165	1.0	Acinetobacter (chromosome or plasmid)
barcode09_3Gb	contig_985	128197	129349	MOX-13_cephalosporin;_cephamycin;_penam	24	1152	1152	1.0	Aeromonas caviae (chromosome or plasmid)
barcode09_3Gb	contig_988	6865	7693	OXA-253_carbapenem;_penam	58	828	828	1.0	Acinetobacter baumannii (chromosome)
barcode09_6Gb	contig_10031	54832	56038	Mef(En2)_macrolide_antibiotic;_lincosamide_antibiotic	24	1206	1206	1.0	Unknown taxonomy (chromosome)
barcode09_6Gb	contig_10071	11859	13026	vanT gene in vanG cluster_glycopeptide_antibiotic	8	1167	1167	1.0	
barcode09_6Gb	contig_10088	113499	114600	vanG_glycopeptide_antibiotic	15	1101	1101	1.0	Enterobacter kobei (chromosome)
barcode09_6Gb	contig_10088	209852	212999	acrB_fluoroquinolone_antibiotic;_cephalosporin;_glycylcycline;_penam;_tetracycline_antibiotic;_rifamycin_antibiotic;_phenicol_antibiotic;_disinfecting_agents_and_antiseptics	26	3147	3147	1.0	Unknown taxonomy (chromosome)
barcode09_6Gb	contig_10088	213021	214215	Enterobacter cloacae acrA_fluoroquinolone_antibiotic;_cephalosporin;_glycylcycline;_penam;_tetracycline_antibiotic;_rifamycin_antibiotic;_phenicol_antibiotic;_disinfecting_agents_and_antiseptics	20	1194	1194	1.0	Enterobacter (chromosome)
barcode09_6Gb	contig_10099	18087	18720	CRP_macrolide_antibiotic;_fluoroquinolone_antibiotic;_penam	16	633	633	1.0	Unknown taxonomy (chromosome)
barcode09_6Gb	contig_10099	108943	110056	ArnT_peptide_antibiotic	17	1113	1113	1.0	Enterobacter roggenkampii (chromosome)
barcode09_6Gb	contig_10108	6072	7302	tet(W)_tetracycline_antibiotic	11	1230	1230	1.0	Unknown taxonomy (chromosome or plasmid)
barcode09_6Gb	contig_10122	872	1346	dfrA6_diaminopyrimidine_antibiotic	12	474	474	1.0	Unknown taxonomy (chromosome or plasmid)
barcode09_6Gb	contig_10123	1386	2043	QnrVC1_fluoroquinolone_antibiotic	19	657	657	1.0	Unknown taxonomy (chromosome or plasmid)
barcode09_6Gb	contig_10123	2201	2675	dfrA6_diaminopyrimidine_antibiotic	19	474	474	1.0	Unknown taxonomy (chromosome or plasmid)
barcode09_6Gb	contig_10147	20641	21862	mdtG_phosphonic_acid_antibiotic	6	1221	1221	1.0	Citrobacter portucalensis (chromosome)
barcode09_6Gb	contig_10149	2244	2739	lnuC_lincosamide_antibiotic	26	495	495	1.0	Unknown taxonomy (chromosome or plasmid)
barcode09_6Gb	contig_1016	3415	4240	OXA-644_carbapenem;_penam	503	825	825	1.0	Acinetobacter johnsonii (chromosome)
barcode09_6Gb	contig_1025	23667	24780	vanT gene in vanG cluster_glycopeptide_antibiotic	18	1113	1113	1.0	
barcode09_6Gb	contig_10329	13846	14665	bacA_peptide_antibiotic	10	819	819	1.0	Escherichia coli (chromosome)
barcode09_6Gb	contig_10361	30562	31675	vanG_glycopeptide_antibiotic	11	1113	1113	1.0	Citrobacter portucalensis (chromosome or plasmid)
barcode09_6Gb	contig_10375	2081	2555	dfrF_diaminopyrimidine_antibiotic	15	474	474	1.0	Unknown taxonomy (chromosome or plasmid)
barcode09_6Gb	contig_10423	66108	67875	Haemophilus influenzae PBP3 conferring resistance to beta-lactam antibiotics_cephalosporin;_cephamycin;_penam	13	1767	1767	1.0	Citrobacter portucalensis (chromosome or plasmid)
barcode09_6Gb	contig_10432	12251	15398	adeF_fluoroquinolone_antibiotic;_tetracycline_antibiotic	11	3147	3147	1.0	
barcode09_6Gb	contig_10471	2556	3213	QnrS2_fluoroquinolone_antibiotic	33	657	657	1.0	Unknown taxonomy (chromosome or plasmid)
barcode09_6Gb	contig_10657	57389	58763	cpxA_aminoglycoside_antibiotic;_aminocoumarin_antibiotic	13	1374	1374	1.0	
barcode09_6Gb	contig_10757	3019	3859	sul1_sulfonamide_antibiotic	29	840	840	1.0	Unknown taxonomy (chromosome or plasmid)
barcode09_6Gb	contig_10757	3887	4667	aadA_aminoglycoside_antibiotic	24	780	780	1.0	Unknown taxonomy (chromosome or plasmid)
barcode09_6Gb	contig_10757	4748	5348	AAC(6')-Ib-cr6_fluoroquinolone_antibiotic;_aminoglycoside_antibiotic	20	600	600	1.0	Unknown taxonomy (chromosome or plasmid)
barcode09_6Gb	contig_10870	30810	31155	qacG_disinfecting_agents_and_antiseptics	57	345	345	1.0	Unknown taxonomy (chromosome or plasmid)
barcode09_6Gb	contig_10944	1761	2025	rsmA_fluoroquinolone_antibiotic;_diaminopyrimidine_antibiotic;_phenicol_antibiotic	16	264	264	1.0	
barcode09_6Gb	contig_11047	1190	2138	leuO_nucleoside_antibiotic;_disinfecting_agents_and_antiseptics	6	948	948	1.0	Citrobacter freundii (chromosome)
barcode09_6Gb	contig_11057	13094	14570	vanW gene in vanI cluster_glycopeptide_antibiotic	8	1476	1476	1.0	
barcode09_6Gb	contig_11085	17146	17560	H-NS_macrolide_antibiotic;_fluoroquinolone_antibiotic;_cephalosporin;_cephamycin;_penam;_tetracycline_antibiotic	6	414	414	1.0	Citrobacter (chromosome)
barcode09_6Gb	contig_1111	42766	44908	tet(W)_tetracycline_antibiotic	40	2142	2142	1.0	Unknown taxonomy (chromosome or plasmid)
barcode09_6Gb	contig_1115	2549	3386	APH(6)-Id_aminoglycoside_antibiotic	58	837	837	1.0	Unknown taxonomy (chromosome or plasmid)
barcode09_6Gb	contig_11151	2958	4599	vanW gene in vanI cluster_glycopeptide_antibiotic	9	1641	1641	1.0	
barcode09_6Gb	contig_11179	17498	17687	rsmA_fluoroquinolone_antibiotic;_diaminopyrimidine_antibiotic;_phenicol_antibiotic	10	189	189	1.0	
barcode09_6Gb	contig_1119	262615	263851	vanW gene in vanI cluster_glycopeptide_antibiotic	166	1236	1236	1.0	
barcode09_6Gb	contig_1119	966081	966588	nimK_nitroimidazole_antibiotic	166	507	507	1.0	
barcode09_6Gb	contig_1119	1222150	1225342	adeF_fluoroquinolone_antibiotic;_tetracycline_antibiotic	189	3192	3192	1.0	
barcode09_6Gb	contig_1119	1468731	1469841	vanT gene in vanG cluster_glycopeptide_antibiotic	177	1110	1110	1.0	
barcode09_6Gb	contig_11209	19689	20955	Escherichia coli mdfA_tetracycline_antibiotic;_disinfecting_agents_and_antiseptics	7	1266	1266	1.0	Citrobacter (chromosome or plasmid)
barcode09_6Gb	contig_11247	45366	45999	CRP_macrolide_antibiotic;_fluoroquinolone_antibiotic;_penam	14	633	633	1.0	Citrobacter (chromosome)
barcode09_6Gb	contig_1127	329404	332596	adeF_fluoroquinolone_antibiotic;_tetracycline_antibiotic	57	3192	3192	1.0	
barcode09_6Gb	contig_1127	1255486	1256596	vanT gene in vanG cluster_glycopeptide_antibiotic	71	1110	1110	1.0	
barcode09_6Gb	contig_11270	10705	10891	rsmA_fluoroquinolone_antibiotic;_diaminopyrimidine_antibiotic;_phenicol_antibiotic	8	186	186	1.0	Unknown taxonomy (chromosome or plasmid)
barcode09_6Gb	contig_11272	4138	4324	rsmA_fluoroquinolone_antibiotic;_diaminopyrimidine_antibiotic;_phenicol_antibiotic	8	186	186	1.0	Enterobacter (chromosome or plasmid)
barcode09_6Gb	contig_11272	14187	14703	emrR_fluoroquinolone_antibiotic	8	516	516	1.0	Enterobacter roggenkampii (chromosome)
barcode09_6Gb	contig_11503	11335	12808	vanT gene in vanG cluster_glycopeptide_antibiotic	5	1473	1473	1.0	
barcode09_6Gb	contig_1161	31198	34312	adeF_fluoroquinolone_antibiotic;_tetracycline_antibiotic	19	3114	3114	1.0	Enterobacter kobei (chromosome)
barcode09_6Gb	contig_1161	348332	349154	bacA_peptide_antibiotic	16	822	822	1.0	
barcode09_6Gb	contig_1162	602756	603320	lnuC_lincosamide_antibiotic	47	564	564	1.0	Unknown taxonomy (chromosome or plasmid)
barcode09_6Gb	contig_1162	671499	674652	adeF_fluoroquinolone_antibiotic;_tetracycline_antibiotic	25	3153	3153	1.0	
barcode09_6Gb	contig_1162	1511068	1511632	lnuC_lincosamide_antibiotic	50	564	564	1.0	Unknown taxonomy (chromosome or plasmid)
barcode09_6Gb	contig_1162	2440906	2442400	vanW gene in vanI cluster_glycopeptide_antibiotic	28	1494	1494	1.0	
barcode09_6Gb	contig_1162	2511691	2512894	vanT gene in vanG cluster_glycopeptide_antibiotic	21	1203	1203	1.0	
barcode09_6Gb	contig_11625	535	1336	ErmF_macrolide_antibiotic;_lincosamide_antibiotic;_streptogramin_antibiotic;_streptogramin_A_antibiotic;_streptogramin_B_antibiotic	26	801	801	1.0	Unknown taxonomy (chromosome or plasmid)
barcode09_6Gb	contig_11625	1548	2625	tet(X4)_glycylcycline;_tetracycline_antibiotic	19	1077	1077	1.0	Unknown taxonomy (chromosome or plasmid)
barcode09_6Gb	contig_11625	3423	5349	tet(Q)_tetracycline_antibiotic	8	1926	1926	1.0	Unknown taxonomy (chromosome)
barcode09_6Gb	contig_11637	48871	51985	adeF_fluoroquinolone_antibiotic;_tetracycline_antibiotic	7	3114	3114	1.0	
barcode09_6Gb	contig_11637	52122	53013	CblA-1_cephalosporin	6	891	891	1.0	Phocaeicola dorei (no genomic info)
barcode09_6Gb	contig_11641	4245	4740	lnuC_lincosamide_antibiotic	26	495	495	1.0	Unknown taxonomy (chromosome or plasmid)
barcode09_6Gb	contig_1166	3462	6576	adeF_fluoroquinolone_antibiotic;_tetracycline_antibiotic	13	3114	3114	1.0	Enterobacter roggenkampii (chromosome)
barcode09_6Gb	contig_1173	157429	158575	CMY-129_cephamycin	14	1146	1146	1.0	Citrobacter (chromosome or plasmid)
barcode09_6Gb	contig_11758	1782	2562	APH(3')-VIa_aminoglycoside_antibiotic	64	780	780	1.0	Unknown taxonomy (chromosome or plasmid)
barcode09_6Gb	contig_1176	30778	31963	Escherichia coli EF-Tu mutants conferring resistance to Pulvomycin_elfamycin_antibiotic	38	1185	1185	1.0	Enterobacter (chromosome or plasmid)
barcode09_6Gb	contig_1178	145486	146878	Escherichia coli UhpT with mutation conferring resistance to fosfomycin_phosphonic_acid_antibiotic	23	1392	1392	1.0	Enterobacter kobei (chromosome or plasmid)
barcode09_6Gb	contig_1182	170505	173619	acrD_aminoglycoside_antibiotic	18	3114	3114	1.0	Enterobacter (chromosome)
barcode09_6Gb	contig_1186	73057	74158	vanG_glycopeptide_antibiotic	9	1101	1101	1.0	Enterobacter roggenkampii (chromosome)
barcode09_6Gb	contig_11931	13974	14697	baeR_aminoglycoside_antibiotic;_aminocoumarin_antibiotic	3	723	723	1.0	Citrobacter portucalensis (chromosome)
barcode09_6Gb	contig_11931	17506	20587	mdtC_aminocoumarin_antibiotic	7	3081	3081	1.0	Citrobacter portucalensis (chromosome)
barcode09_6Gb	contig_11934	57959	58367	Klebsiella pneumoniae KpnF_macrolide_antibiotic;_aminoglycoside_antibiotic;_cephalosporin;_tetracycline_antibiotic;_peptide_antibiotic;_rifamycin_antibiotic;_disinfecting_agents_and_antiseptics	10	408	408	1.0	
barcode09_6Gb	contig_11934	58411	58717	Klebsiella pneumoniae KpnE_macrolide_antibiotic;_aminoglycoside_antibiotic;_cephalosporin;_tetracycline_antibiotic;_peptide_antibiotic;_rifamycin_antibiotic;_disinfecting_agents_and_antiseptics	10	306	306	1.0	Enterobacter (chromosome)
barcode09_6Gb	contig_11941	13773	14520	vanY gene in vanF cluster_glycopeptide_antibiotic	4	747	747	1.0	
barcode09_6Gb	contig_1195	59605	60247	catII_phenicol_antibiotic	7	642	642	1.0	Unknown taxonomy (chromosome or plasmid)
barcode09_6Gb	contig_11953	2165	3026	AAC(3)-IIe_aminoglycoside_antibiotic	23	861	861	1.0	Unknown taxonomy (chromosome or plasmid)
barcode09_6Gb	contig_11953	3167	4028	TEM-1_monobactam;_cephalosporin;_penam;_penem	31	861	861	1.0	Unknown taxonomy (chromosome or plasmid)
barcode09_6Gb	contig_11953	6846	7746	VEB-9_monobactam;_cephalosporin	11	900	900	1.0	Unknown taxonomy (chromosome or plasmid)
barcode09_6Gb	contig_11967	15127	15937	RSD2-2_carbapenem;_cephalosporin	10	810	810	1.0	
barcode09_6Gb	contig_11996	14472	15006	ANT(2'')-Ia_aminoglycoside_antibiotic	11	534	534	1.0	Unknown taxonomy (chromosome or plasmid)
barcode09_6Gb	contig_1200	100977	102123	MIR-17_monobactam;_cephalosporin	13	1146	1146	1.0	Enterobacter (chromosome)
barcode09_6Gb	contig_1201	16708	17893	Escherichia coli EF-Tu mutants conferring resistance to Pulvomycin_elfamycin_antibiotic	40	1185	1185	1.0	Enterobacter kobei (chromosome or plasmid)
barcode09_6Gb	contig_1205	25099	25732	CRP_macrolide_antibiotic;_fluoroquinolone_antibiotic;_penam	29	633	633	1.0	Enterobacter (chromosome or plasmid)
barcode09_6Gb	contig_1205	100167	101823	ArnT_peptide_antibiotic	22	1656	1656	1.0	Enterobacter kobei (chromosome)
barcode09_6Gb	contig_1205	104697	105681	PmrF_peptide_antibiotic	26	984	984	1.0	
barcode09_6Gb	contig_1207	148110	149877	Haemophilus influenzae PBP3 conferring resistance to beta-lactam antibiotics_cephalosporin;_cephamycin;_penam	18	1767	1767	1.0	Enterobacter kobei (chromosome or plasmid)
barcode09_6Gb	contig_1207	156039	157062	leuO_nucleoside_antibiotic;_disinfecting_agents_and_antiseptics	29	1023	1023	1.0	Enterobacter kobei (chromosome)
barcode09_6Gb	contig_12164	20566	21289	baeR_aminoglycoside_antibiotic;_aminocoumarin_antibiotic	6	723	723	1.0	Klebsiella pneumoniae (chromosome)
barcode09_6Gb	contig_1218	27012	28404	Escherichia coli UhpT with mutation conferring resistance to fosfomycin_phosphonic_acid_antibiotic	10	1392	1392	1.0	Enterobacter roggenkampii (chromosome or plasmid)
barcode09_6Gb	contig_12203	8519	9143	Campylobacter coli chloramphenicol acetyltransferase_phenicol_antibiotic	9	624	624	1.0	Unknown taxonomy (chromosome)
barcode09_6Gb	contig_1223	16854	18000	ACT-87_carbapenem;_cephalosporin;_cephamycin;_penam	22	1146	1146	1.0	Enterobacter kobei (chromosome)
barcode09_6Gb	contig_1223	166500	166926	FosA2_phosphonic_acid_antibiotic	26	426	426	1.0	Enterobacter kobei (chromosome)
barcode09_6Gb	contig_12277	2194	2917	baeR_aminoglycoside_antibiotic;_aminocoumarin_antibiotic	4	723	723	1.0	Citrobacter (chromosome)
barcode09_6Gb	contig_12295	31771	32944	vanT gene in vanG cluster_glycopeptide_antibiotic	8	1173	1173	1.0	
barcode09_6Gb	contig_12331	14399	15122	baeR_aminoglycoside_antibiotic;_aminocoumarin_antibiotic	6	723	723	1.0	Klebsiella michiganensis (chromosome)
barcode09_6Gb	contig_12447	8185	9583	vanW gene in vanI cluster_glycopeptide_antibiotic	7	1398	1398	1.0	
barcode09_6Gb	contig_12519	23082	23877	vanY gene in vanB cluster_glycopeptide_antibiotic	8	795	795	1.0	
barcode09_6Gb	contig_12556	1441	3958	vanT gene in vanG cluster_glycopeptide_antibiotic	8	2517	2517	1.0	
barcode09_6Gb	contig_1261	2779	5929	adeF_fluoroquinolone_antibiotic;_tetracycline_antibiotic	52	3150	3150	1.0	Aeromonas caviae (chromosome or plasmid)
barcode09_6Gb	contig_12663	1574	2231	QnrVC4_fluoroquinolone_antibiotic	45	657	657	1.0	Unknown taxonomy (chromosome or plasmid)
barcode09_6Gb	contig_12663	2313	2952	AAC(6')-Ib9_aminoglycoside_antibiotic	34	639	639	1.0	Unknown taxonomy (chromosome or plasmid)
barcode09_6Gb	contig_12663	3166	4426	cmlA5_phenicol_antibiotic	29	1260	1260	1.0	Unknown taxonomy (chromosome or plasmid)
barcode09_6Gb	contig_12663	4544	5444	VEB-1_monobactam;_cephalosporin	31	900	900	1.0	Unknown taxonomy (chromosome or plasmid)
barcode09_6Gb	contig_12663	5588	6122	ANT(2'')-Ia_aminoglycoside_antibiotic	24	534	534	1.0	Unknown taxonomy (chromosome or plasmid)
barcode09_6Gb	contig_12695	10553	10901	qacEdelta1_disinfecting_agents_and_antiseptics	17	348	348	1.0	Unknown taxonomy (chromosome or plasmid)
barcode09_6Gb	contig_12716	2877	3762	mphE_macrolide_antibiotic	85	885	885	1.0	Unknown taxonomy (chromosome or plasmid)
barcode09_6Gb	contig_12716	3817	5293	msrE_macrolide_antibiotic;_streptogramin_antibiotic	79	1476	1476	1.0	Unknown taxonomy (chromosome or plasmid)
barcode09_6Gb	contig_12788	4492	5677	Escherichia coli EF-Tu mutants conferring resistance to Pulvomycin_elfamycin_antibiotic	97	1185	1185	1.0	Aeromonas caviae (chromosome or plasmid)
barcode09_6Gb	contig_12788	23701	24886	Escherichia coli EF-Tu mutants conferring resistance to Pulvomycin_elfamycin_antibiotic	94	1185	1185	1.0	Aeromonas caviae (chromosome or plasmid)
barcode09_6Gb	contig_12796	153	981	OXA-253_carbapenem;_penam	69	828	828	1.0	Acinetobacter baumannii (chromosome)
barcode09_6Gb	contig_12800	5460	6345	mphE_macrolide_antibiotic	189	885	885	1.0	Unknown taxonomy (chromosome or plasmid)
barcode09_6Gb	contig_12800	6400	7876	msrE_macrolide_antibiotic;_streptogramin_antibiotic	184	1476	1476	1.0	Unknown taxonomy (chromosome or plasmid)
barcode09_6Gb	contig_12815	2895	3243	qacEdelta1_disinfecting_agents_and_antiseptics	16	348	348	1.0	Unknown taxonomy (chromosome or plasmid)
barcode09_6Gb	contig_12817	6756	7596	sul1_sulfonamide_antibiotic	81	840	840	1.0	Unknown taxonomy (chromosome or plasmid)
barcode09_6Gb	contig_12817	7589	7937	qacEdelta1_disinfecting_agents_and_antiseptics	66	348	348	1.0	Unknown taxonomy (chromosome or plasmid)
barcode09_6Gb	contig_12817	8392	9220	OXA-2_carbapenem;_cephalosporin;_penam	60	828	828	1.0	Unknown taxonomy (chromosome or plasmid)
barcode09_6Gb	contig_12817	9301	9952	AAC(6')-Ib9_aminoglycoside_antibiotic	48	651	651	1.0	Unknown taxonomy (chromosome or plasmid)
barcode09_6Gb	contig_12817	9993	10857	GES-1_carbapenem;_cephalosporin;_penam	52	864	864	1.0	Unknown taxonomy (chromosome or plasmid)
barcode09_6Gb	contig_12817	18960	19740	APH(3')-VIa_aminoglycoside_antibiotic	74	780	780	1.0	Unknown taxonomy (chromosome or plasmid)
barcode09_6Gb	contig_12817	26954	27452	dfrA12_diaminopyrimidine_antibiotic	30	498	498	1.0	Unknown taxonomy (chromosome or plasmid)
barcode09_6Gb	contig_12817	27871	28651	aadA2_aminoglycoside_antibiotic	38	780	780	1.0	Unknown taxonomy (chromosome or plasmid)
barcode09_6Gb	contig_12817	28814	29162	qacEdelta1_disinfecting_agents_and_antiseptics	43	348	348	1.0	Unknown taxonomy (chromosome or plasmid)
barcode09_6Gb	contig_12817	29155	29995	sul1_sulfonamide_antibiotic	48	840	840	1.0	Unknown taxonomy (chromosome or plasmid)
barcode09_6Gb	contig_12818	1179	2655	msrE_macrolide_antibiotic;_streptogramin_antibiotic	30	1476	1476	1.0	Unknown taxonomy (chromosome or plasmid)
barcode09_6Gb	contig_12818	2710	3595	mphE_macrolide_antibiotic	51	885	885	1.0	Unknown taxonomy (chromosome or plasmid)
barcode09_6Gb	contig_12841	137649	137982	qacG_disinfecting_agents_and_antiseptics	10	333	333	1.0	
barcode09_6Gb	contig_1289	27692	28349	QnrVC1_fluoroquinolone_antibiotic	50	657	657	1.0	Unknown taxonomy (chromosome or plasmid)
barcode09_6Gb	contig_1289	28507	28981	dfrA6_diaminopyrimidine_antibiotic	44	474	474	1.0	Unknown taxonomy (chromosome or plasmid)
barcode09_6Gb	contig_1289	150393	151299	mphA_macrolide_antibiotic	71	906	906	1.0	Unknown taxonomy (chromosome or plasmid)
barcode09_6Gb	contig_1289	151295	152501	Mrx_macrolide_antibiotic	40	1206	1206	1.0	Unknown taxonomy (chromosome or plasmid)
barcode09_6Gb	contig_12949	197953	198712	vanY gene in vanB cluster_glycopeptide_antibiotic	8	759	759	1.0	
barcode09_6Gb	contig_12962	7215	10380	adeF_fluoroquinolone_antibiotic;_tetracycline_antibiotic	47	3165	3165	1.0	Acinetobacter (chromosome or plasmid)
barcode09_6Gb	contig_12973	2944	4135	tet(C)_tetracycline_antibiotic	31	1191	1191	1.0	Unknown taxonomy (chromosome or plasmid)
barcode09_6Gb	contig_13081	11240	12638	vanT gene in vanG cluster_glycopeptide_antibiotic	12	1398	1398	1.0	Phocaeicola vulgatus (chromosome)
barcode09_6Gb	contig_13085	79228	80533	Acinetobacter baumannii AbaQ_fluoroquinolone_antibiotic	14	1305	1305	1.0	Acinetobacter baumannii (chromosome or plasmid)
barcode09_6Gb	contig_13166	46356	46686	qacG_disinfecting_agents_and_antiseptics	5	330	330	1.0	
barcode09_6Gb	contig_13187	262	1063	ErmF_macrolide_antibiotic;_lincosamide_antibiotic;_streptogramin_antibiotic;_streptogramin_A_antibiotic;_streptogramin_B_antibiotic	15	801	801	1.0	Unknown taxonomy (chromosome or plasmid)
barcode09_6Gb	contig_13194	13178	14693	aadT_macrolide_antibiotic;_tetracycline_antibiotic;_disinfecting_agents_and_antiseptics	13	1515	1515	1.0	
barcode09_6Gb	contig_13220	6602	7259	QnrS1_fluoroquinolone_antibiotic	18	657	657	1.0	Unknown taxonomy (chromosome or plasmid)
barcode09_6Gb	contig_13220	13364	14180	sul2_sulfonamide_antibiotic	26	816	816	1.0	Unknown taxonomy (chromosome or plasmid)
barcode09_6Gb	contig_13220	15424	15772	qacEdelta1_disinfecting_agents_and_antiseptics	15	348	348	1.0	Unknown taxonomy (chromosome or plasmid)
barcode09_6Gb	contig_13220	15935	16715	aadA_aminoglycoside_antibiotic	25	780	780	1.0	Unknown taxonomy (chromosome or plasmid)
barcode09_6Gb	contig_13220	16819	17293	dfrA1_diaminopyrimidine_antibiotic	22	474	474	1.0	Unknown taxonomy (chromosome or plasmid)
barcode09_6Gb	contig_13233	8597	9089	nimJ_nitroimidazole_antibiotic	7	492	492	1.0	Bacteroides (no genomic info)
barcode09_6Gb	contig_13247	30888	31212	Escherichia coli soxS with mutation conferring antibiotic resistance_fluoroquinolone_antibiotic;_monobactam;_carbapenem;_cephalosporin;_glycylcycline;_cephamycin;_penam;_tetracycline_antibiotic;_rifamycin_antibiotic;_phenicol_antibiotic;_penem;_disinfecting_agents_and_antiseptics	6	324	324	1.0	Citrobacter (chromosome)
barcode09_6Gb	contig_13250	2592	3468	CTX-M-15_cephalosporin;_penam	10	876	876	1.0	Unknown taxonomy (chromosome or plasmid)
barcode09_6Gb	contig_13250	8108	8765	QnrS1_fluoroquinolone_antibiotic	14	657	657	1.0	Unknown taxonomy (chromosome or plasmid)
barcode09_6Gb	contig_13267	6550	7702	MOX-13_cephalosporin;_cephamycin;_penam	33	1152	1152	1.0	Aeromonas caviae (chromosome or plasmid)
barcode09_6Gb	contig_13277	3170	3827	QnrVC1_fluoroquinolone_antibiotic	31	657	657	1.0	Unknown taxonomy (chromosome or plasmid)
barcode09_6Gb	contig_13277	3985	4459	dfrA31_diaminopyrimidine_antibiotic	22	474	474	1.0	Vibrio (chromosome or plasmid)
barcode09_6Gb	contig_13280	103642	104056	H-NS_macrolide_antibiotic;_fluoroquinolone_antibiotic;_cephalosporin;_cephamycin;_penam;_tetracycline_antibiotic	10	414	414	1.0	Unknown taxonomy (chromosome or plasmid)
barcode09_6Gb	contig_13295	11724	12357	CRP_macrolide_antibiotic;_fluoroquinolone_antibiotic;_penam	6	633	633	1.0	Unknown taxonomy (chromosome or plasmid)
barcode09_6Gb	contig_13296	2505	3690	Escherichia coli EF-Tu mutants conferring resistance to Pulvomycin_elfamycin_antibiotic	23	1185	1185	1.0	Unknown taxonomy (chromosome or plasmid)
barcode09_6Gb	contig_13345	10881	11742	AAC(3)-IIe_aminoglycoside_antibiotic	17	861	861	1.0	Unknown taxonomy (chromosome or plasmid)
barcode09_6Gb	contig_13345	11883	12744	TEM-1_monobactam;_cephalosporin;_penam;_penem	26	861	861	1.0	Unknown taxonomy (chromosome or plasmid)
barcode09_6Gb	contig_13376	2	770	OXA-253_carbapenem;_penam	59	768	768	1.0	Acinetobacter baumannii (chromosome)
barcode09_6Gb	contig_13410	28590	29769	vanT gene in vanG cluster_glycopeptide_antibiotic	7	1179	1179	1.0	
barcode09_6Gb	contig_13420	495	1377	KPC-2_monobactam;_carbapenem;_cephalosporin;_penam	73	882	882	1.0	Unknown taxonomy (chromosome or plasmid)
barcode09_6Gb	contig_13425	3708	4896	tet(39)_tetracycline_antibiotic	79	1188	1188	1.0	Unknown taxonomy (plasmid)
barcode09_6Gb	contig_13441	6185	8405	Acinetobacter baumannii parC conferring resistance to fluoroquinolones_fluoroquinolone_antibiotic	33	2220	2220	1.0	Acinetobacter baumannii (chromosome or plasmid)
barcode09_6Gb	contig_13515	28194	28578	vanW gene in vanI cluster_glycopeptide_antibiotic	3	384	384	1.0	
barcode09_6Gb	contig_13551	10211	10949	ErmB_macrolide_antibiotic;_lincosamide_antibiotic;_streptogramin_antibiotic;_streptogramin_A_antibiotic;_streptogramin_B_antibiotic	16	738	738	1.0	Unknown taxonomy (chromosome or plasmid)
barcode09_6Gb	contig_1394	150856	151111	rsmA_fluoroquinolone_antibiotic;_diaminopyrimidine_antibiotic;_phenicol_antibiotic	296	255	255	1.0	
barcode09_6Gb	contig_1434	2141	2330	rsmA_fluoroquinolone_antibiotic;_diaminopyrimidine_antibiotic;_phenicol_antibiotic	53	189	189	1.0	
barcode09_6Gb	contig_1494	16642	17380	ErmB_macrolide_antibiotic;_lincosamide_antibiotic;_streptogramin_antibiotic;_streptogramin_A_antibiotic;_streptogramin_B_antibiotic	14	738	738	1.0	Unknown taxonomy (chromosome or plasmid)
barcode09_6Gb	contig_1500	5230	7150	tet(O)_tetracycline_antibiotic	61	1920	1920	1.0	Unknown taxonomy (chromosome or plasmid)
barcode09_6Gb	contig_1568	25977	27294	Acinetobacter baumannii AbaQ_fluoroquinolone_antibiotic	11	1317	1317	1.0	
barcode09_6Gb	contig_1806	17960	18362	FosA8_phosphonic_acid_antibiotic	91	402	402	1.0	Aeromonas caviae (chromosome or plasmid)
barcode09_6Gb	contig_1877	2353	3541	tet(39)_tetracycline_antibiotic	59	1188	1188	1.0	Unknown taxonomy (plasmid)
barcode09_6Gb	contig_1879	32111	33587	msrE_macrolide_antibiotic;_streptogramin_antibiotic	169	1476	1476	1.0	Unknown taxonomy (chromosome or plasmid)
barcode09_6Gb	contig_1879	33642	34527	mphE_macrolide_antibiotic	167	885	885	1.0	Unknown taxonomy (chromosome or plasmid)
barcode09_6Gb	contig_1908	5948	7073	vanT gene in vanG cluster_glycopeptide_antibiotic	5	1125	1125	1.0	
barcode09_6Gb	contig_2065	5539	6385	aadA11_aminoglycoside_antibiotic	36	846	846	1.0	Unknown taxonomy (chromosome or plasmid)
barcode09_6Gb	contig_2074	35279	36518	tet(40)_tetracycline_antibiotic	17	1239	1239	1.0	Faecalibacterium prausnitzii (chromosome)
barcode09_6Gb	contig_2074	36569	38489	tet(O)_tetracycline_antibiotic	32	1920	1920	1.0	Unknown taxonomy (chromosome or plasmid)
barcode09_6Gb	contig_2082	11786	12602	APH(3')-Ia_aminoglycoside_antibiotic	63	816	816	1.0	Unknown taxonomy (chromosome or plasmid)
barcode09_6Gb	contig_2082	13578	14484	mphA_macrolide_antibiotic	78	906	906	1.0	Unknown taxonomy (chromosome or plasmid)
barcode09_6Gb	contig_2082	14480	15719	Mrx_macrolide_antibiotic	57	1239	1239	1.0	Unknown taxonomy (chromosome or plasmid)
barcode09_6Gb	contig_2121	85574	86648	vanT gene in vanG cluster_glycopeptide_antibiotic	58	1074	1074	1.0	
barcode09_6Gb	contig_2205	9561	10341	APH(3')-VIa_aminoglycoside_antibiotic	30	780	780	1.0	Unknown taxonomy (chromosome or plasmid)
barcode09_6Gb	contig_2205	11618	12431	NDM-1_carbapenem;_cephalosporin;_cephamycin;_penam	32	813	813	1.0	Unknown taxonomy (chromosome or plasmid)
barcode09_6Gb	contig_2206	9040	10555	aadT_macrolide_antibiotic;_tetracycline_antibiotic;_disinfecting_agents_and_antiseptics	11	1515	1515	1.0	
barcode09_6Gb	contig_2217	17177	18398	tet(40)_tetracycline_antibiotic	15	1221	1221	1.0	Unknown taxonomy (chromosome)
barcode09_6Gb	contig_2217	20128	22048	tet(W)_tetracycline_antibiotic	41	1920	1920	1.0	Unknown taxonomy (chromosome or plasmid)
barcode09_6Gb	contig_2245	10861	11746	mphE_macrolide_antibiotic	54	885	885	1.0	Unknown taxonomy (chromosome or plasmid)
barcode09_6Gb	contig_2245	11801	13277	msrE_macrolide_antibiotic;_streptogramin_antibiotic	43	1476	1476	1.0	Unknown taxonomy (chromosome or plasmid)
barcode09_6Gb	contig_2246	3175	4390	floR_phenicol_antibiotic	16	1215	1215	1.0	Unknown taxonomy (chromosome or plasmid)
barcode09_6Gb	contig_2246	6111	6996	mphE_macrolide_antibiotic	75	885	885	1.0	Unknown taxonomy (chromosome or plasmid)
barcode09_6Gb	contig_2246	7051	8527	msrE_macrolide_antibiotic;_streptogramin_antibiotic	82	1476	1476	1.0	Unknown taxonomy (chromosome or plasmid)
barcode09_6Gb	contig_2250	453	1929	msrE_macrolide_antibiotic;_streptogramin_antibiotic	28	1476	1476	1.0	Unknown taxonomy (chromosome or plasmid)
barcode09_6Gb	contig_2257	452	1928	msrE_macrolide_antibiotic;_streptogramin_antibiotic	49	1476	1476	1.0	Unknown taxonomy (chromosome or plasmid)
barcode09_6Gb	contig_2257	6582	7770	tet(39)_tetracycline_antibiotic	75	1188	1188	1.0	Unknown taxonomy (plasmid)
barcode09_6Gb	contig_2258	85	913	OXA-253_carbapenem;_penam	63	828	828	1.0	Acinetobacter baumannii (chromosome)
barcode09_6Gb	contig_2260	425	1901	msrE_macrolide_antibiotic;_streptogramin_antibiotic	29	1476	1476	1.0	Unknown taxonomy (chromosome or plasmid)
barcode09_6Gb	contig_2263	3128	3920	OXA-58_carbapenem;_penam	18	792	792	1.0	Unknown taxonomy (chromosome or plasmid)
barcode09_6Gb	contig_2327	4769	5765	CfxA6_cephamycin	21	996	996	1.0	
barcode09_6Gb	contig_2328	123904	126382	vanT gene in vanG cluster_glycopeptide_antibiotic	24	2478	2478	1.0	
barcode09_6Gb	contig_2344	148396	149530	EC-14_cephalosporin	23	1134	1134	1.0	Escherichia coli (chromosome or plasmid)
barcode09_6Gb	contig_2344	191765	193409	eptA_peptide_antibiotic	17	1644	1644	1.0	Escherichia coli (chromosome or plasmid)
barcode09_6Gb	contig_2344	216425	217457	mdtN_nucleoside_antibiotic;_disinfecting_agents_and_antiseptics	19	1032	1032	1.0	Escherichia coli (chromosome or plasmid)
barcode09_6Gb	contig_2344	219505	220972	mdtP_nucleoside_antibiotic;_disinfecting_agents_and_antiseptics	24	1467	1467	1.0	Unknown taxonomy (chromosome or plasmid)
barcode09_6Gb	contig_2344	242154	242619	Escherichia coli soxR with mutation conferring antibiotic resistance_fluoroquinolone_antibiotic;_cephalosporin;_glycylcycline;_penam;_tetracycline_antibiotic;_rifamycin_antibiotic;_phenicol_antibiotic;_disinfecting_agents_and_antiseptics	12	465	465	1.0	Unknown taxonomy (chromosome or plasmid)
barcode09_6Gb	contig_2344	242704	243028	Escherichia coli soxS with mutation conferring antibiotic resistance_fluoroquinolone_antibiotic;_monobactam;_carbapenem;_cephalosporin;_glycylcycline;_cephamycin;_penam;_tetracycline_antibiotic;_rifamycin_antibiotic;_phenicol_antibiotic;_penem;_disinfecting_agents_and_antiseptics	12	324	324	1.0	Unknown taxonomy (chromosome or plasmid)
barcode09_6Gb	contig_2344	346528	347713	Escherichia coli EF-Tu mutants conferring resistance to Pulvomycin_elfamycin_antibiotic	30	1185	1185	1.0	Unknown taxonomy (chromosome or plasmid)
barcode09_6Gb	contig_2344	451333	452707	cpxA_aminoglycoside_antibiotic;_aminocoumarin_antibiotic	22	1374	1374	1.0	Unknown taxonomy (chromosome or plasmid)
barcode09_6Gb	contig_2459	929	1757	OXA-2_carbapenem;_cephalosporin;_penam	15	828	828	1.0	Unknown taxonomy (chromosome or plasmid)
barcode09_6Gb	contig_2460	1706	2261	AAC(6')-IIa_aminoglycoside_antibiotic	17	555	555	1.0	Unknown taxonomy (chromosome or plasmid)
barcode09_6Gb	contig_2460	2330	3158	OXA-21_cephalosporin;_penam	12	828	828	1.0	Unknown taxonomy (chromosome or plasmid)
barcode09_6Gb	contig_2460	3219	3852	catB3_phenicol_antibiotic	11	633	633	1.0	Unknown taxonomy (chromosome or plasmid)
barcode09_6Gb	contig_2460	4010	4856	aadA16_aminoglycoside_antibiotic	10	846	846	1.0	Unknown taxonomy (chromosome or plasmid)
barcode09_6Gb	contig_2460	5212	6052	sul1_sulfonamide_antibiotic	15	840	840	1.0	Unknown taxonomy (chromosome or plasmid)
barcode09_6Gb	contig_2462	2106	2946	sul1_sulfonamide_antibiotic	32	840	840	1.0	Unknown taxonomy (chromosome or plasmid)
barcode09_6Gb	contig_2463	3890	4730	sul1_sulfonamide_antibiotic	74	840	840	1.0	Unknown taxonomy (chromosome or plasmid)
barcode09_6Gb	contig_2463	4723	5071	qacEdelta1_disinfecting_agents_and_antiseptics	56	348	348	1.0	Unknown taxonomy (chromosome or plasmid)
barcode09_6Gb	contig_2463	6303	7134	aadA7_aminoglycoside_antibiotic	14	831	831	1.0	Salmonella enterica (chromosome or plasmid)
barcode09_6Gb	contig_2463	7619	7952	qacL_disinfecting_agents_and_antiseptics	31	333	333	1.0	Unknown taxonomy (chromosome or plasmid)
barcode09_6Gb	contig_2463	8196	8778	AAC(6')-IIc_aminoglycoside_antibiotic	15	582	582	1.0	Unknown taxonomy (chromosome or plasmid)
barcode09_6Gb	contig_2463	8917	9781	GES-5_carbapenem;_cephalosporin;_penam	24	864	864	1.0	Unknown taxonomy (chromosome or plasmid)
barcode09_6Gb	contig_2467	4510	5371	SHV-5_carbapenem;_cephalosporin;_penam	23	861	861	1.0	Unknown taxonomy (chromosome or plasmid)
barcode09_6Gb	contig_2467	8902	9808	mphA_macrolide_antibiotic	51	906	906	1.0	Unknown taxonomy (chromosome or plasmid)
barcode09_6Gb	contig_2467	9804	11043	Mrx_macrolide_antibiotic	38	1239	1239	1.0	Unknown taxonomy (chromosome or plasmid)
barcode09_6Gb	contig_2480	4722	5379	QnrVC1_fluoroquinolone_antibiotic	36	657	657	1.0	Unknown taxonomy (chromosome or plasmid)
barcode09_6Gb	contig_2480	7097	7571	dfrA6_diaminopyrimidine_antibiotic	26	474	474	1.0	Unknown taxonomy (chromosome or plasmid)
barcode09_6Gb	contig_2480	7703	8567	GES-1_carbapenem;_cephalosporin;_penam	56	864	864	1.0	Unknown taxonomy (chromosome or plasmid)
barcode09_6Gb	contig_2480	8640	9099	AAC(6')-Il_aminoglycoside_antibiotic	53	459	459	1.0	Unknown taxonomy (chromosome or plasmid)
barcode09_6Gb	contig_2481	482	1721	Mrx_macrolide_antibiotic	33	1239	1239	1.0	Unknown taxonomy (chromosome or plasmid)
barcode09_6Gb	contig_2484	3080	3428	qacEdelta1_disinfecting_agents_and_antiseptics	10	348	348	1.0	Unknown taxonomy (chromosome or plasmid)
barcode09_6Gb	contig_2484	3633	4422	aadA5_aminoglycoside_antibiotic	16	789	789	1.0	Unknown taxonomy (chromosome or plasmid)
barcode09_6Gb	contig_2484	4552	5026	dfrA17_diaminopyrimidine_antibiotic	14	474	474	1.0	Unknown taxonomy (chromosome or plasmid)
barcode09_6Gb	contig_2485	2586	3375	aadA5_aminoglycoside_antibiotic	10	789	789	1.0	Unknown taxonomy (chromosome or plasmid)
barcode09_6Gb	contig_2487	14614	15430	sul2_sulfonamide_antibiotic	51	816	816	1.0	Unknown taxonomy (chromosome or plasmid)
barcode09_6Gb	contig_2553	49299	49554	rsmA_fluoroquinolone_antibiotic;_diaminopyrimidine_antibiotic;_phenicol_antibiotic	13	255	255	1.0	
barcode09_6Gb	contig_2558	197697	197952	rsmA_fluoroquinolone_antibiotic;_diaminopyrimidine_antibiotic;_phenicol_antibiotic	38	255	255	1.0	
barcode09_6Gb	contig_2580	42576	43869	mef(C)_macrolide_antibiotic;_tetracycline_antibiotic	19	1293	1293	1.0	
barcode09_6Gb	contig_2586	1034	2294	EreB_macrolide_antibiotic	24	1260	1260	1.0	
barcode09_6Gb	contig_2590	6251	7691	AAC(6')-Ie-APH(2'')-Ia bifunctional protein_aminoglycoside_antibiotic	11	1440	1440	1.0	Unknown taxonomy (chromosome or plasmid)
barcode09_6Gb	contig_2633	181625	182972	abeM_fluoroquinolone_antibiotic;_disinfecting_agents_and_antiseptics	22	1347	1347	1.0	Acinetobacter baumannii (chromosome or plasmid)
barcode09_6Gb	contig_2633	223345	224446	LpsB_peptide_antibiotic	8	1101	1101	1.0	Acinetobacter baumannii (chromosome or plasmid)
barcode09_6Gb	contig_2675	6775	7234	AAC(6')-Il_aminoglycoside_antibiotic	35	459	459	1.0	Unknown taxonomy (chromosome or plasmid)
barcode09_6Gb	contig_2675	7307	8171	GES-1_carbapenem;_cephalosporin;_penam	27	864	864	1.0	Unknown taxonomy (chromosome or plasmid)
barcode09_6Gb	contig_2675	10763	11222	AAC(6')-Il_aminoglycoside_antibiotic	23	459	459	1.0	Unknown taxonomy (chromosome or plasmid)
barcode09_6Gb	contig_2675	11295	12159	GES-1_carbapenem;_cephalosporin;_penam	28	864	864	1.0	Unknown taxonomy (chromosome or plasmid)
barcode09_6Gb	contig_2675	12591	13455	GES-5_carbapenem;_cephalosporin;_penam	13	864	864	1.0	Unknown taxonomy (chromosome or plasmid)
barcode09_6Gb	contig_2675	13578	14037	AAC(6')-Il_aminoglycoside_antibiotic	12	459	459	1.0	Unknown taxonomy (chromosome or plasmid)
barcode09_6Gb	contig_2675	15016	15352	qacL_disinfecting_agents_and_antiseptics	27	336	336	1.0	Unknown taxonomy (chromosome or plasmid)
barcode09_6Gb	contig_2675	16393	16741	qacEdelta1_disinfecting_agents_and_antiseptics	32	348	348	1.0	Unknown taxonomy (chromosome or plasmid)
barcode09_6Gb	contig_2785	4410	5610	tet(A)_tetracycline_antibiotic	24	1200	1200	1.0	Unknown taxonomy (chromosome or plasmid)
barcode09_6Gb	contig_2788	9002	10844	tet(36)_tetracycline_antibiotic	8	1842	1842	1.0	Myroides odoratimimus (no genomic info)
barcode09_6Gb	contig_2788	14808	15672	aadS_aminoglycoside_antibiotic	36	864	864	1.0	Unknown taxonomy (chromosome or plasmid)
barcode09_6Gb	contig_2788	16919	17720	ErmF_macrolide_antibiotic;_lincosamide_antibiotic;_streptogramin_antibiotic;_streptogramin_A_antibiotic;_streptogramin_B_antibiotic	27	801	801	1.0	Riemerella anatipestifer (chromosome or plasmid)
barcode09_6Gb	contig_2792	10838	12071	mdtM_fluoroquinolone_antibiotic;_lincosamide_antibiotic;_nucleoside_antibiotic;_phenicol_antibiotic;_disinfecting_agents_and_antiseptics	23	1233	1233	1.0	Escherichia coli (chromosome or plasmid)
barcode09_6Gb	contig_2792	179086	180031	leuO_nucleoside_antibiotic;_disinfecting_agents_and_antiseptics	10	945	945	1.0	Unknown taxonomy (chromosome or plasmid)
barcode09_6Gb	contig_2792	186132	187899	Haemophilus influenzae PBP3 conferring resistance to beta-lactam antibiotics_cephalosporin;_cephamycin;_penam	20	1767	1767	1.0	Unknown taxonomy (chromosome or plasmid)
barcode09_6Gb	contig_2824	2435	3275	sul1_sulfonamide_antibiotic	93	840	840	1.0	Unknown taxonomy (chromosome or plasmid)
barcode09_6Gb	contig_2824	3268	3616	qacEdelta1_disinfecting_agents_and_antiseptics	78	348	348	1.0	Unknown taxonomy (chromosome or plasmid)
barcode09_6Gb	contig_2824	3784	4372	AAC(6')-Ib9_aminoglycoside_antibiotic	71	588	588	1.0	Unknown taxonomy (chromosome or plasmid)
barcode09_6Gb	contig_2824	4477	4930	arr-3_rifamycin_antibiotic	67	453	453	1.0	Unknown taxonomy (chromosome or plasmid)
barcode09_6Gb	contig_2825	2530	3736	tet(B)_tetracycline_antibiotic	40	1206	1206	1.0	Unknown taxonomy (chromosome or plasmid)
barcode09_6Gb	contig_2825	3817	4441	tetR_tetracycline_antibiotic	38	624	624	1.0	Unknown taxonomy (chromosome or plasmid)
barcode09_6Gb	contig_2826	5583	6510	PER-2_monobactam;_carbapenem;_cephalosporin;_penam;_penem	48	927	927	1.0	Unknown taxonomy (plasmid)
barcode09_6Gb	contig_2900	327616	329587	tet(O)_tetracycline_antibiotic	18	1971	1971	1.0	
barcode09_6Gb	contig_2900	336497	337670	vanT gene in vanG cluster_glycopeptide_antibiotic	15	1173	1173	1.0	
barcode09_6Gb	contig_2900	488371	489544	vanT gene in vanG cluster_glycopeptide_antibiotic	21	1173	1173	1.0	
barcode09_6Gb	contig_2900	1032034	1035205	adeF_fluoroquinolone_antibiotic;_tetracycline_antibiotic	5	3171	3171	1.0	
barcode09_6Gb	contig_2900	1654845	1656399	vanW gene in vanI cluster_glycopeptide_antibiotic	12	1554	1554	1.0	
barcode09_6Gb	contig_2979	18341	20090	msbA_nitroimidazole_antibiotic	7	1749	1749	1.0	Escherichia coli (chromosome)
barcode09_6Gb	contig_2979	103282	104515	Escherichia coli mdfA_tetracycline_antibiotic;_disinfecting_agents_and_antiseptics	7	1233	1233	1.0	Unknown taxonomy (chromosome or plasmid)
barcode09_6Gb	contig_3016	26310	27105	OXA-504_penam	98	795	795	1.0	Aeromonas caviae (chromosome)
barcode09_6Gb	contig_3042	1500	3039	emrY_tetracycline_antibiotic	3	1539	1539	1.0	Unknown taxonomy (chromosome or plasmid)
barcode09_6Gb	contig_3042	3038	4202	emrK_tetracycline_antibiotic	6	1164	1164	1.0	Unknown taxonomy (chromosome or plasmid)
barcode09_6Gb	contig_3042	4617	5232	evgA_macrolide_antibiotic;_fluoroquinolone_antibiotic;_penam;_tetracycline_antibiotic	9	615	615	1.0	Escherichia coli (chromosome or plasmid)
barcode09_6Gb	contig_3042	5236	8830	evgS_macrolide_antibiotic;_fluoroquinolone_antibiotic;_penam;_tetracycline_antibiotic	6	3594	3594	1.0	Unknown taxonomy (chromosome or plasmid)
barcode09_6Gb	contig_3084	7734	8412	kdpE_aminoglycoside_antibiotic	9	678	678	1.0	Unknown taxonomy (chromosome or plasmid)
barcode09_6Gb	contig_3218	1026	1887	AAC(3)-IIe_aminoglycoside_antibiotic	6	861	861	1.0	Unknown taxonomy (chromosome or plasmid)
barcode09_6Gb	contig_3218	2121	2988	SCO-1_cephalosporin;_penam;_penem	8	867	867	1.0	Unknown taxonomy (chromosome or plasmid)
barcode09_6Gb	contig_3218	8291	9107	sul2_sulfonamide_antibiotic	40	816	816	1.0	Unknown taxonomy (chromosome or plasmid)
barcode09_6Gb	contig_3218	17167	18004	APH(6)-Id_aminoglycoside_antibiotic	53	837	837	1.0	Unknown taxonomy (chromosome or plasmid)
barcode09_6Gb	contig_3218	18003	18867	APH(3'')-Ib_aminoglycoside_antibiotic	36	864	864	1.0	Unknown taxonomy (chromosome or plasmid)
barcode09_6Gb	contig_3221	78	1245	tet(A)_tetracycline_antibiotic	15	1167	1167	1.0	Unknown taxonomy (chromosome or plasmid)
barcode09_6Gb	contig_3222	332	1547	floR_phenicol_antibiotic	26	1215	1215	1.0	Unknown taxonomy (chromosome or plasmid)
barcode09_6Gb	contig_3326	190858	192607	msbA_nitroimidazole_antibiotic	21	1749	1749	1.0	Enterobacter kobei (chromosome)
barcode09_6Gb	contig_3331	22048	23281	Escherichia coli mdfA_tetracycline_antibiotic;_disinfecting_agents_and_antiseptics	19	1233	1233	1.0	
barcode09_6Gb	contig_3332	1166	1541	ramA_fluoroquinolone_antibiotic;_monobactam;_carbapenem;_cephalosporin;_glycylcycline;_cephamycin;_penam;_tetracycline_antibiotic;_rifamycin_antibiotic;_phenicol_antibiotic;_penem;_disinfecting_agents_and_antiseptics	17	375	375	1.0	Enterobacter kobei (no genomic info)
barcode09_6Gb	contig_3348	1154678	1155425	vanY gene in vanG cluster_glycopeptide_antibiotic	10	747	747	1.0	
barcode09_6Gb	contig_3350	570277	572272	lmrD_lincosamide_antibiotic	17	1995	1995	1.0	
barcode09_6Gb	contig_3619	1881	2226	qacG_disinfecting_agents_and_antiseptics	19	345	345	1.0	Acinetobacter johnsonii (chromosome)
barcode09_6Gb	contig_3670	61884	62532	Escherichia coli AcrAB-TolC with AcrR mutation conferring resistance to ciprofloxacin, tetracycline, and ceftazidime_fluoroquinolone_antibiotic;_cephalosporin;_glycylcycline;_penam;_tetracycline_antibiotic;_rifamycin_antibiotic;_phenicol_antibiotic;_disinfecting_agents_and_antiseptics	13	648	648	1.0	Unknown taxonomy (chromosome or plasmid)
barcode09_6Gb	contig_3670	62673	63867	Escherichia coli acrA_fluoroquinolone_antibiotic;_cephalosporin;_glycylcycline;_penam;_tetracycline_antibiotic;_rifamycin_antibiotic;_phenicol_antibiotic;_disinfecting_agents_and_antiseptics	9	1194	1194	1.0	Unknown taxonomy (chromosome or plasmid)
barcode09_6Gb	contig_3670	63889	67039	acrB_fluoroquinolone_antibiotic;_cephalosporin;_glycylcycline;_penam;_tetracycline_antibiotic;_rifamycin_antibiotic;_phenicol_antibiotic;_disinfecting_agents_and_antiseptics	6	3150	3150	1.0	Escherichia coli (chromosome or plasmid)
barcode09_6Gb	contig_3708	1407	2187	APH(3')-VIa_aminoglycoside_antibiotic	45	780	780	1.0	Unknown taxonomy (chromosome or plasmid)
barcode09_6Gb	contig_3753	28645	29806	vanT gene in vanG cluster_glycopeptide_antibiotic	6	1161	1161	1.0	
barcode09_6Gb	contig_3833	2460	3303	OXA-58_carbapenem;_penam	24	843	843	1.0	Unknown taxonomy (chromosome or plasmid)
barcode09_6Gb	contig_3850	2117	2465	qacEdelta1_disinfecting_agents_and_antiseptics	22	348	348	1.0	Unknown taxonomy (chromosome or plasmid)
barcode09_6Gb	contig_3850	2458	3298	sul1_sulfonamide_antibiotic	39	840	840	1.0	Unknown taxonomy (chromosome or plasmid)
barcode09_6Gb	contig_3850	4845	5883	tet(C)_tetracycline_antibiotic	9	1038	1038	1.0	Unknown taxonomy (chromosome or plasmid)
barcode09_6Gb	contig_3851	62	662	AAC(6')-Ib-cr6_fluoroquinolone_antibiotic;_aminoglycoside_antibiotic	16	600	600	1.0	Unknown taxonomy (chromosome or plasmid)
barcode09_6Gb	contig_3951	134795	135947	MOX-13_cephalosporin;_cephamycin;_penam	59	1152	1152	1.0	Aeromonas caviae (chromosome or plasmid)
barcode09_6Gb	contig_3961	4331	4895	vanY gene in vanB cluster_glycopeptide_antibiotic	8	564	564	1.0	
barcode09_6Gb	contig_3997	10654	11494	sul1_sulfonamide_antibiotic	11	840	840	1.0	Unknown taxonomy (chromosome or plasmid)
barcode09_6Gb	contig_4023	57181	58333	ADC-154_cephalosporin	9	1152	1152	1.0	Acinetobacter baumannii (chromosome or plasmid)
barcode09_6Gb	contig_4023	410168	411419	adeI_macrolide_antibiotic;_fluoroquinolone_antibiotic;_lincosamide_antibiotic;_carbapenem;_cephalosporin;_tetracycline_antibiotic;_rifamycin_antibiotic;_diaminopyrimidine_antibiotic;_phenicol_antibiotic;_penem	18	1251	1251	1.0	Acinetobacter baumannii (chromosome or plasmid)
barcode09_6Gb	contig_4023	411431	414608	adeJ_macrolide_antibiotic;_fluoroquinolone_antibiotic;_lincosamide_antibiotic;_carbapenem;_cephalosporin;_tetracycline_antibiotic;_rifamycin_antibiotic;_diaminopyrimidine_antibiotic;_phenicol_antibiotic;_penem	13	3177	3177	1.0	Acinetobacter baumannii (chromosome or plasmid)
barcode09_6Gb	contig_4023	414607	416062	adeK_macrolide_antibiotic;_fluoroquinolone_antibiotic;_lincosamide_antibiotic;_carbapenem;_cephalosporin;_tetracycline_antibiotic;_rifamycin_antibiotic;_diaminopyrimidine_antibiotic;_phenicol_antibiotic;_penem	13	1455	1455	1.0	Acinetobacter baumannii (chromosome or plasmid)
barcode09_6Gb	contig_4075	145163	146348	Escherichia coli EF-Tu mutants conferring resistance to Pulvomycin_elfamycin_antibiotic	14	1185	1185	1.0	Unknown taxonomy (chromosome)
barcode09_6Gb	contig_4075	166311	167496	Escherichia coli EF-Tu mutants conferring resistance to Pulvomycin_elfamycin_antibiotic	19	1185	1185	1.0	Unknown taxonomy (chromosome or plasmid)
barcode09_6Gb	contig_4094	5735	8900	adeF_fluoroquinolone_antibiotic;_tetracycline_antibiotic	50	3165	3165	1.0	Acinetobacter (chromosome or plasmid)
barcode09_6Gb	contig_4172	647559	650682	mdtB_aminocoumarin_antibiotic	13	3123	3123	1.0	
barcode09_6Gb	contig_4172	650682	653760	mdtC_aminocoumarin_antibiotic	13	3078	3078	1.0	
barcode09_6Gb	contig_4172	655172	656576	baeS_aminoglycoside_antibiotic;_aminocoumarin_antibiotic	21	1404	1404	1.0	
barcode09_6Gb	contig_4172	656572	657295	baeR_aminoglycoside_antibiotic;_aminocoumarin_antibiotic	17	723	723	1.0	Enterobacter kobei (chromosome)
barcode09_6Gb	contig_420	109910	110816	mphA_macrolide_antibiotic	134	906	906	1.0	Unknown taxonomy (chromosome or plasmid)
barcode09_6Gb	contig_420	110812	112051	Mrx_macrolide_antibiotic	141	1239	1239	1.0	Unknown taxonomy (chromosome or plasmid)
barcode09_6Gb	contig_4256	390	1866	msrE_macrolide_antibiotic;_streptogramin_antibiotic	58	1476	1476	1.0	Unknown taxonomy (chromosome or plasmid)
barcode09_6Gb	contig_4256	1921	2806	mphE_macrolide_antibiotic	68	885	885	1.0	Unknown taxonomy (chromosome or plasmid)
barcode09_6Gb	contig_4256	4679	5870	tet(C)_tetracycline_antibiotic	27	1191	1191	1.0	Unknown taxonomy (chromosome or plasmid)
barcode09_6Gb	contig_4256	7376	8423	tet(C)_tetracycline_antibiotic	16	1047	1047	1.0	Unknown taxonomy (chromosome or plasmid)
barcode09_6Gb	contig_4257	1343	2093	aadA_aminoglycoside_antibiotic	11	750	750	1.0	Unknown taxonomy (chromosome or plasmid)
barcode09_6Gb	contig_4257	2556	3015	AAC(6')-Il_aminoglycoside_antibiotic	14	459	459	1.0	Unknown taxonomy (chromosome or plasmid)
barcode09_6Gb	contig_4257	4394	5255	SHV-12_carbapenem;_cephalosporin;_penam	16	861	861	1.0	Unknown taxonomy (chromosome or plasmid)
barcode09_6Gb	contig_4257	14373	15234	AAC(3)-IIe_aminoglycoside_antibiotic	13	861	861	1.0	Unknown taxonomy (chromosome or plasmid)
barcode09_6Gb	contig_4257	15721	16366	QnrB19_fluoroquinolone_antibiotic	15	645	645	1.0	Unknown taxonomy (chromosome or plasmid)
barcode09_6Gb	contig_4257	87840	88500	catA1_phenicol_antibiotic	16	660	660	1.0	Unknown taxonomy (chromosome or plasmid)
barcode09_6Gb	contig_4257	91718	92909	tet(C)_tetracycline_antibiotic	43	1191	1191	1.0	Unknown taxonomy (chromosome or plasmid)
barcode09_6Gb	contig_4258	1792	2674	KPC-2_monobactam;_carbapenem;_cephalosporin;_penam	18	882	882	1.0	Unknown taxonomy (chromosome or plasmid)
barcode09_6Gb	contig_4281	61020	62967	tet(Q)_tetracycline_antibiotic	63	1947	1947	1.0	Unknown taxonomy (chromosome)
barcode09_6Gb	contig_4310	1434	2058	catS_phenicol_antibiotic	6	624	624	1.0	Parvimonas micra (chromosome)
barcode09_6Gb	contig_4311	6502	6997	dfrF_diaminopyrimidine_antibiotic	22	495	495	1.0	Unknown taxonomy (chromosome or plasmid)
barcode09_6Gb	contig_4428	377816	379193	vanW gene in vanI cluster_glycopeptide_antibiotic	9	1377	1377	1.0	
barcode09_6Gb	contig_4428	2792320	2793415	vanW gene in vanI cluster_glycopeptide_antibiotic	4	1095	1095	1.0	
barcode09_6Gb	contig_4428	2892695	2895836	adeF_fluoroquinolone_antibiotic;_tetracycline_antibiotic	11	3141	3141	1.0	
barcode09_6Gb	contig_4428	3090134	3091247	vanT gene in vanG cluster_glycopeptide_antibiotic	12	1113	1113	1.0	
barcode09_6Gb	contig_4529	11793	12180	vanW gene in vanG cluster_glycopeptide_antibiotic	1	387	387	1.0	
barcode09_6Gb	contig_456	15004	16030	tet(C)_tetracycline_antibiotic	15	1026	1026	1.0	Unknown taxonomy (chromosome or plasmid)
barcode09_6Gb	contig_4572	46370	46703	qacJ_disinfecting_agents_and_antiseptics	5	333	333	1.0	
barcode09_6Gb	contig_4620	1191	2073	KPC-2_monobactam;_carbapenem;_cephalosporin;_penam	88	882	882	1.0	Unknown taxonomy (chromosome or plasmid)
barcode09_6Gb	contig_4641	2915	3374	AAC(6')-Il_aminoglycoside_antibiotic	57	459	459	1.0	Unknown taxonomy (chromosome or plasmid)
barcode09_6Gb	contig_4641	3447	4311	GES-1_carbapenem;_cephalosporin;_penam	66	864	864	1.0	Unknown taxonomy (chromosome or plasmid)
barcode09_6Gb	contig_4742	27347	27980	tet(W)_tetracycline_antibiotic	13	633	633	1.0	Unknown taxonomy (chromosome or plasmid)
barcode09_6Gb	contig_4743	3039	3723	tet(W)_tetracycline_antibiotic	7	684	684	1.0	Unknown taxonomy (chromosome)
barcode09_6Gb	contig_4743	4179	4758	tet(W)_tetracycline_antibiotic	6	579	579	1.0	Unknown taxonomy (chromosome or plasmid)
barcode09_6Gb	contig_4746	63834	64818	vanH gene in vanO cluster_glycopeptide_antibiotic	6	984	984	1.0	
barcode09_6Gb	contig_4849	73	1261	tet(39)_tetracycline_antibiotic	57	1188	1188	1.0	Unknown taxonomy (plasmid)
barcode09_6Gb	contig_4971	246142	246505	Klebsiella pneumoniae KpnE_macrolide_antibiotic;_aminoglycoside_antibiotic;_cephalosporin;_tetracycline_antibiotic;_peptide_antibiotic;_rifamycin_antibiotic;_disinfecting_agents_and_antiseptics	16	363	363	1.0	Enterobacter kobei (chromosome)
barcode09_6Gb	contig_4971	246491	246821	Klebsiella pneumoniae KpnF_macrolide_antibiotic;_aminoglycoside_antibiotic;_cephalosporin;_tetracycline_antibiotic;_peptide_antibiotic;_rifamycin_antibiotic;_disinfecting_agents_and_antiseptics	16	330	330	1.0	Enterobacter kobei (chromosome)
barcode09_6Gb	contig_4971	274801	275977	oqxA_fluoroquinolone_antibiotic;_glycylcycline;_tetracycline_antibiotic;_diaminopyrimidine_antibiotic;_nitrofuran_antibiotic	17	1176	1176	1.0	Enterobacter kobei (chromosome)
barcode09_6Gb	contig_4971	276001	279154	oqxB_fluoroquinolone_antibiotic;_glycylcycline;_tetracycline_antibiotic;_diaminopyrimidine_antibiotic;_nitrofuran_antibiotic	19	3153	3153	1.0	Enterobacter kobei (chromosome)
barcode09_6Gb	contig_4971	467584	467965	marA_fluoroquinolone_antibiotic;_monobactam;_carbapenem;_cephalosporin;_glycylcycline;_cephamycin;_penam;_tetracycline_antibiotic;_rifamycin_antibiotic;_phenicol_antibiotic;_penem;_disinfecting_agents_and_antiseptics	23	381	381	1.0	Enterobacter (chromosome or plasmid)
barcode09_6Gb	contig_4971	467984	468419	Escherichia coli AcrAB-TolC with MarR mutations conferring resistance to ciprofloxacin and tetracycline_fluoroquinolone_antibiotic;_cephalosporin;_glycylcycline;_penam;_tetracycline_antibiotic;_rifamycin_antibiotic;_phenicol_antibiotic;_disinfecting_agents_and_antiseptics	22	435	435	1.0	Enterobacter (chromosome)
barcode09_6Gb	contig_5	377027	378227	tet(A)_tetracycline_antibiotic	26	1200	1200	1.0	Unknown taxonomy (chromosome or plasmid)
barcode09_6Gb	contig_5	379304	380141	APH(6)-Id_aminoglycoside_antibiotic	25	837	837	1.0	Unknown taxonomy (chromosome or plasmid)
barcode09_6Gb	contig_5	381004	381820	sul2_sulfonamide_antibiotic	40	816	816	1.0	Unknown taxonomy (chromosome or plasmid)
barcode09_6Gb	contig_5079	12933	14439	vanT gene in vanG cluster_glycopeptide_antibiotic	11	1506	1506	1.0	
barcode09_6Gb	contig_5396	4123	5266	vanY gene in vanB cluster_glycopeptide_antibiotic	4	1143	1143	1.0	
barcode09_6Gb	contig_5422	3995	5306	Acinetobacter baumannii AbaQ_fluoroquinolone_antibiotic	8	1311	1311	1.0	Acinetobacter lwoffii (chromosome)
barcode09_6Gb	contig_5423	163975	164305	qacG_disinfecting_agents_and_antiseptics	9	330	330	1.0	
barcode09_6Gb	contig_5423	323897	324644	vanY gene in vanG cluster_glycopeptide_antibiotic	6	747	747	1.0	
barcode09_6Gb	contig_5480	7183	8329	vanT gene in vanG cluster_glycopeptide_antibiotic	4	1146	1146	1.0	
barcode09_6Gb	contig_5531	39048	39864	sul2_sulfonamide_antibiotic	59	816	816	1.0	Unknown taxonomy (chromosome or plasmid)
barcode09_6Gb	contig_5636	423	1932	Klebsiella pneumoniae KpnH_macrolide_antibiotic;_fluoroquinolone_antibiotic;_aminoglycoside_antibiotic;_carbapenem;_cephalosporin;_penam;_peptide_antibiotic;_penem	14	1509	1509	1.0	Klebsiella michiganensis (chromosome or plasmid)
barcode09_6Gb	contig_5636	1947	3120	Klebsiella pneumoniae KpnG_macrolide_antibiotic;_fluoroquinolone_antibiotic;_aminoglycoside_antibiotic;_carbapenem;_cephalosporin;_penam;_peptide_antibiotic;_penem	11	1173	1173	1.0	Klebsiella (chromosome)
barcode09_6Gb	contig_5690	86124	88656	vanT gene in vanG cluster_glycopeptide_antibiotic	86	2532	2532	1.0	
barcode09_6Gb	contig_6004	2546	3350	APH(3'')-Ib_aminoglycoside_antibiotic	9	804	804	1.0	Unknown taxonomy (chromosome or plasmid)
barcode09_6Gb	contig_6026	116722	117253	emrR_fluoroquinolone_antibiotic	23	531	531	1.0	Enterobacter kobei (chromosome or plasmid)
barcode09_6Gb	contig_6026	117379	118552	emrA_fluoroquinolone_antibiotic	24	1173	1173	1.0	
barcode09_6Gb	contig_6026	118568	120116	emrB_fluoroquinolone_antibiotic	22	1548	1548	1.0	Enterobacter kobei (chromosome or plasmid)
barcode09_6Gb	contig_6026	127157	127343	rsmA_fluoroquinolone_antibiotic;_diaminopyrimidine_antibiotic;_phenicol_antibiotic	15	186	186	1.0	Enterobacter (chromosome or plasmid)
barcode09_6Gb	contig_604	50034	50916	vanW gene in vanG cluster_glycopeptide_antibiotic	444	882	882	1.0	Acinetobacter johnsonii (chromosome)
barcode09_6Gb	contig_606	21573	22377	APH(3'')-Ib_aminoglycoside_antibiotic	53	804	804	1.0	Unknown taxonomy (chromosome or plasmid)
barcode09_6Gb	contig_606	22376	23213	APH(6)-Id_aminoglycoside_antibiotic	45	837	837	1.0	Unknown taxonomy (chromosome or plasmid)
barcode09_6Gb	contig_6191	125996	127154	vanT gene in vanG cluster_glycopeptide_antibiotic	34	1158	1158	1.0	
barcode09_6Gb	contig_6191	708575	709562	vanH gene in vanO cluster_glycopeptide_antibiotic	31	987	987	1.0	
barcode09_6Gb	contig_6252	12258	13467	vanT gene in vanG cluster_glycopeptide_antibiotic	6	1209	1209	1.0	
barcode09_6Gb	contig_6265	11395	12505	vanG_glycopeptide_antibiotic	7	1110	1110	1.0	
barcode09_6Gb	contig_6300	803	1631	OXA-253_carbapenem;_penam	56	828	828	1.0	Acinetobacter baumannii (chromosome)
barcode09_6Gb	contig_6321	7290	9765	vanT gene in vanG cluster_glycopeptide_antibiotic	7	2475	2475	1.0	
barcode09_6Gb	contig_6351	13106	13295	rsmA_fluoroquinolone_antibiotic;_diaminopyrimidine_antibiotic;_phenicol_antibiotic	77	189	189	1.0	
barcode09_6Gb	contig_6382	4334	4520	rsmA_fluoroquinolone_antibiotic;_diaminopyrimidine_antibiotic;_phenicol_antibiotic	6	186	186	1.0	Enterobacter (chromosome or plasmid)
barcode09_6Gb	contig_641	1447	1957	dfrA8_diaminopyrimidine_antibiotic	9	510	510	1.0	Unknown taxonomy (chromosome or plasmid)
barcode09_6Gb	contig_641	4218	4677	AAC(6')-Il_aminoglycoside_antibiotic	23	459	459	1.0	Unknown taxonomy (chromosome or plasmid)
barcode09_6Gb	contig_641	4808	5342	ANT(2'')-Ia_aminoglycoside_antibiotic	21	534	534	1.0	Unknown taxonomy (chromosome or plasmid)
barcode09_6Gb	contig_641	5399	5933	ANT(2'')-Ia_aminoglycoside_antibiotic	19	534	534	1.0	Unknown taxonomy (chromosome or plasmid)
barcode09_6Gb	contig_641	5991	6450	AAC(6')-Il_aminoglycoside_antibiotic	25	459	459	1.0	Unknown taxonomy (chromosome or plasmid)
barcode09_6Gb	contig_641	6581	7115	ANT(2'')-Ia_aminoglycoside_antibiotic	20	534	534	1.0	Unknown taxonomy (chromosome or plasmid)
barcode09_6Gb	contig_641	7184	8012	OXA-2_carbapenem;_cephalosporin;_penam	34	828	828	1.0	Unknown taxonomy (chromosome or plasmid)
barcode09_6Gb	contig_641	8141	8474	qacJ_disinfecting_agents_and_antiseptics	21	333	333	1.0	Unknown taxonomy (chromosome or plasmid)
barcode09_6Gb	contig_641	8585	9431	aadA6_aminoglycoside_antibiotic	28	846	846	1.0	Unknown taxonomy (chromosome or plasmid)
barcode09_6Gb	contig_641	9547	9895	qacEdelta1_disinfecting_agents_and_antiseptics	32	348	348	1.0	Unknown taxonomy (chromosome or plasmid)
barcode09_6Gb	contig_641	9888	10728	sul1_sulfonamide_antibiotic	33	840	840	1.0	Unknown taxonomy (chromosome or plasmid)
barcode09_6Gb	contig_641	12291	13029	ErmB_macrolide_antibiotic;_lincosamide_antibiotic;_streptogramin_antibiotic;_streptogramin_A_antibiotic;_streptogramin_B_antibiotic	8	738	738	1.0	Unknown taxonomy (chromosome or plasmid)
barcode09_6Gb	contig_6415	16739	19379	Escherichia coli gyrA conferring resistance to fluoroquinolones_fluoroquinolone_antibiotic	9	2640	2640	1.0	Citrobacter (chromosome or plasmid)
barcode09_6Gb	contig_6415	27847	29206	Escherichia coli GlpT with mutation conferring resistance to fosfomycin_phosphonic_acid_antibiotic	8	1359	1359	1.0	Citrobacter portucalensis (chromosome or plasmid)
barcode09_6Gb	contig_6415	44875	46015	ArnT_peptide_antibiotic	7	1140	1140	1.0	Citrobacter freundii (chromosome)
barcode09_6Gb	contig_642	13890	14496	AAC(6')-Ib9_aminoglycoside_antibiotic	32	606	606	1.0	Unknown taxonomy (chromosome or plasmid)
barcode09_6Gb	contig_642	14577	15354	aadA_aminoglycoside_antibiotic	30	777	777	1.0	Unknown taxonomy (chromosome or plasmid)
barcode09_6Gb	contig_642	15413	16238	OXA-9_penam	26	825	825	1.0	Unknown taxonomy (chromosome or plasmid)
barcode09_6Gb	contig_642	16937	17798	TEM-1_monobactam;_cephalosporin;_penam;_penem	56	861	861	1.0	Unknown taxonomy (chromosome or plasmid)
barcode09_6Gb	contig_642	18758	19643	mphE_macrolide_antibiotic	85	885	885	1.0	Unknown taxonomy (chromosome or plasmid)
barcode09_6Gb	contig_642	19698	21174	msrE_macrolide_antibiotic;_streptogramin_antibiotic	87	1476	1476	1.0	Unknown taxonomy (chromosome or plasmid)
barcode09_6Gb	contig_642	28344	29160	sul2_sulfonamide_antibiotic	39	816	816	1.0	Unknown taxonomy (chromosome or plasmid)
barcode09_6Gb	contig_642	31111	32326	floR_phenicol_antibiotic	34	1215	1215	1.0	Unknown taxonomy (chromosome or plasmid)
barcode09_6Gb	contig_6487	69589	71078	TolC_macrolide_antibiotic;_fluoroquinolone_antibiotic;_aminoglycoside_antibiotic;_carbapenem;_cephalosporin;_glycylcycline;_cephamycin;_penam;_tetracycline_antibiotic;_peptide_antibiotic;_aminocoumarin_antibiotic;_rifamycin_antibiotic;_phenicol_antibiotic;_penem;_disinfecting_agents_and_antiseptics	22	1489	1489	1.0	Escherichia coli (chromosome or plasmid)
barcode09_6Gb	contig_6487	93464	94286	bacA_peptide_antibiotic	15	822	822	1.0	Unknown taxonomy (chromosome or plasmid)
barcode09_6Gb	contig_6487	307280	307943	AcrS_fluoroquinolone_antibiotic;_cephalosporin;_glycylcycline;_cephamycin;_penam;_tetracycline_antibiotic;_rifamycin_antibiotic;_phenicol_antibiotic;_disinfecting_agents_and_antiseptics	11	663	663	1.0	Unknown taxonomy (chromosome or plasmid)
barcode09_6Gb	contig_6487	308341	309499	AcrE_fluoroquinolone_antibiotic;_cephalosporin;_cephamycin;_penam	9	1158	1158	1.0	Escherichia coli (chromosome or plasmid)
barcode09_6Gb	contig_6487	309510	312615	AcrF_fluoroquinolone_antibiotic;_cephalosporin;_cephamycin;_penam	15	3105	3105	1.0	Escherichia coli (chromosome or plasmid)
barcode09_6Gb	contig_6497	2314	2638	Escherichia coli soxS with mutation conferring antibiotic resistance_fluoroquinolone_antibiotic;_monobactam;_carbapenem;_cephalosporin;_glycylcycline;_cephamycin;_penam;_tetracycline_antibiotic;_rifamycin_antibiotic;_phenicol_antibiotic;_penem;_disinfecting_agents_and_antiseptics	7	324	324	1.0	Citrobacter (chromosome)
barcode09_6Gb	contig_6500	48438	49887	adeH_fluoroquinolone_antibiotic;_tetracycline_antibiotic	19	1449	1449	1.0	Acinetobacter baumannii (chromosome or plasmid)
barcode09_6Gb	contig_6500	49899	53079	adeF_fluoroquinolone_antibiotic;_tetracycline_antibiotic	14	3180	3180	1.0	Acinetobacter baumannii (chromosome or plasmid)
barcode09_6Gb	contig_6500	53085	54306	adeG_fluoroquinolone_antibiotic;_tetracycline_antibiotic	15	1221	1221	1.0	Acinetobacter baumannii (chromosome or plasmid)
barcode09_6Gb	contig_6500	54521	55535	adeL_fluoroquinolone_antibiotic;_tetracycline_antibiotic	13	1014	1014	1.0	Acinetobacter baumannii (chromosome or plasmid)
barcode09_6Gb	contig_6500	58843	59173	abeS_macrolide_antibiotic;_aminocoumarin_antibiotic	15	330	330	1.0	Acinetobacter baumannii (chromosome or plasmid)
barcode09_6Gb	contig_6500	317666	319145	Acinetobacter baumannii AmvA_macrolide_antibiotic;_disinfecting_agents_and_antiseptics	12	1479	1479	1.0	Acinetobacter baumannii (chromosome or plasmid)
barcode09_6Gb	contig_6513	12095	12905	vanY gene in vanB cluster_glycopeptide_antibiotic	7	810	810	1.0	
barcode09_6Gb	contig_659	12165	13050	mphE_macrolide_antibiotic	151	885	885	1.0	Unknown taxonomy (chromosome or plasmid)
barcode09_6Gb	contig_659	13105	14581	msrE_macrolide_antibiotic;_streptogramin_antibiotic	149	1476	1476	1.0	Unknown taxonomy (chromosome or plasmid)
barcode09_6Gb	contig_659	16845	17682	APH(6)-Id_aminoglycoside_antibiotic	130	837	837	1.0	Unknown taxonomy (chromosome or plasmid)
barcode09_6Gb	contig_659	17681	18485	APH(3'')-Ib_aminoglycoside_antibiotic	132	804	804	1.0	Unknown taxonomy (chromosome or plasmid)
barcode09_6Gb	contig_660	106	943	APH(6)-Id_aminoglycoside_antibiotic	94	837	837	1.0	Unknown taxonomy (chromosome or plasmid)
barcode09_6Gb	contig_660	942	1746	APH(3'')-Ib_aminoglycoside_antibiotic	102	804	804	1.0	Unknown taxonomy (chromosome or plasmid)
barcode09_6Gb	contig_660	18215	19031	sul2_sulfonamide_antibiotic	59	816	816	1.0	Unknown taxonomy (chromosome or plasmid)
barcode09_6Gb	contig_661	22009	23197	tet(39)_tetracycline_antibiotic	116	1188	1188	1.0	Unknown taxonomy (plasmid)
barcode09_6Gb	contig_661	24223	25108	mphE_macrolide_antibiotic	176	885	885	1.0	Unknown taxonomy (chromosome or plasmid)
barcode09_6Gb	contig_661	25163	26639	msrE_macrolide_antibiotic;_streptogramin_antibiotic	155	1476	1476	1.0	Unknown taxonomy (chromosome or plasmid)
barcode09_6Gb	contig_6675	1409	2189	APH(3')-VIa_aminoglycoside_antibiotic	65	780	780	1.0	Unknown taxonomy (chromosome or plasmid)
barcode09_6Gb	contig_6752	52354	52843	nimJ_nitroimidazole_antibiotic	13	489	489	1.0	
barcode09_6Gb	contig_6802	1752	2595	OXA-58_carbapenem;_penam	15	843	843	1.0	Unknown taxonomy (chromosome or plasmid)
barcode09_6Gb	contig_682	2351	2717	qacG_disinfecting_agents_and_antiseptics	233	366	366	1.0	Acinetobacter johnsonii (chromosome)
barcode09_6Gb	contig_6952	5969	6749	APH(3')-VIa_aminoglycoside_antibiotic	32	780	780	1.0	Unknown taxonomy (chromosome or plasmid)
barcode09_6Gb	contig_6952	8026	8839	NDM-1_carbapenem;_cephalosporin;_cephamycin;_penam	31	813	813	1.0	Unknown taxonomy (chromosome or plasmid)
barcode09_6Gb	contig_6956	5239	6019	APH(3')-VIa_aminoglycoside_antibiotic	34	780	780	1.0	Unknown taxonomy (chromosome or plasmid)
barcode09_6Gb	contig_6956	9303	10083	APH(3')-VIa_aminoglycoside_antibiotic	30	780	780	1.0	Unknown taxonomy (chromosome or plasmid)
barcode09_6Gb	contig_6957	3625	4465	sul1_sulfonamide_antibiotic	72	840	840	1.0	Unknown taxonomy (chromosome or plasmid)
barcode09_6Gb	contig_6957	4458	4806	qacEdelta1_disinfecting_agents_and_antiseptics	60	348	348	1.0	Unknown taxonomy (chromosome or plasmid)
barcode09_6Gb	contig_6957	4921	5455	ANT(2'')-Ia_aminoglycoside_antibiotic	43	534	534	1.0	Unknown taxonomy (chromosome or plasmid)
barcode09_6Gb	contig_6957	5577	6441	GES-1_carbapenem;_cephalosporin;_penam	64	864	864	1.0	Unknown taxonomy (chromosome or plasmid)
barcode09_6Gb	contig_6958	12462	13299	APH(6)-Id_aminoglycoside_antibiotic	64	837	837	1.0	Unknown taxonomy (chromosome or plasmid)
barcode09_6Gb	contig_6958	13298	14102	APH(3'')-Ib_aminoglycoside_antibiotic	56	804	804	1.0	Unknown taxonomy (chromosome or plasmid)
barcode09_6Gb	contig_696	6612	7887	tet(A)_tetracycline_antibiotic	28	1275	1275	1.0	Unknown taxonomy (chromosome or plasmid)
barcode09_6Gb	contig_696	12866	13703	APH(6)-Id_aminoglycoside_antibiotic	90	837	837	1.0	Unknown taxonomy (chromosome or plasmid)
barcode09_6Gb	contig_696	13702	14506	APH(3'')-Ib_aminoglycoside_antibiotic	100	804	804	1.0	Unknown taxonomy (chromosome or plasmid)
barcode09_6Gb	contig_696	147967	148828	TEM-1_monobactam;_cephalosporin;_penam;_penem	35	861	861	1.0	Unknown taxonomy (chromosome or plasmid)
barcode09_6Gb	contig_696	153799	154660	AAC(3)-IId_aminoglycoside_antibiotic	21	861	861	1.0	Unknown taxonomy (chromosome or plasmid)
barcode09_6Gb	contig_696	156914	157514	AAC(6')-Ib-cr6_fluoroquinolone_antibiotic;_aminoglycoside_antibiotic	65	600	600	1.0	Unknown taxonomy (chromosome or plasmid)
barcode09_6Gb	contig_696	157644	158475	OXA-1_cephalosporin;_penam	74	831	831	1.0	Unknown taxonomy (chromosome or plasmid)
barcode09_6Gb	contig_696	158612	159245	catB3_phenicol_antibiotic	71	633	633	1.0	Unknown taxonomy (chromosome or plasmid)
barcode09_6Gb	contig_696	159329	159782	arr-3_rifamycin_antibiotic	73	453	453	1.0	Unknown taxonomy (chromosome or plasmid)
barcode09_6Gb	contig_696	160004	160352	qacEdelta1_disinfecting_agents_and_antiseptics	106	348	348	1.0	Unknown taxonomy (chromosome or plasmid)
barcode09_6Gb	contig_6964	47222	47876	adeN_macrolide_antibiotic;_fluoroquinolone_antibiotic;_lincosamide_antibiotic;_carbapenem;_cephalosporin;_tetracycline_antibiotic;_rifamycin_antibiotic;_diaminopyrimidine_antibiotic;_phenicol_antibiotic;_penem	7	654	654	1.0	Acinetobacter baumannii (chromosome or plasmid)
barcode09_6Gb	contig_6983	35531	35876	qacG_disinfecting_agents_and_antiseptics	12	345	345	1.0	
barcode09_6Gb	contig_7035	3126	3987	TEM-1_monobactam;_cephalosporin;_penam;_penem	21	861	861	1.0	Unknown taxonomy (chromosome or plasmid)
barcode09_6Gb	contig_7042	76612	77602	vanH gene in vanB cluster_glycopeptide_antibiotic	19	990	990	1.0	
barcode09_6Gb	contig_708	6138	6918	aadA2_aminoglycoside_antibiotic	30	780	780	1.0	Unknown taxonomy (chromosome or plasmid)
barcode09_6Gb	contig_708	7081	7429	qacEdelta1_disinfecting_agents_and_antiseptics	51	348	348	1.0	Unknown taxonomy (chromosome or plasmid)
barcode09_6Gb	contig_708	7422	8262	sul1_sulfonamide_antibiotic	68	840	840	1.0	Unknown taxonomy (chromosome or plasmid)
barcode09_6Gb	contig_710	2661	3195	ANT(2'')-Ia_aminoglycoside_antibiotic	26	534	534	1.0	Unknown taxonomy (chromosome or plasmid)
barcode09_6Gb	contig_710	3313	4144	OXA-4_cephalosporin;_penam	33	831	831	1.0	Pseudomonas aeruginosa (chromosome or plasmid)
barcode09_6Gb	contig_710	4355	4703	qacEdelta1_disinfecting_agents_and_antiseptics	55	348	348	1.0	Unknown taxonomy (chromosome or plasmid)
barcode09_6Gb	contig_710	4696	5536	sul1_sulfonamide_antibiotic	69	840	840	1.0	Unknown taxonomy (chromosome or plasmid)
barcode09_6Gb	contig_7114	41640	41976	qacG_disinfecting_agents_and_antiseptics	10	336	336	1.0	
barcode09_6Gb	contig_714	12364	13555	tet(C)_tetracycline_antibiotic	41	1191	1191	1.0	Unknown taxonomy (chromosome or plasmid)
barcode09_6Gb	contig_7176	5289	5487	rsmA_fluoroquinolone_antibiotic;_diaminopyrimidine_antibiotic;_phenicol_antibiotic	11	198	198	1.0	
barcode09_6Gb	contig_7185	15530	15743	vanU gene in vanG cluster_glycopeptide_antibiotic	14	213	213	1.0	
barcode09_6Gb	contig_7199	1845	3009	vanT gene in vanG cluster_glycopeptide_antibiotic	8	1164	1164	1.0	
barcode09_6Gb	contig_7200	4469	5366	KPC-2_monobactam;_carbapenem;_cephalosporin;_penam	448	897	897	1.0	Unknown taxonomy (chromosome or plasmid)
barcode09_6Gb	contig_7243	5055	6048	vanH gene in vanB cluster_glycopeptide_antibiotic	4	993	993	1.0	
barcode09_6Gb	contig_7283	33110	34223	vanT gene in vanG cluster_glycopeptide_antibiotic	19	1113	1113	1.0	
barcode09_6Gb	contig_7345	96023	96848	gadX_macrolide_antibiotic;_fluoroquinolone_antibiotic;_penam	12	825	825	1.0	Escherichia coli (chromosome)
barcode09_6Gb	contig_7345	101447	102605	mdtE_macrolide_antibiotic;_fluoroquinolone_antibiotic;_penam	10	1158	1158	1.0	Unknown taxonomy (chromosome)
barcode09_6Gb	contig_7348	5265	6141	CTX-M-55_cephalosporin	13	876	876	1.0	Unknown taxonomy (chromosome or plasmid)
barcode09_6Gb	contig_7411	21	987	CfxA4_cephamycin	25	966	966	1.0	Unknown taxonomy (chromosome or plasmid)
barcode09_6Gb	contig_7617	6621	7731	vanG_glycopeptide_antibiotic	5	1110	1110	1.0	
barcode09_6Gb	contig_764	4688	5948	cmlA5_phenicol_antibiotic	19	1260	1260	1.0	Unknown taxonomy (chromosome or plasmid)
barcode09_6Gb	contig_764	6212	7013	OXA-10_cephalosporin;_penam	18	801	801	1.0	Unknown taxonomy (chromosome or plasmid)
barcode09_6Gb	contig_764	7005	7821	aadA_aminoglycoside_antibiotic	17	816	816	1.0	Unknown taxonomy (chromosome or plasmid)
barcode09_6Gb	contig_7673	17550	19218	vanH gene in vanO cluster_glycopeptide_antibiotic	5	1668	1668	1.0	
barcode09_6Gb	contig_772	20969	21626	QnrVC1_fluoroquinolone_antibiotic	21	657	657	1.0	Unknown taxonomy (chromosome or plasmid)
barcode09_6Gb	contig_773	18775	19618	OXA-58_carbapenem;_penam	9	843	843	1.0	Unknown taxonomy (chromosome or plasmid)
barcode09_6Gb	contig_774	40581	42096	aadT_macrolide_antibiotic;_tetracycline_antibiotic;_disinfecting_agents_and_antiseptics	41	1515	1515	1.0	
barcode09_6Gb	contig_7831	7507	8728	EreA_macrolide_antibiotic	5	1221	1221	1.0	Unknown taxonomy (chromosome or plasmid)
barcode09_6Gb	contig_7842	159004	161497	vanT gene in vanG cluster_glycopeptide_antibiotic	10	2493	2493	1.0	
barcode09_6Gb	contig_7884	8184	9369	Escherichia coli EF-Tu mutants conferring resistance to Pulvomycin_elfamycin_antibiotic	26	1185	1185	1.0	Unknown taxonomy (chromosome or plasmid)
barcode09_6Gb	contig_7909	32032	33502	adeC_glycylcycline;_tetracycline_antibiotic	4	1470	1470	1.0	Acinetobacter baumannii (chromosome or plasmid)
barcode09_6Gb	contig_7971	24134	27311	adeF_fluoroquinolone_antibiotic;_tetracycline_antibiotic	25	3177	3177	1.0	Unknown taxonomy (chromosome)
barcode09_6Gb	contig_8	369699	372855	adeF_fluoroquinolone_antibiotic;_tetracycline_antibiotic	19	3156	3156	1.0	
barcode09_6Gb	contig_8009	2739	3189	ANT(3'')-IIb_aminoglycoside_antibiotic	3	450	450	1.0	
barcode09_6Gb	contig_810	9516	9969	arr-3_rifamycin_antibiotic	62	453	453	1.0	Unknown taxonomy (chromosome or plasmid)
barcode09_6Gb	contig_810	10074	10662	AAC(6')-Ib9_aminoglycoside_antibiotic	67	588	588	1.0	Unknown taxonomy (chromosome or plasmid)
barcode09_6Gb	contig_810	10830	11178	qacEdelta1_disinfecting_agents_and_antiseptics	76	348	348	1.0	Unknown taxonomy (chromosome or plasmid)
barcode09_6Gb	contig_810	11171	12011	sul1_sulfonamide_antibiotic	85	840	840	1.0	Unknown taxonomy (chromosome or plasmid)
barcode09_6Gb	contig_8245	770	1415	QnrB19_fluoroquinolone_antibiotic	42	645	645	1.0	Unknown taxonomy (chromosome or plasmid)
barcode09_6Gb	contig_8247	54213	55857	YojI_peptide_antibiotic	15	1644	1644	1.0	Escherichia coli (chromosome or plasmid)
barcode09_6Gb	contig_8260	16624	18178	vanW gene in vanI cluster_glycopeptide_antibiotic	9	1554	1554	1.0	
barcode09_6Gb	contig_8308	20331	20766	Escherichia coli AcrAB-TolC with MarR mutations conferring resistance to ciprofloxacin and tetracycline_fluoroquinolone_antibiotic;_cephalosporin;_glycylcycline;_penam;_tetracycline_antibiotic;_rifamycin_antibiotic;_phenicol_antibiotic;_disinfecting_agents_and_antiseptics	9	435	435	1.0	Unknown taxonomy (chromosome or plasmid)
barcode09_6Gb	contig_8308	20785	21169	marA_fluoroquinolone_antibiotic;_monobactam;_carbapenem;_cephalosporin;_glycylcycline;_cephamycin;_penam;_tetracycline_antibiotic;_rifamycin_antibiotic;_phenicol_antibiotic;_penem;_disinfecting_agents_and_antiseptics	10	384	384	1.0	Unknown taxonomy (chromosome or plasmid)
barcode09_6Gb	contig_8390	208	544	qacG_disinfecting_agents_and_antiseptics	5	336	336	1.0	
barcode09_6Gb	contig_843	246068	246398	qacG_disinfecting_agents_and_antiseptics	11	330	330	1.0	
barcode09_6Gb	contig_85	1006891	1007146	rsmA_fluoroquinolone_antibiotic;_diaminopyrimidine_antibiotic;_phenicol_antibiotic	33	255	255	1.0	
barcode09_6Gb	contig_8514	2705	3548	OXA-58_carbapenem;_penam	12	843	843	1.0	Unknown taxonomy (chromosome or plasmid)
barcode09_6Gb	contig_8567	31241	31676	Escherichia coli AcrAB-TolC with MarR mutations conferring resistance to ciprofloxacin and tetracycline_fluoroquinolone_antibiotic;_cephalosporin;_glycylcycline;_penam;_tetracycline_antibiotic;_rifamycin_antibiotic;_phenicol_antibiotic;_disinfecting_agents_and_antiseptics	6	435	435	1.0	Citrobacter portucalensis (chromosome)
barcode09_6Gb	contig_8567	31694	32078	marA_fluoroquinolone_antibiotic;_monobactam;_carbapenem;_cephalosporin;_glycylcycline;_cephamycin;_penam;_tetracycline_antibiotic;_rifamycin_antibiotic;_phenicol_antibiotic;_penem;_disinfecting_agents_and_antiseptics	7	384	384	1.0	Citrobacter freundii (chromosome)
barcode09_6Gb	contig_86	17166	17955	ANT(3'')-IIa_aminoglycoside_antibiotic	24	789	789	1.0	Acinetobacter baumannii (chromosome or plasmid)
barcode09_6Gb	contig_8625	20147	23258	adeB_glycylcycline;_tetracycline_antibiotic	7	3111	3111	1.0	Acinetobacter baumannii (no genomic info)
barcode09_6Gb	contig_8629	6421	6676	rsmA_fluoroquinolone_antibiotic;_diaminopyrimidine_antibiotic;_phenicol_antibiotic	20	255	255	1.0	
barcode09_6Gb	contig_8643	5541	6654	vanT gene in vanG cluster_glycopeptide_antibiotic	9	1113	1113	1.0	
barcode09_6Gb	contig_879	118108	118765	QnrVC1_fluoroquinolone_antibiotic	35	657	657	1.0	Unknown taxonomy (chromosome or plasmid)
barcode09_6Gb	contig_879	118925	119705	aadA_aminoglycoside_antibiotic	42	780	780	1.0	Unknown taxonomy (chromosome or plasmid)
barcode09_6Gb	contig_879	120454	120802	qacEdelta1_disinfecting_agents_and_antiseptics	73	348	348	1.0	Unknown taxonomy (chromosome or plasmid)
barcode09_6Gb	contig_879	120795	121635	sul1_sulfonamide_antibiotic	83	840	840	1.0	Unknown taxonomy (chromosome or plasmid)
barcode09_6Gb	contig_8828	4161	5796	vanY gene in vanM cluster_glycopeptide_antibiotic	3	1635	1635	1.0	
barcode09_6Gb	contig_8844	12231	14151	tet(W)_tetracycline_antibiotic	36	1920	1920	1.0	Unknown taxonomy (chromosome or plasmid)
barcode09_6Gb	contig_8864	17300	20414	acrD_aminoglycoside_antibiotic	14	3114	3114	1.0	Escherichia coli (chromosome or plasmid)
barcode09_6Gb	contig_8864	215271	215802	emrR_fluoroquinolone_antibiotic	24	531	531	1.0	Unknown taxonomy (chromosome or plasmid)
barcode09_6Gb	contig_8864	223466	223652	rsmA_fluoroquinolone_antibiotic;_diaminopyrimidine_antibiotic;_phenicol_antibiotic	18	186	186	1.0	Unknown taxonomy (chromosome or plasmid)
barcode09_6Gb	contig_888	10156	10912	TEM-216_monobactam;_cephalosporin;_penam;_penem	35	756	756	1.0	Unknown taxonomy (chromosome or plasmid)
barcode09_6Gb	contig_8954	6757	7105	rsmA_fluoroquinolone_antibiotic;_diaminopyrimidine_antibiotic;_phenicol_antibiotic	8	348	348	1.0	
barcode09_6Gb	contig_8990	7314	8094	aadA_aminoglycoside_antibiotic	26	780	780	1.0	Unknown taxonomy (chromosome or plasmid)
barcode09_6Gb	contig_8990	8798	9599	OXA-101_cephalosporin;_penam	12	801	801	1.0	Unknown taxonomy (chromosome or plasmid)
barcode09_6Gb	contig_8990	10158	11022	sul4_sulfonamide_antibiotic	12	864	864	1.0	Unknown taxonomy (chromosome or plasmid)
barcode09_6Gb	contig_9119	2962	3535	AAC(6')-Ian_aminoglycoside_antibiotic	12	573	573	1.0	Unknown taxonomy (chromosome or plasmid)
barcode09_6Gb	contig_9240	14610	15609	vanH gene in vanB cluster_glycopeptide_antibiotic	8	999	999	1.0	
barcode09_6Gb	contig_925	49383	50688	Acinetobacter baumannii AbaQ_fluoroquinolone_antibiotic	17	1305	1305	1.0	
barcode09_6Gb	contig_9250	11218	11653	Escherichia coli AcrAB-TolC with MarR mutations conferring resistance to ciprofloxacin and tetracycline_fluoroquinolone_antibiotic;_cephalosporin;_glycylcycline;_penam;_tetracycline_antibiotic;_rifamycin_antibiotic;_phenicol_antibiotic;_disinfecting_agents_and_antiseptics	4	435	435	1.0	Citrobacter freundii (chromosome)
barcode09_6Gb	contig_9335	47198	47525	qacG_disinfecting_agents_and_antiseptics	19	327	327	1.0	
barcode09_6Gb	contig_9335	55641	58767	adeF_fluoroquinolone_antibiotic;_tetracycline_antibiotic	14	3126	3126	1.0	
barcode09_6Gb	contig_9387	64040	64472	vanW gene in vanI cluster_glycopeptide_antibiotic	3	432	432	1.0	
barcode09_6Gb	contig_9475	126182	128177	lmrD_lincosamide_antibiotic	13	1995	1995	1.0	
barcode09_6Gb	contig_9516	3719	4793	vanW gene in vanI cluster_glycopeptide_antibiotic	3	1074	1074	1.0	
barcode09_6Gb	contig_9530	10260	11355	vanG_glycopeptide_antibiotic	6	1095	1095	1.0	Faecalibacterium prausnitzii (chromosome)
barcode09_6Gb	contig_954	7094	8570	msrE_macrolide_antibiotic;_streptogramin_antibiotic	112	1476	1476	1.0	Unknown taxonomy (chromosome or plasmid)
barcode09_6Gb	contig_954	8625	9510	mphE_macrolide_antibiotic	120	885	885	1.0	Unknown taxonomy (chromosome or plasmid)
barcode09_6Gb	contig_9577	15738	16620	KPC-2_monobactam;_carbapenem;_cephalosporin;_penam	118	882	882	1.0	Unknown taxonomy (chromosome or plasmid)
barcode09_6Gb	contig_9577	19035	19815	APH(3')-VIa_aminoglycoside_antibiotic	130	780	780	1.0	Unknown taxonomy (chromosome or plasmid)
barcode09_6Gb	contig_958	24535	26284	msbA_nitroimidazole_antibiotic	7	1749	1749	1.0	Citrobacter portucalensis (chromosome)
barcode09_6Gb	contig_9580	2828	3161	qacL_disinfecting_agents_and_antiseptics	25	333	333	1.0	Unknown taxonomy (chromosome or plasmid)
barcode09_6Gb	contig_9580	6269	6728	AAC(6')-IIc_aminoglycoside_antibiotic	9	459	459	1.0	Unknown taxonomy (chromosome or plasmid)
barcode09_6Gb	contig_9677	180217	181042	OXA-441_carbapenem;_penam	12	825	825	1.0	Acinetobacter baumannii (chromosome or plasmid)
barcode09_6Gb	contig_970	49560	50655	vanG_glycopeptide_antibiotic	8	1095	1095	1.0	Escherichia coli (chromosome or plasmid)
barcode09_6Gb	contig_9723	10094	11063	PmrF_peptide_antibiotic	10	969	969	1.0	Unknown taxonomy (chromosome or plasmid)
barcode09_6Gb	contig_9723	13931	15584	ArnT_peptide_antibiotic	5	1653	1653	1.0	Escherichia coli (chromosome or plasmid)
barcode09_6Gb	contig_976	759	1416	QnrS2_fluoroquinolone_antibiotic	24	657	657	1.0	Unknown taxonomy (chromosome or plasmid)
barcode09_6Gb	contig_9926	11160	12387	mdtG_phosphonic_acid_antibiotic	10	1227	1227	1.0	Unknown taxonomy (chromosome or plasmid)
barcode09_6Gb	contig_9926	21017	22226	mdtH_fluoroquinolone_antibiotic	7	1209	1209	1.0	Unknown taxonomy (chromosome or plasmid)
barcode09_6Gb	contig_9988	6935	7280	qacG_disinfecting_agents_and_antiseptics	7	345	345	1.0	
barcode09_9Gb	contig_1003	3033	3690	QnrVC1_fluoroquinolone_antibiotic	50	657	657	1.0	Unknown taxonomy (chromosome or plasmid)
barcode09_9Gb	contig_1003	5408	5882	dfrA6_diaminopyrimidine_antibiotic	37	474	474	1.0	Unknown taxonomy (chromosome or plasmid)
barcode09_9Gb	contig_1003	6014	6878	GES-1_carbapenem;_cephalosporin;_penam	68	864	864	1.0	Unknown taxonomy (chromosome or plasmid)
barcode09_9Gb	contig_1003	6951	7410	AAC(6')-Il_aminoglycoside_antibiotic	80	459	459	1.0	Unknown taxonomy (chromosome or plasmid)
barcode09_9Gb	contig_1003	12964	13498	ANT(2'')-Ia_aminoglycoside_antibiotic	100	534	534	1.0	Unknown taxonomy (chromosome or plasmid)
barcode09_9Gb	contig_1003	13620	14484	GES-1_carbapenem;_cephalosporin;_penam	117	864	864	1.0	Unknown taxonomy (chromosome or plasmid)
barcode09_9Gb	contig_1003	14557	15016	AAC(6')-Il_aminoglycoside_antibiotic	108	459	459	1.0	Unknown taxonomy (chromosome or plasmid)
barcode09_9Gb	contig_10033	48615	51726	adeB_glycylcycline;_tetracycline_antibiotic	9	3111	3111	1.0	Acinetobacter baumannii (no genomic info)
barcode09_9Gb	contig_10039	58124	59357	Escherichia coli mdfA_tetracycline_antibiotic;_disinfecting_agents_and_antiseptics	30	1233	1233	1.0	
barcode09_9Gb	contig_10039	375280	375655	ramA_fluoroquinolone_antibiotic;_monobactam;_carbapenem;_cephalosporin;_glycylcycline;_cephamycin;_penam;_tetracycline_antibiotic;_rifamycin_antibiotic;_phenicol_antibiotic;_penem;_disinfecting_agents_and_antiseptics	23	375	375	1.0	Enterobacter kobei (no genomic info)
barcode09_9Gb	contig_10039	501289	502483	Enterobacter cloacae acrA_fluoroquinolone_antibiotic;_cephalosporin;_glycylcycline;_penam;_tetracycline_antibiotic;_rifamycin_antibiotic;_phenicol_antibiotic;_disinfecting_agents_and_antiseptics	24	1194	1194	1.0	Enterobacter (chromosome)
barcode09_9Gb	contig_10039	502505	505652	acrB_fluoroquinolone_antibiotic;_cephalosporin;_glycylcycline;_penam;_tetracycline_antibiotic;_rifamycin_antibiotic;_phenicol_antibiotic;_disinfecting_agents_and_antiseptics	27	3147	3147	1.0	Unknown taxonomy (chromosome)
barcode09_9Gb	contig_1004	1538	2195	QnrVC1_fluoroquinolone_antibiotic	40	657	657	1.0	Unknown taxonomy (chromosome or plasmid)
barcode09_9Gb	contig_10073	95857	96679	bacA_peptide_antibiotic	16	822	822	1.0	Unknown taxonomy (chromosome or plasmid)
barcode09_9Gb	contig_10073	119067	120556	TolC_macrolide_antibiotic;_fluoroquinolone_antibiotic;_aminoglycoside_antibiotic;_carbapenem;_cephalosporin;_glycylcycline;_cephamycin;_penam;_tetracycline_antibiotic;_peptide_antibiotic;_aminocoumarin_antibiotic;_rifamycin_antibiotic;_phenicol_antibiotic;_penem;_disinfecting_agents_and_antiseptics	30	1489	1489	1.0	Escherichia coli (chromosome or plasmid)
barcode09_9Gb	contig_10121	75756	77400	YojI_peptide_antibiotic	21	1644	1644	1.0	Escherichia coli (chromosome or plasmid)
barcode09_9Gb	contig_10121	133004	133973	PmrF_peptide_antibiotic	11	969	969	1.0	Unknown taxonomy (chromosome or plasmid)
barcode09_9Gb	contig_10121	136841	138494	ArnT_peptide_antibiotic	9	1653	1653	1.0	Unknown taxonomy (chromosome or plasmid)
barcode09_9Gb	contig_10121	235281	236820	emrY_tetracycline_antibiotic	10	1539	1539	1.0	Unknown taxonomy (chromosome or plasmid)
barcode09_9Gb	contig_10121	236819	237875	emrK_tetracycline_antibiotic	12	1056	1056	1.0	Unknown taxonomy (chromosome or plasmid)
barcode09_9Gb	contig_10121	238398	239013	evgA_macrolide_antibiotic;_fluoroquinolone_antibiotic;_penam;_tetracycline_antibiotic	14	615	615	1.0	Unknown taxonomy (chromosome or plasmid)
barcode09_9Gb	contig_10121	239017	242611	evgS_macrolide_antibiotic;_fluoroquinolone_antibiotic;_penam;_tetracycline_antibiotic	10	3594	3594	1.0	Escherichia coli (chromosome or plasmid)
barcode09_9Gb	contig_10153	5409	6189	APH(3')-VIa_aminoglycoside_antibiotic	38	780	780	1.0	Unknown taxonomy (chromosome or plasmid)
barcode09_9Gb	contig_10153	9070	9850	APH(3')-VIa_aminoglycoside_antibiotic	26	780	780	1.0	Unknown taxonomy (chromosome or plasmid)
barcode09_9Gb	contig_1016	2028	3267	Mrx_macrolide_antibiotic	142	1239	1239	1.0	Unknown taxonomy (chromosome or plasmid)
barcode09_9Gb	contig_1016	3263	4169	mphA_macrolide_antibiotic	149	906	906	1.0	Unknown taxonomy (chromosome or plasmid)
barcode09_9Gb	contig_1016	5145	5961	APH(3')-Ia_aminoglycoside_antibiotic	65	816	816	1.0	Unknown taxonomy (chromosome or plasmid)
barcode09_9Gb	contig_10199	27930	28389	vanY gene in vanB cluster_glycopeptide_antibiotic	13	459	459	1.0	Faecalibacterium prausnitzii (chromosome)
barcode09_9Gb	contig_10211	3253	3979	vanY gene in vanB cluster_glycopeptide_antibiotic	21	726	726	1.0	Roseburia hominis (no genomic info)
barcode09_9Gb	contig_1022	11026	12502	msrE_macrolide_antibiotic;_streptogramin_antibiotic	270	1476	1476	1.0	Unknown taxonomy (chromosome or plasmid)
barcode09_9Gb	contig_1022	12557	13442	mphE_macrolide_antibiotic	310	885	885	1.0	Unknown taxonomy (chromosome or plasmid)
barcode09_9Gb	contig_10239	56138	57398	EreB_macrolide_antibiotic	40	1260	1260	1.0	
barcode09_9Gb	contig_10382	14698	15811	vanT gene in vanG cluster_glycopeptide_antibiotic	18	1113	1113	1.0	
barcode09_9Gb	contig_10406	73124	73766	ramA_fluoroquinolone_antibiotic;_monobactam;_carbapenem;_cephalosporin;_glycylcycline;_cephamycin;_penam;_tetracycline_antibiotic;_rifamycin_antibiotic;_phenicol_antibiotic;_penem;_disinfecting_agents_and_antiseptics	15	642	642	1.0	Enterobacter (chromosome)
barcode09_9Gb	contig_10416	370903	374059	adeF_fluoroquinolone_antibiotic;_tetracycline_antibiotic	22	3156	3156	1.0	
barcode09_9Gb	contig_10430	68048	68543	lnuC_lincosamide_antibiotic	44	495	495	1.0	Unknown taxonomy (chromosome or plasmid)
barcode09_9Gb	contig_10463	2315	3410	vanG_glycopeptide_antibiotic	18	1095	1095	1.0	Unknown taxonomy (chromosome or plasmid)
barcode09_9Gb	contig_10467	2758	3310	tet(W/N/W)_tetracycline_antibiotic	5	552	552	1.0	Unknown taxonomy (chromosome)
barcode09_9Gb	contig_10467	3317	4346	tet(W)_tetracycline_antibiotic	4	1029	1029	1.0	Unknown taxonomy (chromosome or plasmid)
barcode09_9Gb	contig_1048	23393	24230	APH(6)-Id_aminoglycoside_antibiotic	114	837	837	1.0	Unknown taxonomy (chromosome or plasmid)
barcode09_9Gb	contig_10550	3445	4663	vanT gene in vanG cluster_glycopeptide_antibiotic	3	1218	1218	1.0	
barcode09_9Gb	contig_10604	399961	400327	Klebsiella pneumoniae KpnE_macrolide_antibiotic;_aminoglycoside_antibiotic;_cephalosporin;_tetracycline_antibiotic;_peptide_antibiotic;_rifamycin_antibiotic;_disinfecting_agents_and_antiseptics	6	366	366	1.0	Unknown taxonomy (chromosome or plasmid)
barcode09_9Gb	contig_10604	400313	400643	Klebsiella pneumoniae KpnF_macrolide_antibiotic;_aminoglycoside_antibiotic;_cephalosporin;_tetracycline_antibiotic;_peptide_antibiotic;_rifamycin_antibiotic;_disinfecting_agents_and_antiseptics	6	330	330	1.0	Unknown taxonomy (chromosome or plasmid)
barcode09_9Gb	contig_1070	1005	1662	QnrVC1_fluoroquinolone_antibiotic	41	657	657	1.0	Unknown taxonomy (chromosome or plasmid)
barcode09_9Gb	contig_1070	1820	2294	dfrA31_diaminopyrimidine_antibiotic	23	474	474	1.0	Vibrio (chromosome or plasmid)
barcode09_9Gb	contig_1073	102587	103244	QnrVC1_fluoroquinolone_antibiotic	43	657	657	1.0	Unknown taxonomy (chromosome or plasmid)
barcode09_9Gb	contig_1073	103404	104184	aadA_aminoglycoside_antibiotic	24	780	780	1.0	Unknown taxonomy (chromosome or plasmid)
barcode09_9Gb	contig_1073	104933	105227	qacJ_disinfecting_agents_and_antiseptics	20	294	294	1.0	Unknown taxonomy (chromosome or plasmid)
barcode09_9Gb	contig_1082	180	525	qacG_disinfecting_agents_and_antiseptics	23	345	345	1.0	Unknown taxonomy (chromosome or plasmid)
barcode09_9Gb	contig_10831	26879	28385	vanT gene in vanG cluster_glycopeptide_antibiotic	22	1506	1506	1.0	
barcode09_9Gb	contig_10832	11285	13223	vanT gene in vanG cluster_glycopeptide_antibiotic	18	1938	1938	1.0	
barcode09_9Gb	contig_10837	32394	34314	tet(32)_tetracycline_antibiotic	11	1920	1920	1.0	Unknown taxonomy (chromosome or plasmid)
barcode09_9Gb	contig_10842	34506	35229	baeR_aminoglycoside_antibiotic;_aminocoumarin_antibiotic	21	723	723	1.0	Enterobacter kobei (chromosome)
barcode09_9Gb	contig_10842	35225	36629	baeS_aminoglycoside_antibiotic;_aminocoumarin_antibiotic	25	1404	1404	1.0	
barcode09_9Gb	contig_10842	38041	41119	mdtC_aminocoumarin_antibiotic	20	3078	3078	1.0	
barcode09_9Gb	contig_10842	41119	44242	mdtB_aminocoumarin_antibiotic	20	3123	3123	1.0	
barcode09_9Gb	contig_10891	64560	64977	FosA3_phosphonic_acid_antibiotic	4	417	417	1.0	Unknown taxonomy (chromosome or plasmid)
barcode09_9Gb	contig_10936	4119	5280	vanT gene in vanG cluster_glycopeptide_antibiotic	4	1161	1161	1.0	
barcode09_9Gb	contig_11091	93957	94290	qacL_disinfecting_agents_and_antiseptics	18	333	333	1.0	Unknown taxonomy (chromosome or plasmid)
barcode09_9Gb	contig_11091	94363	95152	aadA5_aminoglycoside_antibiotic	9	789	789	1.0	Unknown taxonomy (chromosome or plasmid)
barcode09_9Gb	contig_11099	1152	2016	APH(3'')-Ib_aminoglycoside_antibiotic	69	864	864	1.0	Unknown taxonomy (chromosome or plasmid)
barcode09_9Gb	contig_11099	2015	2852	APH(6)-Id_aminoglycoside_antibiotic	84	837	837	1.0	Unknown taxonomy (chromosome or plasmid)
barcode09_9Gb	contig_11182	3593	4457	aadS_aminoglycoside_antibiotic	31	864	864	1.0	Unknown taxonomy (chromosome or plasmid)
barcode09_9Gb	contig_11182	8858	9728	tet(36)_tetracycline_antibiotic	6	870	870	1.0	
barcode09_9Gb	contig_11258	5258	7178	tet(W)_tetracycline_antibiotic	17	1920	1920	1.0	Unknown taxonomy (chromosome or plasmid)
barcode09_9Gb	contig_11316	1397	2252	ACI-1_cephalosporin;_penam;_penem	6	855	855	1.0	
barcode09_9Gb	contig_11353	145015	146782	Haemophilus influenzae PBP3 conferring resistance to beta-lactam antibiotics_cephalosporin;_cephamycin;_penam	35	1767	1767	1.0	Enterobacter kobei (chromosome or plasmid)
barcode09_9Gb	contig_11353	152944	153967	leuO_nucleoside_antibiotic;_disinfecting_agents_and_antiseptics	33	1023	1023	1.0	Enterobacter kobei (chromosome)
barcode09_9Gb	contig_11353	345286	345712	FosA2_phosphonic_acid_antibiotic	30	426	426	1.0	Enterobacter kobei (chromosome)
barcode09_9Gb	contig_11446	0	729	tet(O)_tetracycline_antibiotic	16	729	729	1.0	Unknown taxonomy (chromosome or plasmid)
barcode09_9Gb	contig_1150	15947	17135	tet(39)_tetracycline_antibiotic	66	1188	1188	1.0	Unknown taxonomy (plasmid)
barcode09_9Gb	contig_11560	73513	74503	vanH gene in vanB cluster_glycopeptide_antibiotic	23	990	990	1.0	
barcode09_9Gb	contig_11571	29664	30657	vanH gene in vanB cluster_glycopeptide_antibiotic	10	993	993	1.0	
barcode09_9Gb	contig_11623	85198	85453	rsmA_fluoroquinolone_antibiotic;_diaminopyrimidine_antibiotic;_phenicol_antibiotic	16	255	255	1.0	
barcode09_9Gb	contig_1166	105	762	QnrVC1_fluoroquinolone_antibiotic	20	657	657	1.0	Unknown taxonomy (chromosome or plasmid)
barcode09_9Gb	contig_1167	17875	18757	KPC-2_monobactam;_carbapenem;_cephalosporin;_penam	713	882	882	1.0	Unknown taxonomy (chromosome or plasmid)
barcode09_9Gb	contig_11671	14770	15901	vanT gene in vanG cluster_glycopeptide_antibiotic	6	1131	1131	1.0	
barcode09_9Gb	contig_11704	108148	111286	adeF_fluoroquinolone_antibiotic;_tetracycline_antibiotic	29	3138	3138	1.0	
barcode09_9Gb	contig_11751	7065	9747	tet(36)_tetracycline_antibiotic	13	2682	2682	1.0	
barcode09_9Gb	contig_11880	3649	4843	Shigella flexneri acrA_fluoroquinolone_antibiotic;_cephalosporin;_glycylcycline;_penam;_tetracycline_antibiotic;_rifamycin_antibiotic;_phenicol_antibiotic;_disinfecting_agents_and_antiseptics	13	1194	1194	1.0	Unknown taxonomy (chromosome)
barcode09_9Gb	contig_11938	160779	162183	baeS_aminoglycoside_antibiotic;_aminocoumarin_antibiotic	15	1404	1404	1.0	
barcode09_9Gb	contig_11938	163595	166673	mdtC_aminocoumarin_antibiotic	16	3078	3078	1.0	
barcode09_9Gb	contig_12024	8883	9396	vanW gene in vanI cluster_glycopeptide_antibiotic	5	513	513	1.0	
barcode09_9Gb	contig_12082	1574	2048	dfrA14_diaminopyrimidine_antibiotic	18	474	474	1.0	Unknown taxonomy (chromosome or plasmid)
barcode09_9Gb	contig_12082	2082	2898	aadA_aminoglycoside_antibiotic	21	816	816	1.0	Unknown taxonomy (chromosome or plasmid)
barcode09_9Gb	contig_12197	19908	21585	vanW gene in vanI cluster_glycopeptide_antibiotic	6	1677	1677	1.0	Roseburia hominis (no genomic info)
barcode09_9Gb	contig_12208	6970	8044	OmpA_peptide_antibiotic	4	1074	1074	1.0	Klebsiella quasipneumoniae (chromosome or plasmid)
barcode09_9Gb	contig_12318	17833	18511	kdpE_aminoglycoside_antibiotic	6	678	678	1.0	Unknown taxonomy (chromosome or plasmid)
barcode09_9Gb	contig_12413	169	997	OXA-253_carbapenem;_penam	58	828	828	1.0	Acinetobacter baumannii (chromosome)
barcode09_9Gb	contig_1245	218	1079	TEM-1_monobactam;_cephalosporin;_penam;_penem	15	861	861	1.0	Unknown taxonomy (chromosome or plasmid)
barcode09_9Gb	contig_12452	79104	79440	qacG_disinfecting_agents_and_antiseptics	12	336	336	1.0	
barcode09_9Gb	contig_1252	66309	66564	rsmA_fluoroquinolone_antibiotic;_diaminopyrimidine_antibiotic;_phenicol_antibiotic	478	255	255	1.0	
barcode09_9Gb	contig_12614	9753	10080	Escherichia coli soxS with mutation conferring antibiotic resistance_fluoroquinolone_antibiotic;_monobactam;_carbapenem;_cephalosporin;_glycylcycline;_cephamycin;_penam;_tetracycline_antibiotic;_rifamycin_antibiotic;_phenicol_antibiotic;_penem;_disinfecting_agents_and_antiseptics	10	327	327	1.0	
barcode09_9Gb	contig_12627	10389	10719	Klebsiella pneumoniae KpnF_macrolide_antibiotic;_aminoglycoside_antibiotic;_cephalosporin;_tetracycline_antibiotic;_peptide_antibiotic;_rifamycin_antibiotic;_disinfecting_agents_and_antiseptics	9	330	330	1.0	Enterobacter asburiae (chromosome)
barcode09_9Gb	contig_1267	530	1373	OXA-58_carbapenem;_penam	29	843	843	1.0	Unknown taxonomy (chromosome or plasmid)
barcode09_9Gb	contig_1267	6493	7969	msrE_macrolide_antibiotic;_streptogramin_antibiotic	155	1476	1476	1.0	Unknown taxonomy (chromosome or plasmid)
barcode09_9Gb	contig_1267	8024	8909	mphE_macrolide_antibiotic	146	885	885	1.0	Unknown taxonomy (chromosome or plasmid)
barcode09_9Gb	contig_1272	348	1176	OXA-2_carbapenem;_cephalosporin;_penam	28	828	828	1.0	Unknown taxonomy (chromosome or plasmid)
barcode09_9Gb	contig_1272	1257	1908	AAC(6')-Ib9_aminoglycoside_antibiotic	34	651	651	1.0	Unknown taxonomy (chromosome or plasmid)
barcode09_9Gb	contig_1272	1949	2813	GES-1_carbapenem;_cephalosporin;_penam	53	864	864	1.0	Unknown taxonomy (chromosome or plasmid)
barcode09_9Gb	contig_1275	9510	9963	arr-3_rifamycin_antibiotic	123	453	453	1.0	Unknown taxonomy (chromosome or plasmid)
barcode09_9Gb	contig_1275	10068	10656	AAC(6')-Ib9_aminoglycoside_antibiotic	115	588	588	1.0	Unknown taxonomy (chromosome or plasmid)
barcode09_9Gb	contig_1275	11165	12005	sul1_sulfonamide_antibiotic	165	840	840	1.0	Unknown taxonomy (chromosome or plasmid)
barcode09_9Gb	contig_1275	111725	112676	AAC(3)-IIe_aminoglycoside_antibiotic	47	951	951	1.0	Acinetobacter baumannii (chromosome or plasmid)
barcode09_9Gb	contig_1275	112727	113588	TEM-1_monobactam;_cephalosporin;_penam;_penem	54	861	861	1.0	Unknown taxonomy (chromosome or plasmid)
barcode09_9Gb	contig_12812	10108	11623	aadT_macrolide_antibiotic;_tetracycline_antibiotic;_disinfecting_agents_and_antiseptics	21	1515	1515	1.0	
barcode09_9Gb	contig_12839	14164	14500	qacG_disinfecting_agents_and_antiseptics	10	336	336	1.0	
barcode09_9Gb	contig_12856	28935	29568	CRP_macrolide_antibiotic;_fluoroquinolone_antibiotic;_penam	48	633	633	1.0	Enterobacter (chromosome or plasmid)
barcode09_9Gb	contig_12856	104003	105659	ArnT_peptide_antibiotic	36	1656	1656	1.0	Enterobacter kobei (chromosome)
barcode09_9Gb	contig_12856	108533	109517	PmrF_peptide_antibiotic	37	984	984	1.0	
barcode09_9Gb	contig_12879	1388	2216	OXA-2_carbapenem;_cephalosporin;_penam	18	828	828	1.0	Escherichia coli (chromosome or plasmid)
barcode09_9Gb	contig_12879	2252	3044	aadA_aminoglycoside_antibiotic	10	792	792	1.0	Unknown taxonomy (chromosome or plasmid)
barcode09_9Gb	contig_12879	3120	3948	OXA-2_carbapenem;_cephalosporin;_penam	9	828	828	1.0	Unknown taxonomy (chromosome or plasmid)
barcode09_9Gb	contig_12879	4083	4305	qacJ_disinfecting_agents_and_antiseptics	4	222	222	1.0	Unknown taxonomy (chromosome or plasmid)
barcode09_9Gb	contig_12977	1880	2963	oqxA_fluoroquinolone_antibiotic;_glycylcycline;_tetracycline_antibiotic;_diaminopyrimidine_antibiotic;_nitrofuran_antibiotic	5	1083	1083	1.0	Klebsiella (chromosome or plasmid)
barcode09_9Gb	contig_12977	3213	5475	adeF_fluoroquinolone_antibiotic;_tetracycline_antibiotic	6	2262	2262	1.0	Klebsiella quasipneumoniae (chromosome or plasmid)
barcode09_9Gb	contig_1303	1716	2316	AAC(6')-Ib-cr6_fluoroquinolone_antibiotic;_aminoglycoside_antibiotic	41	600	600	1.0	Unknown taxonomy (chromosome or plasmid)
barcode09_9Gb	contig_1303	2446	3277	OXA-1_cephalosporin;_penam	31	831	831	1.0	Unknown taxonomy (chromosome or plasmid)
barcode09_9Gb	contig_1303	3414	4047	catB3_phenicol_antibiotic	19	633	633	1.0	Unknown taxonomy (chromosome or plasmid)
barcode09_9Gb	contig_13055	971	1856	mphE_macrolide_antibiotic	218	885	885	1.0	Unknown taxonomy (chromosome or plasmid)
barcode09_9Gb	contig_13055	1911	3387	msrE_macrolide_antibiotic;_streptogramin_antibiotic	168	1476	1476	1.0	Unknown taxonomy (chromosome or plasmid)
barcode09_9Gb	contig_13086	1737	2532	OXA-504_penam	91	795	795	1.0	Aeromonas caviae (chromosome)
barcode09_9Gb	contig_13161	16958	17144	rsmA_fluoroquinolone_antibiotic;_diaminopyrimidine_antibiotic;_phenicol_antibiotic	10	186	186	1.0	Unknown taxonomy (chromosome or plasmid)
barcode09_9Gb	contig_13161	25171	26710	emrB_fluoroquinolone_antibiotic	9	1539	1539	1.0	Klebsiella michiganensis (chromosome or plasmid)
barcode09_9Gb	contig_13161	26725	27898	Klebsiella pneumoniae KpnG_macrolide_antibiotic;_fluoroquinolone_antibiotic;_aminoglycoside_antibiotic;_carbapenem;_cephalosporin;_penam;_peptide_antibiotic;_penem	7	1173	1173	1.0	Klebsiella michiganensis (chromosome)
barcode09_9Gb	contig_13161	28030	28561	emrR_fluoroquinolone_antibiotic	7	531	531	1.0	Klebsiella michiganensis (chromosome)
barcode09_9Gb	contig_1317	26432	27623	tet(C)_tetracycline_antibiotic	64	1191	1191	1.0	Unknown taxonomy (chromosome or plasmid)
barcode09_9Gb	contig_13194	50864	51497	CRP_macrolide_antibiotic;_fluoroquinolone_antibiotic;_penam	10	633	633	1.0	Citrobacter (chromosome)
barcode09_9Gb	contig_13200	4161	5796	vanY gene in vanM cluster_glycopeptide_antibiotic	3	1635	1635	1.0	
barcode09_9Gb	contig_1325	51106	52411	Acinetobacter baumannii AbaQ_fluoroquinolone_antibiotic	28	1305	1305	1.0	
barcode09_9Gb	contig_13425	712634	713633	vanH gene in vanB cluster_glycopeptide_antibiotic	13	999	999	1.0	
barcode09_9Gb	contig_13516	112224	112584	qacJ_disinfecting_agents_and_antiseptics	13	360	360	1.0	
barcode09_9Gb	contig_13554	34100	37328	acrB_fluoroquinolone_antibiotic;_cephalosporin;_glycylcycline;_penam;_tetracycline_antibiotic;_rifamycin_antibiotic;_phenicol_antibiotic;_disinfecting_agents_and_antiseptics	10	3228	3228	1.0	Enterobacter (chromosome)
barcode09_9Gb	contig_13554	37350	38544	Enterobacter cloacae acrA_fluoroquinolone_antibiotic;_cephalosporin;_glycylcycline;_penam;_tetracycline_antibiotic;_rifamycin_antibiotic;_phenicol_antibiotic;_disinfecting_agents_and_antiseptics	11	1194	1194	1.0	Enterobacter (chromosome)
barcode09_9Gb	contig_13652	86626	88060	vanW gene in vanI cluster_glycopeptide_antibiotic	6	1434	1434	1.0	
barcode09_9Gb	contig_1368	24	477	arr-3_rifamycin_antibiotic	16	453	453	1.0	Unknown taxonomy (chromosome or plasmid)
barcode09_9Gb	contig_1368	699	1047	qacEdelta1_disinfecting_agents_and_antiseptics	36	348	348	1.0	Unknown taxonomy (chromosome or plasmid)
barcode09_9Gb	contig_1368	1040	1880	sul1_sulfonamide_antibiotic	33	840	840	1.0	Unknown taxonomy (chromosome or plasmid)
barcode09_9Gb	contig_1368	4161	5088	PER-3_monobactam;_carbapenem;_cephalosporin;_penam;_penem	14	927	927	1.0	Unknown taxonomy (chromosome or plasmid)
barcode09_9Gb	contig_1368	10033	10873	sul1_sulfonamide_antibiotic	48	840	840	1.0	Unknown taxonomy (chromosome or plasmid)
barcode09_9Gb	contig_13744	13011	14217	Mef(En2)_macrolide_antibiotic;_lincosamide_antibiotic	34	1206	1206	1.0	Unknown taxonomy (chromosome)
barcode09_9Gb	contig_13751	1747	2011	rsmA_fluoroquinolone_antibiotic;_diaminopyrimidine_antibiotic;_phenicol_antibiotic	7	264	264	1.0	
barcode09_9Gb	contig_13808	4068	5427	vanW gene in vanI cluster_glycopeptide_antibiotic	3	1359	1359	1.0	
barcode09_9Gb	contig_1391	827	2471	MCR-5.1_peptide_antibiotic	8	1644	1644	1.0	Unknown taxonomy (chromosome or plasmid)
barcode09_9Gb	contig_1408	21051	21651	AAC(6')-Ib-cr6_fluoroquinolone_antibiotic;_aminoglycoside_antibiotic	103	600	600	1.0	Unknown taxonomy (chromosome or plasmid)
barcode09_9Gb	contig_1408	21781	22612	OXA-1_cephalosporin;_penam	111	831	831	1.0	Unknown taxonomy (chromosome or plasmid)
barcode09_9Gb	contig_1408	22749	23382	catB3_phenicol_antibiotic	104	633	633	1.0	Unknown taxonomy (chromosome or plasmid)
barcode09_9Gb	contig_1408	23466	23919	arr-3_rifamycin_antibiotic	105	453	453	1.0	Unknown taxonomy (chromosome or plasmid)
barcode09_9Gb	contig_1408	24141	24489	qacEdelta1_disinfecting_agents_and_antiseptics	138	348	348	1.0	Unknown taxonomy (chromosome or plasmid)
barcode09_9Gb	contig_1408	24482	25322	sul1_sulfonamide_antibiotic	150	840	840	1.0	Unknown taxonomy (chromosome or plasmid)
barcode09_9Gb	contig_14101	497	1379	KPC-2_monobactam;_carbapenem;_cephalosporin;_penam	170	882	882	1.0	Unknown taxonomy (chromosome or plasmid)
barcode09_9Gb	contig_14224	13598	14786	vanT gene in vanG cluster_glycopeptide_antibiotic	10	1188	1188	1.0	
barcode09_9Gb	contig_14232	0	1632	vanY gene in vanM cluster_glycopeptide_antibiotic	3	1632	1632	1.0	
barcode09_9Gb	contig_1433	1740	2625	mphE_macrolide_antibiotic	341	885	885	1.0	Unknown taxonomy (chromosome or plasmid)
barcode09_9Gb	contig_1433	2680	4156	msrE_macrolide_antibiotic;_streptogramin_antibiotic	290	1476	1476	1.0	Unknown taxonomy (chromosome or plasmid)
barcode09_9Gb	contig_1456	6765	7608	OXA-58_carbapenem;_penam	20	843	843	1.0	Unknown taxonomy (chromosome or plasmid)
barcode09_9Gb	contig_1456	10254	11769	aadT_macrolide_antibiotic;_tetracycline_antibiotic;_disinfecting_agents_and_antiseptics	12	1515	1515	1.0	
barcode09_9Gb	contig_1456	20109	20925	sul2_sulfonamide_antibiotic	73	816	816	1.0	Unknown taxonomy (chromosome or plasmid)
barcode09_9Gb	contig_1456	25909	27385	msrE_macrolide_antibiotic;_streptogramin_antibiotic	117	1476	1476	1.0	Unknown taxonomy (chromosome or plasmid)
barcode09_9Gb	contig_1456	27440	28325	mphE_macrolide_antibiotic	104	885	885	1.0	Unknown taxonomy (chromosome or plasmid)
barcode09_9Gb	contig_14595	0	684	vanY gene in vanB cluster_glycopeptide_antibiotic	9	684	684	1.0	Roseburia hominis (no genomic info)
barcode09_9Gb	contig_1463	6431	7247	APH(3')-Ia_aminoglycoside_antibiotic	48	816	816	1.0	Unknown taxonomy (chromosome or plasmid)
barcode09_9Gb	contig_1463	144044	145235	tet(C)_tetracycline_antibiotic	74	1191	1191	1.0	Unknown taxonomy (chromosome or plasmid)
barcode09_9Gb	contig_1463	148361	149021	catA1_phenicol_antibiotic	25	660	660	1.0	Unknown taxonomy (chromosome or plasmid)
barcode09_9Gb	contig_1463	155645	156155	dfrA8_diaminopyrimidine_antibiotic	22	510	510	1.0	Unknown taxonomy (chromosome or plasmid)
barcode09_9Gb	contig_1463	159008	159581	ANT(2'')-Ia_aminoglycoside_antibiotic	18	573	573	1.0	Providencia heimbachae (chromosome or plasmid)
barcode09_9Gb	contig_1463	161802	162135	qacJ_disinfecting_agents_and_antiseptics	16	333	333	1.0	Unknown taxonomy (chromosome or plasmid)
barcode09_9Gb	contig_1463	163211	163559	qacEdelta1_disinfecting_agents_and_antiseptics	35	348	348	1.0	Unknown taxonomy (chromosome or plasmid)
barcode09_9Gb	contig_1463	163552	164392	sul1_sulfonamide_antibiotic	24	840	840	1.0	Unknown taxonomy (chromosome or plasmid)
barcode09_9Gb	contig_1464	1053	1863	ErmB_macrolide_antibiotic;_lincosamide_antibiotic;_streptogramin_antibiotic;_streptogramin_A_antibiotic;_streptogramin_B_antibiotic	14	810	810	1.0	Escherichia coli (chromosome or plasmid)
barcode09_9Gb	contig_14679	264589	265762	vanT gene in vanG cluster_glycopeptide_antibiotic	11	1173	1173	1.0	
barcode09_9Gb	contig_1472	106	499	qacJ_disinfecting_agents_and_antiseptics	16	393	393	1.0	Unknown taxonomy (chromosome or plasmid)
barcode09_9Gb	contig_1492	10	856	aadA16_aminoglycoside_antibiotic	12	846	846	1.0	Unknown taxonomy (chromosome or plasmid)
barcode09_9Gb	contig_1492	1014	1647	catB3_phenicol_antibiotic	12	633	633	1.0	Unknown taxonomy (chromosome or plasmid)
barcode09_9Gb	contig_1492	1708	2536	OXA-21_cephalosporin;_penam	10	828	828	1.0	Unknown taxonomy (chromosome or plasmid)
barcode09_9Gb	contig_1492	2605	3160	AAC(6')-IIa_aminoglycoside_antibiotic	25	555	555	1.0	Unknown taxonomy (chromosome or plasmid)
barcode09_9Gb	contig_1495	89003	89684	QnrB13_fluoroquinolone_antibiotic	10	681	681	1.0	Citrobacter portucalensis (chromosome or plasmid)
barcode09_9Gb	contig_14951	11176	12364	tet(39)_tetracycline_antibiotic	76	1188	1188	1.0	Unknown taxonomy (plasmid)
barcode09_9Gb	contig_14960	75189	76410	mdtG_phosphonic_acid_antibiotic	11	1221	1221	1.0	Citrobacter portucalensis (chromosome)
barcode09_9Gb	contig_15000	2747	3197	ANT(3'')-IIb_aminoglycoside_antibiotic	4	450	450	1.0	Acinetobacter johnsonii (no genomic info)
barcode09_9Gb	contig_15060	2	536	vanY gene in vanB cluster_glycopeptide_antibiotic	3	534	534	1.0	
barcode09_9Gb	contig_15131	31270	32383	vanW gene in vanI cluster_glycopeptide_antibiotic	4	1113	1113	1.0	
barcode09_9Gb	contig_15324	1401	2229	OXA-2_carbapenem;_cephalosporin;_penam	11	828	828	1.0	Unknown taxonomy (chromosome or plasmid)
barcode09_9Gb	contig_15324	2364	2712	qacEdelta1_disinfecting_agents_and_antiseptics	24	348	348	1.0	Unknown taxonomy (chromosome or plasmid)
barcode09_9Gb	contig_15324	2705	3545	sul1_sulfonamide_antibiotic	28	840	840	1.0	Unknown taxonomy (chromosome or plasmid)
barcode09_9Gb	contig_15324	5661	6852	tet(C)_tetracycline_antibiotic	42	1191	1191	1.0	Unknown taxonomy (chromosome or plasmid)
barcode09_9Gb	contig_15445	3284	3617	qacJ_disinfecting_agents_and_antiseptics	9	333	333	1.0	
barcode09_9Gb	contig_15500	1818	2556	ErmB_macrolide_antibiotic;_lincosamide_antibiotic;_streptogramin_antibiotic;_streptogramin_A_antibiotic;_streptogramin_B_antibiotic	22	738	738	1.0	Unknown taxonomy (chromosome or plasmid)
barcode09_9Gb	contig_15529	12230	13769	Klebsiella pneumoniae KpnH_macrolide_antibiotic;_fluoroquinolone_antibiotic;_aminoglycoside_antibiotic;_carbapenem;_cephalosporin;_penam;_peptide_antibiotic;_penem	9	1539	1539	1.0	Klebsiella quasipneumoniae (chromosome or plasmid)
barcode09_9Gb	contig_15533	7354	7678	Escherichia coli soxS with mutation conferring antibiotic resistance_fluoroquinolone_antibiotic;_monobactam;_carbapenem;_cephalosporin;_glycylcycline;_cephamycin;_penam;_tetracycline_antibiotic;_rifamycin_antibiotic;_phenicol_antibiotic;_penem;_disinfecting_agents_and_antiseptics	8	324	324	1.0	Citrobacter (chromosome)
barcode09_9Gb	contig_15534	1491	1815	Escherichia coli soxS with mutation conferring antibiotic resistance_fluoroquinolone_antibiotic;_monobactam;_carbapenem;_cephalosporin;_glycylcycline;_cephamycin;_penam;_tetracycline_antibiotic;_rifamycin_antibiotic;_phenicol_antibiotic;_penem;_disinfecting_agents_and_antiseptics	7	324	324	1.0	Citrobacter (chromosome)
barcode09_9Gb	contig_15537	1432	2056	catS_phenicol_antibiotic	11	624	624	1.0	Parvimonas micra (chromosome)
barcode09_9Gb	contig_15538	3103	3598	dfrF_diaminopyrimidine_antibiotic	29	495	495	1.0	Unknown taxonomy (chromosome or plasmid)
barcode09_9Gb	contig_1566	328	862	ANT(2'')-Ia_aminoglycoside_antibiotic	32	534	534	1.0	Unknown taxonomy (chromosome or plasmid)
barcode09_9Gb	contig_1566	1006	1906	VEB-1_monobactam;_cephalosporin	42	900	900	1.0	Unknown taxonomy (chromosome or plasmid)
barcode09_9Gb	contig_15660	37644	39057	vanW gene in vanI cluster_glycopeptide_antibiotic	11	1413	1413	1.0	
barcode09_9Gb	contig_15666	41172	42726	vanW gene in vanI cluster_glycopeptide_antibiotic	7	1554	1554	1.0	
barcode09_9Gb	contig_1585	255503	256688	Escherichia coli EF-Tu mutants conferring resistance to Pulvomycin_elfamycin_antibiotic	30	1185	1185	1.0	Citrobacter (chromosome or plasmid)
barcode09_9Gb	contig_1585	275002	275635	CRP_macrolide_antibiotic;_fluoroquinolone_antibiotic;_penam	6	633	633	1.0	Klebsiella (chromosome)
barcode09_9Gb	contig_15870	532	1342	ErmB_macrolide_antibiotic;_lincosamide_antibiotic;_streptogramin_antibiotic;_streptogramin_A_antibiotic;_streptogramin_B_antibiotic	12	810	810	1.0	Escherichia coli (chromosome or plasmid)
barcode09_9Gb	contig_15916	6052	6853	OXA-10_cephalosporin;_penam	8	801	801	1.0	Unknown taxonomy (chromosome or plasmid)
barcode09_9Gb	contig_16033	2177	2501	qacG_disinfecting_agents_and_antiseptics	3	324	324	1.0	
barcode09_9Gb	contig_1615	1739	2624	mphE_macrolide_antibiotic	351	885	885	1.0	Unknown taxonomy (chromosome or plasmid)
barcode09_9Gb	contig_1615	2679	4155	msrE_macrolide_antibiotic;_streptogramin_antibiotic	311	1476	1476	1.0	Unknown taxonomy (chromosome or plasmid)
barcode09_9Gb	contig_1617	19350	20667	Acinetobacter baumannii AbaQ_fluoroquinolone_antibiotic	14	1317	1317	1.0	
barcode09_9Gb	contig_16207	7461	8538	vanT gene in vanG cluster_glycopeptide_antibiotic	5	1077	1077	1.0	
barcode09_9Gb	contig_16263	1231	3748	vanT gene in vanG cluster_glycopeptide_antibiotic	10	2517	2517	1.0	
barcode09_9Gb	contig_16525	1182	1611	FosA8_phosphonic_acid_antibiotic	3	429	429	1.0	Enterobacter asburiae (chromosome)
barcode09_9Gb	contig_16526	100326	100752	FosA2_phosphonic_acid_antibiotic	8	426	426	1.0	Enterobacter (chromosome)
barcode09_9Gb	contig_16558	6035	6437	FosH_phosphonic_acid_antibiotic	4	402	402	1.0	
barcode09_9Gb	contig_16673	48662	48992	qacG_disinfecting_agents_and_antiseptics	12	330	330	1.0	
barcode09_9Gb	contig_1672	95923	96767	OXA-58_carbapenem;_penam	32	844	844	1.0	Unknown taxonomy (chromosome or plasmid)
barcode09_9Gb	contig_16919	827	2063	vanW gene in vanI cluster_glycopeptide_antibiotic	11	1236	1236	1.0	
barcode09_9Gb	contig_16953	127831	130945	acrD_aminoglycoside_antibiotic	10	3114	3114	1.0	
barcode09_9Gb	contig_17096	11964	12780	RSD2-2_carbapenem;_cephalosporin	14	816	816	1.0	
barcode09_9Gb	contig_17096	14503	15319	sul2_sulfonamide_antibiotic	15	816	816	1.0	Unknown taxonomy (chromosome or plasmid)
barcode09_9Gb	contig_17096	19688	20909	EreA_macrolide_antibiotic	7	1221	1221	1.0	Unknown taxonomy (chromosome or plasmid)
barcode09_9Gb	contig_1711	9184	10384	tet(A)_tetracycline_antibiotic	24	1200	1200	1.0	Unknown taxonomy (chromosome or plasmid)
barcode09_9Gb	contig_17119	1016	1649	CRP_macrolide_antibiotic;_fluoroquinolone_antibiotic;_penam	11	633	633	1.0	Klebsiella pneumoniae (chromosome)
barcode09_9Gb	contig_1725	82020	83412	Escherichia coli UhpT with mutation conferring resistance to fosfomycin_phosphonic_acid_antibiotic	23	1392	1392	1.0	Citrobacter portucalensis (chromosome or plasmid)
barcode09_9Gb	contig_17324	227062	228181	mdeA_fluoroquinolone_antibiotic;_aminoglycoside_antibiotic;_penam;_tetracycline_antibiotic;_disinfecting_agents_and_antiseptics	6	1119	1119	1.0	
barcode09_9Gb	contig_17328	4	952	leuO_nucleoside_antibiotic;_disinfecting_agents_and_antiseptics	4	948	948	1.0	Citrobacter freundii (chromosome)
barcode09_9Gb	contig_17457	340	592	qacJ_disinfecting_agents_and_antiseptics	8	252	252	1.0	Unknown taxonomy (chromosome or plasmid)
barcode09_9Gb	contig_17457	748	1381	catB3_phenicol_antibiotic	6	633	633	1.0	Unknown taxonomy (chromosome or plasmid)
barcode09_9Gb	contig_17457	2139	3531	aadA16_aminoglycoside_antibiotic	8	1392	1392	1.0	Unknown taxonomy (chromosome or plasmid)
barcode09_9Gb	contig_17495	7619	8807	tet(39)_tetracycline_antibiotic	14	1188	1188	1.0	Unknown taxonomy (plasmid)
barcode09_9Gb	contig_17562	21304	22195	CblA-1_cephalosporin	9	891	891	1.0	Phocaeicola dorei (no genomic info)
barcode09_9Gb	contig_1764	1066	1897	aadA7_aminoglycoside_antibiotic	9	831	831	1.0	Salmonella enterica (chromosome or plasmid)
barcode09_9Gb	contig_1764	2382	2715	qacL_disinfecting_agents_and_antiseptics	19	333	333	1.0	Unknown taxonomy (chromosome or plasmid)
barcode09_9Gb	contig_1764	2959	3541	AAC(6')-IIc_aminoglycoside_antibiotic	11	582	582	1.0	Unknown taxonomy (chromosome or plasmid)
barcode09_9Gb	contig_1764	3680	4544	GES-5_carbapenem;_cephalosporin;_penam	21	864	864	1.0	Unknown taxonomy (chromosome or plasmid)
barcode09_9Gb	contig_1765	16988	18464	msrE_macrolide_antibiotic;_streptogramin_antibiotic	132	1476	1476	1.0	Unknown taxonomy (chromosome or plasmid)
barcode09_9Gb	contig_1765	18519	19404	mphE_macrolide_antibiotic	94	885	885	1.0	Unknown taxonomy (chromosome or plasmid)
barcode09_9Gb	contig_17675	38637	38982	qacG_disinfecting_agents_and_antiseptics	3	345	345	1.0	
barcode09_9Gb	contig_17704	32173	32518	qacG_disinfecting_agents_and_antiseptics	6	345	345	1.0	
barcode09_9Gb	contig_1772	332	1172	sul1_sulfonamide_antibiotic	28	840	840	1.0	Unknown taxonomy (chromosome or plasmid)
barcode09_9Gb	contig_1772	1165	1513	qacEdelta1_disinfecting_agents_and_antiseptics	34	348	348	1.0	Unknown taxonomy (chromosome or plasmid)
barcode09_9Gb	contig_1772	1718	2507	aadA5_aminoglycoside_antibiotic	20	789	789	1.0	Unknown taxonomy (chromosome or plasmid)
barcode09_9Gb	contig_1772	2637	3237	dfrA17_diaminopyrimidine_antibiotic	20	600	600	1.0	Unknown taxonomy (chromosome or plasmid)
barcode09_9Gb	contig_17727	1678	2791	vanG_glycopeptide_antibiotic	13	1113	1113	1.0	Citrobacter portucalensis (chromosome or plasmid)
barcode09_9Gb	contig_17729	7692	8790	vanG_glycopeptide_antibiotic	7	1098	1098	1.0	Klebsiella (chromosome)
barcode09_9Gb	contig_17731	11691	12126	Escherichia coli AcrAB-TolC with MarR mutations conferring resistance to ciprofloxacin and tetracycline_fluoroquinolone_antibiotic;_cephalosporin;_glycylcycline;_penam;_tetracycline_antibiotic;_rifamycin_antibiotic;_phenicol_antibiotic;_disinfecting_agents_and_antiseptics	4	435	435	1.0	Citrobacter freundii (chromosome)
barcode09_9Gb	contig_17731	12144	12528	marA_fluoroquinolone_antibiotic;_monobactam;_carbapenem;_cephalosporin;_glycylcycline;_cephamycin;_penam;_tetracycline_antibiotic;_rifamycin_antibiotic;_phenicol_antibiotic;_penem;_disinfecting_agents_and_antiseptics	3	384	384	1.0	Citrobacter freundii (chromosome)
barcode09_9Gb	contig_17807	6952	7297	qacG_disinfecting_agents_and_antiseptics	7	345	345	1.0	
barcode09_9Gb	contig_17898	38652	40044	Escherichia coli UhpT with mutation conferring resistance to fosfomycin_phosphonic_acid_antibiotic	8	1392	1392	1.0	Klebsiella michiganensis (chromosome)
barcode09_9Gb	contig_17907	15554	17303	msbA_nitroimidazole_antibiotic	11	1749	1749	1.0	Unknown taxonomy (chromosome)
barcode09_9Gb	contig_17907	155137	156364	mdtG_phosphonic_acid_antibiotic	11	1227	1227	1.0	Unknown taxonomy (chromosome or plasmid)
barcode09_9Gb	contig_17907	164995	166204	mdtH_fluoroquinolone_antibiotic	8	1209	1209	1.0	Escherichia coli (chromosome or plasmid)
barcode09_9Gb	contig_17954	3217	5683	vanT gene in vanG cluster_glycopeptide_antibiotic	7	2466	2466	1.0	
barcode09_9Gb	contig_17994	50011	50266	rsmA_fluoroquinolone_antibiotic;_diaminopyrimidine_antibiotic;_phenicol_antibiotic	58	255	255	1.0	
barcode09_9Gb	contig_18045	37050	38175	vanT gene in vanG cluster_glycopeptide_antibiotic	7	1125	1125	1.0	
barcode09_9Gb	contig_18128	28129	28852	baeR_aminoglycoside_antibiotic;_aminocoumarin_antibiotic	3	723	723	1.0	Citrobacter freundii (chromosome)
barcode09_9Gb	contig_18173	70627	73750	adeF_fluoroquinolone_antibiotic;_tetracycline_antibiotic	17	3123	3123	1.0	
barcode09_9Gb	contig_18326	1455	1704	rsmA_fluoroquinolone_antibiotic;_diaminopyrimidine_antibiotic;_phenicol_antibiotic	4	249	249	1.0	
barcode09_9Gb	contig_1845	14805	15585	aadA_aminoglycoside_antibiotic	26	780	780	1.0	Unknown taxonomy (chromosome or plasmid)
barcode09_9Gb	contig_1845	15613	16453	sul1_sulfonamide_antibiotic	47	840	840	1.0	Unknown taxonomy (chromosome or plasmid)
barcode09_9Gb	contig_18455	2459	4007	emrB_fluoroquinolone_antibiotic	6	1548	1548	1.0	Enterobacter hormaechei (chromosome or plasmid)
barcode09_9Gb	contig_18455	5326	5857	emrR_fluoroquinolone_antibiotic	4	531	531	1.0	Enterobacter (chromosome or plasmid)
barcode09_9Gb	contig_18464	4994	6203	vanT gene in vanG cluster_glycopeptide_antibiotic	4	1209	1209	1.0	
barcode09_9Gb	contig_1849	1255	1714	AAC(6')-Il_aminoglycoside_antibiotic	62	459	459	1.0	Unknown taxonomy (chromosome or plasmid)
barcode09_9Gb	contig_1849	1787	2651	GES-1_carbapenem;_cephalosporin;_penam	65	864	864	1.0	Unknown taxonomy (chromosome or plasmid)
barcode09_9Gb	contig_1855	43827	44628	OXA-205_penam	6	801	801	1.0	Pseudomonas aeruginosa (no genomic info)
barcode09_9Gb	contig_1855	44750	45503	aadA7_aminoglycoside_antibiotic	4	753	753	1.0	Unknown taxonomy (chromosome or plasmid)
barcode09_9Gb	contig_1855	45588	46809	EreA_macrolide_antibiotic	8	1221	1221	1.0	Unknown taxonomy (chromosome or plasmid)
barcode09_9Gb	contig_1855	46924	47749	linG_lincosamide_antibiotic	4	825	825	1.0	Unknown taxonomy (chromosome or plasmid)
barcode09_9Gb	contig_18605	6130	7240	vanG_glycopeptide_antibiotic	6	1110	1110	1.0	
barcode09_9Gb	contig_1872	582319	583429	vanT gene in vanG cluster_glycopeptide_antibiotic	97	1110	1110	1.0	
barcode09_9Gb	contig_1872	1469937	1473129	adeF_fluoroquinolone_antibiotic;_tetracycline_antibiotic	67	3192	3192	1.0	
barcode09_9Gb	contig_18720	2113	2527	vanY gene in vanG cluster_glycopeptide_antibiotic	4	414	414	1.0	
barcode09_9Gb	contig_18750	55904	56267	Klebsiella pneumoniae KpnE_macrolide_antibiotic;_aminoglycoside_antibiotic;_cephalosporin;_tetracycline_antibiotic;_peptide_antibiotic;_rifamycin_antibiotic;_disinfecting_agents_and_antiseptics	8	363	363	1.0	Citrobacter portucalensis (chromosome)
barcode09_9Gb	contig_18750	56253	56583	Klebsiella pneumoniae KpnF_macrolide_antibiotic;_aminoglycoside_antibiotic;_cephalosporin;_tetracycline_antibiotic;_peptide_antibiotic;_rifamycin_antibiotic;_disinfecting_agents_and_antiseptics	9	330	330	1.0	Citrobacter (chromosome)
barcode09_9Gb	contig_18750	94055	94439	marA_fluoroquinolone_antibiotic;_monobactam;_carbapenem;_cephalosporin;_glycylcycline;_cephamycin;_penam;_tetracycline_antibiotic;_rifamycin_antibiotic;_phenicol_antibiotic;_penem;_disinfecting_agents_and_antiseptics	7	384	384	1.0	Citrobacter (chromosome)
barcode09_9Gb	contig_18802	4463	5609	ACT-13_carbapenem;_cephalosporin;_cephamycin;_penam	6	1146	1146	1.0	Enterobacter asburiae (chromosome)
barcode09_9Gb	contig_18818	7964	8309	qacG_disinfecting_agents_and_antiseptics	8	345	345	1.0	Acinetobacter (no genomic info)
barcode09_9Gb	contig_18832	20954	22127	vanY gene in vanF cluster_glycopeptide_antibiotic	4	1173	1173	1.0	
barcode09_9Gb	contig_18857	1574	2231	QnrVC4_fluoroquinolone_antibiotic	60	657	657	1.0	Unknown taxonomy (chromosome or plasmid)
barcode09_9Gb	contig_18857	2313	2952	AAC(6')-Ib9_aminoglycoside_antibiotic	49	639	639	1.0	Unknown taxonomy (chromosome or plasmid)
barcode09_9Gb	contig_18857	3166	4426	cmlA5_phenicol_antibiotic	47	1260	1260	1.0	Unknown taxonomy (chromosome or plasmid)
barcode09_9Gb	contig_18857	5438	6698	cmlA5_phenicol_antibiotic	17	1260	1260	1.0	Unknown taxonomy (chromosome or plasmid)
barcode09_9Gb	contig_18871	13048	13864	sul2_sulfonamide_antibiotic	34	816	816	1.0	Unknown taxonomy (chromosome or plasmid)
barcode09_9Gb	contig_18878	21277	23026	msbA_nitroimidazole_antibiotic	11	1749	1749	1.0	Citrobacter portucalensis (chromosome)
barcode09_9Gb	contig_18892	3106	4306	tet(A)_tetracycline_antibiotic	35	1200	1200	1.0	Unknown taxonomy (chromosome or plasmid)
barcode09_9Gb	contig_18915	1284	2121	APH(6)-Id_aminoglycoside_antibiotic	16	837	837	1.0	Unknown taxonomy (chromosome or plasmid)
barcode09_9Gb	contig_18915	2120	2978	APH(3'')-Ib_aminoglycoside_antibiotic	11	858	858	1.0	Acinetobacter (chromosome or plasmid)
barcode09_9Gb	contig_18915	15838	17026	tet(39)_tetracycline_antibiotic	42	1188	1188	1.0	Unknown taxonomy (plasmid)
barcode09_9Gb	contig_18915	18969	20445	msrE_macrolide_antibiotic;_streptogramin_antibiotic	38	1476	1476	1.0	Unknown taxonomy (chromosome or plasmid)
barcode09_9Gb	contig_18915	20500	21385	mphE_macrolide_antibiotic	12	885	885	1.0	Unknown taxonomy (chromosome or plasmid)
barcode09_9Gb	contig_18921	144	1005	TEM-1_monobactam;_cephalosporin;_penam;_penem	68	861	861	1.0	Unknown taxonomy (chromosome or plasmid)
barcode09_9Gb	contig_18921	1704	2529	OXA-9_penam	34	825	825	1.0	Unknown taxonomy (chromosome or plasmid)
barcode09_9Gb	contig_18921	2588	3365	aadA_aminoglycoside_antibiotic	41	777	777	1.0	Unknown taxonomy (chromosome or plasmid)
barcode09_9Gb	contig_18921	3446	4052	AAC(6')-Ib9_aminoglycoside_antibiotic	36	606	606	1.0	Unknown taxonomy (chromosome or plasmid)
barcode09_9Gb	contig_18946	1221	2049	OXA-253_carbapenem;_penam	57	828	828	1.0	Acinetobacter baumannii (chromosome)
barcode09_9Gb	contig_1895	173663	174848	Escherichia coli EF-Tu mutants conferring resistance to Pulvomycin_elfamycin_antibiotic	140	1185	1185	1.0	Aeromonas caviae (chromosome or plasmid)
barcode09_9Gb	contig_1895	192872	194057	Escherichia coli EF-Tu mutants conferring resistance to Pulvomycin_elfamycin_antibiotic	148	1185	1185	1.0	Aeromonas caviae (chromosome or plasmid)
barcode09_9Gb	contig_18950	5300	6161	SHV-5_carbapenem;_cephalosporin;_penam	35	861	861	1.0	Unknown taxonomy (chromosome or plasmid)
barcode09_9Gb	contig_18954	5087	5972	mphE_macrolide_antibiotic	351	885	885	1.0	Unknown taxonomy (chromosome or plasmid)
barcode09_9Gb	contig_18954	6027	7503	msrE_macrolide_antibiotic;_streptogramin_antibiotic	328	1476	1476	1.0	Unknown taxonomy (chromosome or plasmid)
barcode09_9Gb	contig_18964	1029	1890	AAC(3)-IIe_aminoglycoside_antibiotic	11	861	861	1.0	Unknown taxonomy (chromosome or plasmid)
barcode09_9Gb	contig_18964	2124	2991	SCO-1_cephalosporin;_penam;_penem	12	867	867	1.0	Unknown taxonomy (chromosome or plasmid)
barcode09_9Gb	contig_19104	29724	30837	vanT gene in vanG cluster_glycopeptide_antibiotic	7	1113	1113	1.0	
barcode09_9Gb	contig_19125	4254	5082	OXA-72_carbapenem;_penam	28	828	828	1.0	Unknown taxonomy (chromosome or plasmid)
barcode09_9Gb	contig_19244	17549	17738	rsmA_fluoroquinolone_antibiotic;_diaminopyrimidine_antibiotic;_phenicol_antibiotic	13	189	189	1.0	
barcode09_9Gb	contig_19253	49394	49583	rsmA_fluoroquinolone_antibiotic;_diaminopyrimidine_antibiotic;_phenicol_antibiotic	35	189	189	1.0	
barcode09_9Gb	contig_19257	29074	30994	tet(Q)_tetracycline_antibiotic	40	1920	1920	1.0	Unknown taxonomy (chromosome)
barcode09_9Gb	contig_19257	38492	39293	ErmF_macrolide_antibiotic;_lincosamide_antibiotic;_streptogramin_antibiotic;_streptogramin_A_antibiotic;_streptogramin_B_antibiotic	30	801	801	1.0	Unknown taxonomy (chromosome or plasmid)
barcode09_9Gb	contig_19274	566	1448	KPC-2_monobactam;_carbapenem;_cephalosporin;_penam	131	882	882	1.0	Unknown taxonomy (chromosome or plasmid)
barcode09_9Gb	contig_19276	73465	74566	vanG_glycopeptide_antibiotic	18	1101	1101	1.0	Enterobacter (chromosome)
barcode09_9Gb	contig_1928	41012	41999	vanH gene in vanO cluster_glycopeptide_antibiotic	43	987	987	1.0	
barcode09_9Gb	contig_1929	1358055	1358391	qacG_disinfecting_agents_and_antiseptics	15	336	336	1.0	
barcode09_9Gb	contig_1929	1967123	1967939	sul2_sulfonamide_antibiotic	44	816	816	1.0	Unknown taxonomy (chromosome or plasmid)
barcode09_9Gb	contig_1929	1968802	1969639	APH(6)-Id_aminoglycoside_antibiotic	42	837	837	1.0	Unknown taxonomy (chromosome or plasmid)
barcode09_9Gb	contig_1929	1970716	1971916	tet(A)_tetracycline_antibiotic	46	1200	1200	1.0	Unknown taxonomy (chromosome or plasmid)
barcode09_9Gb	contig_19308	32	365	qacL_disinfecting_agents_and_antiseptics	11	333	333	1.0	Klebsiella pneumoniae (chromosome or plasmid)
barcode09_9Gb	contig_19372	424240	424603	Klebsiella pneumoniae KpnE_macrolide_antibiotic;_aminoglycoside_antibiotic;_cephalosporin;_tetracycline_antibiotic;_peptide_antibiotic;_rifamycin_antibiotic;_disinfecting_agents_and_antiseptics	17	363	363	1.0	Enterobacter kobei (chromosome)
barcode09_9Gb	contig_19372	424589	424919	Klebsiella pneumoniae KpnF_macrolide_antibiotic;_aminoglycoside_antibiotic;_cephalosporin;_tetracycline_antibiotic;_peptide_antibiotic;_rifamycin_antibiotic;_disinfecting_agents_and_antiseptics	17	330	330	1.0	Enterobacter kobei (chromosome)
barcode09_9Gb	contig_19372	452859	454035	oqxA_fluoroquinolone_antibiotic;_glycylcycline;_tetracycline_antibiotic;_diaminopyrimidine_antibiotic;_nitrofuran_antibiotic	24	1176	1176	1.0	Enterobacter kobei (chromosome)
barcode09_9Gb	contig_19372	454059	457212	oqxB_fluoroquinolone_antibiotic;_glycylcycline;_tetracycline_antibiotic;_diaminopyrimidine_antibiotic;_nitrofuran_antibiotic	24	3153	3153	1.0	Enterobacter kobei (chromosome)
barcode09_9Gb	contig_19383	5342	6488	vanT gene in vanG cluster_glycopeptide_antibiotic	4	1146	1146	1.0	
barcode09_9Gb	contig_19394	32179	32998	bacA_peptide_antibiotic	7	819	819	1.0	Escherichia coli (no genomic info)
barcode09_9Gb	contig_19425	1313	2738	tet(O)_tetracycline_antibiotic	53	1425	1425	1.0	Unknown taxonomy (chromosome or plasmid)
barcode09_9Gb	contig_19445	6606	7263	QnrS1_fluoroquinolone_antibiotic	19	657	657	1.0	Unknown taxonomy (chromosome or plasmid)
barcode09_9Gb	contig_19445	13368	14184	sul2_sulfonamide_antibiotic	31	816	816	1.0	Unknown taxonomy (chromosome or plasmid)
barcode09_9Gb	contig_19445	15428	15776	qacEdelta1_disinfecting_agents_and_antiseptics	36	348	348	1.0	Unknown taxonomy (chromosome or plasmid)
barcode09_9Gb	contig_19445	15939	16719	aadA_aminoglycoside_antibiotic	26	780	780	1.0	Unknown taxonomy (chromosome or plasmid)
barcode09_9Gb	contig_19445	16823	17297	dfrA1_diaminopyrimidine_antibiotic	20	474	474	1.0	Unknown taxonomy (chromosome or plasmid)
barcode09_9Gb	contig_19515	19570	20755	Escherichia coli EF-Tu mutants conferring resistance to Pulvomycin_elfamycin_antibiotic	16	1185	1185	1.0	Enterobacter (chromosome or plasmid)
barcode09_9Gb	contig_19525	44356	45145	aadA_aminoglycoside_antibiotic	8	789	789	1.0	Unknown taxonomy (chromosome or plasmid)
barcode09_9Gb	contig_19525	77968	80383	Morganella morganii gyrB conferring resistance to fluoroquinolones_fluoroquinolone_antibiotic	10	2415	2415	1.0	Klebsiella michiganensis (chromosome)
barcode09_9Gb	contig_19527	8097	8556	AAC(6')-Il_aminoglycoside_antibiotic	61	459	459	1.0	Unknown taxonomy (chromosome or plasmid)
barcode09_9Gb	contig_19527	8629	9493	GES-1_carbapenem;_cephalosporin;_penam	55	864	864	1.0	Unknown taxonomy (chromosome or plasmid)
barcode09_9Gb	contig_19527	9615	10149	ANT(2'')-Ia_aminoglycoside_antibiotic	31	534	534	1.0	Unknown taxonomy (chromosome or plasmid)
barcode09_9Gb	contig_19527	10264	10537	qacJ_disinfecting_agents_and_antiseptics	20	273	273	1.0	Unknown taxonomy (chromosome or plasmid)
barcode09_9Gb	contig_19566	11587	12001	H-NS_macrolide_antibiotic;_fluoroquinolone_antibiotic;_cephalosporin;_cephamycin;_penam;_tetracycline_antibiotic	9	414	414	1.0	Citrobacter (chromosome)
barcode09_9Gb	contig_19588	12238	13039	ErmF_macrolide_antibiotic;_lincosamide_antibiotic;_streptogramin_antibiotic;_streptogramin_A_antibiotic;_streptogramin_B_antibiotic	38	801	801	1.0	Unknown taxonomy (chromosome or plasmid)
barcode09_9Gb	contig_19588	13251	14328	tet(X4)_glycylcycline;_tetracycline_antibiotic	23	1077	1077	1.0	Unknown taxonomy (chromosome or plasmid)
barcode09_9Gb	contig_19588	15125	17051	tet(Q)_tetracycline_antibiotic	12	1926	1926	1.0	Unknown taxonomy (chromosome)
barcode09_9Gb	contig_19602	16317	16572	rsmA_fluoroquinolone_antibiotic;_diaminopyrimidine_antibiotic;_phenicol_antibiotic	12	255	255	1.0	
barcode09_9Gb	contig_19607	62	662	AAC(6')-Ib-cr6_fluoroquinolone_antibiotic;_aminoglycoside_antibiotic	34	600	600	1.0	Unknown taxonomy (chromosome or plasmid)
barcode09_9Gb	contig_19617	279	1518	tet(40)_tetracycline_antibiotic	17	1239	1239	1.0	Faecalibacterium prausnitzii (chromosome)
barcode09_9Gb	contig_19617	1569	3489	tet(O)_tetracycline_antibiotic	51	1920	1920	1.0	Unknown taxonomy (chromosome or plasmid)
barcode09_9Gb	contig_19631	37813	38008	rsmA_fluoroquinolone_antibiotic;_diaminopyrimidine_antibiotic;_phenicol_antibiotic	6	195	195	1.0	
barcode09_9Gb	contig_19636	6407	7235	OXA-253_carbapenem;_penam	57	828	828	1.0	Acinetobacter baumannii (chromosome)
barcode09_9Gb	contig_19669	32672	33689	vanY gene in vanG cluster_glycopeptide_antibiotic	7	1017	1017	1.0	
barcode09_9Gb	contig_19704	15499	17977	vanT gene in vanG cluster_glycopeptide_antibiotic	32	2478	2478	1.0	
barcode09_9Gb	contig_19722	42505	43300	OXA-504_penam	110	795	795	1.0	Aeromonas caviae (chromosome)
barcode09_9Gb	contig_19740	17007	18483	vanW gene in vanI cluster_glycopeptide_antibiotic	8	1476	1476	1.0	
barcode09_9Gb	contig_19751	16179	16881	vanY gene in vanB cluster_glycopeptide_antibiotic	13	702	702	1.0	
barcode09_9Gb	contig_19806	114526	116185	ArnT_peptide_antibiotic	7	1659	1659	1.0	Citrobacter (chromosome)
barcode09_9Gb	contig_19806	119061	121188	PmrF_peptide_antibiotic	4	2127	2127	1.0	Citrobacter (chromosome or plasmid)
barcode09_9Gb	contig_19806	131325	132684	Escherichia coli GlpT with mutation conferring resistance to fosfomycin_phosphonic_acid_antibiotic	13	1359	1359	1.0	Citrobacter portucalensis (chromosome or plasmid)
barcode09_9Gb	contig_19806	141136	143776	Escherichia coli gyrA conferring resistance to fluoroquinolones_fluoroquinolone_antibiotic	9	2640	2640	1.0	Citrobacter portucalensis (chromosome or plasmid)
barcode09_9Gb	contig_19810	23606	24719	vanT gene in vanG cluster_glycopeptide_antibiotic	15	1113	1113	1.0	
barcode09_9Gb	contig_19864	16934	18080	ACT-87_carbapenem;_cephalosporin;_cephamycin;_penam	23	1146	1146	1.0	Enterobacter kobei (chromosome)
barcode09_9Gb	contig_19865	19270	20080	vanY gene in vanB cluster_glycopeptide_antibiotic	11	810	810	1.0	
barcode09_9Gb	contig_19899	28804	29149	qacG_disinfecting_agents_and_antiseptics	36	345	345	1.0	Unknown taxonomy (chromosome or plasmid)
barcode09_9Gb	contig_19937	28566	29727	vanT gene in vanG cluster_glycopeptide_antibiotic	7	1161	1161	1.0	
barcode09_9Gb	contig_19957	57494	58142	Escherichia coli AcrAB-TolC with AcrR mutation conferring resistance to ciprofloxacin, tetracycline, and ceftazidime_fluoroquinolone_antibiotic;_cephalosporin;_glycylcycline;_penam;_tetracycline_antibiotic;_rifamycin_antibiotic;_phenicol_antibiotic;_disinfecting_agents_and_antiseptics	16	648	648	1.0	Unknown taxonomy (chromosome or plasmid)
barcode09_9Gb	contig_19957	58283	59477	Escherichia coli acrA_fluoroquinolone_antibiotic;_cephalosporin;_glycylcycline;_penam;_tetracycline_antibiotic;_rifamycin_antibiotic;_phenicol_antibiotic;_disinfecting_agents_and_antiseptics	14	1194	1194	1.0	Unknown taxonomy (chromosome or plasmid)
barcode09_9Gb	contig_19957	59499	62649	acrB_fluoroquinolone_antibiotic;_cephalosporin;_glycylcycline;_penam;_tetracycline_antibiotic;_rifamycin_antibiotic;_phenicol_antibiotic;_disinfecting_agents_and_antiseptics	11	3150	3150	1.0	Unknown taxonomy (chromosome or plasmid)
barcode09_9Gb	contig_20052	5121	5856	ErmG_macrolide_antibiotic;_lincosamide_antibiotic;_streptogramin_antibiotic;_streptogramin_A_antibiotic;_streptogramin_B_antibiotic	15	735	735	1.0	Unknown taxonomy (chromosome)
barcode09_9Gb	contig_20178	2424	3288	aadS_aminoglycoside_antibiotic	44	864	864	1.0	Unknown taxonomy (chromosome or plasmid)
barcode09_9Gb	contig_20178	4530	5340	ErmF_macrolide_antibiotic;_lincosamide_antibiotic;_streptogramin_antibiotic;_streptogramin_A_antibiotic;_streptogramin_B_antibiotic	38	810	810	1.0	Unknown taxonomy (chromosome or plasmid)
barcode09_9Gb	contig_20219	33484	34279	vanY gene in vanB cluster_glycopeptide_antibiotic	8	795	795	1.0	
barcode09_9Gb	contig_20225	24689	25802	vanW gene in vanI cluster_glycopeptide_antibiotic	6	1113	1113	1.0	
barcode09_9Gb	contig_20275	10541	11357	sul2_sulfonamide_antibiotic	44	816	816	1.0	Unknown taxonomy (chromosome or plasmid)
barcode09_9Gb	contig_20275	11644	12868	mef(C)_macrolide_antibiotic;_tetracycline_antibiotic	37	1224	1224	1.0	
barcode09_9Gb	contig_20275	12872	13757	mphG_macrolide_antibiotic	36	885	885	1.0	
barcode09_9Gb	contig_20296	2950	3607	QnrS2_fluoroquinolone_antibiotic	46	657	657	1.0	Unknown taxonomy (chromosome or plasmid)
barcode09_9Gb	contig_2109	804279	805392	vanT gene in vanG cluster_glycopeptide_antibiotic	16	1113	1113	1.0	
barcode09_9Gb	contig_2109	999681	1002822	adeF_fluoroquinolone_antibiotic;_tetracycline_antibiotic	26	3141	3141	1.0	
barcode09_9Gb	contig_2109	1102101	1103196	vanW gene in vanI cluster_glycopeptide_antibiotic	10	1095	1095	1.0	
barcode09_9Gb	contig_2109	3516337	3517714	vanW gene in vanI cluster_glycopeptide_antibiotic	10	1377	1377	1.0	
barcode09_9Gb	contig_2278	5035	6118	ArnT_peptide_antibiotic	5	1083	1083	1.0	Citrobacter freundii (chromosome)
barcode09_9Gb	contig_2367	177593	178157	lnuC_lincosamide_antibiotic	71	564	564	1.0	Unknown taxonomy (chromosome or plasmid)
barcode09_9Gb	contig_2367	243972	247125	adeF_fluoroquinolone_antibiotic;_tetracycline_antibiotic	39	3153	3153	1.0	
barcode09_9Gb	contig_2367	1081965	1082529	lnuC_lincosamide_antibiotic	84	564	564	1.0	Unknown taxonomy (chromosome or plasmid)
barcode09_9Gb	contig_2367	2010391	2011885	vanW gene in vanI cluster_glycopeptide_antibiotic	38	1494	1494	1.0	
barcode09_9Gb	contig_2367	2081176	2082379	vanT gene in vanG cluster_glycopeptide_antibiotic	35	1203	1203	1.0	
barcode09_9Gb	contig_2680	1103	1568	AAC(3)-Ia_aminoglycoside_antibiotic	9	465	465	1.0	Unknown taxonomy (chromosome or plasmid)
barcode09_9Gb	contig_2691	26503	27646	TRU-1_cephalosporin;_penam	11	1143	1143	1.0	
barcode09_9Gb	contig_2696	540401	541559	vanT gene in vanG cluster_glycopeptide_antibiotic	61	1158	1158	1.0	
barcode09_9Gb	contig_2708	2394	3582	tet(39)_tetracycline_antibiotic	66	1188	1188	1.0	Unknown taxonomy (plasmid)
barcode09_9Gb	contig_2708	9389	10577	tet(39)_tetracycline_antibiotic	33	1188	1188	1.0	Unknown taxonomy (plasmid)
barcode09_9Gb	contig_2719	58333	60799	vanT gene in vanG cluster_glycopeptide_antibiotic	20	2466	2466	1.0	Phocaeicola (chromosome)
barcode09_9Gb	contig_2813	18944	19289	vanW gene in vanI cluster_glycopeptide_antibiotic	2	345	345	1.0	
barcode09_9Gb	contig_2834	187357	189124	Haemophilus influenzae PBP3 conferring resistance to beta-lactam antibiotics_cephalosporin;_cephamycin;_penam	28	1767	1767	1.0	Unknown taxonomy (chromosome or plasmid)
barcode09_9Gb	contig_2834	195224	196169	leuO_nucleoside_antibiotic;_disinfecting_agents_and_antiseptics	14	945	945	1.0	Unknown taxonomy (chromosome or plasmid)
barcode09_9Gb	contig_2834	351797	353030	mdtM_fluoroquinolone_antibiotic;_lincosamide_antibiotic;_nucleoside_antibiotic;_phenicol_antibiotic;_disinfecting_agents_and_antiseptics	24	1233	1233	1.0	Escherichia coli (chromosome or plasmid)
barcode09_9Gb	contig_2834	529934	531068	Escherichia coli ampC beta-lactamase_cephalosporin;_penam	28	1134	1134	1.0	Unknown taxonomy (chromosome or plasmid)
barcode09_9Gb	contig_2834	573290	574934	eptA_peptide_antibiotic	29	1644	1644	1.0	Unknown taxonomy (chromosome or plasmid)
barcode09_9Gb	contig_2834	597654	598686	mdtN_nucleoside_antibiotic;_disinfecting_agents_and_antiseptics	29	1032	1032	1.0	Escherichia coli (chromosome or plasmid)
barcode09_9Gb	contig_2834	598685	600737	mdtO_nucleoside_antibiotic;_disinfecting_agents_and_antiseptics	34	2052	2052	1.0	Escherichia coli (chromosome or plasmid)
barcode09_9Gb	contig_2834	600733	602200	mdtP_nucleoside_antibiotic;_disinfecting_agents_and_antiseptics	33	1467	1467	1.0	Unknown taxonomy (chromosome or plasmid)
barcode09_9Gb	contig_2834	623266	623731	Escherichia coli soxR with mutation conferring antibiotic resistance_fluoroquinolone_antibiotic;_cephalosporin;_glycylcycline;_penam;_tetracycline_antibiotic;_rifamycin_antibiotic;_phenicol_antibiotic;_disinfecting_agents_and_antiseptics	23	465	465	1.0	Unknown taxonomy (chromosome or plasmid)
barcode09_9Gb	contig_2834	623816	624140	Escherichia coli soxS with mutation conferring antibiotic resistance_fluoroquinolone_antibiotic;_monobactam;_carbapenem;_cephalosporin;_glycylcycline;_cephamycin;_penam;_tetracycline_antibiotic;_rifamycin_antibiotic;_phenicol_antibiotic;_penem;_disinfecting_agents_and_antiseptics	23	324	324	1.0	Unknown taxonomy (chromosome or plasmid)
barcode09_9Gb	contig_2834	723651	724836	Escherichia coli EF-Tu mutants conferring resistance to Pulvomycin_elfamycin_antibiotic	21	1185	1185	1.0	Unknown taxonomy (chromosome or plasmid)
barcode09_9Gb	contig_2886	36860	38135	vanT gene in vanG cluster_glycopeptide_antibiotic	10	1275	1275	1.0	
barcode09_9Gb	contig_2977	26702	27584	vanW gene in vanG cluster_glycopeptide_antibiotic	649	882	882	1.0	Acinetobacter johnsonii (chromosome)
barcode09_9Gb	contig_3016	37340	39959	adeF_fluoroquinolone_antibiotic;_tetracycline_antibiotic	47	2619	2619	1.0	Unknown taxonomy (chromosome)
barcode09_9Gb	contig_3117	7262	8504	mdtM_fluoroquinolone_antibiotic;_lincosamide_antibiotic;_nucleoside_antibiotic;_phenicol_antibiotic;_disinfecting_agents_and_antiseptics	6	1242	1242	1.0	
barcode09_9Gb	contig_3117	169011	169959	leuO_nucleoside_antibiotic;_disinfecting_agents_and_antiseptics	10	948	948	1.0	Citrobacter (chromosome)
barcode09_9Gb	contig_3117	176158	177925	Haemophilus influenzae PBP3 conferring resistance to beta-lactam antibiotics_cephalosporin;_cephamycin;_penam	11	1767	1767	1.0	Citrobacter portucalensis (chromosome or plasmid)
barcode09_9Gb	contig_3117	614813	615491	kdpE_aminoglycoside_antibiotic	8	678	678	1.0	Citrobacter portucalensis (chromosome)
barcode09_9Gb	contig_3117	793457	794720	Escherichia coli mdfA_tetracycline_antibiotic;_disinfecting_agents_and_antiseptics	6	1263	1263	1.0	Citrobacter freundii (chromosome or plasmid)
barcode09_9Gb	contig_3119	18422	21611	adeF_fluoroquinolone_antibiotic;_tetracycline_antibiotic	11	3189	3189	1.0	
barcode09_9Gb	contig_3151	11750	12530	APH(3')-VIa_aminoglycoside_antibiotic	42	780	780	1.0	Unknown taxonomy (chromosome or plasmid)
barcode09_9Gb	contig_3151	13807	14620	NDM-1_carbapenem;_cephalosporin;_cephamycin;_penam	48	813	813	1.0	Unknown taxonomy (chromosome or plasmid)
barcode09_9Gb	contig_3152	8552	9332	APH(3')-VIa_aminoglycoside_antibiotic	43	780	780	1.0	Unknown taxonomy (chromosome or plasmid)
barcode09_9Gb	contig_3152	10609	11422	NDM-1_carbapenem;_cephalosporin;_cephamycin;_penam	50	813	813	1.0	Unknown taxonomy (chromosome or plasmid)
barcode09_9Gb	contig_3157	138430	138925	dfrF_diaminopyrimidine_antibiotic	29	495	495	1.0	Unknown taxonomy (chromosome or plasmid)
barcode09_9Gb	contig_3225	21118	23038	tet(W)_tetracycline_antibiotic	53	1920	1920	1.0	Unknown taxonomy (chromosome or plasmid)
barcode09_9Gb	contig_3225	24768	25989	tet(40)_tetracycline_antibiotic	13	1221	1221	1.0	Unknown taxonomy (chromosome)
barcode09_9Gb	contig_3226	8216	10136	tet(W)_tetracycline_antibiotic	52	1920	1920	1.0	Unknown taxonomy (chromosome or plasmid)
barcode09_9Gb	contig_3227	35705	37625	tet(W)_tetracycline_antibiotic	53	1920	1920	1.0	Trueperella pyogenes (chromosome or plasmid)
barcode09_9Gb	contig_3290	1	1243	tet(A)_tetracycline_antibiotic	25	1242	1242	1.0	Unknown taxonomy (chromosome or plasmid)
barcode09_9Gb	contig_3290	3189	4146	APH(3'')-Ib_aminoglycoside_antibiotic	17	957	957	1.0	Unknown taxonomy (chromosome or plasmid)
barcode09_9Gb	contig_3290	4206	5022	sul2_sulfonamide_antibiotic	24	816	816	1.0	Unknown taxonomy (chromosome or plasmid)
barcode09_9Gb	contig_332	989	1634	QnrB19_fluoroquinolone_antibiotic	54	645	645	1.0	Unknown taxonomy (chromosome or plasmid)
barcode09_9Gb	contig_332	3688	4333	QnrB19_fluoroquinolone_antibiotic	31	645	645	1.0	Unknown taxonomy (chromosome or plasmid)
barcode09_9Gb	contig_3321	17946	21111	adeF_fluoroquinolone_antibiotic;_tetracycline_antibiotic	79	3165	3165	1.0	Acinetobacter (chromosome or plasmid)
barcode09_9Gb	contig_3334	3356	4571	floR_phenicol_antibiotic	28	1215	1215	1.0	Unknown taxonomy (chromosome or plasmid)
barcode09_9Gb	contig_3337	332	1148	sul2_sulfonamide_antibiotic	22	816	816	1.0	Unknown taxonomy (chromosome or plasmid)
barcode09_9Gb	contig_3338	1696	2911	floR_phenicol_antibiotic	40	1215	1215	1.0	Unknown taxonomy (chromosome or plasmid)
barcode09_9Gb	contig_3339	29827	30643	sul2_sulfonamide_antibiotic	79	816	816	1.0	Unknown taxonomy (chromosome or plasmid)
barcode09_9Gb	contig_3341	145698	146694	CfxA6_cephamycin	36	996	996	1.0	
barcode09_9Gb	contig_3343	19379	20690	Acinetobacter baumannii AbaQ_fluoroquinolone_antibiotic	12	1311	1311	1.0	Acinetobacter lwoffii (chromosome)
barcode09_9Gb	contig_3386	81523	84001	vanT gene in vanG cluster_glycopeptide_antibiotic	134	2478	2478	1.0	
barcode09_9Gb	contig_3408	45440	46178	ErmB_macrolide_antibiotic;_lincosamide_antibiotic;_streptogramin_antibiotic;_streptogramin_A_antibiotic;_streptogramin_B_antibiotic	22	738	738	1.0	Unknown taxonomy (chromosome or plasmid)
barcode09_9Gb	contig_3466	5769	6597	OXA-253_carbapenem;_penam	106	828	828	1.0	Acinetobacter baumannii (chromosome)
barcode09_9Gb	contig_3472	3951	4296	qacG_disinfecting_agents_and_antiseptics	50	345	345	1.0	Unknown taxonomy (chromosome or plasmid)
barcode09_9Gb	contig_3483	9848	10193	qacG_disinfecting_agents_and_antiseptics	54	345	345	1.0	Unknown taxonomy (chromosome or plasmid)
barcode09_9Gb	contig_3604	68727	69837	vanT gene in vanG cluster_glycopeptide_antibiotic	262	1110	1110	1.0	
barcode09_9Gb	contig_3604	313227	316419	adeF_fluoroquinolone_antibiotic;_tetracycline_antibiotic	298	3192	3192	1.0	
barcode09_9Gb	contig_3604	571921	572428	nimK_nitroimidazole_antibiotic	262	507	507	1.0	
barcode09_9Gb	contig_3604	1261809	1263045	vanW gene in vanI cluster_glycopeptide_antibiotic	259	1236	1236	1.0	
barcode09_9Gb	contig_3605	157177	158362	Escherichia coli EF-Tu mutants conferring resistance to Pulvomycin_elfamycin_antibiotic	112	1185	1185	1.0	Aeromonas caviae (chromosome or plasmid)
barcode09_9Gb	contig_3663	4921	5803	leuO_nucleoside_antibiotic;_disinfecting_agents_and_antiseptics	12	882	882	1.0	Enterobacter roggenkampii (chromosome)
barcode09_9Gb	contig_3663	11968	13735	Haemophilus influenzae PBP3 conferring resistance to beta-lactam antibiotics_cephalosporin;_cephamycin;_penam	10	1767	1767	1.0	Enterobacter (chromosome or plasmid)
barcode09_9Gb	contig_3670	78957	79842	mphG_macrolide_antibiotic	20	885	885	1.0	Escherichia coli (no genomic info)
barcode09_9Gb	contig_3740	13111	13300	rsmA_fluoroquinolone_antibiotic;_diaminopyrimidine_antibiotic;_phenicol_antibiotic	104	189	189	1.0	
barcode09_9Gb	contig_3752	29629	30814	Escherichia coli EF-Tu mutants conferring resistance to Pulvomycin_elfamycin_antibiotic	44	1185	1185	1.0	Enterobacter kobei (chromosome or plasmid)
barcode09_9Gb	contig_3762	1388	2573	Escherichia coli EF-Tu mutants conferring resistance to Pulvomycin_elfamycin_antibiotic	23	1185	1185	1.0	Enterobacter (chromosome or plasmid)
barcode09_9Gb	contig_3765	32081	33266	Escherichia coli EF-Tu mutants conferring resistance to Pulvomycin_elfamycin_antibiotic	22	1185	1185	1.0	Citrobacter (chromosome or plasmid)
barcode09_9Gb	contig_3766	108514	109660	MIR-17_monobactam;_cephalosporin	15	1146	1146	1.0	Enterobacter roggenkampii (chromosome)
barcode09_9Gb	contig_3772	67618	68992	cpxA_aminoglycoside_antibiotic;_aminocoumarin_antibiotic	10	1374	1374	1.0	
barcode09_9Gb	contig_3773	168615	169146	emrR_fluoroquinolone_antibiotic	31	531	531	1.0	Enterobacter kobei (chromosome or plasmid)
barcode09_9Gb	contig_3773	169272	170445	emrA_fluoroquinolone_antibiotic	28	1173	1173	1.0	
barcode09_9Gb	contig_3773	170461	172009	emrB_fluoroquinolone_antibiotic	23	1548	1548	1.0	Enterobacter kobei (chromosome or plasmid)
barcode09_9Gb	contig_3773	179050	179236	rsmA_fluoroquinolone_antibiotic;_diaminopyrimidine_antibiotic;_phenicol_antibiotic	21	186	186	1.0	Enterobacter (chromosome or plasmid)
barcode09_9Gb	contig_3773	577235	578057	bacA_peptide_antibiotic	25	822	822	1.0	
barcode09_9Gb	contig_3773	892038	895152	adeF_fluoroquinolone_antibiotic;_tetracycline_antibiotic	30	3114	3114	1.0	Enterobacter kobei (chromosome)
barcode09_9Gb	contig_3781	21353	22499	CMY-129_cephamycin	17	1146	1146	1.0	Citrobacter (chromosome or plasmid)
barcode09_9Gb	contig_3785	6395	9509	adeF_fluoroquinolone_antibiotic;_tetracycline_antibiotic	20	3114	3114	1.0	Enterobacter roggenkampii (chromosome)
barcode09_9Gb	contig_3785	219164	219986	bacA_peptide_antibiotic	16	822	822	1.0	
barcode09_9Gb	contig_3786	145187	146171	PmrF_peptide_antibiotic	12	984	984	1.0	
barcode09_9Gb	contig_3786	149046	150702	ArnT_peptide_antibiotic	11	1656	1656	1.0	Enterobacter roggenkampii (chromosome)
barcode09_9Gb	contig_3786	240254	240887	CRP_macrolide_antibiotic;_fluoroquinolone_antibiotic;_penam	13	633	633	1.0	Enterobacter roggenkampii (chromosome or plasmid)
barcode09_9Gb	contig_3786	264045	265230	Escherichia coli EF-Tu mutants conferring resistance to Pulvomycin_elfamycin_antibiotic	22	1185	1185	1.0	Enterobacter (chromosome or plasmid)
barcode09_9Gb	contig_3793	5167	6352	Escherichia coli EF-Tu mutants conferring resistance to Pulvomycin_elfamycin_antibiotic	10	1185	1185	1.0	Klebsiella (chromosome or plasmid)
barcode09_9Gb	contig_4177	4551	7698	adeF_fluoroquinolone_antibiotic;_tetracycline_antibiotic	12	3147	3147	1.0	
barcode09_9Gb	contig_4197	44534	45608	vanT gene in vanG cluster_glycopeptide_antibiotic	90	1074	1074	1.0	
barcode09_9Gb	contig_4303	237249	240375	adeF_fluoroquinolone_antibiotic;_tetracycline_antibiotic	16	3126	3126	1.0	
barcode09_9Gb	contig_4303	248493	248820	qacG_disinfecting_agents_and_antiseptics	27	327	327	1.0	
barcode09_9Gb	contig_4308	6203	7085	KPC-2_monobactam;_carbapenem;_cephalosporin;_penam	227	882	882	1.0	Unknown taxonomy (chromosome or plasmid)
barcode09_9Gb	contig_4308	9500	10280	APH(3')-VIa_aminoglycoside_antibiotic	190	780	780	1.0	Unknown taxonomy (chromosome or plasmid)
barcode09_9Gb	contig_4363	79550	80660	vanG_glycopeptide_antibiotic	12	1110	1110	1.0	
barcode09_9Gb	contig_4405	75519	76299	aadA_aminoglycoside_antibiotic	18	780	780	1.0	Unknown taxonomy (chromosome or plasmid)
barcode09_9Gb	contig_4405	76762	77221	AAC(6')-Il_aminoglycoside_antibiotic	25	459	459	1.0	Unknown taxonomy (chromosome or plasmid)
barcode09_9Gb	contig_4405	78600	79461	SHV-12_carbapenem;_cephalosporin;_penam	27	861	861	1.0	Unknown taxonomy (chromosome or plasmid)
barcode09_9Gb	contig_4405	88579	89440	AAC(3)-IIe_aminoglycoside_antibiotic	15	861	861	1.0	Unknown taxonomy (chromosome or plasmid)
barcode09_9Gb	contig_4405	89927	90572	QnrB19_fluoroquinolone_antibiotic	15	645	645	1.0	Unknown taxonomy (chromosome or plasmid)
barcode09_9Gb	contig_4411	1341	2121	aadA_aminoglycoside_antibiotic	8	780	780	1.0	Pseudomonas aeruginosa (chromosome or plasmid)
barcode09_9Gb	contig_4411	2392	3049	QnrVC1_fluoroquinolone_antibiotic	32	657	657	1.0	Unknown taxonomy (chromosome or plasmid)
barcode09_9Gb	contig_4411	3207	3681	dfrA6_diaminopyrimidine_antibiotic	23	474	474	1.0	Unknown taxonomy (chromosome or plasmid)
barcode09_9Gb	contig_4413	10515	11172	QnrVC1_fluoroquinolone_antibiotic	46	657	657	1.0	Unknown taxonomy (chromosome or plasmid)
barcode09_9Gb	contig_4413	11330	11804	dfrA6_diaminopyrimidine_antibiotic	52	474	474	1.0	Unknown taxonomy (chromosome or plasmid)
barcode09_9Gb	contig_4424	1	310	qacEdelta1_disinfecting_agents_and_antiseptics	14	309	309	1.0	Unknown taxonomy (chromosome or plasmid)
barcode09_9Gb	contig_4424	765	1593	OXA-2_carbapenem;_cephalosporin;_penam	19	828	828	1.0	Unknown taxonomy (chromosome or plasmid)
barcode09_9Gb	contig_4425	0	246	qacJ_disinfecting_agents_and_antiseptics	10	246	246	1.0	Unknown taxonomy (chromosome or plasmid)
barcode09_9Gb	contig_4425	409	1207	aadA7_aminoglycoside_antibiotic	8	798	798	1.0	Salmonella enterica (chromosome or plasmid)
barcode09_9Gb	contig_4425	1280	1613	qacL_disinfecting_agents_and_antiseptics	18	333	333	1.0	Unknown taxonomy (chromosome or plasmid)
barcode09_9Gb	contig_4425	2588	3047	AAC(6')-Il_aminoglycoside_antibiotic	15	459	459	1.0	Unknown taxonomy (chromosome or plasmid)
barcode09_9Gb	contig_4425	3170	4034	GES-5_carbapenem;_cephalosporin;_penam	14	864	864	1.0	Unknown taxonomy (chromosome or plasmid)
barcode09_9Gb	contig_4425	4459	5323	GES-1_carbapenem;_cephalosporin;_penam	21	864	864	1.0	Unknown taxonomy (chromosome or plasmid)
barcode09_9Gb	contig_4425	5396	5855	AAC(6')-Il_aminoglycoside_antibiotic	22	459	459	1.0	Unknown taxonomy (chromosome or plasmid)
barcode09_9Gb	contig_4425	10231	11020	aadA5_aminoglycoside_antibiotic	16	789	789	1.0	Unknown taxonomy (chromosome or plasmid)
barcode09_9Gb	contig_4425	11462	12326	GES-1_carbapenem;_cephalosporin;_penam	33	864	864	1.0	Unknown taxonomy (chromosome or plasmid)
barcode09_9Gb	contig_4425	12399	12858	AAC(6')-Il_aminoglycoside_antibiotic	40	459	459	1.0	Unknown taxonomy (chromosome or plasmid)
barcode09_9Gb	contig_4426	721	1321	AAC(6')-Ib-cr6_fluoroquinolone_antibiotic;_aminoglycoside_antibiotic	33	600	600	1.0	Unknown taxonomy (chromosome or plasmid)
barcode09_9Gb	contig_4427	1054	1588	ANT(2'')-Ia_aminoglycoside_antibiotic	8	534	534	1.0	Unknown taxonomy (chromosome or plasmid)
barcode09_9Gb	contig_4438	2076	2868	aadA_aminoglycoside_antibiotic	24	792	792	1.0	Unknown taxonomy (chromosome or plasmid)
barcode09_9Gb	contig_4438	2943	3744	OXA-101_cephalosporin;_penam	20	801	801	1.0	Unknown taxonomy (chromosome or plasmid)
barcode09_9Gb	contig_4438	4303	5167	sul4_sulfonamide_antibiotic	16	864	864	1.0	Unknown taxonomy (chromosome or plasmid)
barcode09_9Gb	contig_4439	1054	2254	tet(A)_tetracycline_antibiotic	46	1200	1200	1.0	Unknown taxonomy (chromosome or plasmid)
barcode09_9Gb	contig_444	34639	36115	msrE_macrolide_antibiotic;_streptogramin_antibiotic	203	1476	1476	1.0	Unknown taxonomy (chromosome or plasmid)
barcode09_9Gb	contig_444	36170	37055	mphE_macrolide_antibiotic	186	885	885	1.0	Unknown taxonomy (chromosome or plasmid)
barcode09_9Gb	contig_4442	4822	5665	OXA-58_carbapenem;_penam	26	843	843	1.0	Unknown taxonomy (chromosome or plasmid)
barcode09_9Gb	contig_4445	1952	2756	APH(3'')-Ib_aminoglycoside_antibiotic	153	804	804	1.0	Unknown taxonomy (chromosome or plasmid)
barcode09_9Gb	contig_4445	2755	3592	APH(6)-Id_aminoglycoside_antibiotic	150	837	837	1.0	Unknown taxonomy (chromosome or plasmid)
barcode09_9Gb	contig_4487	115853	116837	vanH gene in vanO cluster_glycopeptide_antibiotic	10	984	984	1.0	
barcode09_9Gb	contig_4535	20676	21399	baeR_aminoglycoside_antibiotic;_aminocoumarin_antibiotic	15	723	723	1.0	Klebsiella pneumoniae (chromosome)
barcode09_9Gb	contig_4716	772	1576	APH(3'')-Ib_aminoglycoside_antibiotic	111	804	804	1.0	Unknown taxonomy (chromosome or plasmid)
barcode09_9Gb	contig_4716	1575	2412	APH(6)-Id_aminoglycoside_antibiotic	116	837	837	1.0	Unknown taxonomy (chromosome or plasmid)
barcode09_9Gb	contig_4718	962	1523	dfrA23_diaminopyrimidine_antibiotic	3	561	561	1.0	Unknown taxonomy (chromosome or plasmid)
barcode09_9Gb	contig_4740	18396	19548	MOX-13_cephalosporin;_cephamycin;_penam	78	1152	1152	1.0	Aeromonas caviae (chromosome or plasmid)
barcode09_9Gb	contig_4821	128924	129305	marA_fluoroquinolone_antibiotic;_monobactam;_carbapenem;_cephalosporin;_glycylcycline;_cephamycin;_penam;_tetracycline_antibiotic;_rifamycin_antibiotic;_phenicol_antibiotic;_penem;_disinfecting_agents_and_antiseptics	33	381	381	1.0	Enterobacter (chromosome or plasmid)
barcode09_9Gb	contig_4821	129324	129759	Escherichia coli AcrAB-TolC with MarR mutations conferring resistance to ciprofloxacin and tetracycline_fluoroquinolone_antibiotic;_cephalosporin;_glycylcycline;_penam;_tetracycline_antibiotic;_rifamycin_antibiotic;_phenicol_antibiotic;_disinfecting_agents_and_antiseptics	32	435	435	1.0	Enterobacter (chromosome)
barcode09_9Gb	contig_4825	99395	100199	lnuB_lincosamide_antibiotic	14	804	804	1.0	Unknown taxonomy (chromosome or plasmid)
barcode09_9Gb	contig_4825	100252	101737	lsaE_lincosamide_antibiotic;_streptogramin_antibiotic;_pleuromutilin_antibiotic	18	1485	1485	1.0	Streptococcus (chromosome or plasmid)
barcode09_9Gb	contig_4825	196927	198481	vanW gene in vanI cluster_glycopeptide_antibiotic	16	1554	1554	1.0	
barcode09_9Gb	contig_4825	818005	821176	adeF_fluoroquinolone_antibiotic;_tetracycline_antibiotic	8	3171	3171	1.0	
barcode09_9Gb	contig_4825	1363645	1364818	vanT gene in vanG cluster_glycopeptide_antibiotic	27	1173	1173	1.0	
barcode09_9Gb	contig_4825	1515517	1516690	vanT gene in vanG cluster_glycopeptide_antibiotic	19	1173	1173	1.0	
barcode09_9Gb	contig_4825	1523600	1525571	tet(O)_tetracycline_antibiotic	24	1971	1971	1.0	
barcode09_9Gb	contig_4858	120580	121546	CfxA4_cephamycin	40	966	966	1.0	Unknown taxonomy (chromosome or plasmid)
barcode09_9Gb	contig_4899	16772	17450	kdpE_aminoglycoside_antibiotic	3	678	678	1.0	Citrobacter freundii (chromosome)
barcode09_9Gb	contig_4900	90711	91041	abeS_macrolide_antibiotic;_aminocoumarin_antibiotic	15	330	330	1.0	Acinetobacter baumannii (chromosome or plasmid)
barcode09_9Gb	contig_4900	94349	95363	adeL_fluoroquinolone_antibiotic;_tetracycline_antibiotic	16	1014	1014	1.0	Acinetobacter baumannii (chromosome or plasmid)
barcode09_9Gb	contig_4900	96806	98309	adeF_fluoroquinolone_antibiotic;_tetracycline_antibiotic	10	1503	1503	1.0	Acinetobacter (chromosome or plasmid)
barcode09_9Gb	contig_4900	168518	169670	ADC-154_cephalosporin	16	1152	1152	1.0	Acinetobacter baumannii (chromosome or plasmid)
barcode09_9Gb	contig_4900	515703	516954	adeI_macrolide_antibiotic;_fluoroquinolone_antibiotic;_lincosamide_antibiotic;_carbapenem;_cephalosporin;_tetracycline_antibiotic;_rifamycin_antibiotic;_diaminopyrimidine_antibiotic;_phenicol_antibiotic;_penem	19	1251	1251	1.0	Acinetobacter baumannii (chromosome or plasmid)
barcode09_9Gb	contig_4900	516966	520143	adeJ_macrolide_antibiotic;_fluoroquinolone_antibiotic;_lincosamide_antibiotic;_carbapenem;_cephalosporin;_tetracycline_antibiotic;_rifamycin_antibiotic;_diaminopyrimidine_antibiotic;_phenicol_antibiotic;_penem	20	3177	3177	1.0	Acinetobacter baumannii (chromosome or plasmid)
barcode09_9Gb	contig_4900	520142	521597	adeK_macrolide_antibiotic;_fluoroquinolone_antibiotic;_lincosamide_antibiotic;_carbapenem;_cephalosporin;_tetracycline_antibiotic;_rifamycin_antibiotic;_diaminopyrimidine_antibiotic;_phenicol_antibiotic;_penem	21	1455	1455	1.0	Acinetobacter baumannii (chromosome or plasmid)
barcode09_9Gb	contig_5048	48996	52110	acrD_aminoglycoside_antibiotic	26	3114	3114	1.0	Enterobacter (chromosome)
barcode09_9Gb	contig_5087	119120	120221	vanG_glycopeptide_antibiotic	30	1101	1101	1.0	Enterobacter kobei (chromosome)
barcode09_9Gb	contig_5153	64800	66369	ArnT_peptide_antibiotic	7	1569	1569	1.0	Enterobacter asburiae (chromosome)
barcode09_9Gb	contig_5156	70309	71701	Escherichia coli UhpT with mutation conferring resistance to fosfomycin_phosphonic_acid_antibiotic	38	1392	1392	1.0	Enterobacter kobei (chromosome or plasmid)
barcode09_9Gb	contig_5156	220767	221952	Escherichia coli EF-Tu mutants conferring resistance to Pulvomycin_elfamycin_antibiotic	39	1185	1185	1.0	Enterobacter (chromosome or plasmid)
barcode09_9Gb	contig_5213	1183	1963	APH(3')-VIa_aminoglycoside_antibiotic	47	780	780	1.0	Unknown taxonomy (chromosome or plasmid)
barcode09_9Gb	contig_5215	1523	2303	APH(3')-VIa_aminoglycoside_antibiotic	97	780	780	1.0	Unknown taxonomy (chromosome or plasmid)
barcode09_9Gb	contig_5219	44246	45086	sul1_sulfonamide_antibiotic	100	840	840	1.0	Unknown taxonomy (chromosome or plasmid)
barcode09_9Gb	contig_5219	45079	45427	qacEdelta1_disinfecting_agents_and_antiseptics	85	348	348	1.0	Unknown taxonomy (chromosome or plasmid)
barcode09_9Gb	contig_5219	45638	46469	OXA-4_cephalosporin;_penam	41	831	831	1.0	Pseudomonas aeruginosa (chromosome or plasmid)
barcode09_9Gb	contig_5219	46587	47121	ANT(2'')-Ia_aminoglycoside_antibiotic	35	534	534	1.0	Unknown taxonomy (chromosome or plasmid)
barcode09_9Gb	contig_5223	370	718	qacEdelta1_disinfecting_agents_and_antiseptics	61	348	348	1.0	Unknown taxonomy (chromosome or plasmid)
barcode09_9Gb	contig_5223	711	1551	sul1_sulfonamide_antibiotic	79	840	840	1.0	Unknown taxonomy (chromosome or plasmid)
barcode09_9Gb	contig_5223	12356	12815	AAC(6')-Il_aminoglycoside_antibiotic	59	459	459	1.0	Unknown taxonomy (chromosome or plasmid)
barcode09_9Gb	contig_5223	12888	13752	GES-1_carbapenem;_cephalosporin;_penam	54	864	864	1.0	Unknown taxonomy (chromosome or plasmid)
barcode09_9Gb	contig_5223	13874	14408	ANT(2'')-Ia_aminoglycoside_antibiotic	33	534	534	1.0	Unknown taxonomy (chromosome or plasmid)
barcode09_9Gb	contig_5223	14523	14808	qacJ_disinfecting_agents_and_antiseptics	20	285	285	1.0	Unknown taxonomy (chromosome or plasmid)
barcode09_9Gb	contig_5287	4850	5666	sul2_sulfonamide_antibiotic	24	816	816	1.0	Unknown taxonomy (chromosome or plasmid)
barcode09_9Gb	contig_5542	53317	53503	rsmA_fluoroquinolone_antibiotic;_diaminopyrimidine_antibiotic;_phenicol_antibiotic	9	186	186	1.0	Citrobacter (chromosome or plasmid)
barcode09_9Gb	contig_5542	60013	61552	emrB_fluoroquinolone_antibiotic	13	1539	1539	1.0	Citrobacter portucalensis (chromosome)
barcode09_9Gb	contig_5542	61568	62741	emrA_fluoroquinolone_antibiotic	14	1173	1173	1.0	Citrobacter portucalensis (no genomic info)
barcode09_9Gb	contig_5542	62870	63401	emrR_fluoroquinolone_antibiotic	11	531	531	1.0	Citrobacter portucalensis (chromosome)
barcode09_9Gb	contig_5549	20716	21118	FosA8_phosphonic_acid_antibiotic	127	402	402	1.0	Aeromonas caviae (chromosome or plasmid)
barcode09_9Gb	contig_5567	7383	10533	adeF_fluoroquinolone_antibiotic;_tetracycline_antibiotic	79	3150	3150	1.0	Aeromonas caviae (chromosome or plasmid)
barcode09_9Gb	contig_5578	1094053	1095172	vanT gene in vanG cluster_glycopeptide_antibiotic	6	1119	1119	1.0	
barcode09_9Gb	contig_5578	1960504	1960993	nimJ_nitroimidazole_antibiotic	20	489	489	1.0	
barcode09_9Gb	contig_5724	73220	73586	qacG_disinfecting_agents_and_antiseptics	357	366	366	1.0	Acinetobacter johnsonii (chromosome)
barcode09_9Gb	contig_5731	1998	2364	qacG_disinfecting_agents_and_antiseptics	28	366	366	1.0	Acinetobacter johnsonii (chromosome)
barcode09_9Gb	contig_5733	18078	18426	qacG_disinfecting_agents_and_antiseptics	7	348	348	1.0	
barcode09_9Gb	contig_6084	1536	2727	tet(C)_tetracycline_antibiotic	52	1191	1191	1.0	Unknown taxonomy (chromosome or plasmid)
barcode09_9Gb	contig_6084	4233	5424	tet(C)_tetracycline_antibiotic	75	1191	1191	1.0	Unknown taxonomy (chromosome or plasmid)
barcode09_9Gb	contig_6129	31128	32313	Escherichia coli EF-Tu mutants conferring resistance to Pulvomycin_elfamycin_antibiotic	20	1185	1185	1.0	Unknown taxonomy (chromosome)
barcode09_9Gb	contig_6129	49398	50583	Escherichia coli EF-Tu mutants conferring resistance to Pulvomycin_elfamycin_antibiotic	22	1185	1185	1.0	Unknown taxonomy (chromosome)
barcode09_9Gb	contig_6197	52885	56008	mdtB_aminocoumarin_antibiotic	11	3123	3123	1.0	Citrobacter portucalensis (chromosome)
barcode09_9Gb	contig_6316	1492459	1493206	vanY gene in vanG cluster_glycopeptide_antibiotic	14	747	747	1.0	
barcode09_9Gb	contig_6316	2167265	2169260	lmrD_lincosamide_antibiotic	17	1995	1995	1.0	
barcode09_9Gb	contig_6352	7676	8495	bacA_peptide_antibiotic	10	819	819	1.0	Escherichia coli (chromosome)
barcode09_9Gb	contig_6361	9451	9781	qacG_disinfecting_agents_and_antiseptics	15	330	330	1.0	Elizabethkingia anophelis (chromosome)
barcode09_9Gb	contig_6420	24102	25578	msrE_macrolide_antibiotic;_streptogramin_antibiotic	355	1476	1476	1.0	Unknown taxonomy (chromosome or plasmid)
barcode09_9Gb	contig_6420	25633	26518	mphE_macrolide_antibiotic	370	885	885	1.0	Unknown taxonomy (chromosome or plasmid)
barcode09_9Gb	contig_6457	142057	144550	vanT gene in vanG cluster_glycopeptide_antibiotic	17	2493	2493	1.0	
barcode09_9Gb	contig_6524	142162	142348	rsmA_fluoroquinolone_antibiotic;_diaminopyrimidine_antibiotic;_phenicol_antibiotic	22	186	186	1.0	Unknown taxonomy (chromosome or plasmid)
barcode09_9Gb	contig_6524	147154	148693	emrB_fluoroquinolone_antibiotic	14	1539	1539	1.0	Unknown taxonomy (chromosome or plasmid)
barcode09_9Gb	contig_6524	148709	149882	emrA_fluoroquinolone_antibiotic	19	1173	1173	1.0	Unknown taxonomy (chromosome or plasmid)
barcode09_9Gb	contig_6524	150008	150539	emrR_fluoroquinolone_antibiotic	23	531	531	1.0	Unknown taxonomy (chromosome or plasmid)
barcode09_9Gb	contig_659	1468	2659	tet(C)_tetracycline_antibiotic	48	1191	1191	1.0	Unknown taxonomy (chromosome or plasmid)
barcode09_9Gb	contig_6641	20527	22447	tet(W)_tetracycline_antibiotic	38	1920	1920	1.0	Unknown taxonomy (chromosome or plasmid)
barcode09_9Gb	contig_6655	3482	4322	sul1_sulfonamide_antibiotic	82	840	840	1.0	Unknown taxonomy (chromosome or plasmid)
barcode09_9Gb	contig_6655	4315	4663	qacEdelta1_disinfecting_agents_and_antiseptics	88	348	348	1.0	Unknown taxonomy (chromosome or plasmid)
barcode09_9Gb	contig_6655	4779	5625	aadA6_aminoglycoside_antibiotic	47	846	846	1.0	Unknown taxonomy (chromosome or plasmid)
barcode09_9Gb	contig_6655	5736	6069	qacJ_disinfecting_agents_and_antiseptics	40	333	333	1.0	Unknown taxonomy (chromosome or plasmid)
barcode09_9Gb	contig_6655	6198	7026	OXA-2_carbapenem;_cephalosporin;_penam	44	828	828	1.0	Unknown taxonomy (chromosome or plasmid)
barcode09_9Gb	contig_6655	7095	7629	ANT(2'')-Ia_aminoglycoside_antibiotic	40	534	534	1.0	Unknown taxonomy (chromosome or plasmid)
barcode09_9Gb	contig_6655	7760	8219	AAC(6')-Il_aminoglycoside_antibiotic	42	459	459	1.0	Unknown taxonomy (chromosome or plasmid)
barcode09_9Gb	contig_6655	8277	8811	ANT(2'')-Ia_aminoglycoside_antibiotic	39	534	534	1.0	Unknown taxonomy (chromosome or plasmid)
barcode09_9Gb	contig_6655	8868	9402	ANT(2'')-Ia_aminoglycoside_antibiotic	36	534	534	1.0	Unknown taxonomy (chromosome or plasmid)
barcode09_9Gb	contig_6655	9533	9992	AAC(6')-Il_aminoglycoside_antibiotic	45	459	459	1.0	Unknown taxonomy (chromosome or plasmid)
barcode09_9Gb	contig_6659	1447	2035	tet(O)_tetracycline_antibiotic	46	588	588	1.0	Unknown taxonomy (chromosome or plasmid)
barcode09_9Gb	contig_6659	11270	12200	Erm(52)_macrolide_antibiotic;_lincosamide_antibiotic;_streptogramin_antibiotic	6	930	930	1.0	
barcode09_9Gb	contig_6659	12380	13040	tet(M)_tetracycline_antibiotic	8	660	660	1.0	Unknown taxonomy (chromosome or plasmid)
barcode09_9Gb	contig_6659	13101	14067	tet(M)_tetracycline_antibiotic	11	966	966	1.0	Streptococcus pneumoniae (chromosome or plasmid)
barcode09_9Gb	contig_6660	45	1431	tet(O)_tetracycline_antibiotic	24	1386	1386	1.0	Streptococcus suis (chromosome or plasmid)
barcode09_9Gb	contig_6661	796	2716	tet(O)_tetracycline_antibiotic	48	1920	1920	1.0	Unknown taxonomy (chromosome or plasmid)
barcode09_9Gb	contig_6662	133	1354	tet(40)_tetracycline_antibiotic	11	1221	1221	1.0	Unknown taxonomy (chromosome)
barcode09_9Gb	contig_6686	1091	1748	QnrS2_fluoroquinolone_antibiotic	34	657	657	1.0	Unknown taxonomy (chromosome or plasmid)
barcode09_9Gb	contig_6801	21928	22816	vanW gene in vanG cluster_glycopeptide_antibiotic	3	888	888	1.0	
barcode09_9Gb	contig_6854	900	2121	adeG_fluoroquinolone_antibiotic;_tetracycline_antibiotic	9	1221	1221	1.0	Acinetobacter baumannii (chromosome or plasmid)
barcode09_9Gb	contig_6854	2127	5307	adeF_fluoroquinolone_antibiotic;_tetracycline_antibiotic	12	3180	3180	1.0	Acinetobacter baumannii (chromosome or plasmid)
barcode09_9Gb	contig_6854	5319	6768	adeH_fluoroquinolone_antibiotic;_tetracycline_antibiotic	18	1449	1449	1.0	Acinetobacter baumannii (chromosome or plasmid)
barcode09_9Gb	contig_6880	14906	16115	vanT gene in vanG cluster_glycopeptide_antibiotic	6	1209	1209	1.0	
barcode09_9Gb	contig_6893	1408	2269	TEM-1_monobactam;_cephalosporin;_penam;_penem	37	861	861	1.0	Unknown taxonomy (chromosome or plasmid)
barcode09_9Gb	contig_7340	272570	274085	aadT_macrolide_antibiotic;_tetracycline_antibiotic;_disinfecting_agents_and_antiseptics	47	1515	1515	1.0	
barcode09_9Gb	contig_7367	8974	10894	tet(O)_tetracycline_antibiotic	77	1920	1920	1.0	Unknown taxonomy (chromosome or plasmid)
barcode09_9Gb	contig_7502	174549	175941	Escherichia coli UhpT with mutation conferring resistance to fosfomycin_phosphonic_acid_antibiotic	17	1392	1392	1.0	Enterobacter (chromosome or plasmid)
barcode09_9Gb	contig_7504	295879	296065	rsmA_fluoroquinolone_antibiotic;_diaminopyrimidine_antibiotic;_phenicol_antibiotic	10	186	186	1.0	Enterobacter (chromosome or plasmid)
barcode09_9Gb	contig_7504	303024	304572	emrB_fluoroquinolone_antibiotic	9	1548	1548	1.0	Enterobacter roggenkampii (chromosome or plasmid)
barcode09_9Gb	contig_7504	304588	305761	emrA_fluoroquinolone_antibiotic	6	1173	1173	1.0	
barcode09_9Gb	contig_7504	305887	306415	emrR_fluoroquinolone_antibiotic	6	528	528	1.0	Enterobacter roggenkampii (chromosome)
barcode09_9Gb	contig_7537	1983	3222	Mrx_macrolide_antibiotic	164	1239	1239	1.0	Unknown taxonomy (chromosome or plasmid)
barcode09_9Gb	contig_7537	3218	4124	mphA_macrolide_antibiotic	177	906	906	1.0	Unknown taxonomy (chromosome or plasmid)
barcode09_9Gb	contig_7606	14948	16148	vanT gene in vanG cluster_glycopeptide_antibiotic	7	1200	1200	1.0	Faecalibacterium prausnitzii (chromosome)
barcode09_9Gb	contig_7607	34599	34929	qacJ_disinfecting_agents_and_antiseptics	15	330	330	1.0	Elizabethkingia anophelis (chromosome)
barcode09_9Gb	contig_7640	105423	105837	H-NS_macrolide_antibiotic;_fluoroquinolone_antibiotic;_cephalosporin;_cephamycin;_penam;_tetracycline_antibiotic	9	414	414	1.0	Unknown taxonomy (chromosome or plasmid)
barcode09_9Gb	contig_772	38199	39039	sul1_sulfonamide_antibiotic	136	840	840	1.0	Unknown taxonomy (chromosome or plasmid)
barcode09_9Gb	contig_772	39032	39380	qacEdelta1_disinfecting_agents_and_antiseptics	125	348	348	1.0	Unknown taxonomy (chromosome or plasmid)
barcode09_9Gb	contig_772	39543	40323	aadA2_aminoglycoside_antibiotic	95	780	780	1.0	Unknown taxonomy (chromosome or plasmid)
barcode09_9Gb	contig_772	40744	41242	dfrA12_diaminopyrimidine_antibiotic	74	498	498	1.0	Unknown taxonomy (chromosome or plasmid)
barcode09_9Gb	contig_772	50610	51450	sul1_sulfonamide_antibiotic	92	840	840	1.0	Unknown taxonomy (chromosome or plasmid)
barcode09_9Gb	contig_772	51443	51791	qacEdelta1_disinfecting_agents_and_antiseptics	72	348	348	1.0	Unknown taxonomy (chromosome or plasmid)
barcode09_9Gb	contig_776	3552	4035	dfrA14_diaminopyrimidine_antibiotic	10	483	483	1.0	Unknown taxonomy (chromosome or plasmid)
barcode09_9Gb	contig_7766	1293	1950	QnrS1_fluoroquinolone_antibiotic	15	657	657	1.0	Unknown taxonomy (chromosome or plasmid)
barcode09_9Gb	contig_7766	6590	7466	CTX-M-15_cephalosporin;_penam	11	876	876	1.0	Unknown taxonomy (chromosome or plasmid)
barcode09_9Gb	contig_7820	12542	13526	vanH gene in vanO cluster_glycopeptide_antibiotic	4	984	984	1.0	
barcode09_9Gb	contig_7855	9247	10087	sul1_sulfonamide_antibiotic	13	840	840	1.0	Unknown taxonomy (chromosome or plasmid)
barcode09_9Gb	contig_7876	189979	191164	Escherichia coli EF-Tu mutants conferring resistance to Pulvomycin_elfamycin_antibiotic	13	1185	1185	1.0	Unknown taxonomy (chromosome)
barcode09_9Gb	contig_7876	208480	209665	Escherichia coli EF-Tu mutants conferring resistance to Pulvomycin_elfamycin_antibiotic	23	1185	1185	1.0	Unknown taxonomy (chromosome or plasmid)
barcode09_9Gb	contig_7884	331	1147	sul2_sulfonamide_antibiotic	31	816	816	1.0	Unknown taxonomy (chromosome or plasmid)
barcode09_9Gb	contig_7891	13400	14261	AAC(3)-IIe_aminoglycoside_antibiotic	19	861	861	1.0	Unknown taxonomy (chromosome or plasmid)
barcode09_9Gb	contig_7891	14402	15263	TEM-1_monobactam;_cephalosporin;_penam;_penem	27	861	861	1.0	Unknown taxonomy (chromosome or plasmid)
barcode09_9Gb	contig_7891	18395	19610	floR_phenicol_antibiotic	13	1215	1215	1.0	Unknown taxonomy (chromosome or plasmid)
barcode09_9Gb	contig_7892	12440	13220	APH(3')-VIa_aminoglycoside_antibiotic	47	780	780	1.0	Unknown taxonomy (chromosome or plasmid)
barcode09_9Gb	contig_7895	585	1959	cpxA_aminoglycoside_antibiotic;_aminocoumarin_antibiotic	21	1374	1374	1.0	Unknown taxonomy (chromosome or plasmid)
barcode09_9Gb	contig_7913	8913	9495	tet(32)_tetracycline_antibiotic	4	582	582	1.0	Enterocloster clostridioformis (chromosome)
barcode09_9Gb	contig_8037	9092	10766	eptB_peptide_antibiotic	9	1674	1674	1.0	Klebsiella pneumoniae (chromosome)
barcode09_9Gb	contig_8118	5846	6626	APH(3')-VIa_aminoglycoside_antibiotic	99	780	780	1.0	Unknown taxonomy (chromosome or plasmid)
barcode09_9Gb	contig_8118	14729	15593	GES-1_carbapenem;_cephalosporin;_penam	53	864	864	1.0	Unknown taxonomy (chromosome or plasmid)
barcode09_9Gb	contig_8118	15634	16285	AAC(6')-Ib9_aminoglycoside_antibiotic	30	651	651	1.0	Unknown taxonomy (chromosome or plasmid)
barcode09_9Gb	contig_8129	149550	150783	Escherichia coli mdfA_tetracycline_antibiotic;_disinfecting_agents_and_antiseptics	8	1233	1233	1.0	Unknown taxonomy (chromosome or plasmid)
barcode09_9Gb	contig_8130	7870	8548	kdpE_aminoglycoside_antibiotic	10	678	678	1.0	Unknown taxonomy (chromosome or plasmid)
barcode09_9Gb	contig_8167	26035	26524	vanY gene in vanB cluster_glycopeptide_antibiotic	7	489	489	1.0	
barcode09_9Gb	contig_8170	1282	2182	VEB-1_monobactam;_cephalosporin	32	900	900	1.0	Unknown taxonomy (chromosome or plasmid)
barcode09_9Gb	contig_8171	1284	1857	AAC(6')-Ian_aminoglycoside_antibiotic	15	573	573	1.0	Unknown taxonomy (chromosome or plasmid)
barcode09_9Gb	contig_8234	3627	4407	APH(3')-VIa_aminoglycoside_antibiotic	101	780	780	1.0	Unknown taxonomy (chromosome or plasmid)
barcode09_9Gb	contig_8259	95386	96211	gadX_macrolide_antibiotic;_fluoroquinolone_antibiotic;_penam	18	825	825	1.0	Unknown taxonomy (chromosome)
barcode09_9Gb	contig_8259	97670	100784	mdtF_macrolide_antibiotic;_fluoroquinolone_antibiotic;_penam	30	3114	3114	1.0	Escherichia coli (chromosome)
barcode09_9Gb	contig_8259	100808	101966	mdtE_macrolide_antibiotic;_fluoroquinolone_antibiotic;_penam	26	1158	1158	1.0	Unknown taxonomy (chromosome)
barcode09_9Gb	contig_8259	282018	282651	CRP_macrolide_antibiotic;_fluoroquinolone_antibiotic;_penam	12	633	633	1.0	Unknown taxonomy (chromosome or plasmid)
barcode09_9Gb	contig_8259	297442	298627	Escherichia coli EF-Tu mutants conferring resistance to Pulvomycin_elfamycin_antibiotic	28	1185	1185	1.0	Unknown taxonomy (chromosome or plasmid)
barcode09_9Gb	contig_8259	350643	353748	AcrF_fluoroquinolone_antibiotic;_cephalosporin;_cephamycin;_penam	20	3105	3105	1.0	Unknown taxonomy (chromosome or plasmid)
barcode09_9Gb	contig_8259	353759	354917	AcrE_fluoroquinolone_antibiotic;_cephalosporin;_cephamycin;_penam	16	1158	1158	1.0	Unknown taxonomy (chromosome or plasmid)
barcode09_9Gb	contig_8259	355315	355978	AcrS_fluoroquinolone_antibiotic;_cephalosporin;_glycylcycline;_cephamycin;_penam;_tetracycline_antibiotic;_rifamycin_antibiotic;_phenicol_antibiotic;_disinfecting_agents_and_antiseptics	16	663	663	1.0	Unknown taxonomy (chromosome or plasmid)
barcode09_9Gb	contig_8293	199846	200179	qacJ_disinfecting_agents_and_antiseptics	10	333	333	1.0	
barcode09_9Gb	contig_8338	16933	17440	nimJ_nitroimidazole_antibiotic	12	507	507	1.0	Bacteroides (no genomic info)
barcode09_9Gb	contig_8415	18700	19948	ArnT_peptide_antibiotic	6	1248	1248	1.0	Klebsiella michiganensis (chromosome)
barcode09_9Gb	contig_8433	40638	42387	msbA_nitroimidazole_antibiotic	23	1749	1749	1.0	Enterobacter kobei (chromosome)
barcode09_9Gb	contig_8467	3273	3528	rsmA_fluoroquinolone_antibiotic;_diaminopyrimidine_antibiotic;_phenicol_antibiotic	31	255	255	1.0	
barcode09_9Gb	contig_8498	75467	76625	vanW gene in vanI cluster_glycopeptide_antibiotic	15	1158	1158	1.0	
barcode09_9Gb	contig_8706	197861	198620	vanY gene in vanB cluster_glycopeptide_antibiotic	14	759	759	1.0	
barcode09_9Gb	contig_8706	647225	648356	vanT gene in vanG cluster_glycopeptide_antibiotic	6	1131	1131	1.0	
barcode09_9Gb	contig_8729	2617	4366	msbA_nitroimidazole_antibiotic	10	1749	1749	1.0	Enterobacter roggenkampii (chromosome)
barcode09_9Gb	contig_8753	22134	23862	vanW gene in vanI cluster_glycopeptide_antibiotic	6	1728	1728	1.0	
barcode09_9Gb	contig_8779	130457	131318	TEM-1_monobactam;_cephalosporin;_penam;_penem	37	861	861	1.0	Unknown taxonomy (chromosome or plasmid)
barcode09_9Gb	contig_8779	136289	137150	AAC(3)-IId_aminoglycoside_antibiotic	29	861	861	1.0	Unknown taxonomy (chromosome or plasmid)
barcode09_9Gb	contig_8779	138277	139183	mphA_macrolide_antibiotic	191	906	906	1.0	Unknown taxonomy (chromosome or plasmid)
barcode09_9Gb	contig_8779	139179	140418	Mrx_macrolide_antibiotic	208	1239	1239	1.0	Unknown taxonomy (chromosome or plasmid)
barcode09_9Gb	contig_8779	144552	145392	sul1_sulfonamide_antibiotic	99	840	840	1.0	Unknown taxonomy (chromosome or plasmid)
barcode09_9Gb	contig_8846	28234	29335	LpsB_peptide_antibiotic	19	1101	1101	1.0	Acinetobacter baumannii (chromosome or plasmid)
barcode09_9Gb	contig_8846	69710	71057	abeM_fluoroquinolone_antibiotic;_disinfecting_agents_and_antiseptics	32	1347	1347	1.0	Acinetobacter baumannii (chromosome or plasmid)
barcode09_9Gb	contig_8846	278255	280475	Acinetobacter baumannii parC conferring resistance to fluoroquinolones_fluoroquinolone_antibiotic	38	2220	2220	1.0	Acinetobacter baumannii (chromosome or plasmid)
barcode09_9Gb	contig_8846	339686	340475	ANT(3'')-IIa_aminoglycoside_antibiotic	35	789	789	1.0	Acinetobacter (chromosome or plasmid)
barcode09_9Gb	contig_8850	28385	29564	vanT gene in vanG cluster_glycopeptide_antibiotic	12	1179	1179	1.0	
barcode09_9Gb	contig_8982	11435	13910	vanT gene in vanG cluster_glycopeptide_antibiotic	13	2475	2475	1.0	
barcode09_9Gb	contig_9012	4937	5117	vanY gene in vanB cluster_glycopeptide_antibiotic	6	180	180	1.0	
barcode09_9Gb	contig_9044	1565	2561	CfxA6_cephamycin	27	996	996	1.0	
barcode09_9Gb	contig_9069	14897	15674	vanW gene in vanI cluster_glycopeptide_antibiotic	2	777	777	1.0	
barcode09_9Gb	contig_910	726	1986	cmlA5_phenicol_antibiotic	40	1260	1260	1.0	Unknown taxonomy (chromosome or plasmid)
barcode09_9Gb	contig_910	2250	3051	OXA-10_cephalosporin;_penam	42	801	801	1.0	Unknown taxonomy (chromosome or plasmid)
barcode09_9Gb	contig_910	3043	3859	aadA_aminoglycoside_antibiotic	45	816	816	1.0	Unknown taxonomy (chromosome or plasmid)
barcode09_9Gb	contig_910	4022	4370	qacEdelta1_disinfecting_agents_and_antiseptics	85	348	348	1.0	Unknown taxonomy (chromosome or plasmid)
barcode09_9Gb	contig_910	4363	5203	sul1_sulfonamide_antibiotic	102	840	840	1.0	Unknown taxonomy (chromosome or plasmid)
barcode09_9Gb	contig_912	26316	27153	APH(6)-Id_aminoglycoside_antibiotic	149	837	837	1.0	Unknown taxonomy (chromosome or plasmid)
barcode09_9Gb	contig_9153	6653	6866	vanU gene in vanG cluster_glycopeptide_antibiotic	27	213	213	1.0	
barcode09_9Gb	contig_9206	316741	318736	lmrD_lincosamide_antibiotic	22	1995	1995	1.0	
barcode09_9Gb	contig_9206	976671	977418	vanY gene in vanG cluster_glycopeptide_antibiotic	9	747	747	1.0	
barcode09_9Gb	contig_9206	1136988	1137318	qacG_disinfecting_agents_and_antiseptics	12	330	330	1.0	
barcode09_9Gb	contig_9327	2977	3964	vanH gene in vanO cluster_glycopeptide_antibiotic	6	987	987	1.0	
barcode09_9Gb	contig_9335	28398	29703	Acinetobacter baumannii AbaQ_fluoroquinolone_antibiotic	14	1305	1305	1.0	Acinetobacter baumannii (chromosome or plasmid)
barcode09_9Gb	contig_9335	257474	258128	adeN_macrolide_antibiotic;_fluoroquinolone_antibiotic;_lincosamide_antibiotic;_carbapenem;_cephalosporin;_tetracycline_antibiotic;_rifamycin_antibiotic;_diaminopyrimidine_antibiotic;_phenicol_antibiotic;_penem	20	654	654	1.0	Acinetobacter baumannii (chromosome or plasmid)
barcode09_9Gb	contig_9335	362462	363941	Acinetobacter baumannii AmvA_macrolide_antibiotic;_disinfecting_agents_and_antiseptics	17	1479	1479	1.0	Acinetobacter baumannii (chromosome or plasmid)
barcode09_9Gb	contig_936	12526	12925	qacJ_disinfecting_agents_and_antiseptics	26	399	399	1.0	Unknown taxonomy (chromosome or plasmid)
barcode09_9Gb	contig_9394	349687	350512	OXA-441_carbapenem;_penam	19	825	825	1.0	Acinetobacter baumannii (chromosome or plasmid)
barcode09_9Gb	contig_945	27334	28147	ErmX_macrolide_antibiotic;_lincosamide_antibiotic;_streptogramin_antibiotic;_streptogramin_A_antibiotic;_streptogramin_B_antibiotic	8	813	813	1.0	Unknown taxonomy (chromosome or plasmid)
barcode09_9Gb	contig_9455	48548	50474	tet(Q)_tetracycline_antibiotic	82	1926	1926	1.0	Unknown taxonomy (chromosome)
barcode09_9Gb	contig_9528	155701	156046	qacG_disinfecting_agents_and_antiseptics	19	345	345	1.0	
barcode09_9Gb	contig_9538	8969	9299	qacG_disinfecting_agents_and_antiseptics	6	330	330	1.0	
barcode09_9Gb	contig_9556	20242	20440	rsmA_fluoroquinolone_antibiotic;_diaminopyrimidine_antibiotic;_phenicol_antibiotic	18	198	198	1.0	
barcode09_9Gb	contig_957	1981	2770	aadA5_aminoglycoside_antibiotic	9	789	789	1.0	Unknown taxonomy (chromosome or plasmid)
barcode09_9Gb	contig_957	8101	9316	floR_phenicol_antibiotic	32	1215	1215	1.0	Unknown taxonomy (chromosome or plasmid)
barcode09_9Gb	contig_9577	7956	8487	emrR_fluoroquinolone_antibiotic	2	531	531	1.0	Enterobacter (chromosome)
barcode09_9Gb	contig_9577	8613	9786	emrA_fluoroquinolone_antibiotic	3	1173	1173	1.0	
barcode09_9Gb	contig_9577	18539	18725	rsmA_fluoroquinolone_antibiotic;_diaminopyrimidine_antibiotic;_phenicol_antibiotic	5	186	186	1.0	Enterobacter (chromosome or plasmid)
barcode09_9Gb	contig_9582	39124	40270	vanT gene in vanG cluster_glycopeptide_antibiotic	24	1146	1146	1.0	
barcode09_9Gb	contig_9630	59315	62507	adeF_fluoroquinolone_antibiotic;_tetracycline_antibiotic	11	3192	3192	1.0	
barcode09_9Gb	contig_9659	9675	10134	AAC(6')-Il_aminoglycoside_antibiotic	80	459	459	1.0	Unknown taxonomy (chromosome or plasmid)
barcode09_9Gb	contig_9659	10207	11071	GES-1_carbapenem;_cephalosporin;_penam	74	864	864	1.0	Unknown taxonomy (chromosome or plasmid)
barcode09_9Gb	contig_9659	11726	12590	GES-1_carbapenem;_cephalosporin;_penam	64	864	864	1.0	Unknown taxonomy (chromosome or plasmid)
barcode09_9Gb	contig_9659	12811	13159	qacEdelta1_disinfecting_agents_and_antiseptics	106	348	348	1.0	Unknown taxonomy (chromosome or plasmid)
barcode09_9Gb	contig_9659	13152	13992	sul1_sulfonamide_antibiotic	116	840	840	1.0	Unknown taxonomy (chromosome or plasmid)
barcode09_9Gb	contig_9682	33168	33552	marA_fluoroquinolone_antibiotic;_monobactam;_carbapenem;_cephalosporin;_glycylcycline;_cephamycin;_penam;_tetracycline_antibiotic;_rifamycin_antibiotic;_phenicol_antibiotic;_penem;_disinfecting_agents_and_antiseptics	13	384	384	1.0	Unknown taxonomy (chromosome or plasmid)
barcode09_9Gb	contig_9682	33571	34006	Escherichia coli AcrAB-TolC with MarR mutations conferring resistance to ciprofloxacin and tetracycline_fluoroquinolone_antibiotic;_cephalosporin;_glycylcycline;_penam;_tetracycline_antibiotic;_rifamycin_antibiotic;_phenicol_antibiotic;_disinfecting_agents_and_antiseptics	12	435	435	1.0	Unknown taxonomy (chromosome or plasmid)
barcode09_9Gb	contig_9690	19218	22392	adeF_fluoroquinolone_antibiotic;_tetracycline_antibiotic	7	3174	3174	1.0	Unknown taxonomy (chromosome or plasmid)
barcode09_9Gb	contig_9693	6323	7838	aadT_macrolide_antibiotic;_tetracycline_antibiotic;_disinfecting_agents_and_antiseptics	27	1515	1515	1.0	
barcode09_9Gb	contig_9719	747	1543	APH(3')-IIIa_aminoglycoside_antibiotic	16	796	796	1.0	Unknown taxonomy (chromosome or plasmid)
barcode09_9Gb	contig_9763	4476	5265	vanW gene in vanI cluster_glycopeptide_antibiotic	5	789	789	1.0	
barcode09_9Gb	contig_979	3243	4047	APH(3'')-Ib_aminoglycoside_antibiotic	205	804	804	1.0	Unknown taxonomy (chromosome or plasmid)
barcode09_9Gb	contig_979	4046	4883	APH(6)-Id_aminoglycoside_antibiotic	192	837	837	1.0	Unknown taxonomy (chromosome or plasmid)
barcode09_9Gb	contig_979	7148	8624	msrE_macrolide_antibiotic;_streptogramin_antibiotic	280	1476	1476	1.0	Unknown taxonomy (chromosome or plasmid)
barcode09_9Gb	contig_979	8679	9564	mphE_macrolide_antibiotic	301	885	885	1.0	Unknown taxonomy (chromosome or plasmid)
barcode09_9Gb	contig_979	35777	36704	PER-2_monobactam;_carbapenem;_cephalosporin;_penam;_penem	61	927	927	1.0	Unknown taxonomy (plasmid)
barcode09_9Gb	contig_979	44957	45581	tetR_tetracycline_antibiotic	68	624	624	1.0	Unknown taxonomy (chromosome or plasmid)
barcode09_9Gb	contig_979	45662	46868	tet(B)_tetracycline_antibiotic	71	1206	1206	1.0	Unknown taxonomy (chromosome or plasmid)
barcode09_9Gb	contig_9848	3440	4286	aadA11_aminoglycoside_antibiotic	45	846	846	1.0	Unknown taxonomy (chromosome or plasmid)
barcode09_9Gb	contig_9859	42442	43438	vanH gene in vanB cluster_glycopeptide_antibiotic	8	996	996	1.0	
barcode09_9Gb	contig_9883	45177	45402	rsmA_fluoroquinolone_antibiotic;_diaminopyrimidine_antibiotic;_phenicol_antibiotic	7	225	225	1.0	
barcode09_9Gb	contig_9920	1420	2176	TEM-216_monobactam;_cephalosporin;_penam;_penem	20	756	756	1.0	Unknown taxonomy (chromosome or plasmid)
barcode09_9Gb	contig_9922	152915	153170	rsmA_fluoroquinolone_antibiotic;_diaminopyrimidine_antibiotic;_phenicol_antibiotic	38	255	255	1.0	
barcode09_9Gb	contig_9922	166728	169749	adeF_fluoroquinolone_antibiotic;_tetracycline_antibiotic	4	3021	3021	1.0	Phocaeicola dorei (chromosome)
barcode09_9Gb	contig_9956	26048	26843	OXA-504_penam	81	795	795	1.0	Aeromonas caviae (chromosome)
barcode10_03Gb	contig_126	53244	54480	vanW gene in vanI cluster_glycopeptide_antibiotic	9	1236	1236	1.0	
barcode10_03Gb	contig_138	17189	18014	OXA-651_carbapenem;_penam	14	825	825	1.0	Acinetobacter johnsonii (chromosome)
barcode10_03Gb	contig_142	106498	107377	tet(W)_tetracycline_antibiotic	4	879	879	1.0	Trueperella pyogenes (chromosome or plasmid)
barcode10_03Gb	contig_15	150177	150684	nimK_nitroimidazole_antibiotic	10	507	507	1.0	
barcode10_03Gb	contig_159	66795	67050	rsmA_fluoroquinolone_antibiotic;_diaminopyrimidine_antibiotic;_phenicol_antibiotic	20	255	255	1.0	
barcode10_03Gb	contig_16	8454	9249	OXA-504_penam	5	795	795	1.0	Aeromonas caviae (chromosome)
barcode10_03Gb	contig_170	25611	26796	Escherichia coli EF-Tu mutants conferring resistance to Pulvomycin_elfamycin_antibiotic	14	1185	1185	1.0	Aeromonas caviae (chromosome or plasmid)
barcode10_03Gb	contig_26	1588	2392	APH(3'')-Ib_aminoglycoside_antibiotic	12	804	804	1.0	Unknown taxonomy (chromosome or plasmid)
barcode10_03Gb	contig_262	18051	18888	APH(6)-Id_aminoglycoside_antibiotic	13	837	837	1.0	Unknown taxonomy (chromosome or plasmid)
barcode10_03Gb	contig_262	18887	20381	APH(3'')-Ib_aminoglycoside_antibiotic	9	1494	1494	1.0	Pseudomonas aeruginosa (chromosome or plasmid)
barcode10_03Gb	contig_262	33063	33903	sul1_sulfonamide_antibiotic	12	840	840	1.0	Unknown taxonomy (chromosome or plasmid)
barcode10_03Gb	contig_262	33896	34244	qacEdelta1_disinfecting_agents_and_antiseptics	7	348	348	1.0	Unknown taxonomy (chromosome or plasmid)
barcode10_03Gb	contig_262	34359	34893	ANT(2'')-Ia_aminoglycoside_antibiotic	5	534	534	1.0	Unknown taxonomy (chromosome or plasmid)
barcode10_03Gb	contig_262	35015	35879	GES-1_carbapenem;_cephalosporin;_penam	8	864	864	1.0	Unknown taxonomy (chromosome or plasmid)
barcode10_03Gb	contig_262	35952	36411	AAC(6')-Il_aminoglycoside_antibiotic	9	459	459	1.0	Unknown taxonomy (chromosome or plasmid)
barcode10_03Gb	contig_308	8281	8470	rsmA_fluoroquinolone_antibiotic;_diaminopyrimidine_antibiotic;_phenicol_antibiotic	6	189	189	1.0	
barcode10_03Gb	contig_31	144723	145089	qacG_disinfecting_agents_and_antiseptics	12	366	366	1.0	Acinetobacter johnsonii (chromosome)
barcode10_03Gb	contig_310	18229	20371	Mrx_macrolide_antibiotic	6	2142	2142	1.0	Unknown taxonomy (chromosome or plasmid)
barcode10_03Gb	contig_310	25280	25628	qacEdelta1_disinfecting_agents_and_antiseptics	6	348	348	1.0	Unknown taxonomy (chromosome or plasmid)
barcode10_03Gb	contig_310	25850	26303	arr-3_rifamycin_antibiotic	5	453	453	1.0	Unknown taxonomy (chromosome or plasmid)
barcode10_03Gb	contig_310	26313	27021	catB3_phenicol_antibiotic	5	708	708	1.0	Unknown taxonomy (chromosome or plasmid)
barcode10_03Gb	contig_310	27158	27989	OXA-1_cephalosporin;_penam	8	831	831	1.0	Unknown taxonomy (chromosome or plasmid)
barcode10_03Gb	contig_310	28119	28719	AAC(6')-Ib-cr6_fluoroquinolone_antibiotic;_aminoglycoside_antibiotic	11	600	600	1.0	Unknown taxonomy (chromosome or plasmid)
barcode10_03Gb	contig_34	3108	3990	vanW gene in vanG cluster_glycopeptide_antibiotic	33	882	882	1.0	Acinetobacter johnsonii (chromosome)
barcode10_03Gb	contig_393	47992	49177	Escherichia coli EF-Tu mutants conferring resistance to Pulvomycin_elfamycin_antibiotic	6	1185	1185	1.0	Escherichia coli (chromosome or plasmid)
barcode10_03Gb	contig_397	5201	7679	vanT gene in vanG cluster_glycopeptide_antibiotic	7	2478	2478	1.0	
barcode10_03Gb	contig_41	6582	7464	KPC-2_monobactam;_carbapenem;_cephalosporin;_penam	20	882	882	1.0	Unknown taxonomy (chromosome or plasmid)
barcode10_03Gb	contig_541	17272	17695	qacG_disinfecting_agents_and_antiseptics	6	423	423	1.0	Acinetobacter johnsonii (chromosome)
barcode10_03Gb	contig_87	10501	11281	APH(3')-VIa_aminoglycoside_antibiotic	11	780	780	1.0	Unknown taxonomy (chromosome or plasmid)
barcode10_03Gb	contig_94	316669	317779	vanT gene in vanG cluster_glycopeptide_antibiotic	8	1110	1110	1.0	
barcode10_05Gb	contig_139	9051	9876	OXA-644_carbapenem;_penam	58	825	825	1.0	Acinetobacter johnsonii (chromosome)
barcode10_05Gb	contig_207	36502	37738	vanW gene in vanI cluster_glycopeptide_antibiotic	18	1236	1236	1.0	
barcode10_05Gb	contig_23	6643	7009	qacG_disinfecting_agents_and_antiseptics	15	366	366	1.0	Acinetobacter johnsonii (chromosome)
barcode10_05Gb	contig_24	317402	317768	qacG_disinfecting_agents_and_antiseptics	24	366	366	1.0	Acinetobacter johnsonii (chromosome)
barcode10_05Gb	contig_275	447	1287	sul1_sulfonamide_antibiotic	6	840	840	1.0	Unknown taxonomy (chromosome or plasmid)
barcode10_05Gb	contig_275	4426	4900	dfrA23_diaminopyrimidine_antibiotic	3	474	474	1.0	Unknown taxonomy (chromosome or plasmid)
barcode10_05Gb	contig_275	11164	12640	msrE_macrolide_antibiotic;_streptogramin_antibiotic	24	1476	1476	1.0	Unknown taxonomy (chromosome or plasmid)
barcode10_05Gb	contig_275	12695	13595	mphE_macrolide_antibiotic	18	900	900	1.0	Unknown taxonomy (chromosome or plasmid)
barcode10_05Gb	contig_275	14971	15877	mphA_macrolide_antibiotic	7	906	906	1.0	Unknown taxonomy (chromosome or plasmid)
barcode10_05Gb	contig_275	15873	17112	Mrx_macrolide_antibiotic	8	1239	1239	1.0	Unknown taxonomy (chromosome or plasmid)
barcode10_05Gb	contig_275	21187	22027	sul1_sulfonamide_antibiotic	11	840	840	1.0	Unknown taxonomy (chromosome or plasmid)
barcode10_05Gb	contig_275	22020	22368	qacEdelta1_disinfecting_agents_and_antiseptics	10	348	348	1.0	Unknown taxonomy (chromosome or plasmid)
barcode10_05Gb	contig_289	121612	122527	vanW gene in vanG cluster_glycopeptide_antibiotic	37	915	915	1.0	Acinetobacter johnsonii (chromosome)
barcode10_05Gb	contig_321	10801	11959	vanT gene in vanG cluster_glycopeptide_antibiotic	6	1158	1158	1.0	
barcode10_05Gb	contig_325	24814	25696	KPC-2_monobactam;_carbapenem;_cephalosporin;_penam	58	882	882	1.0	Unknown taxonomy (chromosome or plasmid)
barcode10_05Gb	contig_334	14223	14856	CRP_macrolide_antibiotic;_fluoroquinolone_antibiotic;_penam	9	633	633	1.0	Enterobacter (chromosome or plasmid)
barcode10_05Gb	contig_334	38093	39278	Escherichia coli EF-Tu mutants conferring resistance to Pulvomycin_elfamycin_antibiotic	14	1185	1185	1.0	Unknown taxonomy (chromosome or plasmid)
barcode10_05Gb	contig_370	3478	4258	APH(3')-VIa_aminoglycoside_antibiotic	9	780	780	1.0	Unknown taxonomy (chromosome or plasmid)
barcode10_05Gb	contig_42	80798	81053	rsmA_fluoroquinolone_antibiotic;_diaminopyrimidine_antibiotic;_phenicol_antibiotic	34	255	255	1.0	
barcode10_05Gb	contig_453	1109	1946	APH(6)-Id_aminoglycoside_antibiotic	17	837	837	1.0	Unknown taxonomy (chromosome or plasmid)
barcode10_05Gb	contig_453	1945	2749	APH(3'')-Ib_aminoglycoside_antibiotic	20	804	804	1.0	Unknown taxonomy (chromosome or plasmid)
barcode10_05Gb	contig_488	11719	12559	sul1_sulfonamide_antibiotic	29	840	840	1.0	Unknown taxonomy (chromosome or plasmid)
barcode10_05Gb	contig_488	12552	12900	qacEdelta1_disinfecting_agents_and_antiseptics	30	348	348	1.0	Unknown taxonomy (chromosome or plasmid)
barcode10_05Gb	contig_488	13759	14212	arr-3_rifamycin_antibiotic	19	453	453	1.0	Unknown taxonomy (chromosome or plasmid)
barcode10_05Gb	contig_530	17614	18799	Escherichia coli EF-Tu mutants conferring resistance to Pulvomycin_elfamycin_antibiotic	19	1185	1185	1.0	Aeromonas caviae (chromosome or plasmid)
barcode10_05Gb	contig_54	21732	23208	msrE_macrolide_antibiotic;_streptogramin_antibiotic	31	1476	1476	1.0	Unknown taxonomy (chromosome or plasmid)
barcode10_05Gb	contig_54	23263	24148	mphE_macrolide_antibiotic	32	885	885	1.0	Unknown taxonomy (chromosome or plasmid)
barcode10_05Gb	contig_566	3896	5048	MOX-13_cephalosporin;_cephamycin;_penam	6	1152	1152	1.0	Aeromonas caviae (chromosome or plasmid)
barcode10_05Gb	contig_66	517715	518222	nimK_nitroimidazole_antibiotic	18	507	507	1.0	
barcode10_05Gb	contig_66	773767	776959	adeF_fluoroquinolone_antibiotic;_tetracycline_antibiotic	16	3192	3192	1.0	
barcode10_05Gb	contig_66	1023065	1024175	vanT gene in vanG cluster_glycopeptide_antibiotic	19	1110	1110	1.0	
barcode10_05Gb	contig_837	11425	11614	rsmA_fluoroquinolone_antibiotic;_diaminopyrimidine_antibiotic;_phenicol_antibiotic	11	189	189	1.0	
barcode10_05Gb	contig_978	8033	8813	APH(3')-VIa_aminoglycoside_antibiotic	14	780	780	1.0	Unknown taxonomy (chromosome or plasmid)
barcode10_3Gb	contig_1019	10156	10912	TEM-216_monobactam;_cephalosporin;_penam;_penem	23	756	756	1.0	Unknown taxonomy (chromosome or plasmid)
barcode10_3Gb	contig_1019	55042	55924	KPC-2_monobactam;_carbapenem;_cephalosporin;_penam	254	882	882	1.0	Unknown taxonomy (chromosome or plasmid)
barcode10_3Gb	contig_1083	13739	15233	vanW gene in vanI cluster_glycopeptide_antibiotic	9	1494	1494	1.0	
barcode10_3Gb	contig_1083	944607	945102	lnuC_lincosamide_antibiotic	39	495	495	1.0	Unknown taxonomy (chromosome or plasmid)
barcode10_3Gb	contig_1088	79793	80963	Enterobacter cloacae acrA_fluoroquinolone_antibiotic;_cephalosporin;_glycylcycline;_penam;_tetracycline_antibiotic;_rifamycin_antibiotic;_phenicol_antibiotic;_disinfecting_agents_and_antiseptics	18	1170	1170	1.0	Enterobacter (chromosome)
barcode10_3Gb	contig_1088	179846	180947	vanG_glycopeptide_antibiotic	21	1101	1101	1.0	Enterobacter kobei (chromosome)
barcode10_3Gb	contig_1149	14414	15299	KPC-86_monobactam;_carbapenem;_cephalosporin;_penam	8	885	885	1.0	Klebsiella pneumoniae (chromosome or plasmid)
barcode10_3Gb	contig_1164	100994	101789	OXA-504_penam	42	795	795	1.0	Aeromonas caviae (chromosome)
barcode10_3Gb	contig_1169	9369	10206	APH(6)-Id_aminoglycoside_antibiotic	51	837	837	1.0	Unknown taxonomy (chromosome or plasmid)
barcode10_3Gb	contig_1215	21684	23904	Acinetobacter baumannii parC conferring resistance to fluoroquinolones_fluoroquinolone_antibiotic	14	2220	2220	1.0	Acinetobacter baumannii (chromosome or plasmid)
barcode10_3Gb	contig_1331	1721	2558	APH(6)-Id_aminoglycoside_antibiotic	67	837	837	1.0	Unknown taxonomy (chromosome or plasmid)
barcode10_3Gb	contig_1341	3452	4280	OXA-253_carbapenem;_penam	22	828	828	1.0	Acinetobacter baumannii (chromosome)
barcode10_3Gb	contig_1384	882	1698	sul2_sulfonamide_antibiotic	22	816	816	1.0	Unknown taxonomy (chromosome or plasmid)
barcode10_3Gb	contig_1433	4219	4678	AAC(6')-Il_aminoglycoside_antibiotic	12	459	459	1.0	Unknown taxonomy (chromosome or plasmid)
barcode10_3Gb	contig_1433	4809	5343	ANT(2'')-Ia_aminoglycoside_antibiotic	14	534	534	1.0	Unknown taxonomy (chromosome or plasmid)
barcode10_3Gb	contig_1433	5400	5934	ANT(2'')-Ia_aminoglycoside_antibiotic	13	534	534	1.0	Unknown taxonomy (chromosome or plasmid)
barcode10_3Gb	contig_1433	8003	9008	aadA11_aminoglycoside_antibiotic	9	1005	1005	1.0	Unknown taxonomy (chromosome or plasmid)
barcode10_3Gb	contig_1435	7179	7839	catA1_phenicol_antibiotic	9	660	660	1.0	Unknown taxonomy (chromosome or plasmid)
barcode10_3Gb	contig_1435	10977	12168	tet(C)_tetracycline_antibiotic	24	1191	1191	1.0	Unknown taxonomy (chromosome or plasmid)
barcode10_3Gb	contig_1597	6332	6560	rsmA_fluoroquinolone_antibiotic;_diaminopyrimidine_antibiotic;_phenicol_antibiotic	12	228	228	1.0	
barcode10_3Gb	contig_1833	165119	168272	adeF_fluoroquinolone_antibiotic;_tetracycline_antibiotic	13	3153	3153	1.0	
barcode10_3Gb	contig_193	6466	7291	OXA-644_carbapenem;_penam	360	825	825	1.0	Acinetobacter johnsonii (chromosome)
barcode10_3Gb	contig_1969	11999	12644	QnrB19_fluoroquinolone_antibiotic	27	645	645	1.0	Unknown taxonomy (chromosome or plasmid)
barcode10_3Gb	contig_2058	754	1558	APH(3'')-Ib_aminoglycoside_antibiotic	46	804	804	1.0	Unknown taxonomy (chromosome or plasmid)
barcode10_3Gb	contig_2066	3863	4748	mphE_macrolide_antibiotic	122	885	885	1.0	Unknown taxonomy (chromosome or plasmid)
barcode10_3Gb	contig_2066	4803	6279	msrE_macrolide_antibiotic;_streptogramin_antibiotic	129	1476	1476	1.0	Unknown taxonomy (chromosome or plasmid)
barcode10_3Gb	contig_2066	11187	12024	APH(6)-Id_aminoglycoside_antibiotic	26	837	837	1.0	Unknown taxonomy (chromosome or plasmid)
barcode10_3Gb	contig_2066	12023	12800	APH(3'')-Ib_aminoglycoside_antibiotic	20	777	777	1.0	Unknown taxonomy (chromosome or plasmid)
barcode10_3Gb	contig_2067	4081	4918	APH(6)-Id_aminoglycoside_antibiotic	15	837	837	1.0	Unknown taxonomy (chromosome or plasmid)
barcode10_3Gb	contig_2069	3872	4757	mphE_macrolide_antibiotic	43	885	885	1.0	Unknown taxonomy (chromosome or plasmid)
barcode10_3Gb	contig_2069	4812	6288	msrE_macrolide_antibiotic;_streptogramin_antibiotic	43	1476	1476	1.0	Unknown taxonomy (chromosome or plasmid)
barcode10_3Gb	contig_2106	322	1135	NDM-1_carbapenem;_cephalosporin;_cephamycin;_penam	11	813	813	1.0	Unknown taxonomy (chromosome or plasmid)
barcode10_3Gb	contig_2107	4709	5522	NDM-1_carbapenem;_cephalosporin;_cephamycin;_penam	13	813	813	1.0	Unknown taxonomy (chromosome or plasmid)
barcode10_3Gb	contig_2107	6799	7579	APH(3')-VIa_aminoglycoside_antibiotic	20	780	780	1.0	Unknown taxonomy (chromosome or plasmid)
barcode10_3Gb	contig_2137	24278	24662	vanY gene in vanB cluster_glycopeptide_antibiotic	3	384	384	1.0	
barcode10_3Gb	contig_2189	1571	2759	tet(39)_tetracycline_antibiotic	38	1188	1188	1.0	Unknown taxonomy (plasmid)
barcode10_3Gb	contig_225	2370	3585	floR_phenicol_antibiotic	14	1215	1215	1.0	Unknown taxonomy (chromosome or plasmid)
barcode10_3Gb	contig_2303	48406	48742	qacG_disinfecting_agents_and_antiseptics	12	336	336	1.0	
barcode10_3Gb	contig_2396	100537	101722	Escherichia coli EF-Tu mutants conferring resistance to Pulvomycin_elfamycin_antibiotic	18	1185	1185	1.0	Unknown taxonomy (chromosome or plasmid)
barcode10_3Gb	contig_2469	5057	5735	kdpE_aminoglycoside_antibiotic	8	678	678	1.0	Escherichia (chromosome or plasmid)
barcode10_3Gb	contig_2494	22922	24842	tet(O)_tetracycline_antibiotic	38	1920	1920	1.0	Unknown taxonomy (chromosome or plasmid)
barcode10_3Gb	contig_253	31287	32175	sul2_sulfonamide_antibiotic	13	888	888	1.0	Unknown taxonomy (chromosome or plasmid)
barcode10_3Gb	contig_253	32161	32965	APH(3'')-Ib_aminoglycoside_antibiotic	17	804	804	1.0	Unknown taxonomy (chromosome or plasmid)
barcode10_3Gb	contig_253	32964	33981	APH(6)-Id_aminoglycoside_antibiotic	18	1017	1017	1.0	Unknown taxonomy (chromosome or plasmid)
barcode10_3Gb	contig_253	35062	36499	tet(A)_tetracycline_antibiotic	22	1437	1437	1.0	Unknown taxonomy (chromosome or plasmid)
barcode10_3Gb	contig_2606	131501	132659	vanT gene in vanG cluster_glycopeptide_antibiotic	18	1158	1158	1.0	
barcode10_3Gb	contig_2606	714143	715130	vanH gene in vanO cluster_glycopeptide_antibiotic	14	987	987	1.0	
barcode10_3Gb	contig_2608	64369	65293	mdtN_nucleoside_antibiotic;_disinfecting_agents_and_antiseptics	4	924	924	1.0	Escherichia coli (chromosome or plasmid)
barcode10_3Gb	contig_2608	67450	69004	mdtP_nucleoside_antibiotic;_disinfecting_agents_and_antiseptics	5	1554	1554	1.0	Escherichia coli (chromosome or plasmid)
barcode10_3Gb	contig_2608	90011	90476	Escherichia coli soxR with mutation conferring antibiotic resistance_fluoroquinolone_antibiotic;_cephalosporin;_glycylcycline;_penam;_tetracycline_antibiotic;_rifamycin_antibiotic;_phenicol_antibiotic;_disinfecting_agents_and_antiseptics	7	465	465	1.0	Unknown taxonomy (chromosome or plasmid)
barcode10_3Gb	contig_2608	90561	90885	Escherichia coli soxS with mutation conferring antibiotic resistance_fluoroquinolone_antibiotic;_monobactam;_carbapenem;_cephalosporin;_glycylcycline;_cephamycin;_penam;_tetracycline_antibiotic;_rifamycin_antibiotic;_phenicol_antibiotic;_penem;_disinfecting_agents_and_antiseptics	7	324	324	1.0	Unknown taxonomy (chromosome or plasmid)
barcode10_3Gb	contig_2654	15526	16684	vanW gene in vanI cluster_glycopeptide_antibiotic	9	1158	1158	1.0	
barcode10_3Gb	contig_2712	38699	39029	qacG_disinfecting_agents_and_antiseptics	7	330	330	1.0	
barcode10_3Gb	contig_2736	70990	71176	rsmA_fluoroquinolone_antibiotic;_diaminopyrimidine_antibiotic;_phenicol_antibiotic	11	186	186	1.0	Enterobacter (chromosome or plasmid)
barcode10_3Gb	contig_2736	78217	79765	emrB_fluoroquinolone_antibiotic	7	1548	1548	1.0	Enterobacter kobei (chromosome or plasmid)
barcode10_3Gb	contig_2736	81081	81612	emrR_fluoroquinolone_antibiotic	11	531	531	1.0	Enterobacter kobei (chromosome or plasmid)
barcode10_3Gb	contig_2741	70956	74121	acrD_aminoglycoside_antibiotic	11	3165	3165	1.0	Enterobacter (chromosome)
barcode10_3Gb	contig_2843	103895	106373	vanT gene in vanG cluster_glycopeptide_antibiotic	46	2478	2478	1.0	
barcode10_3Gb	contig_2853	38844	39033	rsmA_fluoroquinolone_antibiotic;_diaminopyrimidine_antibiotic;_phenicol_antibiotic	40	189	189	1.0	
barcode10_3Gb	contig_2855	1077	1422	qacG_disinfecting_agents_and_antiseptics	9	345	345	1.0	Unknown taxonomy (chromosome or plasmid)
barcode10_3Gb	contig_2863	21390	24504	adeF_fluoroquinolone_antibiotic;_tetracycline_antibiotic	14	3114	3114	1.0	Enterobacter kobei (chromosome)
barcode10_3Gb	contig_2963	86477	86732	rsmA_fluoroquinolone_antibiotic;_diaminopyrimidine_antibiotic;_phenicol_antibiotic	28	255	255	1.0	
barcode10_3Gb	contig_2975	25881	27876	lmrD_lincosamide_antibiotic	6	1995	1995	1.0	
barcode10_3Gb	contig_3050	3488	4145	QnrS2_fluoroquinolone_antibiotic	9	657	657	1.0	Unknown taxonomy (chromosome or plasmid)
barcode10_3Gb	contig_3074	25048	28225	adeF_fluoroquinolone_antibiotic;_tetracycline_antibiotic	23	3177	3177	1.0	Unknown taxonomy (chromosome)
barcode10_3Gb	contig_3103	1953	2793	sul1_sulfonamide_antibiotic	56	840	840	1.0	Unknown taxonomy (chromosome or plasmid)
barcode10_3Gb	contig_3103	2786	3134	qacEdelta1_disinfecting_agents_and_antiseptics	48	348	348	1.0	Unknown taxonomy (chromosome or plasmid)
barcode10_3Gb	contig_3103	3249	3783	ANT(2'')-Ia_aminoglycoside_antibiotic	36	534	534	1.0	Unknown taxonomy (chromosome or plasmid)
barcode10_3Gb	contig_3103	3905	4769	GES-1_carbapenem;_cephalosporin;_penam	46	864	864	1.0	Unknown taxonomy (chromosome or plasmid)
barcode10_3Gb	contig_3103	4842	5301	AAC(6')-Il_aminoglycoside_antibiotic	42	459	459	1.0	Unknown taxonomy (chromosome or plasmid)
barcode10_3Gb	contig_3104	1753	2791	sul1_sulfonamide_antibiotic	40	1038	1038	1.0	Escherichia coli (chromosome or plasmid)
barcode10_3Gb	contig_3104	2784	3132	qacEdelta1_disinfecting_agents_and_antiseptics	35	348	348	1.0	Unknown taxonomy (chromosome or plasmid)
barcode10_3Gb	contig_3116	11743	12937	Escherichia coli acrA_fluoroquinolone_antibiotic;_cephalosporin;_glycylcycline;_penam;_tetracycline_antibiotic;_rifamycin_antibiotic;_phenicol_antibiotic;_disinfecting_agents_and_antiseptics	10	1194	1194	1.0	Citrobacter portucalensis (chromosome or plasmid)
barcode10_3Gb	contig_313	39883	41398	aadT_macrolide_antibiotic;_tetracycline_antibiotic;_disinfecting_agents_and_antiseptics	14	1515	1515	1.0	
barcode10_3Gb	contig_3136	37019	37274	rsmA_fluoroquinolone_antibiotic;_diaminopyrimidine_antibiotic;_phenicol_antibiotic	144	255	255	1.0	
barcode10_3Gb	contig_3137	515	1715	vanT gene in vanG cluster_glycopeptide_antibiotic	7	1200	1200	1.0	
barcode10_3Gb	contig_3185	4276	4462	rsmA_fluoroquinolone_antibiotic;_diaminopyrimidine_antibiotic;_phenicol_antibiotic	3	186	186	1.0	Unknown taxonomy (chromosome or plasmid)
barcode10_3Gb	contig_3207	3049	4240	tet(C)_tetracycline_antibiotic	12	1191	1191	1.0	Unknown taxonomy (chromosome or plasmid)
barcode10_3Gb	contig_3207	5746	6937	tet(C)_tetracycline_antibiotic	14	1191	1191	1.0	Unknown taxonomy (chromosome or plasmid)
barcode10_3Gb	contig_3285	13367	14201	bacA_peptide_antibiotic	4	834	834	1.0	Unknown taxonomy (chromosome or plasmid)
barcode10_3Gb	contig_3321	1817	2459	catII_phenicol_antibiotic	5	642	642	1.0	Unknown taxonomy (chromosome or plasmid)
barcode10_3Gb	contig_3395	2131	2911	APH(3')-VIa_aminoglycoside_antibiotic	29	780	780	1.0	Unknown taxonomy (chromosome or plasmid)
barcode10_3Gb	contig_3592	8101	8290	rsmA_fluoroquinolone_antibiotic;_diaminopyrimidine_antibiotic;_phenicol_antibiotic	41	189	189	1.0	
barcode10_3Gb	contig_367	44416	45601	Escherichia coli EF-Tu mutants conferring resistance to Pulvomycin_elfamycin_antibiotic	50	1185	1185	1.0	Aeromonas caviae (chromosome or plasmid)
barcode10_3Gb	contig_367	63624	64809	Escherichia coli EF-Tu mutants conferring resistance to Pulvomycin_elfamycin_antibiotic	52	1185	1185	1.0	Aeromonas caviae (chromosome or plasmid)
barcode10_3Gb	contig_3670	17400	18660	EreB_macrolide_antibiotic	11	1260	1260	1.0	
barcode10_3Gb	contig_3674	4532	5414	KPC-2_monobactam;_carbapenem;_cephalosporin;_penam	63	882	882	1.0	Unknown taxonomy (chromosome or plasmid)
barcode10_3Gb	contig_3716	104386	105211	gadX_macrolide_antibiotic;_fluoroquinolone_antibiotic;_penam	6	825	825	1.0	Unknown taxonomy (chromosome)
barcode10_3Gb	contig_3716	109808	110822	mdtE_macrolide_antibiotic;_fluoroquinolone_antibiotic;_penam	4	1014	1014	1.0	Unknown taxonomy (chromosome)
barcode10_3Gb	contig_378	1722	2910	tet(39)_tetracycline_antibiotic	37	1188	1188	1.0	Unknown taxonomy (plasmid)
barcode10_3Gb	contig_3788	97139	97514	ramA_fluoroquinolone_antibiotic;_monobactam;_carbapenem;_cephalosporin;_glycylcycline;_cephamycin;_penam;_tetracycline_antibiotic;_rifamycin_antibiotic;_phenicol_antibiotic;_penem;_disinfecting_agents_and_antiseptics	12	375	375	1.0	Enterobacter kobei (no genomic info)
barcode10_3Gb	contig_380	5948	7424	msrE_macrolide_antibiotic;_streptogramin_antibiotic	101	1476	1476	1.0	Unknown taxonomy (chromosome or plasmid)
barcode10_3Gb	contig_380	7479	8364	mphE_macrolide_antibiotic	96	885	885	1.0	Unknown taxonomy (chromosome or plasmid)
barcode10_3Gb	contig_3808	68533	68896	Klebsiella pneumoniae KpnE_macrolide_antibiotic;_aminoglycoside_antibiotic;_cephalosporin;_tetracycline_antibiotic;_peptide_antibiotic;_rifamycin_antibiotic;_disinfecting_agents_and_antiseptics	15	363	363	1.0	Enterobacter kobei (chromosome)
barcode10_3Gb	contig_381	9690	11166	msrE_macrolide_antibiotic;_streptogramin_antibiotic	121	1476	1476	1.0	Unknown taxonomy (chromosome or plasmid)
barcode10_3Gb	contig_381	11221	12106	mphE_macrolide_antibiotic	109	885	885	1.0	Unknown taxonomy (chromosome or plasmid)
barcode10_3Gb	contig_3821	5793	6471	kdpE_aminoglycoside_antibiotic	6	678	678	1.0	Citrobacter (chromosome)
barcode10_3Gb	contig_387	7205	8090	mphE_macrolide_antibiotic	46	885	885	1.0	Unknown taxonomy (chromosome or plasmid)
barcode10_3Gb	contig_3933	13390	14575	Escherichia coli EF-Tu mutants conferring resistance to Pulvomycin_elfamycin_antibiotic	21	1185	1185	1.0	Unknown taxonomy (chromosome)
barcode10_3Gb	contig_3993	7894	8446	tet(Q)_tetracycline_antibiotic	4	552	552	1.0	Unknown taxonomy (chromosome)
barcode10_3Gb	contig_409	650366	651602	vanW gene in vanI cluster_glycopeptide_antibiotic	96	1236	1236	1.0	
barcode10_3Gb	contig_409	1353611	1354118	nimK_nitroimidazole_antibiotic	90	507	507	1.0	
barcode10_3Gb	contig_409	1609748	1612940	adeF_fluoroquinolone_antibiotic;_tetracycline_antibiotic	104	3192	3192	1.0	
barcode10_3Gb	contig_409	1856523	1857633	vanT gene in vanG cluster_glycopeptide_antibiotic	105	1110	1110	1.0	
barcode10_3Gb	contig_4162	8174	8507	Escherichia coli emrE_macrolide_antibiotic	9	333	333	1.0	Unknown taxonomy (chromosome or plasmid)
barcode10_3Gb	contig_4224	55922	57125	vanT gene in vanG cluster_glycopeptide_antibiotic	14	1203	1203	1.0	
barcode10_3Gb	contig_423	11155	11983	OXA-253_carbapenem;_penam	61	828	828	1.0	Acinetobacter baumannii (chromosome)
barcode10_3Gb	contig_423	19100	19928	OXA-253_carbapenem;_penam	54	828	828	1.0	Acinetobacter baumannii (chromosome)
barcode10_3Gb	contig_425	13536	14364	OXA-253_carbapenem;_penam	43	828	828	1.0	Acinetobacter baumannii (chromosome)
barcode10_3Gb	contig_4267	85428	85830	FosA8_phosphonic_acid_antibiotic	24	402	402	1.0	Aeromonas caviae (chromosome or plasmid)
barcode10_3Gb	contig_4307	4851	5760	ErmF_macrolide_antibiotic;_lincosamide_antibiotic;_streptogramin_antibiotic;_streptogramin_A_antibiotic;_streptogramin_B_antibiotic	14	909	909	1.0	Unknown taxonomy (chromosome or plasmid)
barcode10_3Gb	contig_433	4028	4373	qacG_disinfecting_agents_and_antiseptics	11	345	345	1.0	Unknown taxonomy (chromosome or plasmid)
barcode10_3Gb	contig_4343	7362	8088	vanW gene in vanG cluster_glycopeptide_antibiotic	4	726	726	1.0	
barcode10_3Gb	contig_442	68	854	OXA-253_carbapenem;_penam	38	786	786	1.0	Acinetobacter baumannii (chromosome)
barcode10_3Gb	contig_4481	59823	61590	Haemophilus influenzae PBP3 conferring resistance to beta-lactam antibiotics_cephalosporin;_cephamycin;_penam	15	1767	1767	1.0	Escherichia coli (chromosome or plasmid)
barcode10_3Gb	contig_4513	5534	8639	AcrF_fluoroquinolone_antibiotic;_cephalosporin;_cephamycin;_penam	8	3105	3105	1.0	Unknown taxonomy (chromosome or plasmid)
barcode10_3Gb	contig_4530	17882	19229	abeM_fluoroquinolone_antibiotic;_disinfecting_agents_and_antiseptics	11	1347	1347	1.0	Acinetobacter baumannii (chromosome or plasmid)
barcode10_3Gb	contig_4530	62065	63166	LpsB_peptide_antibiotic	9	1101	1101	1.0	Acinetobacter baumannii (chromosome or plasmid)
barcode10_3Gb	contig_4561	496	1378	KPC-2_monobactam;_carbapenem;_cephalosporin;_penam	81	882	882	1.0	Unknown taxonomy (chromosome or plasmid)
barcode10_3Gb	contig_4561	3793	4573	APH(3')-VIa_aminoglycoside_antibiotic	40	780	780	1.0	Unknown taxonomy (chromosome or plasmid)
barcode10_3Gb	contig_4562	1773	2553	APH(3')-VIa_aminoglycoside_antibiotic	53	780	780	1.0	Unknown taxonomy (chromosome or plasmid)
barcode10_3Gb	contig_4571	70904	71720	sul2_sulfonamide_antibiotic	13	816	816	1.0	Unknown taxonomy (chromosome or plasmid)
barcode10_3Gb	contig_4571	72583	73420	APH(6)-Id_aminoglycoside_antibiotic	23	837	837	1.0	Unknown taxonomy (chromosome or plasmid)
barcode10_3Gb	contig_4571	74497	75697	tet(A)_tetracycline_antibiotic	26	1200	1200	1.0	Unknown taxonomy (chromosome or plasmid)
barcode10_3Gb	contig_4641	13686	14475	ANT(3'')-IIa_aminoglycoside_antibiotic	10	789	789	1.0	Acinetobacter baumannii (chromosome or plasmid)
barcode10_3Gb	contig_4690	58024	58351	qacG_disinfecting_agents_and_antiseptics	8	327	327	1.0	
barcode10_3Gb	contig_4711	5081	6266	Escherichia coli EF-Tu mutants conferring resistance to Pulvomycin_elfamycin_antibiotic	29	1185	1185	1.0	Unknown taxonomy (chromosome or plasmid)
barcode10_3Gb	contig_4711	21356	21989	CRP_macrolide_antibiotic;_fluoroquinolone_antibiotic;_penam	7	633	633	1.0	Enterobacter hormaechei (chromosome or plasmid)
barcode10_3Gb	contig_4712	51972	52605	CRP_macrolide_antibiotic;_fluoroquinolone_antibiotic;_penam	17	633	633	1.0	Enterobacter (chromosome or plasmid)
barcode10_3Gb	contig_4712	127053	128709	ArnT_peptide_antibiotic	14	1656	1656	1.0	Enterobacter kobei (chromosome)
barcode10_3Gb	contig_4712	131583	132567	PmrF_peptide_antibiotic	16	984	984	1.0	
barcode10_3Gb	contig_4713	17530	18715	Escherichia coli EF-Tu mutants conferring resistance to Pulvomycin_elfamycin_antibiotic	18	1185	1185	1.0	Unknown taxonomy (chromosome or plasmid)
barcode10_3Gb	contig_4725	59558	60374	APH(3')-Ia_aminoglycoside_antibiotic	19	816	816	1.0	Unknown taxonomy (chromosome or plasmid)
barcode10_3Gb	contig_4731	97266	98598	vanW gene in vanI cluster_glycopeptide_antibiotic	5	1332	1332	1.0	
barcode10_3Gb	contig_4776	59867	63020	oqxB_fluoroquinolone_antibiotic;_glycylcycline;_tetracycline_antibiotic;_diaminopyrimidine_antibiotic;_nitrofuran_antibiotic	6	3153	3153	1.0	Enterobacter kobei (chromosome)
barcode10_3Gb	contig_479	254446	255439	ADC-30_cephalosporin	6	993	993	1.0	Acinetobacter baumannii (chromosome or plasmid)
barcode10_3Gb	contig_4840	1505	2162	QnrS2_fluoroquinolone_antibiotic	8	657	657	1.0	Unknown taxonomy (chromosome or plasmid)
barcode10_3Gb	contig_4857	6368	6842	dfrA6_diaminopyrimidine_antibiotic	12	474	474	1.0	Unknown taxonomy (chromosome or plasmid)
barcode10_3Gb	contig_4858	3284	3758	dfrA6_diaminopyrimidine_antibiotic	19	474	474	1.0	Unknown taxonomy (chromosome or plasmid)
barcode10_3Gb	contig_4858	3916	4573	QnrVC1_fluoroquinolone_antibiotic	18	657	657	1.0	Unknown taxonomy (chromosome or plasmid)
barcode10_3Gb	contig_488	92286	93678	Escherichia coli UhpT with mutation conferring resistance to fosfomycin_phosphonic_acid_antibiotic	6	1392	1392	1.0	Enterobacter kobei (chromosome or plasmid)
barcode10_3Gb	contig_488	243870	245055	Escherichia coli EF-Tu mutants conferring resistance to Pulvomycin_elfamycin_antibiotic	19	1185	1185	1.0	Enterobacter (chromosome or plasmid)
barcode10_3Gb	contig_488	439489	440635	ACT-87_carbapenem;_cephalosporin;_cephamycin;_penam	14	1146	1146	1.0	Enterobacter kobei (chromosome)
barcode10_3Gb	contig_488	589220	589646	FosA2_phosphonic_acid_antibiotic	12	426	426	1.0	Enterobacter kobei (chromosome)
barcode10_3Gb	contig_488	786401	788168	Haemophilus influenzae PBP3 conferring resistance to beta-lactam antibiotics_cephalosporin;_cephamycin;_penam	21	1767	1767	1.0	Enterobacter kobei (chromosome or plasmid)
barcode10_3Gb	contig_4907	20036	21500	Escherichia coli UhpT with mutation conferring resistance to fosfomycin_phosphonic_acid_antibiotic	12	1464	1464	1.0	Unknown taxonomy (chromosome or plasmid)
barcode10_3Gb	contig_4914	40744	42193	adeH_fluoroquinolone_antibiotic;_tetracycline_antibiotic	7	1449	1449	1.0	Acinetobacter baumannii (chromosome or plasmid)
barcode10_3Gb	contig_4914	42205	43711	adeF_fluoroquinolone_antibiotic;_tetracycline_antibiotic	6	1506	1506	1.0	Acinetobacter baumannii (chromosome or plasmid)
barcode10_3Gb	contig_4914	51165	51495	abeS_macrolide_antibiotic;_aminocoumarin_antibiotic	7	330	330	1.0	Acinetobacter baumannii (chromosome or plasmid)
barcode10_3Gb	contig_5073	47275	48580	Acinetobacter baumannii AbaQ_fluoroquinolone_antibiotic	6	1305	1305	1.0	Acinetobacter baumannii (chromosome or plasmid)
barcode10_3Gb	contig_5090	29252	30080	OXA-253_carbapenem;_penam	29	828	828	1.0	Acinetobacter baumannii (chromosome)
barcode10_3Gb	contig_5147	64098	65472	cpxA_aminoglycoside_antibiotic;_aminocoumarin_antibiotic	3	1374	1374	1.0	Unknown taxonomy (chromosome or plasmid)
barcode10_3Gb	contig_5228	104287	105247	vanT gene in vanG cluster_glycopeptide_antibiotic	6	960	960	1.0	
barcode10_3Gb	contig_5247	10390	11938	emrB_fluoroquinolone_antibiotic	7	1548	1548	1.0	Enterobacter roggenkampii (chromosome or plasmid)
barcode10_3Gb	contig_5247	11954	13127	emrA_fluoroquinolone_antibiotic	9	1173	1173	1.0	
barcode10_3Gb	contig_5247	13254	13785	emrR_fluoroquinolone_antibiotic	7	531	531	1.0	Enterobacter cloacae (chromosome)
barcode10_3Gb	contig_5249	81108	83079	tet(O)_tetracycline_antibiotic	13	1971	1971	1.0	
barcode10_3Gb	contig_5249	89987	91160	vanT gene in vanG cluster_glycopeptide_antibiotic	11	1173	1173	1.0	
barcode10_3Gb	contig_530	699	1884	tet(D)_tetracycline_antibiotic	5	1185	1185	1.0	Unknown taxonomy (chromosome or plasmid)
barcode10_3Gb	contig_5307	14356	14611	rsmA_fluoroquinolone_antibiotic;_diaminopyrimidine_antibiotic;_phenicol_antibiotic	6	255	255	1.0	
barcode10_3Gb	contig_533	744	1983	Mrx_macrolide_antibiotic	38	1239	1239	1.0	Unknown taxonomy (chromosome or plasmid)
barcode10_3Gb	contig_5366	4980	5976	CfxA6_cephamycin	11	996	996	1.0	
barcode10_3Gb	contig_537	0	726	SHV-53_carbapenem;_cephalosporin;_penam	8	726	726	1.0	Unknown taxonomy (chromosome or plasmid)
barcode10_3Gb	contig_538	1	340	qacEdelta1_disinfecting_agents_and_antiseptics	11	339	339	1.0	Unknown taxonomy (chromosome or plasmid)
barcode10_3Gb	contig_538	333	1173	sul1_sulfonamide_antibiotic	10	840	840	1.0	Unknown taxonomy (chromosome or plasmid)
barcode10_3Gb	contig_538	4310	4871	dfrA23_diaminopyrimidine_antibiotic	6	561	561	1.0	Unknown taxonomy (chromosome or plasmid)
barcode10_3Gb	contig_538	10978	12454	msrE_macrolide_antibiotic;_streptogramin_antibiotic	54	1476	1476	1.0	Unknown taxonomy (chromosome or plasmid)
barcode10_3Gb	contig_538	12509	13394	mphE_macrolide_antibiotic	42	885	885	1.0	Unknown taxonomy (chromosome or plasmid)
barcode10_3Gb	contig_538	19742	20558	sul2_sulfonamide_antibiotic	38	816	816	1.0	Unknown taxonomy (chromosome or plasmid)
barcode10_3Gb	contig_540	857	1223	BRP(MBL)_glycopeptide_antibiotic	6	366	366	1.0	Unknown taxonomy (chromosome or plasmid)
barcode10_3Gb	contig_540	6254	7181	PER-3_monobactam;_carbapenem;_cephalosporin;_penam;_penem	11	927	927	1.0	Unknown taxonomy (chromosome or plasmid)
barcode10_3Gb	contig_540	12126	12966	sul1_sulfonamide_antibiotic	36	840	840	1.0	Unknown taxonomy (chromosome or plasmid)
barcode10_3Gb	contig_540	18368	19607	Mrx_macrolide_antibiotic	71	1239	1239	1.0	Unknown taxonomy (chromosome or plasmid)
barcode10_3Gb	contig_540	19603	20509	mphA_macrolide_antibiotic	67	906	906	1.0	Unknown taxonomy (chromosome or plasmid)
barcode10_3Gb	contig_541	119	1004	mphE_macrolide_antibiotic	29	885	885	1.0	Unknown taxonomy (chromosome or plasmid)
barcode10_3Gb	contig_541	1059	2535	msrE_macrolide_antibiotic;_streptogramin_antibiotic	44	1476	1476	1.0	Unknown taxonomy (chromosome or plasmid)
barcode10_3Gb	contig_5414	17689	20845	adeF_fluoroquinolone_antibiotic;_tetracycline_antibiotic	10	3156	3156	1.0	
barcode10_3Gb	contig_542	15313	16174	TEM-1_monobactam;_cephalosporin;_penam;_penem	19	861	861	1.0	Unknown taxonomy (chromosome or plasmid)
barcode10_3Gb	contig_542	21146	22007	AAC(3)-IId_aminoglycoside_antibiotic	11	861	861	1.0	Unknown taxonomy (chromosome or plasmid)
barcode10_3Gb	contig_542	24261	24861	AAC(6')-Ib-cr6_fluoroquinolone_antibiotic;_aminoglycoside_antibiotic	49	600	600	1.0	Unknown taxonomy (chromosome or plasmid)
barcode10_3Gb	contig_542	24991	25822	OXA-1_cephalosporin;_penam	49	831	831	1.0	Unknown taxonomy (chromosome or plasmid)
barcode10_3Gb	contig_542	25959	26592	catB3_phenicol_antibiotic	53	633	633	1.0	Unknown taxonomy (chromosome or plasmid)
barcode10_3Gb	contig_542	26676	27129	arr-3_rifamycin_antibiotic	48	453	453	1.0	Unknown taxonomy (chromosome or plasmid)
barcode10_3Gb	contig_542	27351	27699	qacEdelta1_disinfecting_agents_and_antiseptics	61	348	348	1.0	Unknown taxonomy (chromosome or plasmid)
barcode10_3Gb	contig_542	27692	28532	sul1_sulfonamide_antibiotic	60	840	840	1.0	Unknown taxonomy (chromosome or plasmid)
barcode10_3Gb	contig_544	3243	4059	sul2_sulfonamide_antibiotic	19	816	816	1.0	Unknown taxonomy (chromosome or plasmid)
barcode10_3Gb	contig_5469	271214	272963	msbA_nitroimidazole_antibiotic	10	1749	1749	1.0	Enterobacter kobei (chromosome)
barcode10_3Gb	contig_5485	9162	9981	bacA_peptide_antibiotic	6	819	819	1.0	Escherichia coli (chromosome)
barcode10_3Gb	contig_5487	29008	29194	rsmA_fluoroquinolone_antibiotic;_diaminopyrimidine_antibiotic;_phenicol_antibiotic	6	186	186	1.0	Unknown taxonomy (chromosome or plasmid)
barcode10_3Gb	contig_5487	35577	36750	emrA_fluoroquinolone_antibiotic	7	1173	1173	1.0	Unknown taxonomy (chromosome or plasmid)
barcode10_3Gb	contig_5487	36876	37407	emrR_fluoroquinolone_antibiotic	10	531	531	1.0	Unknown taxonomy (chromosome or plasmid)
barcode10_3Gb	contig_5498	40247	42173	tet(Q)_tetracycline_antibiotic	34	1926	1926	1.0	Unknown taxonomy (chromosome)
barcode10_3Gb	contig_550	18707	19313	AAC(6')-Ib9_aminoglycoside_antibiotic	12	606	606	1.0	Unknown taxonomy (chromosome or plasmid)
barcode10_3Gb	contig_550	19394	20171	aadA_aminoglycoside_antibiotic	18	777	777	1.0	Unknown taxonomy (chromosome or plasmid)
barcode10_3Gb	contig_550	20230	21055	OXA-9_penam	8	825	825	1.0	Unknown taxonomy (chromosome or plasmid)
barcode10_3Gb	contig_550	21754	22615	TEM-1_monobactam;_cephalosporin;_penam;_penem	23	861	861	1.0	Unknown taxonomy (chromosome or plasmid)
barcode10_3Gb	contig_550	23576	24461	mphE_macrolide_antibiotic	10	885	885	1.0	Unknown taxonomy (chromosome or plasmid)
barcode10_3Gb	contig_5629	19753	21748	lmrD_lincosamide_antibiotic	5	1995	1995	1.0	
barcode10_3Gb	contig_5635	23462	24086	vanW gene in vanI cluster_glycopeptide_antibiotic	4	624	624	1.0	
barcode10_3Gb	contig_5665	30310	31714	baeS_aminoglycoside_antibiotic;_aminocoumarin_antibiotic	10	1404	1404	1.0	
barcode10_3Gb	contig_5691	3515	4658	vanT gene in vanG cluster_glycopeptide_antibiotic	4	1143	1143	1.0	
barcode10_3Gb	contig_5702	17842	18175	Klebsiella pneumoniae KpnF_macrolide_antibiotic;_aminoglycoside_antibiotic;_cephalosporin;_tetracycline_antibiotic;_peptide_antibiotic;_rifamycin_antibiotic;_disinfecting_agents_and_antiseptics	5	333	333	1.0	Citrobacter (chromosome)
barcode10_3Gb	contig_5810	4340	5063	baeR_aminoglycoside_antibiotic;_aminocoumarin_antibiotic	5	723	723	1.0	Unknown taxonomy (chromosome or plasmid)
barcode10_3Gb	contig_587	1178081	1181273	adeF_fluoroquinolone_antibiotic;_tetracycline_antibiotic	35	3192	3192	1.0	
barcode10_3Gb	contig_5871	12769	12967	rsmA_fluoroquinolone_antibiotic;_diaminopyrimidine_antibiotic;_phenicol_antibiotic	3	198	198	1.0	
barcode10_3Gb	contig_5877	38127	40620	vanT gene in vanG cluster_glycopeptide_antibiotic	9	2493	2493	1.0	
barcode10_3Gb	contig_5908	61510	61891	marA_fluoroquinolone_antibiotic;_monobactam;_carbapenem;_cephalosporin;_glycylcycline;_cephamycin;_penam;_tetracycline_antibiotic;_rifamycin_antibiotic;_phenicol_antibiotic;_penem;_disinfecting_agents_and_antiseptics	15	381	381	1.0	Enterobacter (chromosome or plasmid)
barcode10_3Gb	contig_5908	61910	62345	Escherichia coli AcrAB-TolC with MarR mutations conferring resistance to ciprofloxacin and tetracycline_fluoroquinolone_antibiotic;_cephalosporin;_glycylcycline;_penam;_tetracycline_antibiotic;_rifamycin_antibiotic;_phenicol_antibiotic;_disinfecting_agents_and_antiseptics	14	435	435	1.0	Enterobacter (chromosome)
barcode10_3Gb	contig_6006	32921	33266	qacG_disinfecting_agents_and_antiseptics	6	345	345	1.0	Acinetobacter (chromosome)
barcode10_3Gb	contig_617	73707	74781	vanT gene in vanG cluster_glycopeptide_antibiotic	47	1074	1074	1.0	
barcode10_3Gb	contig_6173	19739	20837	CMY-132_cephamycin	4	1098	1098	1.0	Citrobacter (chromosome or plasmid)
barcode10_3Gb	contig_6239	9228	10602	cpxA_aminoglycoside_antibiotic;_aminocoumarin_antibiotic	10	1374	1374	1.0	
barcode10_3Gb	contig_6243	5252	6386	EC-13_cephalosporin	8	1134	1134	1.0	Unknown taxonomy (chromosome or plasmid)
barcode10_3Gb	contig_6279	33782	34976	Escherichia coli acrA_fluoroquinolone_antibiotic;_cephalosporin;_glycylcycline;_penam;_tetracycline_antibiotic;_rifamycin_antibiotic;_phenicol_antibiotic;_disinfecting_agents_and_antiseptics	7	1194	1194	1.0	Unknown taxonomy (chromosome or plasmid)
barcode10_3Gb	contig_6301	6659	7502	OXA-58_carbapenem;_penam	24	843	843	1.0	Unknown taxonomy (chromosome or plasmid)
barcode10_3Gb	contig_632	22490	23417	PER-2_monobactam;_carbapenem;_cephalosporin;_penam;_penem	19	927	927	1.0	Unknown taxonomy (plasmid)
barcode10_3Gb	contig_632	31670	32294	tetR_tetracycline_antibiotic	17	624	624	1.0	Unknown taxonomy (chromosome or plasmid)
barcode10_3Gb	contig_632	32375	33581	tet(B)_tetracycline_antibiotic	20	1206	1206	1.0	Unknown taxonomy (chromosome or plasmid)
barcode10_3Gb	contig_632	42442	42895	arr-3_rifamycin_antibiotic	35	453	453	1.0	Unknown taxonomy (chromosome or plasmid)
barcode10_3Gb	contig_632	43000	43588	AAC(6')-Ib9_aminoglycoside_antibiotic	40	588	588	1.0	Unknown taxonomy (chromosome or plasmid)
barcode10_3Gb	contig_632	43756	44104	qacEdelta1_disinfecting_agents_and_antiseptics	48	348	348	1.0	Unknown taxonomy (chromosome or plasmid)
barcode10_3Gb	contig_632	44097	44937	sul1_sulfonamide_antibiotic	58	840	840	1.0	Unknown taxonomy (chromosome or plasmid)
barcode10_3Gb	contig_6339	10369	10702	qacJ_disinfecting_agents_and_antiseptics	5	333	333	1.0	
barcode10_3Gb	contig_6498	8150	8486	qacG_disinfecting_agents_and_antiseptics	6	336	336	1.0	
barcode10_3Gb	contig_6519	122797	123544	vanY gene in vanG cluster_glycopeptide_antibiotic	3	747	747	1.0	
barcode10_3Gb	contig_6583	4782	6321	emrB_fluoroquinolone_antibiotic	5	1539	1539	1.0	Citrobacter portucalensis (chromosome)
barcode10_3Gb	contig_6583	12676	12862	rsmA_fluoroquinolone_antibiotic;_diaminopyrimidine_antibiotic;_phenicol_antibiotic	8	186	186	1.0	Citrobacter (chromosome or plasmid)
barcode10_3Gb	contig_6588	5052	6177	oqxA_fluoroquinolone_antibiotic;_glycylcycline;_tetracycline_antibiotic;_diaminopyrimidine_antibiotic;_nitrofuran_antibiotic	7	1125	1125	1.0	Enterobacter roggenkampii (chromosome)
barcode10_3Gb	contig_6610	36321	37068	vanY gene in vanG cluster_glycopeptide_antibiotic	7	747	747	1.0	
barcode10_3Gb	contig_6617	3683	4313	vanY gene in vanB cluster_glycopeptide_antibiotic	10	630	630	1.0	Faecalibacterium prausnitzii (chromosome)
barcode10_3Gb	contig_6672	4372	5188	sul2_sulfonamide_antibiotic	13	816	816	1.0	Unknown taxonomy (chromosome or plasmid)
barcode10_3Gb	contig_6726	2675	4661	tet(W)_tetracycline_antibiotic	37	1986	1986	1.0	Unknown taxonomy (chromosome or plasmid)
barcode10_3Gb	contig_680	88472	88838	qacG_disinfecting_agents_and_antiseptics	117	366	366	1.0	Acinetobacter johnsonii (chromosome)
barcode10_3Gb	contig_6897	13764	14883	vanT gene in vanG cluster_glycopeptide_antibiotic	6	1119	1119	1.0	
barcode10_3Gb	contig_6951	632	1847	floR_phenicol_antibiotic	17	1215	1215	1.0	Unknown taxonomy (chromosome or plasmid)
barcode10_3Gb	contig_6960	22153	23668	aadT_macrolide_antibiotic;_tetracycline_antibiotic;_disinfecting_agents_and_antiseptics	8	1515	1515	1.0	
barcode10_3Gb	contig_6964	806	1994	tet(39)_tetracycline_antibiotic	40	1188	1188	1.0	Unknown taxonomy (plasmid)
barcode10_3Gb	contig_7018	11777	12743	CfxA4_cephamycin	11	966	966	1.0	Unknown taxonomy (chromosome or plasmid)
barcode10_3Gb	contig_7022	78429	79602	vanT gene in vanG cluster_glycopeptide_antibiotic	6	1173	1173	1.0	
barcode10_3Gb	contig_7027	44791	45997	Mef(En2)_macrolide_antibiotic;_lincosamide_antibiotic	13	1206	1206	1.0	Unknown taxonomy (chromosome)
barcode10_3Gb	contig_7054	1658	3197	emrY_tetracycline_antibiotic	8	1539	1539	1.0	Unknown taxonomy (chromosome or plasmid)
barcode10_3Gb	contig_7054	3196	4252	emrK_tetracycline_antibiotic	8	1056	1056	1.0	Unknown taxonomy (chromosome or plasmid)
barcode10_3Gb	contig_7054	4775	5390	evgA_macrolide_antibiotic;_fluoroquinolone_antibiotic;_penam;_tetracycline_antibiotic	6	615	615	1.0	Unknown taxonomy (chromosome or plasmid)
barcode10_3Gb	contig_7077	6050	6911	TEM-1_monobactam;_cephalosporin;_penam;_penem	16	861	861	1.0	Unknown taxonomy (chromosome or plasmid)
barcode10_3Gb	contig_7077	7569	8349	aadA_aminoglycoside_antibiotic	20	780	780	1.0	Unknown taxonomy (chromosome or plasmid)
barcode10_3Gb	contig_7077	10650	11511	SHV-12_carbapenem;_cephalosporin;_penam	6	861	861	1.0	Unknown taxonomy (chromosome or plasmid)
barcode10_3Gb	contig_7079	2554	3391	APH(6)-Id_aminoglycoside_antibiotic	53	837	837	1.0	Unknown taxonomy (chromosome or plasmid)
barcode10_3Gb	contig_7082	9803	10688	mphE_macrolide_antibiotic	19	885	885	1.0	Unknown taxonomy (chromosome or plasmid)
barcode10_3Gb	contig_7137	3291	4152	TEM-1_monobactam;_cephalosporin;_penam;_penem	28	861	861	1.0	Unknown taxonomy (chromosome or plasmid)
barcode10_3Gb	contig_7137	4293	5154	AAC(3)-IIe_aminoglycoside_antibiotic	20	861	861	1.0	Unknown taxonomy (chromosome or plasmid)
barcode10_3Gb	contig_7186	67997	68822	OXA-441_carbapenem;_penam	5	825	825	1.0	Acinetobacter baumannii (chromosome or plasmid)
barcode10_3Gb	contig_720	26004	29169	adeF_fluoroquinolone_antibiotic;_tetracycline_antibiotic	36	3165	3165	1.0	Acinetobacter (chromosome or plasmid)
barcode10_3Gb	contig_7233	1756	2212	vanY gene in vanG cluster_glycopeptide_antibiotic	2	456	456	1.0	
barcode10_3Gb	contig_7289	1024	1819	vanY gene in vanB cluster_glycopeptide_antibiotic	3	795	795	1.0	
barcode10_3Gb	contig_729	151171	154327	adeF_fluoroquinolone_antibiotic;_tetracycline_antibiotic	12	3156	3156	1.0	
barcode10_3Gb	contig_7291	44791	45250	AAC(6')-Il_aminoglycoside_antibiotic	24	459	459	1.0	Unknown taxonomy (chromosome or plasmid)
barcode10_3Gb	contig_7291	46627	47416	aadA5_aminoglycoside_antibiotic	5	789	789	1.0	Unknown taxonomy (chromosome or plasmid)
barcode10_3Gb	contig_7333	6867	8055	tet(39)_tetracycline_antibiotic	45	1188	1188	1.0	Unknown taxonomy (plasmid)
barcode10_3Gb	contig_7364	10653	12138	lsaE_lincosamide_antibiotic;_streptogramin_antibiotic;_pleuromutilin_antibiotic	10	1485	1485	1.0	Streptococcus (chromosome or plasmid)
barcode10_3Gb	contig_782	83770	85225	adeK_macrolide_antibiotic;_fluoroquinolone_antibiotic;_lincosamide_antibiotic;_carbapenem;_cephalosporin;_tetracycline_antibiotic;_rifamycin_antibiotic;_diaminopyrimidine_antibiotic;_phenicol_antibiotic;_penem	7	1455	1455	1.0	Acinetobacter baumannii (chromosome or plasmid)
barcode10_3Gb	contig_782	85224	88401	adeJ_macrolide_antibiotic;_fluoroquinolone_antibiotic;_lincosamide_antibiotic;_carbapenem;_cephalosporin;_tetracycline_antibiotic;_rifamycin_antibiotic;_diaminopyrimidine_antibiotic;_phenicol_antibiotic;_penem	8	3177	3177	1.0	Acinetobacter baumannii (chromosome or plasmid)
barcode10_3Gb	contig_782	88413	89664	adeI_macrolide_antibiotic;_fluoroquinolone_antibiotic;_lincosamide_antibiotic;_carbapenem;_cephalosporin;_tetracycline_antibiotic;_rifamycin_antibiotic;_diaminopyrimidine_antibiotic;_phenicol_antibiotic;_penem	5	1251	1251	1.0	Acinetobacter baumannii (chromosome or plasmid)
barcode10_3Gb	contig_822	140281	141391	vanT gene in vanG cluster_glycopeptide_antibiotic	23	1110	1110	1.0	
barcode10_3Gb	contig_88	70291	71173	vanW gene in vanG cluster_glycopeptide_antibiotic	220	882	882	1.0	Acinetobacter johnsonii (chromosome)
barcode10_3Gb	contig_893	11376	11589	vanU gene in vanG cluster_glycopeptide_antibiotic	7	213	213	1.0	
barcode10_3Gb	contig_903	11810	12695	mphE_macrolide_antibiotic	114	885	885	1.0	Unknown taxonomy (chromosome or plasmid)
barcode10_3Gb	contig_903	12750	14226	msrE_macrolide_antibiotic;_streptogramin_antibiotic	119	1476	1476	1.0	Unknown taxonomy (chromosome or plasmid)
barcode10_3Gb	contig_913	1731	2607	CTX-M-15_cephalosporin;_penam	5	876	876	1.0	Unknown taxonomy (chromosome or plasmid)
barcode10_3Gb	contig_915	82002	83154	MOX-13_cephalosporin;_cephamycin;_penam	27	1152	1152	1.0	Aeromonas caviae (chromosome or plasmid)
barcode10_3Gb	contig_918	107848	108505	QnrVC1_fluoroquinolone_antibiotic	22	657	657	1.0	Unknown taxonomy (chromosome or plasmid)
barcode10_3Gb	contig_918	108665	109445	aadA_aminoglycoside_antibiotic	33	780	780	1.0	Unknown taxonomy (chromosome or plasmid)
barcode10_3Gb	contig_918	110194	110542	qacEdelta1_disinfecting_agents_and_antiseptics	23	348	348	1.0	Unknown taxonomy (chromosome or plasmid)
barcode10_3Gb	contig_918	110535	111375	sul1_sulfonamide_antibiotic	24	840	840	1.0	Unknown taxonomy (chromosome or plasmid)
barcode10_3Gb	contig_987	7893	8352	AAC(6')-Il_aminoglycoside_antibiotic	38	459	459	1.0	Unknown taxonomy (chromosome or plasmid)
barcode10_3Gb	contig_987	8425	9289	GES-1_carbapenem;_cephalosporin;_penam	42	864	864	1.0	Unknown taxonomy (chromosome or plasmid)
barcode10_3Gb	contig_987	9411	9945	ANT(2'')-Ia_aminoglycoside_antibiotic	34	534	534	1.0	Unknown taxonomy (chromosome or plasmid)
barcode10_3Gb	contig_988	63686	64568	KPC-2_monobactam;_carbapenem;_cephalosporin;_penam	163	882	882	1.0	Unknown taxonomy (chromosome or plasmid)
barcode10_3Gb	contig_988	72646	73303	QnrVC1_fluoroquinolone_antibiotic	20	657	657	1.0	Unknown taxonomy (chromosome or plasmid)
barcode10_3Gb	contig_992	10864	11704	sul1_sulfonamide_antibiotic	50	840	840	1.0	Unknown taxonomy (chromosome or plasmid)
barcode10_3Gb	contig_992	11697	12045	qacEdelta1_disinfecting_agents_and_antiseptics	38	348	348	1.0	Unknown taxonomy (chromosome or plasmid)
barcode10_3Gb	contig_992	12472	13333	OXA-2_carbapenem;_cephalosporin;_penam	34	861	861	1.0	Unknown taxonomy (chromosome or plasmid)
barcode10_3Gb	contig_992	13414	14065	AAC(6')-Ib9_aminoglycoside_antibiotic	38	651	651	1.0	Unknown taxonomy (chromosome or plasmid)
barcode10_3Gb	contig_992	14106	14970	GES-1_carbapenem;_cephalosporin;_penam	33	864	864	1.0	Unknown taxonomy (chromosome or plasmid)
barcode10_3Gb	contig_992	23075	23855	APH(3')-VIa_aminoglycoside_antibiotic	25	780	780	1.0	Unknown taxonomy (chromosome or plasmid)
barcode10_3Gb	contig_992	31044	31542	dfrA12_diaminopyrimidine_antibiotic	24	498	498	1.0	Unknown taxonomy (chromosome or plasmid)
barcode10_3Gb	contig_992	31961	32741	aadA2_aminoglycoside_antibiotic	33	780	780	1.0	Unknown taxonomy (chromosome or plasmid)
barcode10_3Gb	contig_992	32904	33252	qacEdelta1_disinfecting_agents_and_antiseptics	33	348	348	1.0	Unknown taxonomy (chromosome or plasmid)
barcode10_3Gb	contig_992	33245	34085	sul1_sulfonamide_antibiotic	36	840	840	1.0	Unknown taxonomy (chromosome or plasmid)
barcode10_3Gb	contig_993	207	1467	cmlA5_phenicol_antibiotic	29	1260	1260	1.0	Unknown taxonomy (chromosome or plasmid)
barcode10_3Gb	contig_993	1585	2485	VEB-1_monobactam;_cephalosporin	23	900	900	1.0	Unknown taxonomy (chromosome or plasmid)
barcode10_3Gb	contig_993	2629	3163	ANT(2'')-Ia_aminoglycoside_antibiotic	17	534	534	1.0	Unknown taxonomy (chromosome or plasmid)
barcode10_3Gb	contig_993	4519	5995	msrE_macrolide_antibiotic;_streptogramin_antibiotic	30	1476	1476	1.0	Unknown taxonomy (chromosome or plasmid)
barcode10_3Gb	contig_993	6050	6935	mphE_macrolide_antibiotic	27	885	885	1.0	Unknown taxonomy (chromosome or plasmid)
barcode10_3Gb	contig_993	9546	10452	mphA_macrolide_antibiotic	65	906	906	1.0	Unknown taxonomy (chromosome or plasmid)
barcode10_3Gb	contig_993	10448	11687	Mrx_macrolide_antibiotic	65	1239	1239	1.0	Unknown taxonomy (chromosome or plasmid)
barcode10_3Gb	contig_993	28266	28923	QnrVC4_fluoroquinolone_antibiotic	31	657	657	1.0	Unknown taxonomy (chromosome or plasmid)
barcode10_3Gb	contig_993	29005	29644	AAC(6')-Ib9_aminoglycoside_antibiotic	27	639	639	1.0	Unknown taxonomy (chromosome or plasmid)
barcode10_6Gb	contig_1003	838184	838748	lnuC_lincosamide_antibiotic	40	564	564	1.0	Unknown taxonomy (chromosome or plasmid)
barcode10_6Gb	contig_1003	1674127	1677280	adeF_fluoroquinolone_antibiotic;_tetracycline_antibiotic	15	3153	3153	1.0	
barcode10_6Gb	contig_1003	1745467	1746031	lnuC_lincosamide_antibiotic	30	564	564	1.0	Unknown taxonomy (chromosome or plasmid)
barcode10_6Gb	contig_1006	269690	270893	vanT gene in vanG cluster_glycopeptide_antibiotic	15	1203	1203	1.0	
barcode10_6Gb	contig_1058	1851	2667	sul2_sulfonamide_antibiotic	35	816	816	1.0	Acinetobacter baumannii (chromosome or plasmid)
barcode10_6Gb	contig_1059	529	1744	floR_phenicol_antibiotic	17	1215	1215	1.0	Unknown taxonomy (chromosome or plasmid)
barcode10_6Gb	contig_1060	33637	34453	sul2_sulfonamide_antibiotic	22	816	816	1.0	Unknown taxonomy (chromosome or plasmid)
barcode10_6Gb	contig_1060	35323	36340	APH(6)-Id_aminoglycoside_antibiotic	38	1017	1017	1.0	Unknown taxonomy (chromosome or plasmid)
barcode10_6Gb	contig_1060	37496	38744	tet(A)_tetracycline_antibiotic	13	1169	1248	0.9366987	Unknown taxonomy (chromosome or plasmid)
barcode10_6Gb	contig_1060	43801	44986	tet(D)_tetracycline_antibiotic	5	1185	1185	1.0	Unknown taxonomy (chromosome or plasmid)
barcode10_6Gb	contig_1061	55214	56018	APH(3'')-Ib_aminoglycoside_antibiotic	85	804	804	1.0	Unknown taxonomy (chromosome or plasmid)
barcode10_6Gb	contig_1061	56017	56854	APH(6)-Id_aminoglycoside_antibiotic	80	837	837	1.0	Unknown taxonomy (chromosome or plasmid)
barcode10_6Gb	contig_1061	59155	60631	msrE_macrolide_antibiotic;_streptogramin_antibiotic	101	1476	1476	1.0	Unknown taxonomy (chromosome or plasmid)
barcode10_6Gb	contig_1061	60686	61571	mphE_macrolide_antibiotic	86	885	885	1.0	Unknown taxonomy (chromosome or plasmid)
barcode10_6Gb	contig_1061	88015	88468	arr-3_rifamycin_antibiotic	31	453	453	1.0	Unknown taxonomy (chromosome or plasmid)
barcode10_6Gb	contig_1061	88573	89161	AAC(6')-Ib9_aminoglycoside_antibiotic	33	588	588	1.0	Unknown taxonomy (chromosome or plasmid)
barcode10_6Gb	contig_1061	89670	90510	sul1_sulfonamide_antibiotic	39	840	840	1.0	Unknown taxonomy (chromosome or plasmid)
barcode10_6Gb	contig_1097	76578	77748	Enterobacter cloacae acrA_fluoroquinolone_antibiotic;_cephalosporin;_glycylcycline;_penam;_tetracycline_antibiotic;_rifamycin_antibiotic;_phenicol_antibiotic;_disinfecting_agents_and_antiseptics	19	1170	1170	1.0	Enterobacter (chromosome)
barcode10_6Gb	contig_1097	176330	177431	vanG_glycopeptide_antibiotic	20	1101	1101	1.0	Enterobacter kobei (chromosome)
barcode10_6Gb	contig_1099	17593	18751	vanT gene in vanG cluster_glycopeptide_antibiotic	21	1158	1158	1.0	
barcode10_6Gb	contig_1099	600214	601201	vanH gene in vanO cluster_glycopeptide_antibiotic	16	987	987	1.0	
barcode10_6Gb	contig_1112	35951	36557	AAC(6')-Ib9_aminoglycoside_antibiotic	13	606	606	1.0	Unknown taxonomy (chromosome or plasmid)
barcode10_6Gb	contig_1112	36638	37415	aadA_aminoglycoside_antibiotic	16	777	777	1.0	Unknown taxonomy (chromosome or plasmid)
barcode10_6Gb	contig_1112	37474	38299	OXA-9_penam	10	825	825	1.0	Unknown taxonomy (chromosome or plasmid)
barcode10_6Gb	contig_1112	38998	39859	TEM-1_monobactam;_cephalosporin;_penam;_penem	23	861	861	1.0	Unknown taxonomy (chromosome or plasmid)
barcode10_6Gb	contig_113	12200	15365	adeF_fluoroquinolone_antibiotic;_tetracycline_antibiotic	39	3165	3165	1.0	Acinetobacter (chromosome or plasmid)
barcode10_6Gb	contig_12	23192	23972	APH(3')-VIa_aminoglycoside_antibiotic	16	780	780	1.0	Unknown taxonomy (chromosome or plasmid)
barcode10_6Gb	contig_1227	8993	10742	msbA_nitroimidazole_antibiotic	8	1749	1749	1.0	Enterobacter kobei (chromosome)
barcode10_6Gb	contig_1273	25070	25952	KPC-2_monobactam;_carbapenem;_cephalosporin;_penam	278	882	882	1.0	Unknown taxonomy (chromosome or plasmid)
barcode10_6Gb	contig_1280	16000	16645	QnrB19_fluoroquinolone_antibiotic	27	645	645	1.0	Unknown taxonomy (chromosome or plasmid)
barcode10_6Gb	contig_13	13916	15431	aadT_macrolide_antibiotic;_tetracycline_antibiotic;_disinfecting_agents_and_antiseptics	11	1515	1515	1.0	
barcode10_6Gb	contig_1401	6287	7052	TEM-209_monobactam;_cephalosporin;_penam;_penem	20	765	765	1.0	Unknown taxonomy (chromosome or plasmid)
barcode10_6Gb	contig_1402	572	1448	CTX-M-15_cephalosporin;_penam	4	876	876	1.0	Unknown taxonomy (chromosome or plasmid)
barcode10_6Gb	contig_1406	16409	17246	APH(6)-Id_aminoglycoside_antibiotic	65	837	837	1.0	Unknown taxonomy (chromosome or plasmid)
barcode10_6Gb	contig_1406	22225	23425	tet(A)_tetracycline_antibiotic	18	1200	1200	1.0	Unknown taxonomy (chromosome or plasmid)
barcode10_6Gb	contig_1406	27623	28283	catA1_phenicol_antibiotic	10	660	660	1.0	Unknown taxonomy (chromosome or plasmid)
barcode10_6Gb	contig_1406	30397	31258	TEM-1_monobactam;_cephalosporin;_penam;_penem	14	861	861	1.0	Unknown taxonomy (chromosome or plasmid)
barcode10_6Gb	contig_1406	34998	35859	SHV-12_carbapenem;_cephalosporin;_penam	8	861	861	1.0	Unknown taxonomy (chromosome or plasmid)
barcode10_6Gb	contig_1436	50961	52149	tet(39)_tetracycline_antibiotic	31	1188	1188	1.0	Unknown taxonomy (plasmid)
barcode10_6Gb	contig_1436	55790	56675	mphE_macrolide_antibiotic	14	885	885	1.0	Unknown taxonomy (chromosome or plasmid)
barcode10_6Gb	contig_1453	181275	181530	rsmA_fluoroquinolone_antibiotic;_diaminopyrimidine_antibiotic;_phenicol_antibiotic	154	255	255	1.0	
barcode10_6Gb	contig_1476	144896	148052	adeF_fluoroquinolone_antibiotic;_tetracycline_antibiotic	14	3156	3156	1.0	
barcode10_6Gb	contig_1483	333427	336619	adeF_fluoroquinolone_antibiotic;_tetracycline_antibiotic	35	3192	3192	1.0	
barcode10_6Gb	contig_1483	1259309	1260419	vanT gene in vanG cluster_glycopeptide_antibiotic	24	1110	1110	1.0	
barcode10_6Gb	contig_1494	84631	85783	MOX-13_cephalosporin;_cephamycin;_penam	30	1152	1152	1.0	Aeromonas caviae (chromosome or plasmid)
barcode10_6Gb	contig_1511	19752	21747	lmrD_lincosamide_antibiotic	4	1995	1995	1.0	
barcode10_6Gb	contig_1568	3738	5214	msrE_macrolide_antibiotic;_streptogramin_antibiotic	103	1476	1476	1.0	Unknown taxonomy (chromosome or plasmid)
barcode10_6Gb	contig_1568	5269	6154	mphE_macrolide_antibiotic	81	885	885	1.0	Unknown taxonomy (chromosome or plasmid)
barcode10_6Gb	contig_1569	389	1856	msrE_macrolide_antibiotic;_streptogramin_antibiotic	13	1467	1467	1.0	Unknown taxonomy (chromosome or plasmid)
barcode10_6Gb	contig_1569	1924	2809	mphE_macrolide_antibiotic	18	885	885	1.0	Unknown taxonomy (chromosome or plasmid)
barcode10_6Gb	contig_1569	4682	5873	tet(C)_tetracycline_antibiotic	39	1191	1191	1.0	Unknown taxonomy (chromosome or plasmid)
barcode10_6Gb	contig_1571	395	1871	msrE_macrolide_antibiotic;_streptogramin_antibiotic	26	1476	1476	1.0	Unknown taxonomy (chromosome or plasmid)
barcode10_6Gb	contig_1571	1926	2811	mphE_macrolide_antibiotic	24	885	885	1.0	Unknown taxonomy (chromosome or plasmid)
barcode10_6Gb	contig_1588	2333	2933	AAC(6')-Ib-cr6_fluoroquinolone_antibiotic;_aminoglycoside_antibiotic	41	600	600	1.0	Unknown taxonomy (chromosome or plasmid)
barcode10_6Gb	contig_1588	3018	4023	OXA-320_cephalosporin;_penam	39	1005	1005	1.0	Escherichia coli (chromosome or plasmid)
barcode10_6Gb	contig_1588	4110	4458	qacEdelta1_disinfecting_agents_and_antiseptics	55	348	348	1.0	Unknown taxonomy (chromosome or plasmid)
barcode10_6Gb	contig_1588	4451	5291	sul1_sulfonamide_antibiotic	71	840	840	1.0	Unknown taxonomy (chromosome or plasmid)
barcode10_6Gb	contig_1589	6769	8008	Mrx_macrolide_antibiotic	68	1239	1239	1.0	Unknown taxonomy (chromosome or plasmid)
barcode10_6Gb	contig_1589	8004	8910	mphA_macrolide_antibiotic	60	906	906	1.0	Unknown taxonomy (chromosome or plasmid)
barcode10_6Gb	contig_1589	11521	12406	mphE_macrolide_antibiotic	28	885	885	1.0	Unknown taxonomy (chromosome or plasmid)
barcode10_6Gb	contig_1589	12461	13937	msrE_macrolide_antibiotic;_streptogramin_antibiotic	24	1476	1476	1.0	Unknown taxonomy (chromosome or plasmid)
barcode10_6Gb	contig_1589	15293	15827	ANT(2'')-Ia_aminoglycoside_antibiotic	19	534	534	1.0	Unknown taxonomy (chromosome or plasmid)
barcode10_6Gb	contig_1589	15971	16871	VEB-1_monobactam;_cephalosporin	21	900	900	1.0	Unknown taxonomy (chromosome or plasmid)
barcode10_6Gb	contig_1589	16989	18249	cmlA5_phenicol_antibiotic	21	1260	1260	1.0	Unknown taxonomy (chromosome or plasmid)
barcode10_6Gb	contig_1589	18463	19102	AAC(6')-Ib9_aminoglycoside_antibiotic	29	639	639	1.0	Unknown taxonomy (chromosome or plasmid)
barcode10_6Gb	contig_1589	19184	19841	QnrVC4_fluoroquinolone_antibiotic	33	657	657	1.0	Unknown taxonomy (chromosome or plasmid)
barcode10_6Gb	contig_1596	3410	3740	qacG_disinfecting_agents_and_antiseptics	7	330	330	1.0	
barcode10_6Gb	contig_1625	74087	75536	adeH_fluoroquinolone_antibiotic;_tetracycline_antibiotic	7	1449	1449	1.0	Acinetobacter baumannii (chromosome or plasmid)
barcode10_6Gb	contig_1625	75548	77054	adeF_fluoroquinolone_antibiotic;_tetracycline_antibiotic	6	1506	1506	1.0	Acinetobacter baumannii (chromosome or plasmid)
barcode10_6Gb	contig_1625	84508	84838	abeS_macrolide_antibiotic;_aminocoumarin_antibiotic	7	330	330	1.0	Acinetobacter baumannii (chromosome or plasmid)
barcode10_6Gb	contig_1742	80712	83190	vanT gene in vanG cluster_glycopeptide_antibiotic	47	2478	2478	1.0	
barcode10_6Gb	contig_178	2739	3582	OXA-58_carbapenem;_penam	21	843	843	1.0	Unknown taxonomy (chromosome or plasmid)
barcode10_6Gb	contig_178	4913	6389	msrE_macrolide_antibiotic;_streptogramin_antibiotic	99	1476	1476	1.0	Unknown taxonomy (chromosome or plasmid)
barcode10_6Gb	contig_178	6444	7329	mphE_macrolide_antibiotic	98	885	885	1.0	Unknown taxonomy (chromosome or plasmid)
barcode10_6Gb	contig_178	8355	9543	tet(39)_tetracycline_antibiotic	71	1188	1188	1.0	Unknown taxonomy (plasmid)
barcode10_6Gb	contig_1810	1758	2214	vanY gene in vanG cluster_glycopeptide_antibiotic	2	456	456	1.0	
barcode10_6Gb	contig_184	69227	70052	OXA-644_carbapenem;_penam	395	825	825	1.0	Acinetobacter johnsonii (chromosome)
barcode10_6Gb	contig_1880	191496	192681	Escherichia coli EF-Tu mutants conferring resistance to Pulvomycin_elfamycin_antibiotic	56	1185	1185	1.0	Aeromonas caviae (chromosome or plasmid)
barcode10_6Gb	contig_1880	210704	211889	Escherichia coli EF-Tu mutants conferring resistance to Pulvomycin_elfamycin_antibiotic	59	1185	1185	1.0	Aeromonas caviae (chromosome or plasmid)
barcode10_6Gb	contig_1883	1969	2854	mphE_macrolide_antibiotic	21	885	885	1.0	Unknown taxonomy (chromosome or plasmid)
barcode10_6Gb	contig_1908	16088	17348	EreB_macrolide_antibiotic	11	1260	1260	1.0	
barcode10_6Gb	contig_191	117080	117425	qacG_disinfecting_agents_and_antiseptics	125	345	345	1.0	Acinetobacter johnsonii (chromosome)
barcode10_6Gb	contig_1922	27286	28066	APH(3')-VIa_aminoglycoside_antibiotic	39	780	780	1.0	Unknown taxonomy (chromosome or plasmid)
barcode10_6Gb	contig_199	12202	13087	mphE_macrolide_antibiotic	97	885	885	1.0	Unknown taxonomy (chromosome or plasmid)
barcode10_6Gb	contig_199	13142	14618	msrE_macrolide_antibiotic;_streptogramin_antibiotic	101	1476	1476	1.0	Unknown taxonomy (chromosome or plasmid)
barcode10_6Gb	contig_202	7349	8654	Acinetobacter baumannii AbaQ_fluoroquinolone_antibiotic	9	1305	1305	1.0	
barcode10_6Gb	contig_2076	2544	3372	OXA-253_carbapenem;_penam	44	828	828	1.0	Acinetobacter baumannii (chromosome)
barcode10_6Gb	contig_2082	562	907	qacG_disinfecting_agents_and_antiseptics	13	345	345	1.0	Unknown taxonomy (chromosome or plasmid)
barcode10_6Gb	contig_2082	1868	2696	OXA-72_carbapenem;_penam	22	828	828	1.0	Unknown taxonomy (chromosome or plasmid)
barcode10_6Gb	contig_2083	5334	6162	OXA-253_carbapenem;_penam	41	828	828	1.0	Acinetobacter baumannii (chromosome)
barcode10_6Gb	contig_2084	5171	5999	OXA-253_carbapenem;_penam	50	828	828	1.0	Acinetobacter baumannii (chromosome)
barcode10_6Gb	contig_2089	5430	5775	qacG_disinfecting_agents_and_antiseptics	7	345	345	1.0	Unknown taxonomy (chromosome or plasmid)
barcode10_6Gb	contig_2091	2136	2964	OXA-253_carbapenem;_penam	26	828	828	1.0	Acinetobacter baumannii (chromosome)
barcode10_6Gb	contig_2092	2375	3203	OXA-253_carbapenem;_penam	54	828	828	1.0	Acinetobacter baumannii (chromosome)
barcode10_6Gb	contig_2132	5789	6467	kdpE_aminoglycoside_antibiotic	5	678	678	1.0	Citrobacter (chromosome)
barcode10_6Gb	contig_2135	6430	7267	APH(6)-Id_aminoglycoside_antibiotic	56	837	837	1.0	Unknown taxonomy (chromosome or plasmid)
barcode10_6Gb	contig_2158	1510	2350	sul1_sulfonamide_antibiotic	57	840	840	1.0	Unknown taxonomy (chromosome or plasmid)
barcode10_6Gb	contig_2158	2343	2691	qacEdelta1_disinfecting_agents_and_antiseptics	57	348	348	1.0	Unknown taxonomy (chromosome or plasmid)
barcode10_6Gb	contig_2158	3451	4084	catB3_phenicol_antibiotic	48	633	633	1.0	Unknown taxonomy (chromosome or plasmid)
barcode10_6Gb	contig_2158	4221	5052	OXA-1_cephalosporin;_penam	48	831	831	1.0	Unknown taxonomy (chromosome or plasmid)
barcode10_6Gb	contig_2158	5182	5782	AAC(6')-Ib-cr6_fluoroquinolone_antibiotic;_aminoglycoside_antibiotic	50	600	600	1.0	Unknown taxonomy (chromosome or plasmid)
barcode10_6Gb	contig_2158	8036	8897	AAC(3)-IId_aminoglycoside_antibiotic	11	861	861	1.0	Unknown taxonomy (chromosome or plasmid)
barcode10_6Gb	contig_2158	13868	14729	TEM-1_monobactam;_cephalosporin;_penam;_penem	19	861	861	1.0	Unknown taxonomy (chromosome or plasmid)
barcode10_6Gb	contig_2313	53354	54170	APH(3')-Ia_aminoglycoside_antibiotic	30	816	816	1.0	Unknown taxonomy (chromosome or plasmid)
barcode10_6Gb	contig_2313	58411	59317	mphA_macrolide_antibiotic	67	906	906	1.0	Unknown taxonomy (chromosome or plasmid)
barcode10_6Gb	contig_2313	59313	60552	Mrx_macrolide_antibiotic	70	1239	1239	1.0	Unknown taxonomy (chromosome or plasmid)
barcode10_6Gb	contig_2317	2438	3278	sul1_sulfonamide_antibiotic	46	840	840	1.0	Unknown taxonomy (chromosome or plasmid)
barcode10_6Gb	contig_2317	3271	3619	qacEdelta1_disinfecting_agents_and_antiseptics	33	348	348	1.0	Unknown taxonomy (chromosome or plasmid)
barcode10_6Gb	contig_2319	2174	3014	sul1_sulfonamide_antibiotic	16	840	840	1.0	Unknown taxonomy (chromosome or plasmid)
barcode10_6Gb	contig_2319	3007	3355	qacEdelta1_disinfecting_agents_and_antiseptics	19	348	348	1.0	Unknown taxonomy (chromosome or plasmid)
barcode10_6Gb	contig_2319	4105	4885	aadA_aminoglycoside_antibiotic	18	780	780	1.0	Unknown taxonomy (chromosome or plasmid)
barcode10_6Gb	contig_2319	5045	5702	QnrVC1_fluoroquinolone_antibiotic	16	657	657	1.0	Unknown taxonomy (chromosome or plasmid)
barcode10_6Gb	contig_2322	3446	4103	QnrVC1_fluoroquinolone_antibiotic	24	657	657	1.0	Unknown taxonomy (chromosome or plasmid)
barcode10_6Gb	contig_2322	5821	6295	dfrA6_diaminopyrimidine_antibiotic	15	474	474	1.0	Unknown taxonomy (chromosome or plasmid)
barcode10_6Gb	contig_2322	6427	7291	GES-1_carbapenem;_cephalosporin;_penam	40	864	864	1.0	Unknown taxonomy (chromosome or plasmid)
barcode10_6Gb	contig_2322	7364	7823	AAC(6')-Il_aminoglycoside_antibiotic	35	459	459	1.0	Unknown taxonomy (chromosome or plasmid)
barcode10_6Gb	contig_2323	728	1568	sul1_sulfonamide_antibiotic	33	840	840	1.0	Unknown taxonomy (chromosome or plasmid)
barcode10_6Gb	contig_2323	1561	1909	qacEdelta1_disinfecting_agents_and_antiseptics	23	348	348	1.0	Unknown taxonomy (chromosome or plasmid)
barcode10_6Gb	contig_2323	4173	4824	AAC(6')-Ib9_aminoglycoside_antibiotic	30	651	651	1.0	Unknown taxonomy (chromosome or plasmid)
barcode10_6Gb	contig_2323	4865	5729	GES-1_carbapenem;_cephalosporin;_penam	32	864	864	1.0	Unknown taxonomy (chromosome or plasmid)
barcode10_6Gb	contig_2323	13834	14614	APH(3')-VIa_aminoglycoside_antibiotic	26	780	780	1.0	Unknown taxonomy (chromosome or plasmid)
barcode10_6Gb	contig_2323	21264	21762	dfrA12_diaminopyrimidine_antibiotic	18	498	498	1.0	Unknown taxonomy (chromosome or plasmid)
barcode10_6Gb	contig_2323	22181	22961	aadA2_aminoglycoside_antibiotic	28	780	780	1.0	Unknown taxonomy (chromosome or plasmid)
barcode10_6Gb	contig_2323	23124	23472	qacEdelta1_disinfecting_agents_and_antiseptics	42	348	348	1.0	Unknown taxonomy (chromosome or plasmid)
barcode10_6Gb	contig_2323	23465	24305	sul1_sulfonamide_antibiotic	50	840	840	1.0	Unknown taxonomy (chromosome or plasmid)
barcode10_6Gb	contig_2325	2569	3775	tet(B)_tetracycline_antibiotic	21	1206	1206	1.0	Unknown taxonomy (chromosome or plasmid)
barcode10_6Gb	contig_2325	3856	4480	tetR_tetracycline_antibiotic	18	624	624	1.0	Unknown taxonomy (chromosome or plasmid)
barcode10_6Gb	contig_2325	12733	13660	PER-2_monobactam;_carbapenem;_cephalosporin;_penam;_penem	18	927	927	1.0	Unknown taxonomy (plasmid)
barcode10_6Gb	contig_2327	196	1672	msrE_macrolide_antibiotic;_streptogramin_antibiotic	25	1476	1476	1.0	Unknown taxonomy (chromosome or plasmid)
barcode10_6Gb	contig_2327	1727	2612	mphE_macrolide_antibiotic	30	885	885	1.0	Unknown taxonomy (chromosome or plasmid)
barcode10_6Gb	contig_2327	66016	66832	APH(3')-Ia_aminoglycoside_antibiotic	16	816	816	1.0	Unknown taxonomy (chromosome or plasmid)
barcode10_6Gb	contig_2413	44452	45658	Mef(En2)_macrolide_antibiotic;_lincosamide_antibiotic	13	1206	1206	1.0	Unknown taxonomy (chromosome)
barcode10_6Gb	contig_2415	29498	30287	ANT(3'')-IIa_aminoglycoside_antibiotic	14	789	789	1.0	Acinetobacter baumannii (chromosome or plasmid)
barcode10_6Gb	contig_2442	43838	45023	Escherichia coli EF-Tu mutants conferring resistance to Pulvomycin_elfamycin_antibiotic	20	1185	1185	1.0	Unknown taxonomy (chromosome)
barcode10_6Gb	contig_2463	1168	1516	qacEdelta1_disinfecting_agents_and_antiseptics	7	348	348	1.0	Unknown taxonomy (chromosome or plasmid)
barcode10_6Gb	contig_2463	2626	3100	dfrA15_diaminopyrimidine_antibiotic	8	474	474	1.0	Unknown taxonomy (chromosome or plasmid)
barcode10_6Gb	contig_2464	2099	2939	sul1_sulfonamide_antibiotic	50	840	840	1.0	Unknown taxonomy (chromosome or plasmid)
barcode10_6Gb	contig_2464	2932	3280	qacEdelta1_disinfecting_agents_and_antiseptics	37	348	348	1.0	Unknown taxonomy (chromosome or plasmid)
barcode10_6Gb	contig_249	34335	35811	msrE_macrolide_antibiotic;_streptogramin_antibiotic	101	1476	1476	1.0	Unknown taxonomy (chromosome or plasmid)
barcode10_6Gb	contig_249	35866	36751	mphE_macrolide_antibiotic	90	885	885	1.0	Unknown taxonomy (chromosome or plasmid)
barcode10_6Gb	contig_2578	5283	5616	Escherichia coli emrE_macrolide_antibiotic	9	333	333	1.0	Unknown taxonomy (chromosome or plasmid)
barcode10_6Gb	contig_2642	5940	7125	Escherichia coli EF-Tu mutants conferring resistance to Pulvomycin_elfamycin_antibiotic	29	1185	1185	1.0	Unknown taxonomy (chromosome or plasmid)
barcode10_6Gb	contig_2642	22217	22850	CRP_macrolide_antibiotic;_fluoroquinolone_antibiotic;_penam	7	633	633	1.0	Enterobacter hormaechei (chromosome or plasmid)
barcode10_6Gb	contig_2655	10626	11283	QnrVC1_fluoroquinolone_antibiotic	19	657	657	1.0	Unknown taxonomy (chromosome or plasmid)
barcode10_6Gb	contig_2655	11441	11915	dfrA6_diaminopyrimidine_antibiotic	14	474	474	1.0	Unknown taxonomy (chromosome or plasmid)
barcode10_6Gb	contig_2669	78987	79476	nimJ_nitroimidazole_antibiotic	4	489	489	1.0	
barcode10_6Gb	contig_2686	83836	85291	adeK_macrolide_antibiotic;_fluoroquinolone_antibiotic;_lincosamide_antibiotic;_carbapenem;_cephalosporin;_tetracycline_antibiotic;_rifamycin_antibiotic;_diaminopyrimidine_antibiotic;_phenicol_antibiotic;_penem	7	1455	1455	1.0	Acinetobacter baumannii (chromosome or plasmid)
barcode10_6Gb	contig_2686	85290	88467	adeJ_macrolide_antibiotic;_fluoroquinolone_antibiotic;_lincosamide_antibiotic;_carbapenem;_cephalosporin;_tetracycline_antibiotic;_rifamycin_antibiotic;_diaminopyrimidine_antibiotic;_phenicol_antibiotic;_penem	7	3177	3177	1.0	Acinetobacter baumannii (chromosome or plasmid)
barcode10_6Gb	contig_2686	88479	89730	adeI_macrolide_antibiotic;_fluoroquinolone_antibiotic;_lincosamide_antibiotic;_carbapenem;_cephalosporin;_tetracycline_antibiotic;_rifamycin_antibiotic;_diaminopyrimidine_antibiotic;_phenicol_antibiotic;_penem	5	1251	1251	1.0	Acinetobacter baumannii (chromosome or plasmid)
barcode10_6Gb	contig_2696	42939	43275	qacG_disinfecting_agents_and_antiseptics	13	336	336	1.0	
barcode10_6Gb	contig_2767	8177	9173	CfxA6_cephamycin	12	996	996	1.0	
barcode10_6Gb	contig_278	123187	124702	aadT_macrolide_antibiotic;_tetracycline_antibiotic;_disinfecting_agents_and_antiseptics	16	1515	1515	1.0	
barcode10_6Gb	contig_2864	1415	2384	PmrF_peptide_antibiotic	3	969	969	1.0	Unknown taxonomy (chromosome or plasmid)
barcode10_6Gb	contig_2886	1655	2495	sul1_sulfonamide_antibiotic	15	840	840	1.0	Unknown taxonomy (chromosome or plasmid)
barcode10_6Gb	contig_2886	7442	8369	PER-3_monobactam;_carbapenem;_cephalosporin;_penam;_penem	9	927	927	1.0	Unknown taxonomy (chromosome or plasmid)
barcode10_6Gb	contig_2888	961	1522	dfrA23_diaminopyrimidine_antibiotic	5	561	561	1.0	Unknown taxonomy (chromosome or plasmid)
barcode10_6Gb	contig_2888	7640	9116	msrE_macrolide_antibiotic;_streptogramin_antibiotic	29	1476	1476	1.0	Unknown taxonomy (chromosome or plasmid)
barcode10_6Gb	contig_2888	9171	10056	mphE_macrolide_antibiotic	29	885	885	1.0	Unknown taxonomy (chromosome or plasmid)
barcode10_6Gb	contig_2996	12737	14732	lmrD_lincosamide_antibiotic	6	1995	1995	1.0	
barcode10_6Gb	contig_3	18890	21110	Acinetobacter baumannii parC conferring resistance to fluoroquinolones_fluoroquinolone_antibiotic	17	2220	2220	1.0	Acinetobacter baumannii (chromosome or plasmid)
barcode10_6Gb	contig_3	230790	232137	abeM_fluoroquinolone_antibiotic;_disinfecting_agents_and_antiseptics	12	1347	1347	1.0	Acinetobacter baumannii (chromosome or plasmid)
barcode10_6Gb	contig_3	275604	276705	LpsB_peptide_antibiotic	9	1101	1101	1.0	Acinetobacter baumannii (chromosome or plasmid)
barcode10_6Gb	contig_3010	17680	20836	adeF_fluoroquinolone_antibiotic;_tetracycline_antibiotic	9	3156	3156	1.0	
barcode10_6Gb	contig_3055	5632	8746	adeF_fluoroquinolone_antibiotic;_tetracycline_antibiotic	15	3114	3114	1.0	Enterobacter kobei (chromosome)
barcode10_6Gb	contig_3340	20798	21011	vanU gene in vanG cluster_glycopeptide_antibiotic	7	213	213	1.0	
barcode10_6Gb	contig_3381	25330	28507	adeF_fluoroquinolone_antibiotic;_tetracycline_antibiotic	25	3177	3177	1.0	Unknown taxonomy (chromosome)
barcode10_6Gb	contig_3391	74802	75987	Escherichia coli EF-Tu mutants conferring resistance to Pulvomycin_elfamycin_antibiotic	20	1185	1185	1.0	Unknown taxonomy (chromosome or plasmid)
barcode10_6Gb	contig_3394	5530	8635	AcrF_fluoroquinolone_antibiotic;_cephalosporin;_cephamycin;_penam	8	3105	3105	1.0	Unknown taxonomy (chromosome or plasmid)
barcode10_6Gb	contig_3434	4851	5652	ErmF_macrolide_antibiotic;_lincosamide_antibiotic;_streptogramin_antibiotic;_streptogramin_A_antibiotic;_streptogramin_B_antibiotic	16	801	801	1.0	Unknown taxonomy (chromosome or plasmid)
barcode10_6Gb	contig_3517	3312	3831	qacG_disinfecting_agents_and_antiseptics	5	519	519	1.0	
barcode10_6Gb	contig_3581	24426	26091	msbA_nitroimidazole_antibiotic	6	1665	1665	1.0	Unknown taxonomy (chromosome)
barcode10_6Gb	contig_3746	9163	9982	bacA_peptide_antibiotic	11	819	819	1.0	Escherichia coli (chromosome)
barcode10_6Gb	contig_3749	59535	60357	bacA_peptide_antibiotic	4	822	822	1.0	Unknown taxonomy (chromosome or plasmid)
barcode10_6Gb	contig_375	603754	604864	vanT gene in vanG cluster_glycopeptide_antibiotic	110	1110	1110	1.0	
barcode10_6Gb	contig_375	848266	851458	adeF_fluoroquinolone_antibiotic;_tetracycline_antibiotic	109	3192	3192	1.0	
barcode10_6Gb	contig_375	1107164	1107671	nimK_nitroimidazole_antibiotic	96	507	507	1.0	
barcode10_6Gb	contig_375	1809678	1810914	vanW gene in vanI cluster_glycopeptide_antibiotic	103	1236	1236	1.0	
barcode10_6Gb	contig_378	94865	96257	Escherichia coli UhpT with mutation conferring resistance to fosfomycin_phosphonic_acid_antibiotic	14	1392	1392	1.0	Enterobacter kobei (chromosome or plasmid)
barcode10_6Gb	contig_378	246446	247631	Escherichia coli EF-Tu mutants conferring resistance to Pulvomycin_elfamycin_antibiotic	21	1185	1185	1.0	Enterobacter (chromosome or plasmid)
barcode10_6Gb	contig_378	442057	443203	ACT-87_carbapenem;_cephalosporin;_cephamycin;_penam	15	1146	1146	1.0	Enterobacter kobei (chromosome)
barcode10_6Gb	contig_378	591729	592155	FosA2_phosphonic_acid_antibiotic	10	426	426	1.0	Enterobacter kobei (chromosome)
barcode10_6Gb	contig_378	782557	783580	leuO_nucleoside_antibiotic;_disinfecting_agents_and_antiseptics	8	1023	1023	1.0	Enterobacter kobei (chromosome)
barcode10_6Gb	contig_378	789743	791510	Haemophilus influenzae PBP3 conferring resistance to beta-lactam antibiotics_cephalosporin;_cephamycin;_penam	17	1767	1767	1.0	Enterobacter kobei (chromosome or plasmid)
barcode10_6Gb	contig_3821	132903	133650	vanY gene in vanG cluster_glycopeptide_antibiotic	3	747	747	1.0	
barcode10_6Gb	contig_398	34738	35722	PmrF_peptide_antibiotic	20	984	984	1.0	
barcode10_6Gb	contig_398	38596	40252	ArnT_peptide_antibiotic	15	1656	1656	1.0	Enterobacter kobei (chromosome)
barcode10_6Gb	contig_398	114731	115364	CRP_macrolide_antibiotic;_fluoroquinolone_antibiotic;_penam	17	633	633	1.0	Enterobacter (chromosome or plasmid)
barcode10_6Gb	contig_4010	2	1166	tet(C)_tetracycline_antibiotic	12	1164	1164	1.0	Unknown taxonomy (chromosome or plasmid)
barcode10_6Gb	contig_4031	204	1032	OXA-253_carbapenem;_penam	32	828	828	1.0	Acinetobacter baumannii (chromosome)
barcode10_6Gb	contig_4087	1	1417	tet(W)_tetracycline_antibiotic	19	1416	1416	1.0	Unknown taxonomy (chromosome or plasmid)
barcode10_6Gb	contig_4108	8608	10528	tet(O)_tetracycline_antibiotic	41	1920	1920	1.0	Unknown taxonomy (chromosome or plasmid)
barcode10_6Gb	contig_4166	42559	43120	ramA_fluoroquinolone_antibiotic;_monobactam;_carbapenem;_cephalosporin;_glycylcycline;_cephamycin;_penam;_tetracycline_antibiotic;_rifamycin_antibiotic;_phenicol_antibiotic;_penem;_disinfecting_agents_and_antiseptics	17	561	561	1.0	Enterobacter kobei (no genomic info)
barcode10_6Gb	contig_4205	54010	54265	rsmA_fluoroquinolone_antibiotic;_diaminopyrimidine_antibiotic;_phenicol_antibiotic	25	255	255	1.0	
barcode10_6Gb	contig_4206	19713	20811	CMY-132_cephamycin	4	1098	1098	1.0	Citrobacter (chromosome or plasmid)
barcode10_6Gb	contig_4230	6425	6950	qacEdelta1_disinfecting_agents_and_antiseptics	3	525	525	1.0	Unknown taxonomy (chromosome or plasmid)
barcode10_6Gb	contig_4259	1188	2070	KPC-2_monobactam;_carbapenem;_cephalosporin;_penam	59	882	882	1.0	Unknown taxonomy (chromosome or plasmid)
barcode10_6Gb	contig_4315	3187	4135	leuO_nucleoside_antibiotic;_disinfecting_agents_and_antiseptics	5	948	948	1.0	Citrobacter (chromosome)
barcode10_6Gb	contig_4318	15117	16491	cpxA_aminoglycoside_antibiotic;_aminocoumarin_antibiotic	7	1374	1374	1.0	
barcode10_6Gb	contig_4332	60295	61120	gadX_macrolide_antibiotic;_fluoroquinolone_antibiotic;_penam	6	825	825	1.0	Unknown taxonomy (chromosome)
barcode10_6Gb	contig_4332	65717	66731	mdtE_macrolide_antibiotic;_fluoroquinolone_antibiotic;_penam	4	1014	1014	1.0	Unknown taxonomy (chromosome)
barcode10_6Gb	contig_4542	5539	6727	tet(39)_tetracycline_antibiotic	35	1188	1188	1.0	Unknown taxonomy (plasmid)
barcode10_6Gb	contig_4545	348	1587	tet(W)_tetracycline_antibiotic	22	1239	1239	1.0	Bifidobacterium bifidum (chromosome or plasmid)
barcode10_6Gb	contig_4545	1550	2267	tet(W)_tetracycline_antibiotic	18	717	717	1.0	Unknown taxonomy (chromosome)
barcode10_6Gb	contig_4564	17835	18168	Klebsiella pneumoniae KpnF_macrolide_antibiotic;_aminoglycoside_antibiotic;_cephalosporin;_tetracycline_antibiotic;_peptide_antibiotic;_rifamycin_antibiotic;_disinfecting_agents_and_antiseptics	5	333	333	1.0	Citrobacter (chromosome)
barcode10_6Gb	contig_4600	4233	5049	sul2_sulfonamide_antibiotic	15	816	816	1.0	Unknown taxonomy (chromosome or plasmid)
barcode10_6Gb	contig_4602	25151	25481	Klebsiella pneumoniae KpnF_macrolide_antibiotic;_aminoglycoside_antibiotic;_cephalosporin;_tetracycline_antibiotic;_peptide_antibiotic;_rifamycin_antibiotic;_disinfecting_agents_and_antiseptics	17	330	330	1.0	Enterobacter kobei (chromosome)
barcode10_6Gb	contig_4602	25467	25830	Klebsiella pneumoniae KpnE_macrolide_antibiotic;_aminoglycoside_antibiotic;_cephalosporin;_tetracycline_antibiotic;_peptide_antibiotic;_rifamycin_antibiotic;_disinfecting_agents_and_antiseptics	19	363	363	1.0	Enterobacter kobei (chromosome)
barcode10_6Gb	contig_463	10892	11687	OXA-504_penam	49	795	795	1.0	Aeromonas caviae (chromosome)
barcode10_6Gb	contig_4769	47878	49012	EC-13_cephalosporin	7	1134	1134	1.0	Unknown taxonomy (chromosome or plasmid)
barcode10_6Gb	contig_4827	4537	5215	kdpE_aminoglycoside_antibiotic	7	678	678	1.0	Escherichia (chromosome or plasmid)
barcode10_6Gb	contig_4940	380131	380968	APH(6)-Id_aminoglycoside_antibiotic	43	837	837	1.0	Unknown taxonomy (chromosome or plasmid)
barcode10_6Gb	contig_4940	381831	382647	sul2_sulfonamide_antibiotic	15	816	816	1.0	Unknown taxonomy (chromosome or plasmid)
barcode10_6Gb	contig_5035	155	500	qacG_disinfecting_agents_and_antiseptics	5	345	345	1.0	Unknown taxonomy (chromosome or plasmid)
barcode10_6Gb	contig_5036	9450	10311	AAC(3)-IIe_aminoglycoside_antibiotic	20	861	861	1.0	Unknown taxonomy (chromosome or plasmid)
barcode10_6Gb	contig_5036	10452	11313	TEM-1_monobactam;_cephalosporin;_penam;_penem	28	861	861	1.0	Unknown taxonomy (chromosome or plasmid)
barcode10_6Gb	contig_5037	5401	5746	qacG_disinfecting_agents_and_antiseptics	2	345	345	1.0	Unknown taxonomy (chromosome or plasmid)
barcode10_6Gb	contig_5083	29288	30806	tet(O/W)_tetracycline_antibiotic	33	1518	1518	1.0	Unknown taxonomy (chromosome or plasmid)
barcode10_6Gb	contig_5229	77381	78554	vanT gene in vanG cluster_glycopeptide_antibiotic	7	1173	1173	1.0	
barcode10_6Gb	contig_5230	17091	18396	Acinetobacter baumannii AbaQ_fluoroquinolone_antibiotic	10	1305	1305	1.0	Acinetobacter baumannii (chromosome or plasmid)
barcode10_6Gb	contig_5323	23522	24146	vanW gene in vanI cluster_glycopeptide_antibiotic	4	624	624	1.0	
barcode10_6Gb	contig_5404	81954	83358	baeS_aminoglycoside_antibiotic;_aminocoumarin_antibiotic	8	1404	1404	1.0	
barcode10_6Gb	contig_5404	83354	84077	baeR_aminoglycoside_antibiotic;_aminocoumarin_antibiotic	7	723	723	1.0	Enterobacter kobei (chromosome)
barcode10_6Gb	contig_5450	159	1023	GES-1_carbapenem;_cephalosporin;_penam	32	864	864	1.0	Unknown taxonomy (chromosome or plasmid)
barcode10_6Gb	contig_5450	1096	1555	AAC(6')-Il_aminoglycoside_antibiotic	32	459	459	1.0	Unknown taxonomy (chromosome or plasmid)
barcode10_6Gb	contig_5451	7	541	ANT(2'')-Ia_aminoglycoside_antibiotic	16	534	534	1.0	Unknown taxonomy (chromosome or plasmid)
barcode10_6Gb	contig_5470	6893	7856	leuO_nucleoside_antibiotic;_disinfecting_agents_and_antiseptics	6	963	963	1.0	Enterobacter (chromosome)
barcode10_6Gb	contig_5486	47891	49385	vanW gene in vanI cluster_glycopeptide_antibiotic	9	1494	1494	1.0	
barcode10_6Gb	contig_5572	101334	101736	FosA8_phosphonic_acid_antibiotic	20	402	402	1.0	Aeromonas caviae (chromosome or plasmid)
barcode10_6Gb	contig_5605	7384	8212	OXA-253_carbapenem;_penam	19	828	828	1.0	Acinetobacter baumannii (chromosome)
barcode10_6Gb	contig_5640	3988	4768	APH(3')-VIa_aminoglycoside_antibiotic	53	780	780	1.0	Unknown taxonomy (chromosome or plasmid)
barcode10_6Gb	contig_5640	15916	16696	APH(3')-VIa_aminoglycoside_antibiotic	44	780	780	1.0	Unknown taxonomy (chromosome or plasmid)
barcode10_6Gb	contig_5640	19111	19993	KPC-2_monobactam;_carbapenem;_cephalosporin;_penam	75	882	882	1.0	Unknown taxonomy (chromosome or plasmid)
barcode10_6Gb	contig_5672	47508	47889	marA_fluoroquinolone_antibiotic;_monobactam;_carbapenem;_cephalosporin;_glycylcycline;_cephamycin;_penam;_tetracycline_antibiotic;_rifamycin_antibiotic;_phenicol_antibiotic;_penem;_disinfecting_agents_and_antiseptics	15	381	381	1.0	Enterobacter (chromosome or plasmid)
barcode10_6Gb	contig_5672	47908	48343	Escherichia coli AcrAB-TolC with MarR mutations conferring resistance to ciprofloxacin and tetracycline_fluoroquinolone_antibiotic;_cephalosporin;_glycylcycline;_penam;_tetracycline_antibiotic;_rifamycin_antibiotic;_phenicol_antibiotic;_disinfecting_agents_and_antiseptics	14	435	435	1.0	Enterobacter (chromosome)
barcode10_6Gb	contig_5676	64454	65486	mdtN_nucleoside_antibiotic;_disinfecting_agents_and_antiseptics	7	1032	1032	1.0	Unknown taxonomy (chromosome or plasmid)
barcode10_6Gb	contig_5676	67534	69088	mdtP_nucleoside_antibiotic;_disinfecting_agents_and_antiseptics	5	1554	1554	1.0	Escherichia coli (chromosome or plasmid)
barcode10_6Gb	contig_5676	90099	90564	Escherichia coli soxR with mutation conferring antibiotic resistance_fluoroquinolone_antibiotic;_cephalosporin;_glycylcycline;_penam;_tetracycline_antibiotic;_rifamycin_antibiotic;_phenicol_antibiotic;_disinfecting_agents_and_antiseptics	7	465	465	1.0	Unknown taxonomy (chromosome or plasmid)
barcode10_6Gb	contig_5676	90649	90973	Escherichia coli soxS with mutation conferring antibiotic resistance_fluoroquinolone_antibiotic;_monobactam;_carbapenem;_cephalosporin;_glycylcycline;_cephamycin;_penam;_tetracycline_antibiotic;_rifamycin_antibiotic;_phenicol_antibiotic;_penem;_disinfecting_agents_and_antiseptics	7	324	324	1.0	Unknown taxonomy (chromosome or plasmid)
barcode10_6Gb	contig_5686	12448	13933	lsaE_lincosamide_antibiotic;_streptogramin_antibiotic;_pleuromutilin_antibiotic	10	1485	1485	1.0	Streptococcus (chromosome or plasmid)
barcode10_6Gb	contig_5687	13970	14603	CRP_macrolide_antibiotic;_fluoroquinolone_antibiotic;_penam	8	633	633	1.0	Klebsiella (chromosome)
barcode10_6Gb	contig_5705	6574	9085	adeF_fluoroquinolone_antibiotic;_tetracycline_antibiotic	6	2511	2511	1.0	Enterobacter kobei (chromosome)
barcode10_6Gb	contig_5716	29434	32536	acrB_fluoroquinolone_antibiotic;_cephalosporin;_glycylcycline;_penam;_tetracycline_antibiotic;_rifamycin_antibiotic;_phenicol_antibiotic;_disinfecting_agents_and_antiseptics	14	3102	3102	1.0	Unknown taxonomy (chromosome or plasmid)
barcode10_6Gb	contig_5716	32558	33752	Escherichia coli acrA_fluoroquinolone_antibiotic;_cephalosporin;_glycylcycline;_penam;_tetracycline_antibiotic;_rifamycin_antibiotic;_phenicol_antibiotic;_disinfecting_agents_and_antiseptics	7	1194	1194	1.0	Unknown taxonomy (chromosome or plasmid)
barcode10_6Gb	contig_5941	36883	37138	rsmA_fluoroquinolone_antibiotic;_diaminopyrimidine_antibiotic;_phenicol_antibiotic	11	255	255	1.0	
barcode10_6Gb	contig_6035	31070	31601	emrR_fluoroquinolone_antibiotic	12	531	531	1.0	Unknown taxonomy (chromosome or plasmid)
barcode10_6Gb	contig_6035	31727	32900	emrA_fluoroquinolone_antibiotic	8	1173	1173	1.0	Unknown taxonomy (chromosome or plasmid)
barcode10_6Gb	contig_6035	32916	34455	emrB_fluoroquinolone_antibiotic	4	1539	1539	1.0	Unknown taxonomy (chromosome or plasmid)
barcode10_6Gb	contig_6035	39263	39449	rsmA_fluoroquinolone_antibiotic;_diaminopyrimidine_antibiotic;_phenicol_antibiotic	7	186	186	1.0	Unknown taxonomy (chromosome or plasmid)
barcode10_6Gb	contig_6067	21499	22315	sul2_sulfonamide_antibiotic	28	816	816	1.0	Unknown taxonomy (chromosome or plasmid)
barcode10_6Gb	contig_6067	24266	25481	floR_phenicol_antibiotic	16	1215	1215	1.0	Unknown taxonomy (chromosome or plasmid)
barcode10_6Gb	contig_6183	9757	10516	vanY gene in vanB cluster_glycopeptide_antibiotic	4	759	759	1.0	
barcode10_6Gb	contig_6274	8130	8463	qacJ_disinfecting_agents_and_antiseptics	5	333	333	1.0	
barcode10_6Gb	contig_6333	29214	29937	baeR_aminoglycoside_antibiotic;_aminocoumarin_antibiotic	10	723	723	1.0	Enterobacter (chromosome)
barcode10_6Gb	contig_6369	81146	83117	tet(O)_tetracycline_antibiotic	14	1971	1971	1.0	
barcode10_6Gb	contig_6369	90027	91200	vanT gene in vanG cluster_glycopeptide_antibiotic	11	1173	1173	1.0	
barcode10_6Gb	contig_6379	20800	21643	OXA-58_carbapenem;_penam	15	843	843	1.0	Unknown taxonomy (chromosome or plasmid)
barcode10_6Gb	contig_6450	1817	2459	catII_phenicol_antibiotic	5	642	642	1.0	Unknown taxonomy (chromosome or plasmid)
barcode10_6Gb	contig_6514	124578	125403	OXA-441_carbapenem;_penam	5	825	825	1.0	Acinetobacter baumannii (chromosome or plasmid)
barcode10_6Gb	contig_6599	15388	16582	Escherichia coli acrA_fluoroquinolone_antibiotic;_cephalosporin;_glycylcycline;_penam;_tetracycline_antibiotic;_rifamycin_antibiotic;_phenicol_antibiotic;_disinfecting_agents_and_antiseptics	9	1194	1194	1.0	Citrobacter portucalensis (chromosome or plasmid)
barcode10_6Gb	contig_6609	3515	4658	vanT gene in vanG cluster_glycopeptide_antibiotic	4	1143	1143	1.0	
barcode10_6Gb	contig_6668	9609	10509	VEB-3_monobactam;_cephalosporin	10	900	900	1.0	Unknown taxonomy (chromosome or plasmid)
barcode10_6Gb	contig_6668	15425	16058	catB3_phenicol_antibiotic	7	633	633	1.0	Unknown taxonomy (chromosome or plasmid)
barcode10_6Gb	contig_6671	5204	6323	vanT gene in vanG cluster_glycopeptide_antibiotic	6	1119	1119	1.0	
barcode10_6Gb	contig_6732	1021	1405	vanY gene in vanB cluster_glycopeptide_antibiotic	3	384	384	1.0	
barcode10_6Gb	contig_6753	13370	13706	qacG_disinfecting_agents_and_antiseptics	6	336	336	1.0	
barcode10_6Gb	contig_676	14352	15108	TEM-216_monobactam;_cephalosporin;_penam;_penem	21	756	756	1.0	Unknown taxonomy (chromosome or plasmid)
barcode10_6Gb	contig_676	59548	60430	KPC-2_monobactam;_carbapenem;_cephalosporin;_penam	115	882	882	1.0	Unknown taxonomy (chromosome or plasmid)
barcode10_6Gb	contig_6782	14353	14608	rsmA_fluoroquinolone_antibiotic;_diaminopyrimidine_antibiotic;_phenicol_antibiotic	7	255	255	1.0	
barcode10_6Gb	contig_681	3753	4992	Mrx_macrolide_antibiotic	60	1239	1239	1.0	Unknown taxonomy (chromosome or plasmid)
barcode10_6Gb	contig_6882	2231	3047	sul2_sulfonamide_antibiotic	44	816	816	1.0	Unknown taxonomy (chromosome or plasmid)
barcode10_6Gb	contig_690	5859	6516	QnrS2_fluoroquinolone_antibiotic	14	657	657	1.0	Unknown taxonomy (chromosome or plasmid)
barcode10_6Gb	contig_696	174690	175503	NDM-1_carbapenem;_cephalosporin;_cephamycin;_penam	13	813	813	1.0	Unknown taxonomy (chromosome or plasmid)
barcode10_6Gb	contig_696	176780	177560	APH(3')-VIa_aminoglycoside_antibiotic	16	780	780	1.0	Unknown taxonomy (chromosome or plasmid)
barcode10_6Gb	contig_7029	34724	36911	vanT gene in vanG cluster_glycopeptide_antibiotic	6	2187	2187	1.0	
barcode10_6Gb	contig_7050	7049	8432	mdeA_fluoroquinolone_antibiotic;_aminoglycoside_antibiotic;_penam;_tetracycline_antibiotic;_disinfecting_agents_and_antiseptics	4	1383	1383	1.0	
barcode10_6Gb	contig_713	92969	93155	rsmA_fluoroquinolone_antibiotic;_diaminopyrimidine_antibiotic;_phenicol_antibiotic	16	186	186	1.0	Enterobacter (chromosome or plasmid)
barcode10_6Gb	contig_713	100247	101795	emrB_fluoroquinolone_antibiotic	12	1548	1548	1.0	Enterobacter (chromosome or plasmid)
barcode10_6Gb	contig_713	101811	102984	emrA_fluoroquinolone_antibiotic	17	1173	1173	1.0	
barcode10_6Gb	contig_713	103110	103641	emrR_fluoroquinolone_antibiotic	16	531	531	1.0	Enterobacter kobei (chromosome or plasmid)
barcode10_6Gb	contig_714	264545	265538	ADC-30_cephalosporin	6	993	993	1.0	Acinetobacter baumannii (chromosome or plasmid)
barcode10_6Gb	contig_7336	2987	3617	vanY gene in vanB cluster_glycopeptide_antibiotic	10	630	630	1.0	Faecalibacterium prausnitzii (chromosome)
barcode10_6Gb	contig_736	38286	38475	rsmA_fluoroquinolone_antibiotic;_diaminopyrimidine_antibiotic;_phenicol_antibiotic	44	189	189	1.0	
barcode10_6Gb	contig_7437	1142	2330	tet(39)_tetracycline_antibiotic	46	1188	1188	1.0	Unknown taxonomy (plasmid)
barcode10_6Gb	contig_7480	17911	18985	vanT gene in vanG cluster_glycopeptide_antibiotic	49	1074	1074	1.0	
barcode10_6Gb	contig_7528	4597	5479	vanW gene in vanG cluster_glycopeptide_antibiotic	232	882	882	1.0	Acinetobacter johnsonii (chromosome)
barcode10_6Gb	contig_7569	2219	3695	msrE_macrolide_antibiotic;_streptogramin_antibiotic	66	1476	1476	1.0	Unknown taxonomy (chromosome or plasmid)
barcode10_6Gb	contig_7570	4772	5588	aadA_aminoglycoside_antibiotic	16	816	816	1.0	Unknown taxonomy (chromosome or plasmid)
barcode10_6Gb	contig_7570	5580	6381	OXA-10_cephalosporin;_penam	16	801	801	1.0	Unknown taxonomy (chromosome or plasmid)
barcode10_6Gb	contig_7570	6645	7905	cmlA5_phenicol_antibiotic	14	1260	1260	1.0	Unknown taxonomy (chromosome or plasmid)
barcode10_6Gb	contig_7572	13073	13328	rsmA_fluoroquinolone_antibiotic;_diaminopyrimidine_antibiotic;_phenicol_antibiotic	13	255	255	1.0	
barcode10_6Gb	contig_7575	15089	16682	vanW gene in vanI cluster_glycopeptide_antibiotic	11	1593	1593	1.0	
barcode10_6Gb	contig_7589	7489	8677	tet(39)_tetracycline_antibiotic	48	1188	1188	1.0	Unknown taxonomy (plasmid)
barcode10_6Gb	contig_7593	17533	18721	tet(39)_tetracycline_antibiotic	34	1188	1188	1.0	Unknown taxonomy (plasmid)
barcode10_6Gb	contig_7602	3681	4794	vanT gene in vanG cluster_glycopeptide_antibiotic	7	1113	1113	1.0	
barcode10_6Gb	contig_7659	16810	17995	Escherichia coli EF-Tu mutants conferring resistance to Pulvomycin_elfamycin_antibiotic	18	1185	1185	1.0	Unknown taxonomy (chromosome or plasmid)
barcode10_6Gb	contig_7659	33016	33649	CRP_macrolide_antibiotic;_fluoroquinolone_antibiotic;_penam	11	633	633	1.0	Citrobacter (chromosome)
barcode10_6Gb	contig_7680	287	1592	Acinetobacter baumannii AbaQ_fluoroquinolone_antibiotic	3	1305	1305	1.0	
barcode10_6Gb	contig_7734	23866	25405	emrY_tetracycline_antibiotic	9	1539	1539	1.0	Unknown taxonomy (chromosome or plasmid)
barcode10_6Gb	contig_7734	25404	26460	emrK_tetracycline_antibiotic	9	1056	1056	1.0	Unknown taxonomy (chromosome or plasmid)
barcode10_6Gb	contig_7734	26983	27598	evgA_macrolide_antibiotic;_fluoroquinolone_antibiotic;_penam;_tetracycline_antibiotic	7	615	615	1.0	Unknown taxonomy (chromosome or plasmid)
barcode10_6Gb	contig_7735	25175	26507	vanW gene in vanI cluster_glycopeptide_antibiotic	5	1332	1332	1.0	
barcode10_6Gb	contig_7757	4768	5023	FosA8_phosphonic_acid_antibiotic	2	255	255	1.0	Enterobacter roggenkampii (chromosome)
barcode10_6Gb	contig_777	9399	10938	emrB_fluoroquinolone_antibiotic	6	1539	1539	1.0	Citrobacter portucalensis (chromosome)
barcode10_6Gb	contig_777	17292	17478	rsmA_fluoroquinolone_antibiotic;_diaminopyrimidine_antibiotic;_phenicol_antibiotic	9	186	186	1.0	Citrobacter (chromosome or plasmid)
barcode10_6Gb	contig_7781	5996	6785	aadA5_aminoglycoside_antibiotic	4	789	789	1.0	Unknown taxonomy (chromosome or plasmid)
barcode10_6Gb	contig_7791	1103	1568	AAC(3)-Ia_aminoglycoside_antibiotic	4	465	465	1.0	Unknown taxonomy (chromosome or plasmid)
barcode10_6Gb	contig_7852	120065	122558	vanT gene in vanG cluster_glycopeptide_antibiotic	10	2493	2493	1.0	
barcode10_6Gb	contig_7872	17301	18207	tet(W)_tetracycline_antibiotic	13	906	906	1.0	Trueperella pyogenes (chromosome or plasmid)
barcode10_6Gb	contig_7896	20059	21548	TolC_macrolide_antibiotic;_fluoroquinolone_antibiotic;_aminoglycoside_antibiotic;_carbapenem;_cephalosporin;_glycylcycline;_cephamycin;_penam;_tetracycline_antibiotic;_peptide_antibiotic;_aminocoumarin_antibiotic;_rifamycin_antibiotic;_phenicol_antibiotic;_penem;_disinfecting_agents_and_antiseptics	6	1489	1489	1.0	Escherichia coli (chromosome or plasmid)
barcode10_6Gb	contig_7900	67689	68634	leuO_nucleoside_antibiotic;_disinfecting_agents_and_antiseptics	3	945	945	1.0	Unknown taxonomy (chromosome or plasmid)
barcode10_6Gb	contig_7941	10050	10878	OXA-253_carbapenem;_penam	18	828	828	1.0	Acinetobacter baumannii (chromosome)
barcode10_6Gb	contig_7968	36321	37068	vanY gene in vanG cluster_glycopeptide_antibiotic	7	747	747	1.0	
barcode10_6Gb	contig_7994	5067	6033	CfxA4_cephamycin	11	966	966	1.0	Unknown taxonomy (chromosome or plasmid)
barcode10_6Gb	contig_958	40869	42795	tet(Q)_tetracycline_antibiotic	33	1926	1926	1.0	Unknown taxonomy (chromosome)
barcode10_6Gb	contig_985	24022	25279	APH(6)-Id_aminoglycoside_antibiotic	63	1257	1257	1.0	Unknown taxonomy (chromosome or plasmid)
barcode10_6Gb	contig_988	30654	31113	AAC(6')-Il_aminoglycoside_antibiotic	49	459	459	1.0	Unknown taxonomy (chromosome or plasmid)
barcode10_6Gb	contig_988	31186	32050	GES-1_carbapenem;_cephalosporin;_penam	54	864	864	1.0	Unknown taxonomy (chromosome or plasmid)
barcode10_6Gb	contig_988	32172	32706	ANT(2'')-Ia_aminoglycoside_antibiotic	43	534	534	1.0	Unknown taxonomy (chromosome or plasmid)
barcode10_6Gb	contig_988	32859	33207	qacEdelta1_disinfecting_agents_and_antiseptics	36	348	348	1.0	Unknown taxonomy (chromosome or plasmid)
barcode10_6Gb	contig_988	33200	34040	sul1_sulfonamide_antibiotic	40	840	840	1.0	Unknown taxonomy (chromosome or plasmid)
barcode10_6Gb	contig_992	4222	4681	AAC(6')-Il_aminoglycoside_antibiotic	15	459	459	1.0	Unknown taxonomy (chromosome or plasmid)
barcode10_6Gb	contig_992	4812	5346	ANT(2'')-Ia_aminoglycoside_antibiotic	14	534	534	1.0	Unknown taxonomy (chromosome or plasmid)
barcode10_6Gb	contig_992	5999	6458	AAC(6')-Il_aminoglycoside_antibiotic	7	459	459	1.0	Unknown taxonomy (chromosome or plasmid)
barcode10_6Gb	contig_992	6602	7430	OXA-2_carbapenem;_cephalosporin;_penam	9	828	828	1.0	Unknown taxonomy (chromosome or plasmid)
barcode10_6Gb	contig_992	7809	8922	aadA11_aminoglycoside_antibiotic	7	1113	1113	1.0	Unknown taxonomy (chromosome or plasmid)
barcode10_9Gb	contig_1110	8993	10742	msbA_nitroimidazole_antibiotic	8	1749	1749	1.0	Enterobacter kobei (chromosome)
barcode10_9Gb	contig_1150	324	1164	sul1_sulfonamide_antibiotic	35	840	840	1.0	Unknown taxonomy (chromosome or plasmid)
barcode10_9Gb	contig_1150	1157	1505	qacEdelta1_disinfecting_agents_and_antiseptics	30	348	348	1.0	Unknown taxonomy (chromosome or plasmid)
barcode10_9Gb	contig_1150	1668	2448	aadA2_aminoglycoside_antibiotic	24	780	780	1.0	Unknown taxonomy (chromosome or plasmid)
barcode10_9Gb	contig_1150	2867	3365	dfrA12_diaminopyrimidine_antibiotic	18	498	498	1.0	Unknown taxonomy (chromosome or plasmid)
barcode10_9Gb	contig_1150	10016	10796	APH(3')-VIa_aminoglycoside_antibiotic	26	780	780	1.0	Unknown taxonomy (chromosome or plasmid)
barcode10_9Gb	contig_1150	18901	19765	GES-1_carbapenem;_cephalosporin;_penam	32	864	864	1.0	Unknown taxonomy (chromosome or plasmid)
barcode10_9Gb	contig_1150	19806	20457	AAC(6')-Ib9_aminoglycoside_antibiotic	32	651	651	1.0	Unknown taxonomy (chromosome or plasmid)
barcode10_9Gb	contig_1150	20538	21366	OXA-2_carbapenem;_cephalosporin;_penam	23	828	828	1.0	Unknown taxonomy (chromosome or plasmid)
barcode10_9Gb	contig_1150	22324	23152	OXA-2_carbapenem;_cephalosporin;_penam	16	828	828	1.0	Unknown taxonomy (chromosome or plasmid)
barcode10_9Gb	contig_1150	23607	23955	qacEdelta1_disinfecting_agents_and_antiseptics	33	348	348	1.0	Unknown taxonomy (chromosome or plasmid)
barcode10_9Gb	contig_1150	23948	24788	sul1_sulfonamide_antibiotic	46	840	840	1.0	Unknown taxonomy (chromosome or plasmid)
barcode10_9Gb	contig_1203	15996	16641	QnrB19_fluoroquinolone_antibiotic	27	645	645	1.0	Unknown taxonomy (chromosome or plasmid)
barcode10_9Gb	contig_1235	19752	21747	lmrD_lincosamide_antibiotic	4	1995	1995	1.0	
barcode10_9Gb	contig_1310	13902	14508	AAC(6')-Ib9_aminoglycoside_antibiotic	13	606	606	1.0	Unknown taxonomy (chromosome or plasmid)
barcode10_9Gb	contig_1310	14589	15366	aadA_aminoglycoside_antibiotic	15	777	777	1.0	Unknown taxonomy (chromosome or plasmid)
barcode10_9Gb	contig_1310	15425	16250	OXA-9_penam	10	825	825	1.0	Unknown taxonomy (chromosome or plasmid)
barcode10_9Gb	contig_1310	16949	17810	TEM-1_monobactam;_cephalosporin;_penam;_penem	24	861	861	1.0	Unknown taxonomy (chromosome or plasmid)
barcode10_9Gb	contig_1310	18771	19656	mphE_macrolide_antibiotic	6	885	885	1.0	Unknown taxonomy (chromosome or plasmid)
barcode10_9Gb	contig_1313	4281	5118	APH(6)-Id_aminoglycoside_antibiotic	48	837	837	1.0	Unknown taxonomy (chromosome or plasmid)
barcode10_9Gb	contig_1313	10097	11297	tet(A)_tetracycline_antibiotic	18	1200	1200	1.0	Unknown taxonomy (chromosome or plasmid)
barcode10_9Gb	contig_1313	15496	16156	catA1_phenicol_antibiotic	10	660	660	1.0	Unknown taxonomy (chromosome or plasmid)
barcode10_9Gb	contig_1313	18271	19132	TEM-1_monobactam;_cephalosporin;_penam;_penem	15	861	861	1.0	Unknown taxonomy (chromosome or plasmid)
barcode10_9Gb	contig_1313	22872	23733	SHV-12_carbapenem;_cephalosporin;_penam	8	861	861	1.0	Unknown taxonomy (chromosome or plasmid)
barcode10_9Gb	contig_1313	34954	35770	APH(3')-Ia_aminoglycoside_antibiotic	35	816	816	1.0	Unknown taxonomy (chromosome or plasmid)
barcode10_9Gb	contig_1313	39397	40303	mphA_macrolide_antibiotic	70	906	906	1.0	Unknown taxonomy (chromosome or plasmid)
barcode10_9Gb	contig_1313	40299	41538	Mrx_macrolide_antibiotic	71	1239	1239	1.0	Unknown taxonomy (chromosome or plasmid)
barcode10_9Gb	contig_1325	3853	4690	APH(6)-Id_aminoglycoside_antibiotic	40	837	837	1.0	Unknown taxonomy (chromosome or plasmid)
barcode10_9Gb	contig_1343	50932	52120	tet(39)_tetracycline_antibiotic	48	1188	1188	1.0	Unknown taxonomy (plasmid)
barcode10_9Gb	contig_1343	55759	56644	mphE_macrolide_antibiotic	13	885	885	1.0	Unknown taxonomy (chromosome or plasmid)
barcode10_9Gb	contig_1375	92957	93143	rsmA_fluoroquinolone_antibiotic;_diaminopyrimidine_antibiotic;_phenicol_antibiotic	13	186	186	1.0	Enterobacter (chromosome or plasmid)
barcode10_9Gb	contig_1375	100184	101732	emrB_fluoroquinolone_antibiotic	7	1548	1548	1.0	Enterobacter kobei (chromosome or plasmid)
barcode10_9Gb	contig_1375	103048	103579	emrR_fluoroquinolone_antibiotic	12	531	531	1.0	Enterobacter kobei (chromosome or plasmid)
barcode10_9Gb	contig_1376	264546	265539	ADC-30_cephalosporin	6	993	993	1.0	Acinetobacter baumannii (chromosome or plasmid)
barcode10_9Gb	contig_1378	139604	142760	adeF_fluoroquinolone_antibiotic;_tetracycline_antibiotic	14	3156	3156	1.0	
barcode10_9Gb	contig_142	12199	15364	adeF_fluoroquinolone_antibiotic;_tetracycline_antibiotic	39	3165	3165	1.0	Acinetobacter (chromosome or plasmid)
barcode10_9Gb	contig_1518	2373	3201	OXA-253_carbapenem;_penam	43	828	828	1.0	Acinetobacter baumannii (chromosome)
barcode10_9Gb	contig_1586	838184	838748	lnuC_lincosamide_antibiotic	40	564	564	1.0	Unknown taxonomy (chromosome or plasmid)
barcode10_9Gb	contig_1586	1674132	1677285	adeF_fluoroquinolone_antibiotic;_tetracycline_antibiotic	15	3153	3153	1.0	
barcode10_9Gb	contig_1586	1745472	1746036	lnuC_lincosamide_antibiotic	30	564	564	1.0	Unknown taxonomy (chromosome or plasmid)
barcode10_9Gb	contig_1589	269687	270890	vanT gene in vanG cluster_glycopeptide_antibiotic	15	1203	1203	1.0	
barcode10_9Gb	contig_1590	104502	105603	vanG_glycopeptide_antibiotic	20	1101	1101	1.0	Enterobacter kobei (chromosome)
barcode10_9Gb	contig_1590	204191	205361	Enterobacter cloacae acrA_fluoroquinolone_antibiotic;_cephalosporin;_glycylcycline;_penam;_tetracycline_antibiotic;_rifamycin_antibiotic;_phenicol_antibiotic;_disinfecting_agents_and_antiseptics	19	1170	1170	1.0	Enterobacter (chromosome)
barcode10_9Gb	contig_1596	135825	136977	MOX-13_cephalosporin;_cephamycin;_penam	30	1152	1152	1.0	Aeromonas caviae (chromosome or plasmid)
barcode10_9Gb	contig_1618	181275	181530	rsmA_fluoroquinolone_antibiotic;_diaminopyrimidine_antibiotic;_phenicol_antibiotic	154	255	255	1.0	
barcode10_9Gb	contig_1637	2129	3011	KPC-2_monobactam;_carbapenem;_cephalosporin;_penam	115	882	882	1.0	Unknown taxonomy (chromosome or plasmid)
barcode10_9Gb	contig_1657	8684	9524	sul1_sulfonamide_antibiotic	65	840	840	1.0	Unknown taxonomy (chromosome or plasmid)
barcode10_9Gb	contig_1657	9517	9865	qacEdelta1_disinfecting_agents_and_antiseptics	50	348	348	1.0	Unknown taxonomy (chromosome or plasmid)
barcode10_9Gb	contig_1657	10033	10621	AAC(6')-Ib9_aminoglycoside_antibiotic	38	588	588	1.0	Unknown taxonomy (chromosome or plasmid)
barcode10_9Gb	contig_1657	10726	11179	arr-3_rifamycin_antibiotic	35	453	453	1.0	Unknown taxonomy (chromosome or plasmid)
barcode10_9Gb	contig_1657	35557	36442	mphE_macrolide_antibiotic	66	885	885	1.0	Unknown taxonomy (chromosome or plasmid)
barcode10_9Gb	contig_1657	36497	37973	msrE_macrolide_antibiotic;_streptogramin_antibiotic	76	1476	1476	1.0	Unknown taxonomy (chromosome or plasmid)
barcode10_9Gb	contig_1657	40281	41874	APH(3'')-Ib_aminoglycoside_antibiotic	6	1593	1593	1.0	Unknown taxonomy (chromosome or plasmid)
barcode10_9Gb	contig_1659	24395	25280	mphE_macrolide_antibiotic	69	885	885	1.0	Unknown taxonomy (chromosome or plasmid)
barcode10_9Gb	contig_1659	25335	26811	msrE_macrolide_antibiotic;_streptogramin_antibiotic	89	1476	1476	1.0	Unknown taxonomy (chromosome or plasmid)
barcode10_9Gb	contig_1659	30656	31493	APH(6)-Id_aminoglycoside_antibiotic	59	837	837	1.0	Unknown taxonomy (chromosome or plasmid)
barcode10_9Gb	contig_1659	31492	32296	APH(3'')-Ib_aminoglycoside_antibiotic	66	804	804	1.0	Unknown taxonomy (chromosome or plasmid)
barcode10_9Gb	contig_1662	6192	7077	mphE_macrolide_antibiotic	84	885	885	1.0	Unknown taxonomy (chromosome or plasmid)
barcode10_9Gb	contig_1662	7132	8608	msrE_macrolide_antibiotic;_streptogramin_antibiotic	101	1476	1476	1.0	Unknown taxonomy (chromosome or plasmid)
barcode10_9Gb	contig_1665	389	1922	msrE_macrolide_antibiotic;_streptogramin_antibiotic	9	1533	1533	1.0	Unknown taxonomy (chromosome or plasmid)
barcode10_9Gb	contig_1665	1924	2809	mphE_macrolide_antibiotic	16	885	885	1.0	Unknown taxonomy (chromosome or plasmid)
barcode10_9Gb	contig_1665	4682	5873	tet(C)_tetracycline_antibiotic	36	1191	1191	1.0	Unknown taxonomy (chromosome or plasmid)
barcode10_9Gb	contig_1666	2753	3638	mphE_macrolide_antibiotic	21	885	885	1.0	Unknown taxonomy (chromosome or plasmid)
barcode10_9Gb	contig_1666	6313	6913	AAC(6')-Ib-cr6_fluoroquinolone_antibiotic;_aminoglycoside_antibiotic	34	600	600	1.0	Unknown taxonomy (chromosome or plasmid)
barcode10_9Gb	contig_1666	7043	7874	OXA-1_cephalosporin;_penam	31	831	831	1.0	Unknown taxonomy (chromosome or plasmid)
barcode10_9Gb	contig_1666	8085	8433	qacEdelta1_disinfecting_agents_and_antiseptics	35	348	348	1.0	Unknown taxonomy (chromosome or plasmid)
barcode10_9Gb	contig_1666	8426	9266	sul1_sulfonamide_antibiotic	36	840	840	1.0	Unknown taxonomy (chromosome or plasmid)
barcode10_9Gb	contig_1667	6768	8007	Mrx_macrolide_antibiotic	67	1239	1239	1.0	Unknown taxonomy (chromosome or plasmid)
barcode10_9Gb	contig_1667	8003	8909	mphA_macrolide_antibiotic	58	906	906	1.0	Unknown taxonomy (chromosome or plasmid)
barcode10_9Gb	contig_1667	11520	12405	mphE_macrolide_antibiotic	29	885	885	1.0	Unknown taxonomy (chromosome or plasmid)
barcode10_9Gb	contig_1667	12460	13936	msrE_macrolide_antibiotic;_streptogramin_antibiotic	28	1476	1476	1.0	Unknown taxonomy (chromosome or plasmid)
barcode10_9Gb	contig_1667	15292	15826	ANT(2'')-Ia_aminoglycoside_antibiotic	18	534	534	1.0	Unknown taxonomy (chromosome or plasmid)
barcode10_9Gb	contig_1667	15970	16870	VEB-1_monobactam;_cephalosporin	21	900	900	1.0	Unknown taxonomy (chromosome or plasmid)
barcode10_9Gb	contig_1667	16988	18248	cmlA5_phenicol_antibiotic	21	1260	1260	1.0	Unknown taxonomy (chromosome or plasmid)
barcode10_9Gb	contig_1667	18462	19101	AAC(6')-Ib9_aminoglycoside_antibiotic	27	639	639	1.0	Unknown taxonomy (chromosome or plasmid)
barcode10_9Gb	contig_1667	19183	19840	QnrVC4_fluoroquinolone_antibiotic	33	657	657	1.0	Unknown taxonomy (chromosome or plasmid)
barcode10_9Gb	contig_1668	258	1734	msrE_macrolide_antibiotic;_streptogramin_antibiotic	6	1476	1476	1.0	Unknown taxonomy (chromosome or plasmid)
barcode10_9Gb	contig_1668	1789	2674	mphE_macrolide_antibiotic	11	885	885	1.0	Unknown taxonomy (chromosome or plasmid)
barcode10_9Gb	contig_1672	495	1377	KPC-2_monobactam;_carbapenem;_cephalosporin;_penam	77	882	882	1.0	Unknown taxonomy (chromosome or plasmid)
barcode10_9Gb	contig_1672	3792	4572	APH(3')-VIa_aminoglycoside_antibiotic	44	780	780	1.0	Unknown taxonomy (chromosome or plasmid)
barcode10_9Gb	contig_1672	15720	16500	APH(3')-VIa_aminoglycoside_antibiotic	51	780	780	1.0	Unknown taxonomy (chromosome or plasmid)
barcode10_9Gb	contig_1692	333413	336605	adeF_fluoroquinolone_antibiotic;_tetracycline_antibiotic	35	3192	3192	1.0	
barcode10_9Gb	contig_1692	1259294	1260404	vanT gene in vanG cluster_glycopeptide_antibiotic	24	1110	1110	1.0	
barcode10_9Gb	contig_1708	21270	23490	Acinetobacter baumannii parC conferring resistance to fluoroquinolones_fluoroquinolone_antibiotic	17	2220	2220	1.0	Acinetobacter baumannii (chromosome or plasmid)
barcode10_9Gb	contig_1757	1758	2214	vanY gene in vanG cluster_glycopeptide_antibiotic	2	456	456	1.0	
barcode10_9Gb	contig_1760	3410	3740	qacG_disinfecting_agents_and_antiseptics	7	330	330	1.0	
barcode10_9Gb	contig_1772	74093	75542	adeH_fluoroquinolone_antibiotic;_tetracycline_antibiotic	7	1449	1449	1.0	Acinetobacter baumannii (chromosome or plasmid)
barcode10_9Gb	contig_1772	75554	77060	adeF_fluoroquinolone_antibiotic;_tetracycline_antibiotic	6	1506	1506	1.0	Acinetobacter baumannii (chromosome or plasmid)
barcode10_9Gb	contig_1772	84514	84844	abeS_macrolide_antibiotic;_aminocoumarin_antibiotic	7	330	330	1.0	Acinetobacter baumannii (chromosome or plasmid)
barcode10_9Gb	contig_1944	533	2009	msrE_macrolide_antibiotic;_streptogramin_antibiotic	73	1476	1476	1.0	Unknown taxonomy (chromosome or plasmid)
barcode10_9Gb	contig_1944	2064	2949	mphE_macrolide_antibiotic	64	885	885	1.0	Unknown taxonomy (chromosome or plasmid)
barcode10_9Gb	contig_1954	13083	13968	mphE_macrolide_antibiotic	49	885	885	1.0	Unknown taxonomy (chromosome or plasmid)
barcode10_9Gb	contig_1954	14023	15499	msrE_macrolide_antibiotic;_streptogramin_antibiotic	48	1476	1476	1.0	Unknown taxonomy (chromosome or plasmid)
barcode10_9Gb	contig_197	3544	4387	OXA-58_carbapenem;_penam	22	843	843	1.0	Unknown taxonomy (chromosome or plasmid)
barcode10_9Gb	contig_197	5718	7194	msrE_macrolide_antibiotic;_streptogramin_antibiotic	97	1476	1476	1.0	Unknown taxonomy (chromosome or plasmid)
barcode10_9Gb	contig_197	7249	8134	mphE_macrolide_antibiotic	90	885	885	1.0	Unknown taxonomy (chromosome or plasmid)
barcode10_9Gb	contig_1970	16090	17350	EreB_macrolide_antibiotic	11	1260	1260	1.0	
barcode10_9Gb	contig_205	4599	6075	msrE_macrolide_antibiotic;_streptogramin_antibiotic	87	1476	1476	1.0	Unknown taxonomy (chromosome or plasmid)
barcode10_9Gb	contig_205	6130	7015	mphE_macrolide_antibiotic	73	885	885	1.0	Unknown taxonomy (chromosome or plasmid)
barcode10_9Gb	contig_210	112413	112779	qacG_disinfecting_agents_and_antiseptics	124	366	366	1.0	Acinetobacter johnsonii (chromosome)
barcode10_9Gb	contig_2202	19524	22002	vanT gene in vanG cluster_glycopeptide_antibiotic	47	2478	2478	1.0	
barcode10_9Gb	contig_2225	87284	87539	rsmA_fluoroquinolone_antibiotic;_diaminopyrimidine_antibiotic;_phenicol_antibiotic	25	255	255	1.0	
barcode10_9Gb	contig_2277	4637	5519	vanW gene in vanG cluster_glycopeptide_antibiotic	234	882	882	1.0	Acinetobacter johnsonii (chromosome)
barcode10_9Gb	contig_2293	562	907	qacG_disinfecting_agents_and_antiseptics	14	345	345	1.0	Unknown taxonomy (chromosome or plasmid)
barcode10_9Gb	contig_2293	1868	2696	OXA-72_carbapenem;_penam	22	828	828	1.0	Unknown taxonomy (chromosome or plasmid)
barcode10_9Gb	contig_2294	5334	6162	OXA-253_carbapenem;_penam	39	828	828	1.0	Acinetobacter baumannii (chromosome)
barcode10_9Gb	contig_2295	5410	6238	OXA-253_carbapenem;_penam	50	828	828	1.0	Acinetobacter baumannii (chromosome)
barcode10_9Gb	contig_2299	5439	5784	qacG_disinfecting_agents_and_antiseptics	8	345	345	1.0	Unknown taxonomy (chromosome or plasmid)
barcode10_9Gb	contig_2302	2136	2964	OXA-253_carbapenem;_penam	23	828	828	1.0	Acinetobacter baumannii (chromosome)
barcode10_9Gb	contig_2303	2374	3202	OXA-253_carbapenem;_penam	52	828	828	1.0	Acinetobacter baumannii (chromosome)
barcode10_9Gb	contig_2309	40804	42730	tet(Q)_tetracycline_antibiotic	4	1926	1926	1.0	Unknown taxonomy (chromosome)
barcode10_9Gb	contig_2343	5789	6467	kdpE_aminoglycoside_antibiotic	5	678	678	1.0	Citrobacter (chromosome)
barcode10_9Gb	contig_2401	1510	2350	sul1_sulfonamide_antibiotic	63	840	840	1.0	Unknown taxonomy (chromosome or plasmid)
barcode10_9Gb	contig_2401	2343	2691	qacEdelta1_disinfecting_agents_and_antiseptics	60	348	348	1.0	Unknown taxonomy (chromosome or plasmid)
barcode10_9Gb	contig_2401	3451	4084	catB3_phenicol_antibiotic	49	633	633	1.0	Unknown taxonomy (chromosome or plasmid)
barcode10_9Gb	contig_2401	4221	5052	OXA-1_cephalosporin;_penam	49	831	831	1.0	Unknown taxonomy (chromosome or plasmid)
barcode10_9Gb	contig_2401	5182	5782	AAC(6')-Ib-cr6_fluoroquinolone_antibiotic;_aminoglycoside_antibiotic	50	600	600	1.0	Unknown taxonomy (chromosome or plasmid)
barcode10_9Gb	contig_2401	8036	8897	AAC(3)-IId_aminoglycoside_antibiotic	10	861	861	1.0	Unknown taxonomy (chromosome or plasmid)
barcode10_9Gb	contig_2401	13868	14729	TEM-1_monobactam;_cephalosporin;_penam;_penem	20	861	861	1.0	Unknown taxonomy (chromosome or plasmid)
barcode10_9Gb	contig_2426	8570	9350	APH(3')-VIa_aminoglycoside_antibiotic	14	780	780	1.0	Unknown taxonomy (chromosome or plasmid)
barcode10_9Gb	contig_2428	323	1163	sul1_sulfonamide_antibiotic	16	840	840	1.0	Unknown taxonomy (chromosome or plasmid)
barcode10_9Gb	contig_2428	1156	1504	qacEdelta1_disinfecting_agents_and_antiseptics	14	348	348	1.0	Unknown taxonomy (chromosome or plasmid)
barcode10_9Gb	contig_2428	2253	3033	aadA_aminoglycoside_antibiotic	19	780	780	1.0	Unknown taxonomy (chromosome or plasmid)
barcode10_9Gb	contig_2428	3193	3850	QnrVC1_fluoroquinolone_antibiotic	17	657	657	1.0	Unknown taxonomy (chromosome or plasmid)
barcode10_9Gb	contig_2430	3441	4098	QnrVC1_fluoroquinolone_antibiotic	24	657	657	1.0	Unknown taxonomy (chromosome or plasmid)
barcode10_9Gb	contig_2430	5816	6290	dfrA6_diaminopyrimidine_antibiotic	15	474	474	1.0	Unknown taxonomy (chromosome or plasmid)
barcode10_9Gb	contig_2430	6422	7286	GES-1_carbapenem;_cephalosporin;_penam	40	864	864	1.0	Unknown taxonomy (chromosome or plasmid)
barcode10_9Gb	contig_2430	7359	7818	AAC(6')-Il_aminoglycoside_antibiotic	35	459	459	1.0	Unknown taxonomy (chromosome or plasmid)
barcode10_9Gb	contig_2432	2566	3772	tet(B)_tetracycline_antibiotic	21	1206	1206	1.0	Unknown taxonomy (chromosome or plasmid)
barcode10_9Gb	contig_2432	3853	4477	tetR_tetracycline_antibiotic	18	624	624	1.0	Unknown taxonomy (chromosome or plasmid)
barcode10_9Gb	contig_2432	12730	13657	PER-2_monobactam;_carbapenem;_cephalosporin;_penam;_penem	18	927	927	1.0	Unknown taxonomy (plasmid)
barcode10_9Gb	contig_2434	56613	57429	APH(3')-Ia_aminoglycoside_antibiotic	17	816	816	1.0	Unknown taxonomy (chromosome or plasmid)
barcode10_9Gb	contig_2442	29516	30305	ANT(3'')-IIa_aminoglycoside_antibiotic	14	789	789	1.0	Acinetobacter baumannii (chromosome or plasmid)
barcode10_9Gb	contig_2484	6430	7267	APH(6)-Id_aminoglycoside_antibiotic	41	837	837	1.0	Unknown taxonomy (chromosome or plasmid)
barcode10_9Gb	contig_2533	44452	45658	Mef(En2)_macrolide_antibiotic;_lincosamide_antibiotic	13	1206	1206	1.0	Unknown taxonomy (chromosome)
barcode10_9Gb	contig_2561	43838	45023	Escherichia coli EF-Tu mutants conferring resistance to Pulvomycin_elfamycin_antibiotic	19	1185	1185	1.0	Unknown taxonomy (chromosome)
barcode10_9Gb	contig_2624	1168	1516	qacEdelta1_disinfecting_agents_and_antiseptics	5	348	348	1.0	Unknown taxonomy (chromosome or plasmid)
barcode10_9Gb	contig_2624	2626	3100	dfrA15_diaminopyrimidine_antibiotic	7	474	474	1.0	Unknown taxonomy (chromosome or plasmid)
barcode10_9Gb	contig_2625	1949	2789	sul1_sulfonamide_antibiotic	60	840	840	1.0	Unknown taxonomy (chromosome or plasmid)
barcode10_9Gb	contig_2625	2782	3130	qacEdelta1_disinfecting_agents_and_antiseptics	47	348	348	1.0	Unknown taxonomy (chromosome or plasmid)
barcode10_9Gb	contig_2727	5283	5616	Escherichia coli emrE_macrolide_antibiotic	9	333	333	1.0	Unknown taxonomy (chromosome or plasmid)
barcode10_9Gb	contig_2729	78987	79476	nimJ_nitroimidazole_antibiotic	4	489	489	1.0	
barcode10_9Gb	contig_2755	5084	6269	Escherichia coli EF-Tu mutants conferring resistance to Pulvomycin_elfamycin_antibiotic	31	1185	1185	1.0	Unknown taxonomy (chromosome or plasmid)
barcode10_9Gb	contig_2755	21360	21993	CRP_macrolide_antibiotic;_fluoroquinolone_antibiotic;_penam	7	633	633	1.0	Enterobacter hormaechei (chromosome or plasmid)
barcode10_9Gb	contig_2780	10556	11213	QnrVC1_fluoroquinolone_antibiotic	18	657	657	1.0	Unknown taxonomy (chromosome or plasmid)
barcode10_9Gb	contig_2780	11371	11845	dfrA6_diaminopyrimidine_antibiotic	14	474	474	1.0	Unknown taxonomy (chromosome or plasmid)
barcode10_9Gb	contig_2788	41699	43046	abeM_fluoroquinolone_antibiotic;_disinfecting_agents_and_antiseptics	12	1347	1347	1.0	Acinetobacter baumannii (chromosome or plasmid)
barcode10_9Gb	contig_2788	86022	87123	LpsB_peptide_antibiotic	9	1101	1101	1.0	Acinetobacter baumannii (chromosome or plasmid)
barcode10_9Gb	contig_2832	48975	49311	qacG_disinfecting_agents_and_antiseptics	13	336	336	1.0	
barcode10_9Gb	contig_2913	8145	9141	CfxA6_cephamycin	12	996	996	1.0	
barcode10_9Gb	contig_2966	1415	2384	PmrF_peptide_antibiotic	3	969	969	1.0	Unknown taxonomy (chromosome or plasmid)
barcode10_9Gb	contig_2980	12737	14732	lmrD_lincosamide_antibiotic	6	1995	1995	1.0	
barcode10_9Gb	contig_3011	1656	2496	sul1_sulfonamide_antibiotic	26	840	840	1.0	Unknown taxonomy (chromosome or plasmid)
barcode10_9Gb	contig_3011	7441	8368	PER-3_monobactam;_carbapenem;_cephalosporin;_penam;_penem	11	927	927	1.0	Unknown taxonomy (chromosome or plasmid)
barcode10_9Gb	contig_3014	3113	3674	dfrA23_diaminopyrimidine_antibiotic	5	561	561	1.0	Unknown taxonomy (chromosome or plasmid)
barcode10_9Gb	contig_3014	9792	11268	msrE_macrolide_antibiotic;_streptogramin_antibiotic	24	1476	1476	1.0	Unknown taxonomy (chromosome or plasmid)
barcode10_9Gb	contig_3014	11323	12208	mphE_macrolide_antibiotic	26	885	885	1.0	Unknown taxonomy (chromosome or plasmid)
barcode10_9Gb	contig_3015	112	565	arr-3_rifamycin_antibiotic	3	453	453	1.0	Unknown taxonomy (chromosome or plasmid)
barcode10_9Gb	contig_3015	661	1261	AAC(6')-Ib-cr6_fluoroquinolone_antibiotic;_aminoglycoside_antibiotic	5	600	600	1.0	Unknown taxonomy (chromosome or plasmid)
barcode10_9Gb	contig_3134	5632	8746	adeF_fluoroquinolone_antibiotic;_tetracycline_antibiotic	15	3114	3114	1.0	Enterobacter kobei (chromosome)
barcode10_9Gb	contig_3190	20575	20977	FosA8_phosphonic_acid_antibiotic	20	402	402	1.0	Aeromonas caviae (chromosome or plasmid)
barcode10_9Gb	contig_3352	48244	51400	adeF_fluoroquinolone_antibiotic;_tetracycline_antibiotic	9	3156	3156	1.0	
barcode10_9Gb	contig_3386	20798	21011	vanU gene in vanG cluster_glycopeptide_antibiotic	7	213	213	1.0	
barcode10_9Gb	contig_341	72638	73625	vanH gene in vanO cluster_glycopeptide_antibiotic	16	987	987	1.0	
barcode10_9Gb	contig_341	655080	656238	vanT gene in vanG cluster_glycopeptide_antibiotic	21	1158	1158	1.0	
barcode10_9Gb	contig_3415	25331	28508	adeF_fluoroquinolone_antibiotic;_tetracycline_antibiotic	25	3177	3177	1.0	Unknown taxonomy (chromosome)
barcode10_9Gb	contig_3423	74801	75986	Escherichia coli EF-Tu mutants conferring resistance to Pulvomycin_elfamycin_antibiotic	20	1185	1185	1.0	Unknown taxonomy (chromosome or plasmid)
barcode10_9Gb	contig_3426	5529	8634	AcrF_fluoroquinolone_antibiotic;_cephalosporin;_cephamycin;_penam	8	3105	3105	1.0	Unknown taxonomy (chromosome or plasmid)
barcode10_9Gb	contig_3464	4851	5652	ErmF_macrolide_antibiotic;_lincosamide_antibiotic;_streptogramin_antibiotic;_streptogramin_A_antibiotic;_streptogramin_B_antibiotic	16	801	801	1.0	Unknown taxonomy (chromosome or plasmid)
barcode10_9Gb	contig_3520	3312	3831	qacG_disinfecting_agents_and_antiseptics	5	519	519	1.0	
barcode10_9Gb	contig_3602	24426	26091	msbA_nitroimidazole_antibiotic	6	1665	1665	1.0	Unknown taxonomy (chromosome)
barcode10_9Gb	contig_368	8132	10052	tet(O)_tetracycline_antibiotic	41	1920	1920	1.0	Unknown taxonomy (chromosome or plasmid)
barcode10_9Gb	contig_369	173762	174575	NDM-1_carbapenem;_cephalosporin;_cephamycin;_penam	11	813	813	1.0	Unknown taxonomy (chromosome or plasmid)
barcode10_9Gb	contig_369	175852	176632	APH(3')-VIa_aminoglycoside_antibiotic	15	780	780	1.0	Unknown taxonomy (chromosome or plasmid)
barcode10_9Gb	contig_3794	59588	60410	bacA_peptide_antibiotic	5	822	822	1.0	Unknown taxonomy (chromosome or plasmid)
barcode10_9Gb	contig_3836	81960	83364	baeS_aminoglycoside_antibiotic;_aminocoumarin_antibiotic	8	1404	1404	1.0	
barcode10_9Gb	contig_3836	83360	84083	baeR_aminoglycoside_antibiotic;_aminocoumarin_antibiotic	7	723	723	1.0	Enterobacter kobei (chromosome)
barcode10_9Gb	contig_3861	132903	133650	vanY gene in vanG cluster_glycopeptide_antibiotic	3	747	747	1.0	
barcode10_9Gb	contig_388	194692	195877	Escherichia coli EF-Tu mutants conferring resistance to Pulvomycin_elfamycin_antibiotic	56	1185	1185	1.0	Aeromonas caviae (chromosome or plasmid)
barcode10_9Gb	contig_388	213900	215085	Escherichia coli EF-Tu mutants conferring resistance to Pulvomycin_elfamycin_antibiotic	59	1185	1185	1.0	Aeromonas caviae (chromosome or plasmid)
barcode10_9Gb	contig_402	133253	134048	OXA-504_penam	49	795	795	1.0	Aeromonas caviae (chromosome)
barcode10_9Gb	contig_4096	2	1166	tet(C)_tetracycline_antibiotic	12	1164	1164	1.0	Unknown taxonomy (chromosome or plasmid)
barcode10_9Gb	contig_4161	1	1417	tet(W)_tetracycline_antibiotic	19	1416	1416	1.0	Unknown taxonomy (chromosome or plasmid)
barcode10_9Gb	contig_429	636436	637672	vanW gene in vanI cluster_glycopeptide_antibiotic	103	1236	1236	1.0	
barcode10_9Gb	contig_429	1339679	1340186	nimK_nitroimidazole_antibiotic	96	507	507	1.0	
barcode10_9Gb	contig_429	1595898	1599090	adeF_fluoroquinolone_antibiotic;_tetracycline_antibiotic	109	3192	3192	1.0	
barcode10_9Gb	contig_429	1842486	1843596	vanT gene in vanG cluster_glycopeptide_antibiotic	110	1110	1110	1.0	
barcode10_9Gb	contig_432	95215	96607	Escherichia coli UhpT with mutation conferring resistance to fosfomycin_phosphonic_acid_antibiotic	14	1392	1392	1.0	Enterobacter kobei (chromosome or plasmid)
barcode10_9Gb	contig_432	246796	247981	Escherichia coli EF-Tu mutants conferring resistance to Pulvomycin_elfamycin_antibiotic	21	1185	1185	1.0	Enterobacter (chromosome or plasmid)
barcode10_9Gb	contig_432	442405	443551	ACT-87_carbapenem;_cephalosporin;_cephamycin;_penam	15	1146	1146	1.0	Enterobacter kobei (chromosome)
barcode10_9Gb	contig_432	592077	592503	FosA2_phosphonic_acid_antibiotic	10	426	426	1.0	Enterobacter kobei (chromosome)
barcode10_9Gb	contig_432	782902	783925	leuO_nucleoside_antibiotic;_disinfecting_agents_and_antiseptics	8	1023	1023	1.0	Enterobacter kobei (chromosome)
barcode10_9Gb	contig_432	790088	791855	Haemophilus influenzae PBP3 conferring resistance to beta-lactam antibiotics_cephalosporin;_cephamycin;_penam	17	1767	1767	1.0	Enterobacter kobei (chromosome or plasmid)
barcode10_9Gb	contig_4323	6421	6769	qacEdelta1_disinfecting_agents_and_antiseptics	5	348	348	1.0	Unknown taxonomy (chromosome or plasmid)
barcode10_9Gb	contig_4333	1188	2070	KPC-2_monobactam;_carbapenem;_cephalosporin;_penam	59	882	882	1.0	Unknown taxonomy (chromosome or plasmid)
barcode10_9Gb	contig_4379	3187	4135	leuO_nucleoside_antibiotic;_disinfecting_agents_and_antiseptics	5	948	948	1.0	Citrobacter (chromosome)
barcode10_9Gb	contig_4391	19713	20811	CMY-132_cephamycin	4	1098	1098	1.0	Citrobacter (chromosome or plasmid)
barcode10_9Gb	contig_4408	98881	99706	gadX_macrolide_antibiotic;_fluoroquinolone_antibiotic;_penam	6	825	825	1.0	Unknown taxonomy (chromosome)
barcode10_9Gb	contig_4408	104303	105317	mdtE_macrolide_antibiotic;_fluoroquinolone_antibiotic;_penam	4	1014	1014	1.0	Unknown taxonomy (chromosome)
barcode10_9Gb	contig_443	83830	85285	adeK_macrolide_antibiotic;_fluoroquinolone_antibiotic;_lincosamide_antibiotic;_carbapenem;_cephalosporin;_tetracycline_antibiotic;_rifamycin_antibiotic;_diaminopyrimidine_antibiotic;_phenicol_antibiotic;_penem	7	1455	1455	1.0	Acinetobacter baumannii (chromosome or plasmid)
barcode10_9Gb	contig_443	85284	88461	adeJ_macrolide_antibiotic;_fluoroquinolone_antibiotic;_lincosamide_antibiotic;_carbapenem;_cephalosporin;_tetracycline_antibiotic;_rifamycin_antibiotic;_diaminopyrimidine_antibiotic;_phenicol_antibiotic;_penem	7	3177	3177	1.0	Acinetobacter baumannii (chromosome or plasmid)
barcode10_9Gb	contig_443	88473	89724	adeI_macrolide_antibiotic;_fluoroquinolone_antibiotic;_lincosamide_antibiotic;_carbapenem;_cephalosporin;_tetracycline_antibiotic;_rifamycin_antibiotic;_diaminopyrimidine_antibiotic;_phenicol_antibiotic;_penem	6	1251	1251	1.0	Acinetobacter baumannii (chromosome or plasmid)
barcode10_9Gb	contig_460	34737	35721	PmrF_peptide_antibiotic	20	984	984	1.0	
barcode10_9Gb	contig_460	38595	40251	ArnT_peptide_antibiotic	15	1656	1656	1.0	Enterobacter kobei (chromosome)
barcode10_9Gb	contig_460	114739	115372	CRP_macrolide_antibiotic;_fluoroquinolone_antibiotic;_penam	17	633	633	1.0	Enterobacter (chromosome or plasmid)
barcode10_9Gb	contig_4610	5536	6724	tet(39)_tetracycline_antibiotic	34	1188	1188	1.0	Unknown taxonomy (plasmid)
barcode10_9Gb	contig_4614	5	722	tet(W)_tetracycline_antibiotic	19	717	717	1.0	Unknown taxonomy (chromosome)
barcode10_9Gb	contig_4614	685	1924	tet(W)_tetracycline_antibiotic	23	1239	1239	1.0	Bifidobacterium bifidum (chromosome or plasmid)
barcode10_9Gb	contig_4635	17835	18168	Klebsiella pneumoniae KpnF_macrolide_antibiotic;_aminoglycoside_antibiotic;_cephalosporin;_tetracycline_antibiotic;_peptide_antibiotic;_rifamycin_antibiotic;_disinfecting_agents_and_antiseptics	5	333	333	1.0	Citrobacter (chromosome)
barcode10_9Gb	contig_4670	4233	5049	sul2_sulfonamide_antibiotic	15	816	816	1.0	Unknown taxonomy (chromosome or plasmid)
barcode10_9Gb	contig_4671	93411	93774	Klebsiella pneumoniae KpnE_macrolide_antibiotic;_aminoglycoside_antibiotic;_cephalosporin;_tetracycline_antibiotic;_peptide_antibiotic;_rifamycin_antibiotic;_disinfecting_agents_and_antiseptics	19	363	363	1.0	Enterobacter kobei (chromosome)
barcode10_9Gb	contig_4671	93760	94090	Klebsiella pneumoniae KpnF_macrolide_antibiotic;_aminoglycoside_antibiotic;_cephalosporin;_tetracycline_antibiotic;_peptide_antibiotic;_rifamycin_antibiotic;_disinfecting_agents_and_antiseptics	17	330	330	1.0	Enterobacter kobei (chromosome)
barcode10_9Gb	contig_4853	48458	49592	EC-13_cephalosporin	7	1134	1134	1.0	Unknown taxonomy (chromosome or plasmid)
barcode10_9Gb	contig_4893	368821	369658	APH(6)-Id_aminoglycoside_antibiotic	17	837	837	1.0	Unknown taxonomy (chromosome or plasmid)
barcode10_9Gb	contig_4893	370521	371337	sul2_sulfonamide_antibiotic	16	816	816	1.0	Unknown taxonomy (chromosome or plasmid)
barcode10_9Gb	contig_4918	4531	5209	kdpE_aminoglycoside_antibiotic	7	678	678	1.0	Escherichia (chromosome or plasmid)
barcode10_9Gb	contig_4961	42562	43123	ramA_fluoroquinolone_antibiotic;_monobactam;_carbapenem;_cephalosporin;_glycylcycline;_cephamycin;_penam;_tetracycline_antibiotic;_rifamycin_antibiotic;_phenicol_antibiotic;_penem;_disinfecting_agents_and_antiseptics	17	561	561	1.0	Enterobacter kobei (no genomic info)
barcode10_9Gb	contig_503	44319	45834	aadT_macrolide_antibiotic;_tetracycline_antibiotic;_disinfecting_agents_and_antiseptics	11	1515	1515	1.0	
barcode10_9Gb	contig_5136	155	500	qacG_disinfecting_agents_and_antiseptics	3	345	345	1.0	Unknown taxonomy (chromosome or plasmid)
barcode10_9Gb	contig_5137	10866	11727	AAC(3)-IIe_aminoglycoside_antibiotic	20	861	861	1.0	Unknown taxonomy (chromosome or plasmid)
barcode10_9Gb	contig_5137	11868	12729	TEM-1_monobactam;_cephalosporin;_penam;_penem	31	861	861	1.0	Unknown taxonomy (chromosome or plasmid)
barcode10_9Gb	contig_5138	5400	5745	qacG_disinfecting_agents_and_antiseptics	3	345	345	1.0	Unknown taxonomy (chromosome or plasmid)
barcode10_9Gb	contig_5173	29288	30806	tet(O/W)_tetracycline_antibiotic	31	1518	1518	1.0	Unknown taxonomy (chromosome or plasmid)
barcode10_9Gb	contig_5290	17029	18400	Acinetobacter baumannii AbaQ_fluoroquinolone_antibiotic	10	1371	1371	1.0	Acinetobacter baumannii (chromosome or plasmid)
barcode10_9Gb	contig_5316	74198	75371	vanT gene in vanG cluster_glycopeptide_antibiotic	7	1173	1173	1.0	
barcode10_9Gb	contig_5396	23522	24146	vanW gene in vanI cluster_glycopeptide_antibiotic	4	624	624	1.0	
barcode10_9Gb	contig_540	204	1032	OXA-253_carbapenem;_penam	24	828	828	1.0	Acinetobacter baumannii (chromosome)
barcode10_9Gb	contig_5424	17622	17808	rsmA_fluoroquinolone_antibiotic;_diaminopyrimidine_antibiotic;_phenicol_antibiotic	3	186	186	1.0	Enterobacter (chromosome or plasmid)
barcode10_9Gb	contig_5424	24766	26314	emrB_fluoroquinolone_antibiotic	7	1548	1548	1.0	Enterobacter roggenkampii (chromosome or plasmid)
barcode10_9Gb	contig_5424	26330	27503	emrA_fluoroquinolone_antibiotic	9	1173	1173	1.0	
barcode10_9Gb	contig_5424	27630	28161	emrR_fluoroquinolone_antibiotic	7	531	531	1.0	Enterobacter cloacae (chromosome)
barcode10_9Gb	contig_5433	4488	5268	APH(3')-VIa_aminoglycoside_antibiotic	33	780	780	1.0	Unknown taxonomy (chromosome or plasmid)
barcode10_9Gb	contig_5505	116	980	GES-1_carbapenem;_cephalosporin;_penam	32	864	864	1.0	Unknown taxonomy (chromosome or plasmid)
barcode10_9Gb	contig_5505	1053	1512	AAC(6')-Il_aminoglycoside_antibiotic	32	459	459	1.0	Unknown taxonomy (chromosome or plasmid)
barcode10_9Gb	contig_5506	7	541	ANT(2'')-Ia_aminoglycoside_antibiotic	16	534	534	1.0	Unknown taxonomy (chromosome or plasmid)
barcode10_9Gb	contig_5541	47890	49384	vanW gene in vanI cluster_glycopeptide_antibiotic	9	1494	1494	1.0	
barcode10_9Gb	contig_5544	6893	7856	leuO_nucleoside_antibiotic;_disinfecting_agents_and_antiseptics	6	963	963	1.0	Enterobacter (chromosome)
barcode10_9Gb	contig_558	14353	15109	TEM-216_monobactam;_cephalosporin;_penam;_penem	22	756	756	1.0	Unknown taxonomy (chromosome or plasmid)
barcode10_9Gb	contig_558	59546	60428	KPC-2_monobactam;_carbapenem;_cephalosporin;_penam	109	882	882	1.0	Unknown taxonomy (chromosome or plasmid)
barcode10_9Gb	contig_5595	4154	4340	rsmA_fluoroquinolone_antibiotic;_diaminopyrimidine_antibiotic;_phenicol_antibiotic	4	186	186	1.0	Unknown taxonomy (chromosome or plasmid)
barcode10_9Gb	contig_5670	7396	8224	OXA-253_carbapenem;_penam	18	828	828	1.0	Acinetobacter baumannii (chromosome)
barcode10_9Gb	contig_569	7012	7633	QnrS2_fluoroquinolone_antibiotic	10	621	621	1.0	Unknown taxonomy (chromosome or plasmid)
barcode10_9Gb	contig_5744	47508	47889	marA_fluoroquinolone_antibiotic;_monobactam;_carbapenem;_cephalosporin;_glycylcycline;_cephamycin;_penam;_tetracycline_antibiotic;_rifamycin_antibiotic;_phenicol_antibiotic;_penem;_disinfecting_agents_and_antiseptics	15	381	381	1.0	Enterobacter (chromosome or plasmid)
barcode10_9Gb	contig_5744	47908	48343	Escherichia coli AcrAB-TolC with MarR mutations conferring resistance to ciprofloxacin and tetracycline_fluoroquinolone_antibiotic;_cephalosporin;_glycylcycline;_penam;_tetracycline_antibiotic;_rifamycin_antibiotic;_phenicol_antibiotic;_disinfecting_agents_and_antiseptics	14	435	435	1.0	Enterobacter (chromosome)
barcode10_9Gb	contig_5748	64394	65426	mdtN_nucleoside_antibiotic;_disinfecting_agents_and_antiseptics	7	1032	1032	1.0	Unknown taxonomy (chromosome or plasmid)
barcode10_9Gb	contig_5748	67474	69028	mdtP_nucleoside_antibiotic;_disinfecting_agents_and_antiseptics	5	1554	1554	1.0	Escherichia coli (chromosome or plasmid)
barcode10_9Gb	contig_5748	90039	90504	Escherichia coli soxR with mutation conferring antibiotic resistance_fluoroquinolone_antibiotic;_cephalosporin;_glycylcycline;_penam;_tetracycline_antibiotic;_rifamycin_antibiotic;_phenicol_antibiotic;_disinfecting_agents_and_antiseptics	7	465	465	1.0	Unknown taxonomy (chromosome or plasmid)
barcode10_9Gb	contig_5748	90589	90913	Escherichia coli soxS with mutation conferring antibiotic resistance_fluoroquinolone_antibiotic;_monobactam;_carbapenem;_cephalosporin;_glycylcycline;_cephamycin;_penam;_tetracycline_antibiotic;_rifamycin_antibiotic;_phenicol_antibiotic;_penem;_disinfecting_agents_and_antiseptics	7	324	324	1.0	Unknown taxonomy (chromosome or plasmid)
barcode10_9Gb	contig_5757	13970	14603	CRP_macrolide_antibiotic;_fluoroquinolone_antibiotic;_penam	8	633	633	1.0	Klebsiella (chromosome)
barcode10_9Gb	contig_5760	6574	9085	adeF_fluoroquinolone_antibiotic;_tetracycline_antibiotic	6	2511	2511	1.0	Enterobacter kobei (chromosome)
barcode10_9Gb	contig_5778	29434	32536	acrB_fluoroquinolone_antibiotic;_cephalosporin;_glycylcycline;_penam;_tetracycline_antibiotic;_rifamycin_antibiotic;_phenicol_antibiotic;_disinfecting_agents_and_antiseptics	13	3102	3102	1.0	Unknown taxonomy (chromosome or plasmid)
barcode10_9Gb	contig_5778	32558	33752	Escherichia coli acrA_fluoroquinolone_antibiotic;_cephalosporin;_glycylcycline;_penam;_tetracycline_antibiotic;_rifamycin_antibiotic;_phenicol_antibiotic;_disinfecting_agents_and_antiseptics	7	1194	1194	1.0	Unknown taxonomy (chromosome or plasmid)
barcode10_9Gb	contig_6011	36883	37138	rsmA_fluoroquinolone_antibiotic;_diaminopyrimidine_antibiotic;_phenicol_antibiotic	11	255	255	1.0	
barcode10_9Gb	contig_6059	6508	7336	OXA-253_carbapenem;_penam	19	828	828	1.0	Acinetobacter baumannii (chromosome)
barcode10_9Gb	contig_6121	31070	31601	emrR_fluoroquinolone_antibiotic	12	531	531	1.0	Unknown taxonomy (chromosome or plasmid)
barcode10_9Gb	contig_6121	31727	32900	emrA_fluoroquinolone_antibiotic	8	1173	1173	1.0	Unknown taxonomy (chromosome or plasmid)
barcode10_9Gb	contig_6121	32916	34455	emrB_fluoroquinolone_antibiotic	4	1539	1539	1.0	Unknown taxonomy (chromosome or plasmid)
barcode10_9Gb	contig_6121	39263	39449	rsmA_fluoroquinolone_antibiotic;_diaminopyrimidine_antibiotic;_phenicol_antibiotic	7	186	186	1.0	Unknown taxonomy (chromosome or plasmid)
barcode10_9Gb	contig_6158	21499	22315	sul2_sulfonamide_antibiotic	34	816	816	1.0	Unknown taxonomy (chromosome or plasmid)
barcode10_9Gb	contig_6158	24266	25481	floR_phenicol_antibiotic	16	1215	1215	1.0	Unknown taxonomy (chromosome or plasmid)
barcode10_9Gb	contig_6185	1590	2103	AAC(3)-IIc_aminoglycoside_antibiotic	4	513	513	1.0	Unknown taxonomy (chromosome or plasmid)
barcode10_9Gb	contig_6265	9757	10516	vanY gene in vanB cluster_glycopeptide_antibiotic	4	759	759	1.0	
barcode10_9Gb	contig_6343	8130	8463	qacJ_disinfecting_agents_and_antiseptics	5	333	333	1.0	
barcode10_9Gb	contig_6407	29214	29937	baeR_aminoglycoside_antibiotic;_aminocoumarin_antibiotic	10	723	723	1.0	Enterobacter (chromosome)
barcode10_9Gb	contig_6453	81146	83117	tet(O)_tetracycline_antibiotic	14	1971	1971	1.0	
barcode10_9Gb	contig_6453	90027	91200	vanT gene in vanG cluster_glycopeptide_antibiotic	11	1173	1173	1.0	
barcode10_9Gb	contig_6462	20800	21643	OXA-58_carbapenem;_penam	17	843	843	1.0	Unknown taxonomy (chromosome or plasmid)
barcode10_9Gb	contig_6528	1817	2459	catII_phenicol_antibiotic	5	642	642	1.0	Unknown taxonomy (chromosome or plasmid)
barcode10_9Gb	contig_6582	124568	125393	OXA-441_carbapenem;_penam	5	825	825	1.0	Acinetobacter baumannii (chromosome or plasmid)
barcode10_9Gb	contig_667	38288	38477	rsmA_fluoroquinolone_antibiotic;_diaminopyrimidine_antibiotic;_phenicol_antibiotic	49	189	189	1.0	
barcode10_9Gb	contig_6685	15388	16582	Escherichia coli acrA_fluoroquinolone_antibiotic;_cephalosporin;_glycylcycline;_penam;_tetracycline_antibiotic;_rifamycin_antibiotic;_phenicol_antibiotic;_disinfecting_agents_and_antiseptics	9	1194	1194	1.0	Citrobacter portucalensis (chromosome or plasmid)
barcode10_9Gb	contig_6696	3515	4658	vanT gene in vanG cluster_glycopeptide_antibiotic	4	1143	1143	1.0	
barcode10_9Gb	contig_6748	9590	10490	VEB-3_monobactam;_cephalosporin	11	900	900	1.0	Unknown taxonomy (chromosome or plasmid)
barcode10_9Gb	contig_6748	13203	14043	sul1_sulfonamide_antibiotic	16	840	840	1.0	Unknown taxonomy (chromosome or plasmid)
barcode10_9Gb	contig_6748	14036	14384	qacEdelta1_disinfecting_agents_and_antiseptics	14	348	348	1.0	Unknown taxonomy (chromosome or plasmid)
barcode10_9Gb	contig_6748	15437	16070	catB3_phenicol_antibiotic	7	633	633	1.0	Unknown taxonomy (chromosome or plasmid)
barcode10_9Gb	contig_6751	5204	6323	vanT gene in vanG cluster_glycopeptide_antibiotic	6	1119	1119	1.0	
barcode10_9Gb	contig_679	9399	10938	emrB_fluoroquinolone_antibiotic	6	1539	1539	1.0	Citrobacter portucalensis (chromosome)
barcode10_9Gb	contig_679	17292	17478	rsmA_fluoroquinolone_antibiotic;_diaminopyrimidine_antibiotic;_phenicol_antibiotic	9	186	186	1.0	Citrobacter (chromosome or plasmid)
barcode10_9Gb	contig_6811	1021	1405	vanY gene in vanB cluster_glycopeptide_antibiotic	3	384	384	1.0	
barcode10_9Gb	contig_6835	13370	13706	qacG_disinfecting_agents_and_antiseptics	6	336	336	1.0	
barcode10_9Gb	contig_6861	14353	14608	rsmA_fluoroquinolone_antibiotic;_diaminopyrimidine_antibiotic;_phenicol_antibiotic	7	255	255	1.0	
barcode10_9Gb	contig_6962	2757	3573	sul2_sulfonamide_antibiotic	43	816	816	1.0	Unknown taxonomy (chromosome or plasmid)
barcode10_9Gb	contig_7105	34724	36911	vanT gene in vanG cluster_glycopeptide_antibiotic	6	2187	2187	1.0	
barcode10_9Gb	contig_7126	7049	8432	mdeA_fluoroquinolone_antibiotic;_aminoglycoside_antibiotic;_penam;_tetracycline_antibiotic;_disinfecting_agents_and_antiseptics	4	1383	1383	1.0	
barcode10_9Gb	contig_7420	2987	3617	vanY gene in vanB cluster_glycopeptide_antibiotic	10	630	630	1.0	Faecalibacterium prausnitzii (chromosome)
barcode10_9Gb	contig_7648	3560	4025	AAC(3)-Ia_aminoglycoside_antibiotic	4	465	465	1.0	Unknown taxonomy (chromosome or plasmid)
barcode10_9Gb	contig_7656	5461	6346	mphE_macrolide_antibiotic	44	885	885	1.0	Unknown taxonomy (chromosome or plasmid)
barcode10_9Gb	contig_7656	6401	7877	msrE_macrolide_antibiotic;_streptogramin_antibiotic	59	1476	1476	1.0	Unknown taxonomy (chromosome or plasmid)
barcode10_9Gb	contig_7657	4772	5588	aadA_aminoglycoside_antibiotic	16	816	816	1.0	Unknown taxonomy (chromosome or plasmid)
barcode10_9Gb	contig_7657	5580	6381	OXA-10_cephalosporin;_penam	16	801	801	1.0	Unknown taxonomy (chromosome or plasmid)
barcode10_9Gb	contig_7657	6645	7905	cmlA5_phenicol_antibiotic	14	1260	1260	1.0	Unknown taxonomy (chromosome or plasmid)
barcode10_9Gb	contig_7662	13076	13331	rsmA_fluoroquinolone_antibiotic;_diaminopyrimidine_antibiotic;_phenicol_antibiotic	13	255	255	1.0	
barcode10_9Gb	contig_7665	15089	16682	vanW gene in vanI cluster_glycopeptide_antibiotic	11	1593	1593	1.0	
barcode10_9Gb	contig_7672	3681	4794	vanT gene in vanG cluster_glycopeptide_antibiotic	7	1113	1113	1.0	
barcode10_9Gb	contig_7692	17911	18985	vanT gene in vanG cluster_glycopeptide_antibiotic	49	1074	1074	1.0	
barcode10_9Gb	contig_7738	17531	18716	Escherichia coli EF-Tu mutants conferring resistance to Pulvomycin_elfamycin_antibiotic	17	1185	1185	1.0	Unknown taxonomy (chromosome or plasmid)
barcode10_9Gb	contig_7738	33737	34370	CRP_macrolide_antibiotic;_fluoroquinolone_antibiotic;_penam	11	633	633	1.0	Citrobacter (chromosome)
barcode10_9Gb	contig_778	40869	42795	tet(Q)_tetracycline_antibiotic	29	1926	1926	1.0	Unknown taxonomy (chromosome)
barcode10_9Gb	contig_7809	25185	26517	vanW gene in vanI cluster_glycopeptide_antibiotic	5	1332	1332	1.0	
barcode10_9Gb	contig_7810	23866	25405	emrY_tetracycline_antibiotic	9	1539	1539	1.0	Unknown taxonomy (chromosome or plasmid)
barcode10_9Gb	contig_7810	25404	26460	emrK_tetracycline_antibiotic	9	1056	1056	1.0	Unknown taxonomy (chromosome or plasmid)
barcode10_9Gb	contig_7810	26983	27598	evgA_macrolide_antibiotic;_fluoroquinolone_antibiotic;_penam;_tetracycline_antibiotic	7	615	615	1.0	Unknown taxonomy (chromosome or plasmid)
barcode10_9Gb	contig_7835	4768	5023	FosA8_phosphonic_acid_antibiotic	2	255	255	1.0	Enterobacter roggenkampii (chromosome)
barcode10_9Gb	contig_7861	1541	2405	GES-1_carbapenem;_cephalosporin;_penam	16	864	864	1.0	Unknown taxonomy (chromosome or plasmid)
barcode10_9Gb	contig_7861	6289	7078	aadA5_aminoglycoside_antibiotic	4	789	789	1.0	Unknown taxonomy (chromosome or plasmid)
barcode10_9Gb	contig_7861	7520	8384	GES-1_carbapenem;_cephalosporin;_penam	27	864	864	1.0	Unknown taxonomy (chromosome or plasmid)
barcode10_9Gb	contig_7886	11082	12456	cpxA_aminoglycoside_antibiotic;_aminocoumarin_antibiotic	7	1374	1374	1.0	
barcode10_9Gb	contig_7931	120065	122558	vanT gene in vanG cluster_glycopeptide_antibiotic	10	2493	2493	1.0	
barcode10_9Gb	contig_7956	17300	18206	tet(W)_tetracycline_antibiotic	12	906	906	1.0	Trueperella pyogenes (chromosome or plasmid)
barcode10_9Gb	contig_7978	20059	21548	TolC_macrolide_antibiotic;_fluoroquinolone_antibiotic;_aminoglycoside_antibiotic;_carbapenem;_cephalosporin;_glycylcycline;_cephamycin;_penam;_tetracycline_antibiotic;_peptide_antibiotic;_aminocoumarin_antibiotic;_rifamycin_antibiotic;_phenicol_antibiotic;_penem;_disinfecting_agents_and_antiseptics	6	1489	1489	1.0	Escherichia coli (chromosome or plasmid)
barcode10_9Gb	contig_8002	67689	68634	leuO_nucleoside_antibiotic;_disinfecting_agents_and_antiseptics	3	945	945	1.0	Unknown taxonomy (chromosome or plasmid)
barcode10_9Gb	contig_8010	12448	13933	lsaE_lincosamide_antibiotic;_streptogramin_antibiotic;_pleuromutilin_antibiotic	10	1485	1485	1.0	Streptococcus (chromosome or plasmid)
barcode10_9Gb	contig_8051	36321	37068	vanY gene in vanG cluster_glycopeptide_antibiotic	7	747	747	1.0	
barcode10_9Gb	contig_8059	9919	11434	aadT_macrolide_antibiotic;_tetracycline_antibiotic;_disinfecting_agents_and_antiseptics	16	1515	1515	1.0	
barcode10_9Gb	contig_8080	5067	6033	CfxA4_cephamycin	11	966	966	1.0	Unknown taxonomy (chromosome or plasmid)
barcode10_9Gb	contig_8084	7939	9127	tet(39)_tetracycline_antibiotic	47	1188	1188	1.0	Unknown taxonomy (plasmid)
barcode10_9Gb	contig_854	114932	117989	adeF_fluoroquinolone_antibiotic;_tetracycline_antibiotic	25	3057	3057	1.0	
barcode10_9Gb	contig_869	24021	25278	APH(6)-Id_aminoglycoside_antibiotic	35	1257	1257	1.0	Unknown taxonomy (chromosome or plasmid)
barcode10_9Gb	contig_872	8043	8925	KPC-2_monobactam;_carbapenem;_cephalosporin;_penam	270	882	882	1.0	Unknown taxonomy (chromosome or plasmid)
barcode10_9Gb	contig_872	26066	26525	AAC(6')-Il_aminoglycoside_antibiotic	47	459	459	1.0	Unknown taxonomy (chromosome or plasmid)
barcode10_9Gb	contig_872	26598	27462	GES-1_carbapenem;_cephalosporin;_penam	52	864	864	1.0	Unknown taxonomy (chromosome or plasmid)
barcode10_9Gb	contig_872	27584	28118	ANT(2'')-Ia_aminoglycoside_antibiotic	40	534	534	1.0	Unknown taxonomy (chromosome or plasmid)
barcode10_9Gb	contig_872	28269	28617	qacEdelta1_disinfecting_agents_and_antiseptics	37	348	348	1.0	Unknown taxonomy (chromosome or plasmid)
barcode10_9Gb	contig_872	28610	29450	sul1_sulfonamide_antibiotic	51	840	840	1.0	Unknown taxonomy (chromosome or plasmid)
barcode10_9Gb	contig_873	1733	2609	CTX-M-15_cephalosporin;_penam	4	876	876	1.0	Unknown taxonomy (chromosome or plasmid)
barcode10_9Gb	contig_877	4222	4681	AAC(6')-Il_aminoglycoside_antibiotic	15	459	459	1.0	Unknown taxonomy (chromosome or plasmid)
barcode10_9Gb	contig_877	4812	5346	ANT(2'')-Ia_aminoglycoside_antibiotic	14	534	534	1.0	Unknown taxonomy (chromosome or plasmid)
barcode10_9Gb	contig_877	5999	6458	AAC(6')-Il_aminoglycoside_antibiotic	6	459	459	1.0	Unknown taxonomy (chromosome or plasmid)
barcode10_9Gb	contig_877	6602	7430	OXA-2_carbapenem;_cephalosporin;_penam	7	828	828	1.0	Unknown taxonomy (chromosome or plasmid)
barcode10_9Gb	contig_877	7559	7892	qacJ_disinfecting_agents_and_antiseptics	5	333	333	1.0	Unknown taxonomy (chromosome or plasmid)
barcode10_9Gb	contig_877	8004	9009	aadA11_aminoglycoside_antibiotic	8	1005	1005	1.0	Unknown taxonomy (chromosome or plasmid)
barcode10_9Gb	contig_926	1851	2667	sul2_sulfonamide_antibiotic	33	816	816	1.0	Acinetobacter baumannii (chromosome or plasmid)
barcode10_9Gb	contig_927	529	1744	floR_phenicol_antibiotic	17	1215	1215	1.0	Unknown taxonomy (chromosome or plasmid)
barcode10_9Gb	contig_928	31284	32100	sul2_sulfonamide_antibiotic	22	816	816	1.0	Unknown taxonomy (chromosome or plasmid)
barcode10_9Gb	contig_928	32967	33984	APH(6)-Id_aminoglycoside_antibiotic	9	1017	1017	1.0	Unknown taxonomy (chromosome or plasmid)
barcode10_9Gb	contig_928	35140	36346	tet(A)_tetracycline_antibiotic	13	1167	1206	0.9676617	Unknown taxonomy (chromosome or plasmid)
barcode10_9Gb	contig_928	41444	42629	tet(D)_tetracycline_antibiotic	5	1185	1185	1.0	Unknown taxonomy (chromosome or plasmid)
barcode10_9Gb	contig_929	55211	56015	APH(3'')-Ib_aminoglycoside_antibiotic	69	804	804	1.0	Unknown taxonomy (chromosome or plasmid)
barcode10_9Gb	contig_929	56014	56851	APH(6)-Id_aminoglycoside_antibiotic	60	837	837	1.0	Unknown taxonomy (chromosome or plasmid)
barcode11_03Gb	contig_100	35182	36064	KPC-2_monobactam;_carbapenem;_cephalosporin;_penam	15	882	882	1.0	Unknown taxonomy (chromosome or plasmid)
barcode11_03Gb	contig_116	9944	10721	PER-2_monobactam;_carbapenem;_cephalosporin;_penam;_penem	3	777	777	1.0	Unknown taxonomy (plasmid)
barcode11_03Gb	contig_168	24755	25934	vanW gene in vanI cluster_glycopeptide_antibiotic	7	1179	1179	1.0	
barcode11_03Gb	contig_2	352170	353052	vanW gene in vanG cluster_glycopeptide_antibiotic	23	882	882	1.0	Acinetobacter johnsonii (chromosome)
barcode11_03Gb	contig_305	17560	19279	vanT gene in vanG cluster_glycopeptide_antibiotic	4	1719	1719	1.0	
barcode11_03Gb	contig_33	9778	10618	sul1_sulfonamide_antibiotic	15	840	840	1.0	Unknown taxonomy (chromosome or plasmid)
barcode11_03Gb	contig_33	10611	10959	qacEdelta1_disinfecting_agents_and_antiseptics	17	348	348	1.0	Unknown taxonomy (chromosome or plasmid)
barcode11_03Gb	contig_33	11127	11683	AAC(6')-Ib4_aminoglycoside_antibiotic	11	556	556	1.0	Unknown taxonomy (chromosome or plasmid)
barcode11_03Gb	contig_351	47603	48713	vanT gene in vanG cluster_glycopeptide_antibiotic	10	1110	1110	1.0	
barcode11_03Gb	contig_36	311937	312192	rsmA_fluoroquinolone_antibiotic;_diaminopyrimidine_antibiotic;_phenicol_antibiotic	19	255	255	1.0	
barcode11_03Gb	contig_381	2	761	APH(3')-VIa_aminoglycoside_antibiotic	18	759	759	1.0	Unknown taxonomy (chromosome or plasmid)
barcode11_03Gb	contig_437	10196	11102	mphA_macrolide_antibiotic	7	906	906	1.0	Unknown taxonomy (chromosome or plasmid)
barcode11_03Gb	contig_437	11098	12337	Mrx_macrolide_antibiotic	6	1239	1239	1.0	Unknown taxonomy (chromosome or plasmid)
barcode11_03Gb	contig_437	16412	17252	sul1_sulfonamide_antibiotic	21	840	840	1.0	Unknown taxonomy (chromosome or plasmid)
barcode11_03Gb	contig_437	17245	17593	qacEdelta1_disinfecting_agents_and_antiseptics	22	348	348	1.0	Unknown taxonomy (chromosome or plasmid)
barcode11_03Gb	contig_437	17815	18268	arr-3_rifamycin_antibiotic	10	453	453	1.0	Unknown taxonomy (chromosome or plasmid)
barcode11_03Gb	contig_437	18352	18985	catB3_phenicol_antibiotic	14	633	633	1.0	Unknown taxonomy (chromosome or plasmid)
barcode11_03Gb	contig_437	19122	19953	OXA-1_cephalosporin;_penam	7	831	831	1.0	Unknown taxonomy (chromosome or plasmid)
barcode11_03Gb	contig_437	20083	20683	AAC(6')-Ib-cr6_fluoroquinolone_antibiotic;_aminoglycoside_antibiotic	10	600	600	1.0	Unknown taxonomy (chromosome or plasmid)
barcode11_03Gb	contig_449	35129	36281	MOX-13_cephalosporin;_cephamycin;_penam	5	1152	1152	1.0	Aeromonas caviae (chromosome or plasmid)
barcode11_03Gb	contig_494	8554	9349	OXA-504_penam	3	795	795	1.0	Aeromonas caviae (chromosome)
barcode11_03Gb	contig_530	38378	41570	adeF_fluoroquinolone_antibiotic;_tetracycline_antibiotic	10	3192	3192	1.0	
barcode11_03Gb	contig_73	11813	12698	mphE_macrolide_antibiotic	19	885	885	1.0	Unknown taxonomy (chromosome or plasmid)
barcode11_03Gb	contig_73	12753	14229	msrE_macrolide_antibiotic;_streptogramin_antibiotic	21	1476	1476	1.0	Unknown taxonomy (chromosome or plasmid)
barcode11_03Gb	contig_78	212753	213260	nimK_nitroimidazole_antibiotic	13	507	507	1.0	
barcode11_03Gb	contig_81	80497	80863	qacG_disinfecting_agents_and_antiseptics	12	366	366	1.0	Acinetobacter johnsonii (chromosome)
barcode11_03Gb	contig_87	1218	2058	sul1_sulfonamide_antibiotic	10	840	840	1.0	Unknown taxonomy (chromosome or plasmid)
barcode11_03Gb	contig_87	2148	2400	qacJ_disinfecting_agents_and_antiseptics	10	252	252	1.0	Unknown taxonomy (chromosome or plasmid)
barcode11_03Gb	contig_87	3362	3896	ANT(2'')-Ia_aminoglycoside_antibiotic	9	534	534	1.0	Unknown taxonomy (chromosome or plasmid)
barcode11_03Gb	contig_87	5680	6565	mphE_macrolide_antibiotic	13	885	885	1.0	Unknown taxonomy (chromosome or plasmid)
barcode11_03Gb	contig_87	21650	22532	KPC-2_monobactam;_carbapenem;_cephalosporin;_penam	9	882	882	1.0	Unknown taxonomy (chromosome or plasmid)
barcode11_05Gb	contig_168	13268	14048	APH(3')-VIa_aminoglycoside_antibiotic	8	780	780	1.0	Unknown taxonomy (chromosome or plasmid)
barcode11_05Gb	contig_169	57923	58736	NDM-1_carbapenem;_cephalosporin;_cephamycin;_penam	10	813	813	1.0	Unknown taxonomy (chromosome or plasmid)
barcode11_05Gb	contig_182	3087	4563	msrE_macrolide_antibiotic;_streptogramin_antibiotic	20	1476	1476	1.0	Unknown taxonomy (chromosome or plasmid)
barcode11_05Gb	contig_182	4618	5503	mphE_macrolide_antibiotic	17	885	885	1.0	Unknown taxonomy (chromosome or plasmid)
barcode11_05Gb	contig_182	7376	8567	tet(C)_tetracycline_antibiotic	9	1191	1191	1.0	Unknown taxonomy (chromosome or plasmid)
barcode11_05Gb	contig_20	165670	166036	qacG_disinfecting_agents_and_antiseptics	24	366	366	1.0	Acinetobacter johnsonii (chromosome)
barcode11_05Gb	contig_203	48451	49333	KPC-2_monobactam;_carbapenem;_cephalosporin;_penam	40	882	882	1.0	Unknown taxonomy (chromosome or plasmid)
barcode11_05Gb	contig_206	20669	21854	Escherichia coli EF-Tu mutants conferring resistance to Pulvomycin_elfamycin_antibiotic	16	1185	1185	1.0	Aeromonas caviae (chromosome or plasmid)
barcode11_05Gb	contig_21	1612	2494	KPC-2_monobactam;_carbapenem;_cephalosporin;_penam	9	882	882	1.0	Unknown taxonomy (chromosome or plasmid)
barcode11_05Gb	contig_217	3680	4562	KPC-2_monobactam;_carbapenem;_cephalosporin;_penam	10	882	882	1.0	Unknown taxonomy (chromosome or plasmid)
barcode11_05Gb	contig_217	6977	7757	APH(3')-VIa_aminoglycoside_antibiotic	11	780	780	1.0	Unknown taxonomy (chromosome or plasmid)
barcode11_05Gb	contig_262	903	1788	mphE_macrolide_antibiotic	30	885	885	1.0	Unknown taxonomy (chromosome or plasmid)
barcode11_05Gb	contig_262	1843	3319	msrE_macrolide_antibiotic;_streptogramin_antibiotic	33	1476	1476	1.0	Unknown taxonomy (chromosome or plasmid)
barcode11_05Gb	contig_262	7086	7923	APH(6)-Id_aminoglycoside_antibiotic	22	837	837	1.0	Unknown taxonomy (chromosome or plasmid)
barcode11_05Gb	contig_262	7922	8726	APH(3'')-Ib_aminoglycoside_antibiotic	19	804	804	1.0	Unknown taxonomy (chromosome or plasmid)
barcode11_05Gb	contig_272	39960	42438	vanT gene in vanG cluster_glycopeptide_antibiotic	7	2478	2478	1.0	
barcode11_05Gb	contig_329	3164	4004	sul1_sulfonamide_antibiotic	29	840	840	1.0	Unknown taxonomy (chromosome or plasmid)
barcode11_05Gb	contig_329	3997	4345	qacEdelta1_disinfecting_agents_and_antiseptics	26	348	348	1.0	Unknown taxonomy (chromosome or plasmid)
barcode11_05Gb	contig_42	275026	276262	vanW gene in vanI cluster_glycopeptide_antibiotic	16	1236	1236	1.0	
barcode11_05Gb	contig_42	978384	978891	nimK_nitroimidazole_antibiotic	13	507	507	1.0	
barcode11_05Gb	contig_548	14263	14665	FosA8_phosphonic_acid_antibiotic	5	402	402	1.0	Aeromonas caviae (chromosome or plasmid)
barcode11_05Gb	contig_585	202058	202658	dfrA17_diaminopyrimidine_antibiotic	3	600	600	1.0	Unknown taxonomy (chromosome or plasmid)
barcode11_05Gb	contig_585	202789	203578	aadA5_aminoglycoside_antibiotic	7	789	789	1.0	Unknown taxonomy (chromosome or plasmid)
barcode11_05Gb	contig_585	203783	204131	qacEdelta1_disinfecting_agents_and_antiseptics	23	348	348	1.0	Unknown taxonomy (chromosome or plasmid)
barcode11_05Gb	contig_585	204124	204964	sul1_sulfonamide_antibiotic	23	840	840	1.0	Unknown taxonomy (chromosome or plasmid)
barcode11_05Gb	contig_585	206164	207070	mphA_macrolide_antibiotic	21	906	906	1.0	Unknown taxonomy (chromosome or plasmid)
barcode11_05Gb	contig_585	207066	208305	Mrx_macrolide_antibiotic	21	1239	1239	1.0	Unknown taxonomy (chromosome or plasmid)
barcode11_05Gb	contig_595	6870	7215	qacG_disinfecting_agents_and_antiseptics	7	345	345	1.0	Unknown taxonomy (chromosome or plasmid)
barcode11_05Gb	contig_62	111364	112279	vanW gene in vanG cluster_glycopeptide_antibiotic	43	915	915	1.0	Acinetobacter johnsonii (chromosome)
barcode11_05Gb	contig_62	486017	486842	OXA-644_carbapenem;_penam	54	825	825	1.0	Acinetobacter johnsonii (chromosome)
barcode11_05Gb	contig_63	132822	133077	rsmA_fluoroquinolone_antibiotic;_diaminopyrimidine_antibiotic;_phenicol_antibiotic	39	255	255	1.0	
barcode11_05Gb	contig_785	47240	47429	rsmA_fluoroquinolone_antibiotic;_diaminopyrimidine_antibiotic;_phenicol_antibiotic	10	189	189	1.0	
barcode11_05Gb	contig_805	6770	7955	Escherichia coli EF-Tu mutants conferring resistance to Pulvomycin_elfamycin_antibiotic	16	1185	1185	1.0	Enterobacter (chromosome or plasmid)
barcode11_05Gb	contig_820	16004	17078	vanT gene in vanG cluster_glycopeptide_antibiotic	5	1074	1074	1.0	
barcode11_05Gb	contig_86	92107	93217	vanT gene in vanG cluster_glycopeptide_antibiotic	21	1110	1110	1.0	
barcode11_05Gb	contig_938	8574	10050	msrE_macrolide_antibiotic;_streptogramin_antibiotic	36	1476	1476	1.0	Unknown taxonomy (chromosome or plasmid)
barcode11_05Gb	contig_938	10105	10990	mphE_macrolide_antibiotic	35	885	885	1.0	Unknown taxonomy (chromosome or plasmid)
barcode11_05Gb	contig_95	30444	31206	vanT gene in vanG cluster_glycopeptide_antibiotic	7	762	762	1.0	
barcode11_05Gb	contig_955	25571	25991	emrR_fluoroquinolone_antibiotic	6	420	420	1.0	Enterobacter (chromosome or plasmid)
barcode11_1Gb	contig_1023	7852	8632	APH(3')-VIa_aminoglycoside_antibiotic	7	780	780	1.0	Unknown taxonomy (chromosome or plasmid)
barcode11_1Gb	contig_1055	30831	32034	Escherichia coli EF-Tu mutants conferring resistance to Pulvomycin_elfamycin_antibiotic	11	1203	1203	1.0	Citrobacter (chromosome or plasmid)
barcode11_1Gb	contig_1082	3923	4763	sul1_sulfonamide_antibiotic	21	840	840	1.0	Unknown taxonomy (chromosome or plasmid)
barcode11_1Gb	contig_1082	4756	5104	qacEdelta1_disinfecting_agents_and_antiseptics	20	348	348	1.0	Unknown taxonomy (chromosome or plasmid)
barcode11_1Gb	contig_1082	5272	5860	AAC(6')-Ib9_aminoglycoside_antibiotic	13	588	588	1.0	Unknown taxonomy (chromosome or plasmid)
barcode11_1Gb	contig_1082	5965	6418	arr-3_rifamycin_antibiotic	12	453	453	1.0	Unknown taxonomy (chromosome or plasmid)
barcode11_1Gb	contig_1125	26053	26842	aadA_aminoglycoside_antibiotic	11	789	789	1.0	Unknown taxonomy (chromosome or plasmid)
barcode11_1Gb	contig_119	1997	2471	dfrA6_diaminopyrimidine_antibiotic	8	474	474	1.0	Unknown taxonomy (chromosome or plasmid)
barcode11_1Gb	contig_119	2603	3467	GES-1_carbapenem;_cephalosporin;_penam	12	864	864	1.0	Unknown taxonomy (chromosome or plasmid)
barcode11_1Gb	contig_1247	12370	13717	abeM_fluoroquinolone_antibiotic;_disinfecting_agents_and_antiseptics	4	1347	1347	1.0	Acinetobacter baumannii (chromosome or plasmid)
barcode11_1Gb	contig_127	1691	2348	QnrVC1_fluoroquinolone_antibiotic	18	657	657	1.0	Unknown taxonomy (chromosome or plasmid)
barcode11_1Gb	contig_127	2506	2980	dfrA6_diaminopyrimidine_antibiotic	10	474	474	1.0	Vibrio (chromosome or plasmid)
barcode11_1Gb	contig_128	20152	20932	APH(3')-VIa_aminoglycoside_antibiotic	11	780	780	1.0	Unknown taxonomy (chromosome or plasmid)
barcode11_1Gb	contig_128	32101	32881	APH(3')-VIa_aminoglycoside_antibiotic	19	780	780	1.0	Unknown taxonomy (chromosome or plasmid)
barcode11_1Gb	contig_133	1745	2897	MOX-13_cephalosporin;_cephamycin;_penam	7	1152	1152	1.0	Aeromonas caviae (chromosome or plasmid)
barcode11_1Gb	contig_1344	12918	14106	tet(39)_tetracycline_antibiotic	24	1188	1188	1.0	Unknown taxonomy (plasmid)
barcode11_1Gb	contig_1405	10236	10566	Klebsiella pneumoniae KpnF_macrolide_antibiotic;_aminoglycoside_antibiotic;_cephalosporin;_tetracycline_antibiotic;_peptide_antibiotic;_rifamycin_antibiotic;_disinfecting_agents_and_antiseptics	4	330	330	1.0	Enterobacter kobei (chromosome)
barcode11_1Gb	contig_1410	53118	54105	vanH gene in vanO cluster_glycopeptide_antibiotic	7	987	987	1.0	
barcode11_1Gb	contig_1411	15438	16218	APH(3')-VIa_aminoglycoside_antibiotic	10	780	780	1.0	Unknown taxonomy (chromosome or plasmid)
barcode11_1Gb	contig_1412	1181	1961	APH(3')-VIa_aminoglycoside_antibiotic	8	780	780	1.0	Unknown taxonomy (chromosome or plasmid)
barcode11_1Gb	contig_1460	31584	32616	mdtN_nucleoside_antibiotic;_disinfecting_agents_and_antiseptics	5	1032	1032	1.0	Escherichia coli (chromosome or plasmid)
barcode11_1Gb	contig_1554	6039	7308	tet(W/N/W)_tetracycline_antibiotic	4	1269	1269	1.0	
barcode11_1Gb	contig_1576	12150	13308	vanT gene in vanG cluster_glycopeptide_antibiotic	9	1158	1158	1.0	
barcode11_1Gb	contig_165	59983	60238	rsmA_fluoroquinolone_antibiotic;_diaminopyrimidine_antibiotic;_phenicol_antibiotic	50	255	255	1.0	
barcode11_1Gb	contig_1696	51591	51777	rsmA_fluoroquinolone_antibiotic;_diaminopyrimidine_antibiotic;_phenicol_antibiotic	6	186	186	1.0	Unknown taxonomy (chromosome or plasmid)
barcode11_1Gb	contig_174	903723	904959	vanW gene in vanI cluster_glycopeptide_antibiotic	31	1236	1236	1.0	
barcode11_1Gb	contig_174	1606975	1607482	nimK_nitroimidazole_antibiotic	36	507	507	1.0	
barcode11_1Gb	contig_174	1863062	1866254	adeF_fluoroquinolone_antibiotic;_tetracycline_antibiotic	31	3192	3192	1.0	
barcode11_1Gb	contig_174	2112144	2113254	vanT gene in vanG cluster_glycopeptide_antibiotic	30	1110	1110	1.0	
barcode11_1Gb	contig_1741	43104	43506	FosA8_phosphonic_acid_antibiotic	14	402	402	1.0	Aeromonas caviae (chromosome or plasmid)
barcode11_1Gb	contig_175	2296	3481	Escherichia coli EF-Tu mutants conferring resistance to Pulvomycin_elfamycin_antibiotic	26	1185	1185	1.0	Aeromonas caviae (chromosome or plasmid)
barcode11_1Gb	contig_175	21502	22687	Escherichia coli EF-Tu mutants conferring resistance to Pulvomycin_elfamycin_antibiotic	31	1185	1185	1.0	Aeromonas caviae (chromosome or plasmid)
barcode11_1Gb	contig_1750	8481	10455	tet(Q)_tetracycline_antibiotic	14	1974	1974	1.0	Unknown taxonomy (chromosome)
barcode11_1Gb	contig_1795	30098	31094	vanT gene in vanG cluster_glycopeptide_antibiotic	8	996	996	1.0	
barcode11_1Gb	contig_1871	2257	2716	AAC(6')-Il_aminoglycoside_antibiotic	16	459	459	1.0	Unknown taxonomy (chromosome or plasmid)
barcode11_1Gb	contig_1871	2789	3653	GES-1_carbapenem;_cephalosporin;_penam	15	864	864	1.0	Unknown taxonomy (chromosome or plasmid)
barcode11_1Gb	contig_1871	3775	4309	ANT(2'')-Ia_aminoglycoside_antibiotic	11	534	534	1.0	Unknown taxonomy (chromosome or plasmid)
barcode11_1Gb	contig_1871	4424	4772	qacEdelta1_disinfecting_agents_and_antiseptics	24	348	348	1.0	Unknown taxonomy (chromosome or plasmid)
barcode11_1Gb	contig_1871	4765	5605	sul1_sulfonamide_antibiotic	20	840	840	1.0	Unknown taxonomy (chromosome or plasmid)
barcode11_1Gb	contig_192	39235	40474	Mrx_macrolide_antibiotic	21	1239	1239	1.0	Unknown taxonomy (chromosome or plasmid)
barcode11_1Gb	contig_192	40470	41376	mphA_macrolide_antibiotic	16	906	906	1.0	Unknown taxonomy (chromosome or plasmid)
barcode11_1Gb	contig_193	1790	2696	mphA_macrolide_antibiotic	7	906	906	1.0	Unknown taxonomy (chromosome or plasmid)
barcode11_1Gb	contig_193	5307	6192	mphE_macrolide_antibiotic	33	885	885	1.0	Unknown taxonomy (chromosome or plasmid)
barcode11_1Gb	contig_193	6247	7723	msrE_macrolide_antibiotic;_streptogramin_antibiotic	40	1476	1476	1.0	Unknown taxonomy (chromosome or plasmid)
barcode11_1Gb	contig_193	9115	9649	ANT(2'')-Ia_aminoglycoside_antibiotic	12	534	534	1.0	Unknown taxonomy (chromosome or plasmid)
barcode11_1Gb	contig_193	9793	10693	VEB-1_monobactam;_cephalosporin	8	900	900	1.0	Unknown taxonomy (chromosome or plasmid)
barcode11_1Gb	contig_193	10811	12071	cmlA5_phenicol_antibiotic	11	1260	1260	1.0	Unknown taxonomy (chromosome or plasmid)
barcode11_1Gb	contig_193	12285	12924	AAC(6')-Ib9_aminoglycoside_antibiotic	16	639	639	1.0	Unknown taxonomy (chromosome or plasmid)
barcode11_1Gb	contig_193	13006	13663	QnrVC4_fluoroquinolone_antibiotic	15	657	657	1.0	Unknown taxonomy (chromosome or plasmid)
barcode11_1Gb	contig_1964	387	1215	OXA-253_carbapenem;_penam	15	828	828	1.0	Acinetobacter baumannii (chromosome)
barcode11_1Gb	contig_1970	1462	1807	qacG_disinfecting_agents_and_antiseptics	11	345	345	1.0	Unknown taxonomy (chromosome or plasmid)
barcode11_1Gb	contig_2092	5168	6563	aadA16_aminoglycoside_antibiotic	6	1395	1395	1.0	Unknown taxonomy (chromosome or plasmid)
barcode11_1Gb	contig_2092	8148	8496	qacEdelta1_disinfecting_agents_and_antiseptics	14	348	348	1.0	Unknown taxonomy (chromosome or plasmid)
barcode11_1Gb	contig_2092	11601	12528	PER-3_monobactam;_carbapenem;_cephalosporin;_penam;_penem	3	927	927	1.0	Unknown taxonomy (chromosome or plasmid)
barcode11_1Gb	contig_2101	40054	43246	adeF_fluoroquinolone_antibiotic;_tetracycline_antibiotic	8	3192	3192	1.0	
barcode11_1Gb	contig_2154	10958	11774	sul2_sulfonamide_antibiotic	22	816	816	1.0	Unknown taxonomy (chromosome or plasmid)
barcode11_1Gb	contig_2156	7974	8802	OXA-253_carbapenem;_penam	15	828	828	1.0	Acinetobacter baumannii (chromosome)
barcode11_1Gb	contig_2183	3281	4142	TEM-1_monobactam;_cephalosporin;_penam;_penem	12	861	861	1.0	Unknown taxonomy (chromosome or plasmid)
barcode11_1Gb	contig_2183	4283	5144	AAC(3)-IIe_aminoglycoside_antibiotic	9	861	861	1.0	Unknown taxonomy (chromosome or plasmid)
barcode11_1Gb	contig_256	124	1600	msrE_macrolide_antibiotic;_streptogramin_antibiotic	13	1476	1476	1.0	Unknown taxonomy (chromosome or plasmid)
barcode11_1Gb	contig_257	7405	8209	APH(3'')-Ib_aminoglycoside_antibiotic	29	804	804	1.0	Unknown taxonomy (chromosome or plasmid)
barcode11_1Gb	contig_257	8208	9045	APH(6)-Id_aminoglycoside_antibiotic	32	837	837	1.0	Unknown taxonomy (chromosome or plasmid)
barcode11_1Gb	contig_257	14384	15860	msrE_macrolide_antibiotic;_streptogramin_antibiotic	65	1476	1476	1.0	Unknown taxonomy (chromosome or plasmid)
barcode11_1Gb	contig_257	15915	16800	mphE_macrolide_antibiotic	53	885	885	1.0	Unknown taxonomy (chromosome or plasmid)
barcode11_1Gb	contig_257	43030	43957	PER-2_monobactam;_carbapenem;_cephalosporin;_penam;_penem	10	927	927	1.0	Unknown taxonomy (plasmid)
barcode11_1Gb	contig_258	1938	2823	mphE_macrolide_antibiotic	37	885	885	1.0	Unknown taxonomy (chromosome or plasmid)
barcode11_1Gb	contig_285	26697	28932	adeF_fluoroquinolone_antibiotic;_tetracycline_antibiotic	10	2235	2235	1.0	Unknown taxonomy (chromosome)
barcode11_1Gb	contig_338	12545	13340	OXA-504_penam	18	795	795	1.0	Aeromonas caviae (chromosome)
barcode11_1Gb	contig_372	68876	69791	vanW gene in vanG cluster_glycopeptide_antibiotic	74	915	915	1.0	Acinetobacter johnsonii (chromosome)
barcode11_1Gb	contig_421	131260	131515	rsmA_fluoroquinolone_antibiotic;_diaminopyrimidine_antibiotic;_phenicol_antibiotic	11	255	255	1.0	
barcode11_1Gb	contig_469	86470	86659	rsmA_fluoroquinolone_antibiotic;_diaminopyrimidine_antibiotic;_phenicol_antibiotic	8	189	189	1.0	
barcode11_1Gb	contig_475	33978	35727	msbA_nitroimidazole_antibiotic	8	1749	1749	1.0	Enterobacter kobei (chromosome)
barcode11_1Gb	contig_478	14871	16386	aadT_macrolide_antibiotic;_tetracycline_antibiotic;_disinfecting_agents_and_antiseptics	9	1515	1515	1.0	
barcode11_1Gb	contig_487	2422	3262	sul1_sulfonamide_antibiotic	18	840	840	1.0	Unknown taxonomy (chromosome or plasmid)
barcode11_1Gb	contig_487	3255	3603	qacEdelta1_disinfecting_agents_and_antiseptics	20	348	348	1.0	Unknown taxonomy (chromosome or plasmid)
barcode11_1Gb	contig_487	5343	6207	GES-1_carbapenem;_cephalosporin;_penam	15	864	864	1.0	Unknown taxonomy (chromosome or plasmid)
barcode11_1Gb	contig_487	14316	15096	APH(3')-VIa_aminoglycoside_antibiotic	8	780	780	1.0	Unknown taxonomy (chromosome or plasmid)
barcode11_1Gb	contig_487	24174	24522	qacEdelta1_disinfecting_agents_and_antiseptics	30	348	348	1.0	Unknown taxonomy (chromosome or plasmid)
barcode11_1Gb	contig_487	24515	25355	sul1_sulfonamide_antibiotic	24	840	840	1.0	Unknown taxonomy (chromosome or plasmid)
barcode11_1Gb	contig_487	29430	30669	Mrx_macrolide_antibiotic	26	1239	1239	1.0	Unknown taxonomy (chromosome or plasmid)
barcode11_1Gb	contig_487	30665	31571	mphA_macrolide_antibiotic	24	906	906	1.0	Unknown taxonomy (chromosome or plasmid)
barcode11_1Gb	contig_487	32547	33363	APH(3')-Ia_aminoglycoside_antibiotic	18	816	816	1.0	Unknown taxonomy (chromosome or plasmid)
barcode11_1Gb	contig_64	5534	6419	mphE_macrolide_antibiotic	47	885	885	1.0	Unknown taxonomy (chromosome or plasmid)
barcode11_1Gb	contig_68	447	1923	msrE_macrolide_antibiotic;_streptogramin_antibiotic	49	1476	1476	1.0	Unknown taxonomy (chromosome or plasmid)
barcode11_1Gb	contig_68	1978	2863	mphE_macrolide_antibiotic	42	885	885	1.0	Unknown taxonomy (chromosome or plasmid)
barcode11_1Gb	contig_68	3823	4684	TEM-1_monobactam;_cephalosporin;_penam;_penem	20	861	861	1.0	Unknown taxonomy (chromosome or plasmid)
barcode11_1Gb	contig_68	5255	6182	aadA_aminoglycoside_antibiotic	18	927	927	1.0	Unknown taxonomy (chromosome or plasmid)
barcode11_1Gb	contig_68	6263	6872	AAC(6')-Ib9_aminoglycoside_antibiotic	14	609	609	1.0	Unknown taxonomy (chromosome or plasmid)
barcode11_1Gb	contig_69	68743	69625	KPC-2_monobactam;_carbapenem;_cephalosporin;_penam	81	882	882	1.0	Unknown taxonomy (chromosome or plasmid)
barcode11_1Gb	contig_709	40976	41351	ramA_fluoroquinolone_antibiotic;_monobactam;_carbapenem;_cephalosporin;_glycylcycline;_cephamycin;_penam;_tetracycline_antibiotic;_rifamycin_antibiotic;_phenicol_antibiotic;_penem;_disinfecting_agents_and_antiseptics	7	375	375	1.0	Enterobacter kobei (no genomic info)
barcode11_1Gb	contig_716	10771	13936	adeF_fluoroquinolone_antibiotic;_tetracycline_antibiotic	5	3165	3165	1.0	Acinetobacter (chromosome or plasmid)
barcode11_1Gb	contig_716	145623	145968	qacG_disinfecting_agents_and_antiseptics	3	345	345	1.0	Unknown taxonomy (chromosome or plasmid)
barcode11_1Gb	contig_756	61566	61896	abeS_macrolide_antibiotic;_aminocoumarin_antibiotic	3	330	330	1.0	Acinetobacter baumannii (chromosome or plasmid)
barcode11_1Gb	contig_794	5709	6309	AAC(6')-Ib-cr6_fluoroquinolone_antibiotic;_aminoglycoside_antibiotic	23	600	600	1.0	Unknown taxonomy (chromosome or plasmid)
barcode11_1Gb	contig_794	6439	7270	OXA-1_cephalosporin;_penam	20	831	831	1.0	Unknown taxonomy (chromosome or plasmid)
barcode11_1Gb	contig_794	7407	8040	catB3_phenicol_antibiotic	20	633	633	1.0	Unknown taxonomy (chromosome or plasmid)
barcode11_1Gb	contig_794	8124	8577	arr-3_rifamycin_antibiotic	19	453	453	1.0	Unknown taxonomy (chromosome or plasmid)
barcode11_1Gb	contig_794	8799	9147	qacEdelta1_disinfecting_agents_and_antiseptics	24	348	348	1.0	Unknown taxonomy (chromosome or plasmid)
barcode11_1Gb	contig_794	9140	9980	sul1_sulfonamide_antibiotic	18	840	840	1.0	Unknown taxonomy (chromosome or plasmid)
barcode11_1Gb	contig_911	93775	94141	qacG_disinfecting_agents_and_antiseptics	48	366	366	1.0	Acinetobacter johnsonii (chromosome)
barcode11_1Gb	contig_912	6806	7061	rsmA_fluoroquinolone_antibiotic;_diaminopyrimidine_antibiotic;_phenicol_antibiotic	8	255	255	1.0	
barcode11_1Gb	contig_958	1605	2487	KPC-2_monobactam;_carbapenem;_cephalosporin;_penam	21	882	882	1.0	Unknown taxonomy (chromosome or plasmid)
barcode11_3Gb	contig_1017	3113	4313	tet(A)_tetracycline_antibiotic	10	1200	1200	1.0	Unknown taxonomy (chromosome or plasmid)
barcode11_3Gb	contig_1026	0	555	AAC(6')-Ib9_aminoglycoside_antibiotic	12	555	555	1.0	Unknown taxonomy (chromosome or plasmid)
barcode11_3Gb	contig_1026	660	1113	arr-3_rifamycin_antibiotic	19	453	453	1.0	Unknown taxonomy (chromosome or plasmid)
barcode11_3Gb	contig_1026	25532	26417	mphE_macrolide_antibiotic	73	885	885	1.0	Unknown taxonomy (chromosome or plasmid)
barcode11_3Gb	contig_1026	26472	27948	msrE_macrolide_antibiotic;_streptogramin_antibiotic	83	1476	1476	1.0	Unknown taxonomy (chromosome or plasmid)
barcode11_3Gb	contig_1026	30213	31050	APH(6)-Id_aminoglycoside_antibiotic	43	837	837	1.0	Unknown taxonomy (chromosome or plasmid)
barcode11_3Gb	contig_1026	31049	31853	APH(3'')-Ib_aminoglycoside_antibiotic	37	804	804	1.0	Unknown taxonomy (chromosome or plasmid)
barcode11_3Gb	contig_1085	129396	130581	Escherichia coli EF-Tu mutants conferring resistance to Pulvomycin_elfamycin_antibiotic	22	1185	1185	1.0	Enterobacter (chromosome or plasmid)
barcode11_3Gb	contig_1085	281394	282786	Escherichia coli UhpT with mutation conferring resistance to fosfomycin_phosphonic_acid_antibiotic	19	1392	1392	1.0	Enterobacter kobei (chromosome or plasmid)
barcode11_3Gb	contig_1088	147919	149686	Haemophilus influenzae PBP3 conferring resistance to beta-lactam antibiotics_cephalosporin;_cephamycin;_penam	15	1767	1767	1.0	Enterobacter kobei (chromosome or plasmid)
barcode11_3Gb	contig_1088	155849	156872	leuO_nucleoside_antibiotic;_disinfecting_agents_and_antiseptics	14	1023	1023	1.0	Enterobacter kobei (chromosome)
barcode11_3Gb	contig_1101	5733	8847	adeF_fluoroquinolone_antibiotic;_tetracycline_antibiotic	10	3114	3114	1.0	Enterobacter kobei (chromosome)
barcode11_3Gb	contig_1105	23984	25046	Escherichia coli EF-Tu mutants conferring resistance to Pulvomycin_elfamycin_antibiotic	14	1062	1062	1.0	Citrobacter (chromosome or plasmid)
barcode11_3Gb	contig_1106	20353	21226	CMY-136_cephalosporin;_cephamycin	6	873	873	1.0	Citrobacter (chromosome or plasmid)
barcode11_3Gb	contig_1175	3580	4420	sul1_sulfonamide_antibiotic	102	840	840	1.0	Unknown taxonomy (chromosome or plasmid)
barcode11_3Gb	contig_1175	4413	4761	qacEdelta1_disinfecting_agents_and_antiseptics	97	348	348	1.0	Unknown taxonomy (chromosome or plasmid)
barcode11_3Gb	contig_1175	5611	6262	AAC(6')-Ib9_aminoglycoside_antibiotic	64	651	651	1.0	Unknown taxonomy (chromosome or plasmid)
barcode11_3Gb	contig_1175	6303	7167	GES-1_carbapenem;_cephalosporin;_penam	73	864	864	1.0	Unknown taxonomy (chromosome or plasmid)
barcode11_3Gb	contig_1175	15269	16049	APH(3')-VIa_aminoglycoside_antibiotic	25	780	780	1.0	Unknown taxonomy (chromosome or plasmid)
barcode11_3Gb	contig_1175	23266	23764	dfrA12_diaminopyrimidine_antibiotic	23	498	498	1.0	Unknown taxonomy (chromosome or plasmid)
barcode11_3Gb	contig_1175	24183	24963	aadA2_aminoglycoside_antibiotic	40	780	780	1.0	Unknown taxonomy (chromosome or plasmid)
barcode11_3Gb	contig_1175	25126	25474	qacEdelta1_disinfecting_agents_and_antiseptics	80	348	348	1.0	Unknown taxonomy (chromosome or plasmid)
barcode11_3Gb	contig_1175	25467	26307	sul1_sulfonamide_antibiotic	74	840	840	1.0	Unknown taxonomy (chromosome or plasmid)
barcode11_3Gb	contig_1175	29815	30628	NDM-1_carbapenem;_cephalosporin;_cephamycin;_penam	21	813	813	1.0	Unknown taxonomy (chromosome or plasmid)
barcode11_3Gb	contig_1175	31905	32685	APH(3')-VIa_aminoglycoside_antibiotic	21	780	780	1.0	Unknown taxonomy (chromosome or plasmid)
barcode11_3Gb	contig_1178	3596	4856	EreB_macrolide_antibiotic	12	1260	1260	1.0	
barcode11_3Gb	contig_1200	32833	34018	Escherichia coli EF-Tu mutants conferring resistance to Pulvomycin_elfamycin_antibiotic	12	1185	1185	1.0	Unknown taxonomy (chromosome or plasmid)
barcode11_3Gb	contig_1212	77444	77810	qacG_disinfecting_agents_and_antiseptics	144	366	366	1.0	Acinetobacter johnsonii (chromosome)
barcode11_3Gb	contig_1272	14778	15378	AAC(6')-Ib-cr6_fluoroquinolone_antibiotic;_aminoglycoside_antibiotic	31	600	600	1.0	Unknown taxonomy (chromosome or plasmid)
barcode11_3Gb	contig_1272	15508	16339	OXA-1_cephalosporin;_penam	36	831	831	1.0	Unknown taxonomy (chromosome or plasmid)
barcode11_3Gb	contig_1272	16476	17109	catB3_phenicol_antibiotic	36	633	633	1.0	Unknown taxonomy (chromosome or plasmid)
barcode11_3Gb	contig_1272	17193	17646	arr-3_rifamycin_antibiotic	28	453	453	1.0	Unknown taxonomy (chromosome or plasmid)
barcode11_3Gb	contig_1285	19511	20339	OXA-2_carbapenem;_cephalosporin;_penam	15	828	828	1.0	Unknown taxonomy (chromosome or plasmid)
barcode11_3Gb	contig_1285	25969	26854	mphE_macrolide_antibiotic	28	885	885	1.0	Unknown taxonomy (chromosome or plasmid)
barcode11_3Gb	contig_1285	26909	28385	msrE_macrolide_antibiotic;_streptogramin_antibiotic	25	1476	1476	1.0	Unknown taxonomy (chromosome or plasmid)
barcode11_3Gb	contig_1285	29777	30311	ANT(2'')-Ia_aminoglycoside_antibiotic	16	534	534	1.0	Unknown taxonomy (chromosome or plasmid)
barcode11_3Gb	contig_1285	30455	31355	VEB-1_monobactam;_cephalosporin	15	900	900	1.0	Unknown taxonomy (chromosome or plasmid)
barcode11_3Gb	contig_1285	31473	32733	cmlA5_phenicol_antibiotic	17	1260	1260	1.0	Unknown taxonomy (chromosome or plasmid)
barcode11_3Gb	contig_1285	33668	34325	QnrVC4_fluoroquinolone_antibiotic	18	657	657	1.0	Unknown taxonomy (chromosome or plasmid)
barcode11_3Gb	contig_1286	2346	3162	APH(3')-Ia_aminoglycoside_antibiotic	24	816	816	1.0	Unknown taxonomy (chromosome or plasmid)
barcode11_3Gb	contig_1286	8564	9425	SHV-2_carbapenem;_cephalosporin;_penam	4	861	861	1.0	Unknown taxonomy (chromosome or plasmid)
barcode11_3Gb	contig_1288	6768	7716	TEM-247_monobactam;_cephalosporin;_penam;_penem	13	948	948	1.0	Escherichia coli (chromosome or plasmid)
barcode11_3Gb	contig_1288	11559	12420	SHV-12_carbapenem;_cephalosporin;_penam	13	861	861	1.0	Unknown taxonomy (chromosome or plasmid)
barcode11_3Gb	contig_1288	21537	22050	AAC(3)-IIc_aminoglycoside_antibiotic	6	513	513	1.0	Unknown taxonomy (chromosome or plasmid)
barcode11_3Gb	contig_1288	22886	23531	QnrB19_fluoroquinolone_antibiotic	29	645	645	1.0	Unknown taxonomy (chromosome or plasmid)
barcode11_3Gb	contig_1401	293	827	ANT(2'')-Ia_aminoglycoside_antibiotic	27	534	534	1.0	Unknown taxonomy (chromosome or plasmid)
barcode11_3Gb	contig_1401	949	1813	GES-1_carbapenem;_cephalosporin;_penam	46	864	864	1.0	Unknown taxonomy (chromosome or plasmid)
barcode11_3Gb	contig_1401	1886	2345	AAC(6')-Il_aminoglycoside_antibiotic	45	459	459	1.0	Unknown taxonomy (chromosome or plasmid)
barcode11_3Gb	contig_1409	5837	6494	QnrS2_fluoroquinolone_antibiotic	8	657	657	1.0	Unknown taxonomy (chromosome or plasmid)
barcode11_3Gb	contig_1464	1232042	1233200	vanT gene in vanG cluster_glycopeptide_antibiotic	22	1158	1158	1.0	
barcode11_3Gb	contig_1464	1814651	1815638	vanH gene in vanO cluster_glycopeptide_antibiotic	19	987	987	1.0	
barcode11_3Gb	contig_1469	41499	42831	vanW gene in vanI cluster_glycopeptide_antibiotic	8	1332	1332	1.0	
barcode11_3Gb	contig_1474	7235	8426	tet(C)_tetracycline_antibiotic	11	1191	1191	1.0	Unknown taxonomy (chromosome or plasmid)
barcode11_3Gb	contig_1474	10108	10945	APH(6)-Id_aminoglycoside_antibiotic	18	837	837	1.0	Unknown taxonomy (chromosome or plasmid)
barcode11_3Gb	contig_1502	52	685	catB3_phenicol_antibiotic	14	633	633	1.0	Unknown taxonomy (chromosome or plasmid)
barcode11_3Gb	contig_1502	1785	2385	AAC(6')-Ib-cr6_fluoroquinolone_antibiotic;_aminoglycoside_antibiotic	23	600	600	1.0	Unknown taxonomy (chromosome or plasmid)
barcode11_3Gb	contig_1528	99012	99699	tet(M)_tetracycline_antibiotic	3	687	687	1.0	
barcode11_3Gb	contig_1528	107778	108951	vanT gene in vanG cluster_glycopeptide_antibiotic	9	1173	1173	1.0	
barcode11_3Gb	contig_1544	43936	44818	vanW gene in vanG cluster_glycopeptide_antibiotic	203	882	882	1.0	Acinetobacter johnsonii (chromosome)
barcode11_3Gb	contig_1559	541	1015	dfrA1_diaminopyrimidine_antibiotic	5	474	474	1.0	Unknown taxonomy (chromosome or plasmid)
barcode11_3Gb	contig_1559	1119	1899	aadA_aminoglycoside_antibiotic	19	780	780	1.0	Unknown taxonomy (chromosome or plasmid)
barcode11_3Gb	contig_1559	2062	2410	qacEdelta1_disinfecting_agents_and_antiseptics	27	348	348	1.0	Unknown taxonomy (chromosome or plasmid)
barcode11_3Gb	contig_1559	3654	4470	sul2_sulfonamide_antibiotic	21	816	816	1.0	Unknown taxonomy (chromosome or plasmid)
barcode11_3Gb	contig_1559	10576	11233	QnrS1_fluoroquinolone_antibiotic	5	657	657	1.0	Unknown taxonomy (chromosome or plasmid)
barcode11_3Gb	contig_1559	15873	16749	CTX-M-15_cephalosporin;_penam	3	876	876	1.0	Unknown taxonomy (chromosome or plasmid)
barcode11_3Gb	contig_1635	114960	116034	vanT gene in vanG cluster_glycopeptide_antibiotic	43	1074	1074	1.0	
barcode11_3Gb	contig_1663	1125	2025	VEB-3_monobactam;_cephalosporin	7	900	900	1.0	Unknown taxonomy (chromosome or plasmid)
barcode11_3Gb	contig_1663	4738	5578	sul1_sulfonamide_antibiotic	44	840	840	1.0	Unknown taxonomy (chromosome or plasmid)
barcode11_3Gb	contig_1663	5571	5919	qacEdelta1_disinfecting_agents_and_antiseptics	55	348	348	1.0	Unknown taxonomy (chromosome or plasmid)
barcode11_3Gb	contig_1663	6075	6708	catB3_phenicol_antibiotic	32	633	633	1.0	Unknown taxonomy (chromosome or plasmid)
barcode11_3Gb	contig_1663	7160	7880	AAC(6')-Ib9_aminoglycoside_antibiotic	14	720	720	1.0	Klebsiella pneumoniae (chromosome or plasmid)
barcode11_3Gb	contig_180	66584	67469	mphE_macrolide_antibiotic	81	885	885	1.0	Unknown taxonomy (chromosome or plasmid)
barcode11_3Gb	contig_180	67524	69000	msrE_macrolide_antibiotic;_streptogramin_antibiotic	68	1476	1476	1.0	Unknown taxonomy (chromosome or plasmid)
barcode11_3Gb	contig_182	17669	18275	AAC(6')-Ib9_aminoglycoside_antibiotic	27	606	606	1.0	Unknown taxonomy (chromosome or plasmid)
barcode11_3Gb	contig_182	18356	19133	aadA_aminoglycoside_antibiotic	37	777	777	1.0	Unknown taxonomy (chromosome or plasmid)
barcode11_3Gb	contig_182	19192	20017	OXA-9_penam	26	825	825	1.0	Unknown taxonomy (chromosome or plasmid)
barcode11_3Gb	contig_182	20716	21577	TEM-1_monobactam;_cephalosporin;_penam;_penem	39	861	861	1.0	Unknown taxonomy (chromosome or plasmid)
barcode11_3Gb	contig_182	22537	23422	mphE_macrolide_antibiotic	54	885	885	1.0	Unknown taxonomy (chromosome or plasmid)
barcode11_3Gb	contig_182	23477	24953	msrE_macrolide_antibiotic;_streptogramin_antibiotic	53	1476	1476	1.0	Unknown taxonomy (chromosome or plasmid)
barcode11_3Gb	contig_182	31075	31891	sul2_sulfonamide_antibiotic	23	816	816	1.0	Unknown taxonomy (chromosome or plasmid)
barcode11_3Gb	contig_182	33750	34594	OXA-58_carbapenem;_penam	18	844	844	1.0	Unknown taxonomy (chromosome or plasmid)
barcode11_3Gb	contig_186	7987	8830	OXA-58_carbapenem;_penam	7	843	843	1.0	Unknown taxonomy (chromosome or plasmid)
barcode11_3Gb	contig_186	11077	12265	tet(39)_tetracycline_antibiotic	22	1188	1188	1.0	Unknown taxonomy (plasmid)
barcode11_3Gb	contig_1985	20012	21218	Mef(En2)_macrolide_antibiotic;_lincosamide_antibiotic	9	1206	1206	1.0	Unknown taxonomy (chromosome)
barcode11_3Gb	contig_207	908	1793	mphE_macrolide_antibiotic	100	885	885	1.0	Unknown taxonomy (chromosome or plasmid)
barcode11_3Gb	contig_207	1848	3324	msrE_macrolide_antibiotic;_streptogramin_antibiotic	99	1476	1476	1.0	Unknown taxonomy (chromosome or plasmid)
barcode11_3Gb	contig_2072	58145	59129	PmrF_peptide_antibiotic	7	984	984	1.0	
barcode11_3Gb	contig_2072	62005	63661	ArnT_peptide_antibiotic	10	1656	1656	1.0	Enterobacter kobei (chromosome)
barcode11_3Gb	contig_2072	138114	138747	CRP_macrolide_antibiotic;_fluoroquinolone_antibiotic;_penam	21	633	633	1.0	Enterobacter (chromosome or plasmid)
barcode11_3Gb	contig_2072	161886	163071	Escherichia coli EF-Tu mutants conferring resistance to Pulvomycin_elfamycin_antibiotic	20	1185	1185	1.0	Enterobacter kobei (chromosome or plasmid)
barcode11_3Gb	contig_2118	45175	47653	vanT gene in vanG cluster_glycopeptide_antibiotic	33	2478	2478	1.0	
barcode11_3Gb	contig_2244	129912	130167	rsmA_fluoroquinolone_antibiotic;_diaminopyrimidine_antibiotic;_phenicol_antibiotic	140	255	255	1.0	
barcode11_3Gb	contig_23	7090	8395	Acinetobacter baumannii AbaQ_fluoroquinolone_antibiotic	15	1305	1305	1.0	
barcode11_3Gb	contig_2361	22484	24962	vanT gene in vanG cluster_glycopeptide_antibiotic	13	2478	2478	1.0	
barcode11_3Gb	contig_2393	322	1102	APH(3')-VIa_aminoglycoside_antibiotic	38	780	780	1.0	Unknown taxonomy (chromosome or plasmid)
barcode11_3Gb	contig_2393	12250	13030	APH(3')-VIa_aminoglycoside_antibiotic	44	780	780	1.0	Unknown taxonomy (chromosome or plasmid)
barcode11_3Gb	contig_2393	15445	16327	KPC-2_monobactam;_carbapenem;_cephalosporin;_penam	66	882	882	1.0	Unknown taxonomy (chromosome or plasmid)
barcode11_3Gb	contig_2410	215	1016	OXA-10_cephalosporin;_penam	9	801	801	1.0	Unknown taxonomy (chromosome or plasmid)
barcode11_3Gb	contig_2410	8067	9258	tet(C)_tetracycline_antibiotic	14	1191	1191	1.0	Unknown taxonomy (chromosome or plasmid)
barcode11_3Gb	contig_2412	3146	3926	APH(3')-VIa_aminoglycoside_antibiotic	17	780	780	1.0	Unknown taxonomy (chromosome or plasmid)
barcode11_3Gb	contig_2413	17682	18462	APH(3')-VIa_aminoglycoside_antibiotic	52	780	780	1.0	Unknown taxonomy (chromosome or plasmid)
barcode11_3Gb	contig_2449	2458	5605	adeF_fluoroquinolone_antibiotic;_tetracycline_antibiotic	9	3147	3147	1.0	
barcode11_3Gb	contig_2479	4607	5435	OXA-253_carbapenem;_penam	7	828	828	1.0	Acinetobacter baumannii (chromosome or plasmid)
barcode11_3Gb	contig_2500	29913	33060	acrB_fluoroquinolone_antibiotic;_cephalosporin;_glycylcycline;_penam;_tetracycline_antibiotic;_rifamycin_antibiotic;_phenicol_antibiotic;_disinfecting_agents_and_antiseptics	21	3147	3147	1.0	Unknown taxonomy (chromosome)
barcode11_3Gb	contig_2500	33107	34277	Enterobacter cloacae acrA_fluoroquinolone_antibiotic;_cephalosporin;_glycylcycline;_penam;_tetracycline_antibiotic;_rifamycin_antibiotic;_phenicol_antibiotic;_disinfecting_agents_and_antiseptics	20	1170	1170	1.0	Enterobacter (chromosome)
barcode11_3Gb	contig_2500	162797	163172	ramA_fluoroquinolone_antibiotic;_monobactam;_carbapenem;_cephalosporin;_glycylcycline;_cephamycin;_penam;_tetracycline_antibiotic;_rifamycin_antibiotic;_phenicol_antibiotic;_penem;_disinfecting_agents_and_antiseptics	11	375	375	1.0	Enterobacter kobei (no genomic info)
barcode11_3Gb	contig_255	3812	4592	APH(3')-VIa_aminoglycoside_antibiotic	15	780	780	1.0	Unknown taxonomy (chromosome or plasmid)
barcode11_3Gb	contig_2562	21731	23105	cpxA_aminoglycoside_antibiotic;_aminocoumarin_antibiotic	8	1374	1374	1.0	
barcode11_3Gb	contig_2566	28703	31442	tet(W)_tetracycline_antibiotic	29	2739	2739	1.0	Unknown taxonomy (chromosome or plasmid)
barcode11_3Gb	contig_2569	1283	2147	APH(3'')-Ib_aminoglycoside_antibiotic	16	864	864	1.0	Unknown taxonomy (chromosome or plasmid)
barcode11_3Gb	contig_2569	2146	2983	APH(6)-Id_aminoglycoside_antibiotic	22	837	837	1.0	Unknown taxonomy (chromosome or plasmid)
barcode11_3Gb	contig_262	6561	7443	KPC-2_monobactam;_carbapenem;_cephalosporin;_penam	234	882	882	1.0	Unknown taxonomy (chromosome or plasmid)
barcode11_3Gb	contig_2627	11301	12105	APH(3'')-Ib_aminoglycoside_antibiotic	33	804	804	1.0	Unknown taxonomy (chromosome or plasmid)
barcode11_3Gb	contig_2627	12104	12941	APH(6)-Id_aminoglycoside_antibiotic	31	837	837	1.0	Unknown taxonomy (chromosome or plasmid)
barcode11_3Gb	contig_271	650217	651453	vanW gene in vanI cluster_glycopeptide_antibiotic	91	1236	1236	1.0	
barcode11_3Gb	contig_271	1355006	1355513	nimK_nitroimidazole_antibiotic	95	507	507	1.0	
barcode11_3Gb	contig_271	1611151	1614343	adeF_fluoroquinolone_antibiotic;_tetracycline_antibiotic	95	3192	3192	1.0	
barcode11_3Gb	contig_271	1857920	1859030	vanT gene in vanG cluster_glycopeptide_antibiotic	99	1110	1110	1.0	
barcode11_3Gb	contig_2719	6816	7152	qacG_disinfecting_agents_and_antiseptics	3	336	336	1.0	
barcode11_3Gb	contig_2763	84606	87729	acrD_aminoglycoside_antibiotic	12	3123	3123	1.0	Enterobacter (chromosome)
barcode11_3Gb	contig_2780	5973	7233	EreB_macrolide_antibiotic	14	1260	1260	1.0	
barcode11_3Gb	contig_2785	6516	6846	qacG_disinfecting_agents_and_antiseptics	9	330	330	1.0	
barcode11_3Gb	contig_279	5376	6852	msrE_macrolide_antibiotic;_streptogramin_antibiotic	84	1476	1476	1.0	Unknown taxonomy (chromosome or plasmid)
barcode11_3Gb	contig_279	6907	7792	mphE_macrolide_antibiotic	97	885	885	1.0	Unknown taxonomy (chromosome or plasmid)
barcode11_3Gb	contig_280	4653	5538	mphE_macrolide_antibiotic	66	885	885	1.0	Unknown taxonomy (chromosome or plasmid)
barcode11_3Gb	contig_2832	7115	7589	dfrA6_diaminopyrimidine_antibiotic	25	474	474	1.0	Unknown taxonomy (chromosome or plasmid)
barcode11_3Gb	contig_2832	7747	8404	QnrVC1_fluoroquinolone_antibiotic	25	657	657	1.0	Unknown taxonomy (chromosome or plasmid)
barcode11_3Gb	contig_2893	3361	4174	NDM-1_carbapenem;_cephalosporin;_cephamycin;_penam	17	813	813	1.0	Unknown taxonomy (chromosome or plasmid)
barcode11_3Gb	contig_2918	40433	40997	lnuC_lincosamide_antibiotic	24	564	564	1.0	Unknown taxonomy (chromosome or plasmid)
barcode11_3Gb	contig_2918	107835	110988	adeF_fluoroquinolone_antibiotic;_tetracycline_antibiotic	21	3153	3153	1.0	
barcode11_3Gb	contig_2918	949121	949685	lnuC_lincosamide_antibiotic	29	564	564	1.0	Unknown taxonomy (chromosome or plasmid)
barcode11_3Gb	contig_2918	1877162	1878656	vanW gene in vanI cluster_glycopeptide_antibiotic	17	1494	1494	1.0	
barcode11_3Gb	contig_2918	1947953	1949156	vanT gene in vanG cluster_glycopeptide_antibiotic	8	1203	1203	1.0	
barcode11_3Gb	contig_293	17994	18822	OXA-253_carbapenem;_penam	39	828	828	1.0	Acinetobacter baumannii (chromosome)
barcode11_3Gb	contig_297	26445	27819	cpxA_aminoglycoside_antibiotic;_aminocoumarin_antibiotic	6	1374	1374	1.0	Unknown taxonomy (chromosome or plasmid)
barcode11_3Gb	contig_303	2538	3744	tet(B)_tetracycline_antibiotic	32	1206	1206	1.0	Unknown taxonomy (chromosome or plasmid)
barcode11_3Gb	contig_303	3825	4449	tetR_tetracycline_antibiotic	29	624	624	1.0	Unknown taxonomy (chromosome or plasmid)
barcode11_3Gb	contig_303	12702	13629	PER-2_monobactam;_carbapenem;_cephalosporin;_penam;_penem	30	927	927	1.0	Unknown taxonomy (plasmid)
barcode11_3Gb	contig_303	35072	35888	sul2_sulfonamide_antibiotic	32	816	816	1.0	Unknown taxonomy (chromosome or plasmid)
barcode11_3Gb	contig_303	38390	39605	floR_phenicol_antibiotic	22	1215	1215	1.0	Unknown taxonomy (chromosome or plasmid)
barcode11_3Gb	contig_3039	54829	55654	OXA-441_carbapenem;_penam	5	825	825	1.0	Acinetobacter baumannii (chromosome or plasmid)
barcode11_3Gb	contig_3062	3738	4584	aadA11_aminoglycoside_antibiotic	15	846	846	1.0	Unknown taxonomy (chromosome or plasmid)
barcode11_3Gb	contig_31	13802	14591	ANT(3'')-IIa_aminoglycoside_antibiotic	9	789	789	1.0	Acinetobacter baumannii (chromosome or plasmid)
barcode11_3Gb	contig_31	73837	76057	Acinetobacter baumannii parC conferring resistance to fluoroquinolones_fluoroquinolone_antibiotic	12	2220	2220	1.0	Acinetobacter baumannii (chromosome or plasmid)
barcode11_3Gb	contig_3114	2111	2606	dfrF_diaminopyrimidine_antibiotic	12	495	495	1.0	Unknown taxonomy (chromosome or plasmid)
barcode11_3Gb	contig_3199	3514	4351	APH(6)-Id_aminoglycoside_antibiotic	27	837	837	1.0	Unknown taxonomy (chromosome or plasmid)
barcode11_3Gb	contig_3199	9332	10532	tet(A)_tetracycline_antibiotic	11	1200	1200	1.0	Unknown taxonomy (chromosome or plasmid)
barcode11_3Gb	contig_3200	1234	1807	AAC(6')-Ian_aminoglycoside_antibiotic	5	573	573	1.0	Unknown taxonomy (chromosome or plasmid)
barcode11_3Gb	contig_3200	4569	5430	TEM-1_monobactam;_cephalosporin;_penam;_penem	16	861	861	1.0	Unknown taxonomy (chromosome or plasmid)
barcode11_3Gb	contig_3200	5571	6432	AAC(3)-IIe_aminoglycoside_antibiotic	8	861	861	1.0	Unknown taxonomy (chromosome or plasmid)
barcode11_3Gb	contig_343	586	1366	aadA_aminoglycoside_antibiotic	13	780	780	1.0	Unknown taxonomy (chromosome or plasmid)
barcode11_3Gb	contig_343	1526	2183	QnrVC1_fluoroquinolone_antibiotic	13	657	657	1.0	Unknown taxonomy (chromosome or plasmid)
barcode11_3Gb	contig_3435	225934	226189	rsmA_fluoroquinolone_antibiotic;_diaminopyrimidine_antibiotic;_phenicol_antibiotic	14	255	255	1.0	
barcode11_3Gb	contig_344	36589	37471	KPC-2_monobactam;_carbapenem;_cephalosporin;_penam	59	882	882	1.0	Unknown taxonomy (chromosome or plasmid)
barcode11_3Gb	contig_344	42117	42774	QnrVC1_fluoroquinolone_antibiotic	21	657	657	1.0	Unknown taxonomy (chromosome or plasmid)
barcode11_3Gb	contig_344	42932	43406	dfrA31_diaminopyrimidine_antibiotic	12	474	474	1.0	Vibrio (chromosome or plasmid)
barcode11_3Gb	contig_346	107	455	qacEdelta1_disinfecting_agents_and_antiseptics	70	348	348	1.0	Unknown taxonomy (chromosome or plasmid)
barcode11_3Gb	contig_346	448	1288	sul1_sulfonamide_antibiotic	58	840	840	1.0	Unknown taxonomy (chromosome or plasmid)
barcode11_3Gb	contig_347	145	493	qacEdelta1_disinfecting_agents_and_antiseptics	75	348	348	1.0	Unknown taxonomy (chromosome or plasmid)
barcode11_3Gb	contig_347	486	1326	sul1_sulfonamide_antibiotic	60	840	840	1.0	Unknown taxonomy (chromosome or plasmid)
barcode11_3Gb	contig_348	1627	2476	TEM-216_monobactam;_cephalosporin;_penam;_penem	7	849	849	1.0	Unknown taxonomy (chromosome or plasmid)
barcode11_3Gb	contig_3514	6160	6505	qacG_disinfecting_agents_and_antiseptics	19	345	345	1.0	Unknown taxonomy (chromosome or plasmid)
barcode11_3Gb	contig_352	13768	14605	APH(6)-Id_aminoglycoside_antibiotic	24	837	837	1.0	Unknown taxonomy (chromosome or plasmid)
barcode11_3Gb	contig_3528	12645	12900	rsmA_fluoroquinolone_antibiotic;_diaminopyrimidine_antibiotic;_phenicol_antibiotic	18	255	255	1.0	
barcode11_3Gb	contig_3640	35701	37450	msbA_nitroimidazole_antibiotic	11	1749	1749	1.0	Enterobacter kobei (chromosome)
barcode11_3Gb	contig_3643	425	1415	Shigella flexneri acrA_fluoroquinolone_antibiotic;_cephalosporin;_glycylcycline;_penam;_tetracycline_antibiotic;_rifamycin_antibiotic;_phenicol_antibiotic;_disinfecting_agents_and_antiseptics	4	990	990	1.0	Unknown taxonomy (chromosome or plasmid)
barcode11_3Gb	contig_365	2031	3222	tet(C)_tetracycline_antibiotic	16	1191	1191	1.0	Unknown taxonomy (chromosome or plasmid)
barcode11_3Gb	contig_365	5095	5980	mphE_macrolide_antibiotic	24	885	885	1.0	Unknown taxonomy (chromosome or plasmid)
barcode11_3Gb	contig_365	6035	7511	msrE_macrolide_antibiotic;_streptogramin_antibiotic	25	1476	1476	1.0	Unknown taxonomy (chromosome or plasmid)
barcode11_3Gb	contig_366	34685	35522	APH(6)-Id_aminoglycoside_antibiotic	49	837	837	1.0	Unknown taxonomy (chromosome or plasmid)
barcode11_3Gb	contig_367	13594	14104	dfrA8_diaminopyrimidine_antibiotic	8	510	510	1.0	Unknown taxonomy (chromosome or plasmid)
barcode11_3Gb	contig_367	16365	16824	AAC(6')-Il_aminoglycoside_antibiotic	41	459	459	1.0	Unknown taxonomy (chromosome or plasmid)
barcode11_3Gb	contig_367	20109	20457	qacEdelta1_disinfecting_agents_and_antiseptics	108	348	348	1.0	Unknown taxonomy (chromosome or plasmid)
barcode11_3Gb	contig_367	20450	21290	sul1_sulfonamide_antibiotic	94	840	840	1.0	Unknown taxonomy (chromosome or plasmid)
barcode11_3Gb	contig_367	25365	26604	Mrx_macrolide_antibiotic	73	1239	1239	1.0	Unknown taxonomy (chromosome or plasmid)
barcode11_3Gb	contig_367	26600	27506	mphA_macrolide_antibiotic	71	906	906	1.0	Unknown taxonomy (chromosome or plasmid)
barcode11_3Gb	contig_3703	8357	9173	sul2_sulfonamide_antibiotic	13	816	816	1.0	Unknown taxonomy (chromosome or plasmid)
barcode11_3Gb	contig_3770	1867	2710	OXA-58_carbapenem;_penam	14	843	843	1.0	Unknown taxonomy (chromosome or plasmid)
barcode11_3Gb	contig_3828	14749	16669	tet(O)_tetracycline_antibiotic	24	1920	1920	1.0	Unknown taxonomy (chromosome or plasmid)
barcode11_3Gb	contig_3836	7757	8216	AAC(6')-Il_aminoglycoside_antibiotic	42	459	459	1.0	Unknown taxonomy (chromosome or plasmid)
barcode11_3Gb	contig_3836	8289	9153	GES-1_carbapenem;_cephalosporin;_penam	44	864	864	1.0	Unknown taxonomy (chromosome or plasmid)
barcode11_3Gb	contig_3836	9275	9809	ANT(2'')-Ia_aminoglycoside_antibiotic	24	534	534	1.0	Unknown taxonomy (chromosome or plasmid)
barcode11_3Gb	contig_3845	7596	8487	CblA-1_cephalosporin	6	891	891	1.0	Phocaeicola dorei (no genomic info)
barcode11_3Gb	contig_3927	53680	54781	vanG_glycopeptide_antibiotic	11	1101	1101	1.0	Enterobacter kobei (chromosome)
barcode11_3Gb	contig_3958	27729	28386	QnrVC1_fluoroquinolone_antibiotic	21	657	657	1.0	Unknown taxonomy (chromosome or plasmid)
barcode11_3Gb	contig_3958	28544	29018	dfrA6_diaminopyrimidine_antibiotic	22	474	474	1.0	Unknown taxonomy (chromosome or plasmid)
barcode11_3Gb	contig_4011	43530	45504	tet(Q)_tetracycline_antibiotic	29	1974	1974	1.0	Unknown taxonomy (chromosome)
barcode11_3Gb	contig_4012	2393	3035	catII_phenicol_antibiotic	9	642	642	1.0	Unknown taxonomy (chromosome or plasmid)
barcode11_3Gb	contig_4027	31100	31763	AcrS_fluoroquinolone_antibiotic;_cephalosporin;_glycylcycline;_cephamycin;_penam;_tetracycline_antibiotic;_rifamycin_antibiotic;_phenicol_antibiotic;_disinfecting_agents_and_antiseptics	6	663	663	1.0	Escherichia coli (chromosome or plasmid)
barcode11_3Gb	contig_4027	32148	33318	AcrE_fluoroquinolone_antibiotic;_cephalosporin;_cephamycin;_penam	5	1170	1170	1.0	Escherichia coli (chromosome or plasmid)
barcode11_3Gb	contig_4027	33510	36435	AcrF_fluoroquinolone_antibiotic;_cephalosporin;_cephamycin;_penam	10	2925	2925	1.0	Escherichia coli (chromosome or plasmid)
barcode11_3Gb	contig_4027	89885	91070	Escherichia coli EF-Tu mutants conferring resistance to Pulvomycin_elfamycin_antibiotic	19	1185	1185	1.0	Unknown taxonomy (chromosome or plasmid)
barcode11_3Gb	contig_4027	105868	106501	CRP_macrolide_antibiotic;_fluoroquinolone_antibiotic;_penam	11	633	633	1.0	Unknown taxonomy (chromosome or plasmid)
barcode11_3Gb	contig_403	36561	37356	OXA-504_penam	33	795	795	1.0	Aeromonas caviae (chromosome)
barcode11_3Gb	contig_407	28406	28808	FosA8_phosphonic_acid_antibiotic	38	402	402	1.0	Aeromonas caviae (chromosome or plasmid)
barcode11_3Gb	contig_4213	7375	7564	rsmA_fluoroquinolone_antibiotic;_diaminopyrimidine_antibiotic;_phenicol_antibiotic	36	189	189	1.0	
barcode11_3Gb	contig_4223	158513	159647	Escherichia coli ampC beta-lactamase_cephalosporin;_penam	8	1134	1134	1.0	Unknown taxonomy (chromosome or plasmid)
barcode11_3Gb	contig_4274	9262	10000	vanW gene in vanI cluster_glycopeptide_antibiotic	3	738	738	1.0	
barcode11_3Gb	contig_430	164326	165511	Escherichia coli EF-Tu mutants conferring resistance to Pulvomycin_elfamycin_antibiotic	53	1185	1185	1.0	Aeromonas caviae (chromosome or plasmid)
barcode11_3Gb	contig_430	183556	184741	Escherichia coli EF-Tu mutants conferring resistance to Pulvomycin_elfamycin_antibiotic	47	1185	1185	1.0	Aeromonas caviae (chromosome or plasmid)
barcode11_3Gb	contig_4309	2556	3384	OXA-253_carbapenem;_penam	19	828	828	1.0	Acinetobacter baumannii (chromosome)
barcode11_3Gb	contig_4330	4746	5763	vanT gene in vanG cluster_glycopeptide_antibiotic	3	1017	1017	1.0	
barcode11_3Gb	contig_4364	20361	22287	tet(Q)_tetracycline_antibiotic	22	1926	1926	1.0	Unknown taxonomy (chromosome)
barcode11_3Gb	contig_4369	6809	8324	aadT_macrolide_antibiotic;_tetracycline_antibiotic;_disinfecting_agents_and_antiseptics	16	1515	1515	1.0	
barcode11_3Gb	contig_438	105847	109039	adeF_fluoroquinolone_antibiotic;_tetracycline_antibiotic	13	3192	3192	1.0	
barcode11_3Gb	contig_4424	9242	10187	leuO_nucleoside_antibiotic;_disinfecting_agents_and_antiseptics	9	945	945	1.0	Unknown taxonomy (chromosome or plasmid)
barcode11_3Gb	contig_4437	23170	23500	qacG_disinfecting_agents_and_antiseptics	8	330	330	1.0	
barcode11_3Gb	contig_4613	860	1688	OXA-253_carbapenem;_penam	19	828	828	1.0	Acinetobacter baumannii (chromosome)
barcode11_3Gb	contig_4662	94179	95430	adeI_macrolide_antibiotic;_fluoroquinolone_antibiotic;_lincosamide_antibiotic;_carbapenem;_cephalosporin;_tetracycline_antibiotic;_rifamycin_antibiotic;_diaminopyrimidine_antibiotic;_phenicol_antibiotic;_penem	15	1251	1251	1.0	Acinetobacter baumannii (chromosome or plasmid)
barcode11_3Gb	contig_4666	6644	8393	msbA_nitroimidazole_antibiotic	4	1749	1749	1.0	Escherichia coli (chromosome)
barcode11_3Gb	contig_4775	4786	5419	CRP_macrolide_antibiotic;_fluoroquinolone_antibiotic;_penam	8	633	633	1.0	Citrobacter (chromosome)
barcode11_3Gb	contig_4775	23791	24976	Escherichia coli EF-Tu mutants conferring resistance to Pulvomycin_elfamycin_antibiotic	21	1185	1185	1.0	Citrobacter (chromosome or plasmid)
barcode11_3Gb	contig_4777	5535	5895	rsmA_fluoroquinolone_antibiotic;_diaminopyrimidine_antibiotic;_phenicol_antibiotic	9	360	360	1.0	
barcode11_3Gb	contig_4813	23594	24806	Klebsiella pneumoniae KpnH_macrolide_antibiotic;_fluoroquinolone_antibiotic;_aminoglycoside_antibiotic;_carbapenem;_cephalosporin;_penam;_peptide_antibiotic;_penem	14	1212	1212	1.0	Escherichia coli (chromosome or plasmid)
barcode11_3Gb	contig_4841	8149	8404	rsmA_fluoroquinolone_antibiotic;_diaminopyrimidine_antibiotic;_phenicol_antibiotic	11	255	255	1.0	
barcode11_3Gb	contig_4878	4277	5615	vanW gene in vanI cluster_glycopeptide_antibiotic	10	1338	1338	1.0	
barcode11_3Gb	contig_4893	14446	14641	rsmA_fluoroquinolone_antibiotic;_diaminopyrimidine_antibiotic;_phenicol_antibiotic	7	195	195	1.0	
barcode11_3Gb	contig_4895	444	1161	qacJ_disinfecting_agents_and_antiseptics	5	717	717	1.0	
barcode11_3Gb	contig_4896	8545	10804	Escherichia coli parC conferring resistance to fluoroquinolones_fluoroquinolone_antibiotic	12	2259	2259	1.0	Unknown taxonomy (chromosome)
barcode11_3Gb	contig_4896	22945	24427	TolC_macrolide_antibiotic;_fluoroquinolone_antibiotic;_aminoglycoside_antibiotic;_carbapenem;_cephalosporin;_glycylcycline;_cephamycin;_penam;_tetracycline_antibiotic;_peptide_antibiotic;_aminocoumarin_antibiotic;_rifamycin_antibiotic;_phenicol_antibiotic;_penem;_disinfecting_agents_and_antiseptics	8	1482	1482	1.0	Unknown taxonomy (chromosome or plasmid)
barcode11_3Gb	contig_4908	10312	11059	vanY gene in vanG cluster_glycopeptide_antibiotic	6	747	747	1.0	
barcode11_3Gb	contig_4942	40458	40872	H-NS_macrolide_antibiotic;_fluoroquinolone_antibiotic;_cephalosporin;_cephamycin;_penam;_tetracycline_antibiotic	8	414	414	1.0	Unknown taxonomy (chromosome or plasmid)
barcode11_3Gb	contig_4982	8567	11669	adeF_fluoroquinolone_antibiotic;_tetracycline_antibiotic	5	3102	3102	1.0	Phocaeicola dorei (chromosome)
barcode11_3Gb	contig_5027	36269	37823	vanW gene in vanI cluster_glycopeptide_antibiotic	7	1554	1554	1.0	
barcode11_3Gb	contig_5041	28835	32012	adeF_fluoroquinolone_antibiotic;_tetracycline_antibiotic	28	3177	3177	1.0	Unknown taxonomy (chromosome)
barcode11_3Gb	contig_5060	2	1109	tet(W)_tetracycline_antibiotic	8	1107	1107	1.0	Unknown taxonomy (chromosome or plasmid)
barcode11_3Gb	contig_5131	52110	52857	vanY gene in vanG cluster_glycopeptide_antibiotic	6	747	747	1.0	
barcode11_3Gb	contig_5147	74465	75641	oqxA_fluoroquinolone_antibiotic;_glycylcycline;_tetracycline_antibiotic;_diaminopyrimidine_antibiotic;_nitrofuran_antibiotic	9	1176	1176	1.0	Enterobacter kobei (chromosome)
barcode11_3Gb	contig_5147	75665	78056	adeF_fluoroquinolone_antibiotic;_tetracycline_antibiotic	11	2391	2391	1.0	Enterobacter kobei (chromosome)
barcode11_3Gb	contig_5249	22783	23929	ACT-87_carbapenem;_cephalosporin;_cephamycin;_penam	12	1146	1146	1.0	Enterobacter kobei (chromosome)
barcode11_3Gb	contig_5249	172506	172932	FosA2_phosphonic_acid_antibiotic	9	426	426	1.0	Enterobacter kobei (chromosome)
barcode11_3Gb	contig_5395	26519	29690	mdtP_nucleoside_antibiotic;_disinfecting_agents_and_antiseptics	4	3171	3171	1.0	Unknown taxonomy (chromosome or plasmid)
barcode11_3Gb	contig_5395	51277	51742	Escherichia coli soxR with mutation conferring antibiotic resistance_fluoroquinolone_antibiotic;_cephalosporin;_glycylcycline;_penam;_tetracycline_antibiotic;_rifamycin_antibiotic;_phenicol_antibiotic;_disinfecting_agents_and_antiseptics	8	465	465	1.0	Unknown taxonomy (chromosome or plasmid)
barcode11_3Gb	contig_5395	51827	52151	Escherichia coli soxS with mutation conferring antibiotic resistance_fluoroquinolone_antibiotic;_monobactam;_carbapenem;_cephalosporin;_glycylcycline;_cephamycin;_penam;_tetracycline_antibiotic;_rifamycin_antibiotic;_phenicol_antibiotic;_penem;_disinfecting_agents_and_antiseptics	9	324	324	1.0	Unknown taxonomy (chromosome or plasmid)
barcode11_3Gb	contig_5398	8470	11650	adeF_fluoroquinolone_antibiotic;_tetracycline_antibiotic	5	3180	3180	1.0	Acinetobacter baumannii (chromosome or plasmid)
barcode11_3Gb	contig_5398	11656	12877	adeG_fluoroquinolone_antibiotic;_tetracycline_antibiotic	7	1221	1221	1.0	Acinetobacter baumannii (chromosome or plasmid)
barcode11_3Gb	contig_5398	13092	14106	adeL_fluoroquinolone_antibiotic;_tetracycline_antibiotic	8	1014	1014	1.0	Acinetobacter baumannii (chromosome or plasmid)
barcode11_3Gb	contig_5398	17414	17744	abeS_macrolide_antibiotic;_aminocoumarin_antibiotic	6	330	330	1.0	Acinetobacter baumannii (chromosome or plasmid)
barcode11_3Gb	contig_5459	35724	36891	Acinetobacter baumannii AbaQ_fluoroquinolone_antibiotic	15	1167	1167	1.0	Acinetobacter (chromosome or plasmid)
barcode11_3Gb	contig_557	24365	25190	OXA-644_carbapenem;_penam	278	825	825	1.0	Acinetobacter johnsonii (chromosome)
barcode11_3Gb	contig_5583	25569	26688	vanT gene in vanG cluster_glycopeptide_antibiotic	7	1119	1119	1.0	
barcode11_3Gb	contig_5642	76923	80046	mdtB_aminocoumarin_antibiotic	12	3123	3123	1.0	
barcode11_3Gb	contig_5662	462	1251	aadA5_aminoglycoside_antibiotic	13	789	789	1.0	Unknown taxonomy (chromosome or plasmid)
barcode11_3Gb	contig_5673	36481	36808	qacG_disinfecting_agents_and_antiseptics	6	327	327	1.0	
barcode11_3Gb	contig_5693	13666	13996	qacG_disinfecting_agents_and_antiseptics	2	330	330	1.0	
barcode11_3Gb	contig_5694	28921	29722	ErmF_macrolide_antibiotic;_lincosamide_antibiotic;_streptogramin_antibiotic;_streptogramin_A_antibiotic;_streptogramin_B_antibiotic	29	801	801	1.0	Unknown taxonomy (chromosome or plasmid)
barcode11_3Gb	contig_5694	29934	31071	tet(X)_glycylcycline;_tetracycline_antibiotic	8	1137	1137	1.0	Unknown taxonomy (chromosome or plasmid)
barcode11_3Gb	contig_5694	31808	33734	tet(Q)_tetracycline_antibiotic	6	1926	1926	1.0	Unknown taxonomy (chromosome)
barcode11_3Gb	contig_5813	14258	14444	rsmA_fluoroquinolone_antibiotic;_diaminopyrimidine_antibiotic;_phenicol_antibiotic	8	186	186	1.0	Enterobacter (chromosome or plasmid)
barcode11_3Gb	contig_5813	21410	22958	emrB_fluoroquinolone_antibiotic	8	1548	1548	1.0	Enterobacter roggenkampii (chromosome or plasmid)
barcode11_3Gb	contig_5813	24277	24808	emrR_fluoroquinolone_antibiotic	7	531	531	1.0	Enterobacter (chromosome)
barcode11_3Gb	contig_5845	9656	10142	tet(O)_tetracycline_antibiotic	13	486	486	1.0	Unknown taxonomy (chromosome or plasmid)
barcode11_3Gb	contig_5917	54923	55454	emrR_fluoroquinolone_antibiotic	10	531	531	1.0	Enterobacter kobei (chromosome or plasmid)
barcode11_3Gb	contig_5917	55580	56753	emrA_fluoroquinolone_antibiotic	8	1173	1173	1.0	
barcode11_3Gb	contig_5917	56769	58317	emrB_fluoroquinolone_antibiotic	10	1548	1548	1.0	Enterobacter kobei (chromosome or plasmid)
barcode11_3Gb	contig_5942	8776	8974	rsmA_fluoroquinolone_antibiotic;_diaminopyrimidine_antibiotic;_phenicol_antibiotic	5	198	198	1.0	
barcode11_3Gb	contig_597	86674	88189	aadT_macrolide_antibiotic;_tetracycline_antibiotic;_disinfecting_agents_and_antiseptics	24	1515	1515	1.0	
barcode11_3Gb	contig_5986	17960	19169	mdtH_fluoroquinolone_antibiotic	9	1209	1209	1.0	Unknown taxonomy (chromosome or plasmid)
barcode11_3Gb	contig_5992	13651	15901	vanT gene in vanG cluster_glycopeptide_antibiotic	9	2250	2250	1.0	
barcode11_3Gb	contig_6071	4573	4828	FosA8_phosphonic_acid_antibiotic	5	255	255	1.0	Enterobacter roggenkampii (chromosome)
barcode11_3Gb	contig_6255	1531	2344	vanY gene in vanB cluster_glycopeptide_antibiotic	1	813	813	1.0	
barcode11_3Gb	contig_6278	30294	33435	adeF_fluoroquinolone_antibiotic;_tetracycline_antibiotic	9	3141	3141	1.0	
barcode11_3Gb	contig_6343	215506	215692	rsmA_fluoroquinolone_antibiotic;_diaminopyrimidine_antibiotic;_phenicol_antibiotic	3	186	186	1.0	Enterobacter (chromosome or plasmid)
barcode11_3Gb	contig_6377	23241	24720	Acinetobacter baumannii AmvA_macrolide_antibiotic;_disinfecting_agents_and_antiseptics	7	1479	1479	1.0	Acinetobacter baumannii (chromosome or plasmid)
barcode11_3Gb	contig_6407	12388	12877	nimJ_nitroimidazole_antibiotic	3	489	489	1.0	
barcode11_3Gb	contig_641	23474	23663	rsmA_fluoroquinolone_antibiotic;_diaminopyrimidine_antibiotic;_phenicol_antibiotic	38	189	189	1.0	
barcode11_3Gb	contig_6459	5864	6521	QnrS2_fluoroquinolone_antibiotic	9	657	657	1.0	Unknown taxonomy (chromosome or plasmid)
barcode11_3Gb	contig_6508	11697	12936	tet(40)_tetracycline_antibiotic	11	1239	1239	1.0	Faecalibacterium prausnitzii (chromosome)
barcode11_3Gb	contig_6508	12987	13536	tet(O)_tetracycline_antibiotic	14	549	549	1.0	Unknown taxonomy (chromosome or plasmid)
barcode11_3Gb	contig_6508	13525	14320	tet(O)_tetracycline_antibiotic	15	795	795	1.0	Streptococcus suis (chromosome or plasmid)
barcode11_3Gb	contig_6523	1568	2711	Escherichia coli mdfA_tetracycline_antibiotic;_disinfecting_agents_and_antiseptics	5	1143	1143	1.0	Escherichia coli (chromosome or plasmid)
barcode11_3Gb	contig_6560	37624	39619	lmrD_lincosamide_antibiotic	6	1995	1995	1.0	
barcode11_3Gb	contig_6577	1580	2675	vanG_glycopeptide_antibiotic	10	1095	1095	1.0	Unknown taxonomy (chromosome or plasmid)
barcode11_3Gb	contig_6685	2091	2550	AAC(6')-Il_aminoglycoside_antibiotic	23	459	459	1.0	Unknown taxonomy (chromosome or plasmid)
barcode11_3Gb	contig_6685	2681	3215	ANT(2'')-Ia_aminoglycoside_antibiotic	22	534	534	1.0	Unknown taxonomy (chromosome or plasmid)
barcode11_3Gb	contig_6685	3367	3715	qacEdelta1_disinfecting_agents_and_antiseptics	27	348	348	1.0	Unknown taxonomy (chromosome or plasmid)
barcode11_3Gb	contig_6745	11033	12221	tet(39)_tetracycline_antibiotic	45	1188	1188	1.0	Unknown taxonomy (plasmid)
barcode11_3Gb	contig_6753	2	731	TEM-247_monobactam;_cephalosporin;_penam;_penem	7	729	729	1.0	Unknown taxonomy (chromosome or plasmid)
barcode11_3Gb	contig_6792	24099	25446	abeM_fluoroquinolone_antibiotic;_disinfecting_agents_and_antiseptics	9	1347	1347	1.0	Acinetobacter baumannii (chromosome or plasmid)
barcode11_3Gb	contig_6804	47379	48612	mdtM_fluoroquinolone_antibiotic;_lincosamide_antibiotic;_nucleoside_antibiotic;_phenicol_antibiotic;_disinfecting_agents_and_antiseptics	11	1233	1233	1.0	Escherichia coli (chromosome or plasmid)
barcode11_3Gb	contig_6820	3805	4060	rsmA_fluoroquinolone_antibiotic;_diaminopyrimidine_antibiotic;_phenicol_antibiotic	4	255	255	1.0	
barcode11_3Gb	contig_683	726863	727973	vanT gene in vanG cluster_glycopeptide_antibiotic	31	1110	1110	1.0	
barcode11_3Gb	contig_6846	36774	37119	qacG_disinfecting_agents_and_antiseptics	25	345	345	1.0	Unknown taxonomy (chromosome or plasmid)
barcode11_3Gb	contig_6847	1283	4448	adeF_fluoroquinolone_antibiotic;_tetracycline_antibiotic	26	3165	3165	1.0	Acinetobacter (chromosome or plasmid)
barcode11_3Gb	contig_6848	66102	67191	ADC-30_cephalosporin	5	1089	1089	1.0	Acinetobacter baumannii (chromosome or plasmid)
barcode11_3Gb	contig_692	5207	6683	msrE_macrolide_antibiotic;_streptogramin_antibiotic	84	1476	1476	1.0	Unknown taxonomy (chromosome or plasmid)
barcode11_3Gb	contig_692	6738	7623	mphE_macrolide_antibiotic	92	885	885	1.0	Unknown taxonomy (chromosome or plasmid)
barcode11_3Gb	contig_692	16866	18342	msrE_macrolide_antibiotic;_streptogramin_antibiotic	17	1476	1476	1.0	Unknown taxonomy (chromosome or plasmid)
barcode11_3Gb	contig_6930	11046	11883	APH(6)-Id_aminoglycoside_antibiotic	21	837	837	1.0	Unknown taxonomy (chromosome or plasmid)
barcode11_3Gb	contig_6932	11518	12172	adeN_macrolide_antibiotic;_fluoroquinolone_antibiotic;_lincosamide_antibiotic;_carbapenem;_cephalosporin;_tetracycline_antibiotic;_rifamycin_antibiotic;_diaminopyrimidine_antibiotic;_phenicol_antibiotic;_penem	5	654	654	1.0	Acinetobacter baumannii (chromosome or plasmid)
barcode11_3Gb	contig_6980	23074	23878	APH(3'')-Ib_aminoglycoside_antibiotic	50	804	804	1.0	Unknown taxonomy (chromosome or plasmid)
barcode11_3Gb	contig_6980	23877	24714	APH(6)-Id_aminoglycoside_antibiotic	50	837	837	1.0	Unknown taxonomy (chromosome or plasmid)
barcode11_3Gb	contig_6981	51507	52368	AAC(3)-IId_aminoglycoside_antibiotic	4	861	861	1.0	Unknown taxonomy (chromosome or plasmid)
barcode11_3Gb	contig_7041	2020	2848	OXA-253_carbapenem;_penam	23	828	828	1.0	Acinetobacter baumannii (chromosome)
barcode11_3Gb	contig_7061	790	1726	tet(O)_tetracycline_antibiotic	44	936	936	1.0	Unknown taxonomy (chromosome or plasmid)
barcode11_3Gb	contig_7061	1673	2711	tet(O)_tetracycline_antibiotic	41	1038	1038	1.0	Unknown taxonomy (chromosome or plasmid)
barcode11_3Gb	contig_7071	508	1336	OXA-253_carbapenem;_penam	26	828	828	1.0	Acinetobacter baumannii (chromosome)
barcode11_3Gb	contig_7092	105602	105932	qacG_disinfecting_agents_and_antiseptics	2	330	330	1.0	
barcode11_3Gb	contig_7130	7735	9379	eptA_peptide_antibiotic	11	1644	1644	1.0	Unknown taxonomy (chromosome or plasmid)
barcode11_3Gb	contig_7148	610	1270	catA1_phenicol_antibiotic	6	660	660	1.0	Unknown taxonomy (chromosome or plasmid)
barcode11_3Gb	contig_7170	6139	7021	KPC-2_monobactam;_carbapenem;_cephalosporin;_penam	55	882	882	1.0	Unknown taxonomy (chromosome or plasmid)
barcode11_3Gb	contig_7181	50976	52089	vanT gene in vanG cluster_glycopeptide_antibiotic	4	1113	1113	1.0	
barcode11_3Gb	contig_7226	2753	3941	tet(39)_tetracycline_antibiotic	49	1188	1188	1.0	Unknown taxonomy (plasmid)
barcode11_3Gb	contig_857	3020	3365	qacG_disinfecting_agents_and_antiseptics	8	345	345	1.0	Unknown taxonomy (chromosome or plasmid)
barcode11_3Gb	contig_858	3426	4614	tet(39)_tetracycline_antibiotic	34	1188	1188	1.0	Unknown taxonomy (plasmid)
barcode11_3Gb	contig_858	5939	6782	OXA-58_carbapenem;_penam	20	843	843	1.0	Unknown taxonomy (chromosome or plasmid)
barcode11_3Gb	contig_861	4985	5846	TEM-1_monobactam;_cephalosporin;_penam;_penem	23	861	861	1.0	Unknown taxonomy (chromosome or plasmid)
barcode11_3Gb	contig_861	5987	6848	AAC(3)-IIe_aminoglycoside_antibiotic	12	861	861	1.0	Unknown taxonomy (chromosome or plasmid)
barcode11_3Gb	contig_862	37519	38995	msrE_macrolide_antibiotic;_streptogramin_antibiotic	99	1476	1476	1.0	Unknown taxonomy (chromosome or plasmid)
barcode11_3Gb	contig_862	39050	39935	mphE_macrolide_antibiotic	101	885	885	1.0	Unknown taxonomy (chromosome or plasmid)
barcode11_6Gb	contig_1	1477385	1480541	adeF_fluoroquinolone_antibiotic;_tetracycline_antibiotic	16	3156	3156	1.0	
barcode11_6Gb	contig_1007	49635	50844	mdtH_fluoroquinolone_antibiotic	12	1209	1209	1.0	Escherichia coli (chromosome or plasmid)
barcode11_6Gb	contig_1007	201005	201419	H-NS_macrolide_antibiotic;_fluoroquinolone_antibiotic;_cephalosporin;_cephamycin;_penam;_tetracycline_antibiotic	8	414	414	1.0	Unknown taxonomy (chromosome or plasmid)
barcode11_6Gb	contig_10073	16590	18204	vanW gene in vanI cluster_glycopeptide_antibiotic	4	1614	1614	1.0	
barcode11_6Gb	contig_1009	195992	197546	vanW gene in vanI cluster_glycopeptide_antibiotic	13	1554	1554	1.0	
barcode11_6Gb	contig_1009	817193	820364	adeF_fluoroquinolone_antibiotic;_tetracycline_antibiotic	12	3171	3171	1.0	
barcode11_6Gb	contig_10113	33824	34010	rsmA_fluoroquinolone_antibiotic;_diaminopyrimidine_antibiotic;_phenicol_antibiotic	10	186	186	1.0	Citrobacter (chromosome or plasmid)
barcode11_6Gb	contig_10154	150564	151563	vanH gene in vanB cluster_glycopeptide_antibiotic	8	999	999	1.0	
barcode11_6Gb	contig_10172	2815	3139	Escherichia coli soxS with mutation conferring antibiotic resistance_fluoroquinolone_antibiotic;_monobactam;_carbapenem;_cephalosporin;_glycylcycline;_cephamycin;_penam;_tetracycline_antibiotic;_rifamycin_antibiotic;_phenicol_antibiotic;_penem;_disinfecting_agents_and_antiseptics	10	324	324	1.0	Citrobacter (chromosome)
barcode11_6Gb	contig_10210	3341	5261	tet(Q)_tetracycline_antibiotic	64	1920	1920	1.0	Bacteroides (chromosome)
barcode11_6Gb	contig_10210	8610	9786	KPC-2_monobactam;_carbapenem;_cephalosporin;_penam	19	1176	1176	1.0	Klebsiella pneumoniae (chromosome or plasmid)
barcode11_6Gb	contig_10234	16952	17516	AAC(6')-Ib9_aminoglycoside_antibiotic	9	564	564	1.0	Unknown taxonomy (chromosome or plasmid)
barcode11_6Gb	contig_10234	18151	18484	qacL_disinfecting_agents_and_antiseptics	19	333	333	1.0	Unknown taxonomy (chromosome or plasmid)
barcode11_6Gb	contig_10234	18770	19559	aadA5_aminoglycoside_antibiotic	14	789	789	1.0	Unknown taxonomy (chromosome or plasmid)
barcode11_6Gb	contig_10379	1060	2116	vanW gene in vanI cluster_glycopeptide_antibiotic	6	1056	1056	1.0	
barcode11_6Gb	contig_1043	4374	5589	floR_phenicol_antibiotic	37	1215	1215	1.0	Unknown taxonomy (chromosome or plasmid)
barcode11_6Gb	contig_1043	8159	8996	APH(6)-Id_aminoglycoside_antibiotic	27	837	837	1.0	Unknown taxonomy (chromosome or plasmid)
barcode11_6Gb	contig_1043	8995	9799	APH(3'')-Ib_aminoglycoside_antibiotic	27	804	804	1.0	Unknown taxonomy (chromosome or plasmid)
barcode11_6Gb	contig_1043	9859	10675	sul2_sulfonamide_antibiotic	38	816	816	1.0	Unknown taxonomy (chromosome or plasmid)
barcode11_6Gb	contig_10437	7059	7689	vanW gene in vanI cluster_glycopeptide_antibiotic	3	630	630	1.0	
barcode11_6Gb	contig_1044	14310	15192	KPC-2_monobactam;_carbapenem;_cephalosporin;_penam	129	882	882	1.0	Unknown taxonomy (chromosome or plasmid)
barcode11_6Gb	contig_1044	17607	18387	APH(3')-VIa_aminoglycoside_antibiotic	102	780	780	1.0	Unknown taxonomy (chromosome or plasmid)
barcode11_6Gb	contig_1045	23775	24618	OXA-58_carbapenem;_penam	26	843	843	1.0	Unknown taxonomy (chromosome or plasmid)
barcode11_6Gb	contig_1046	49347	50191	OXA-58_carbapenem;_penam	22	844	844	1.0	Unknown taxonomy (chromosome or plasmid)
barcode11_6Gb	contig_10479	40932	41427	dfrF_diaminopyrimidine_antibiotic	21	495	495	1.0	Unknown taxonomy (chromosome or plasmid)
barcode11_6Gb	contig_10509	9258	10509	adeI_macrolide_antibiotic;_fluoroquinolone_antibiotic;_lincosamide_antibiotic;_carbapenem;_cephalosporin;_tetracycline_antibiotic;_rifamycin_antibiotic;_diaminopyrimidine_antibiotic;_phenicol_antibiotic;_penem	20	1251	1251	1.0	Acinetobacter baumannii (chromosome or plasmid)
barcode11_6Gb	contig_10509	10521	13698	adeJ_macrolide_antibiotic;_fluoroquinolone_antibiotic;_lincosamide_antibiotic;_carbapenem;_cephalosporin;_tetracycline_antibiotic;_rifamycin_antibiotic;_diaminopyrimidine_antibiotic;_phenicol_antibiotic;_penem	21	3177	3177	1.0	Acinetobacter baumannii (chromosome or plasmid)
barcode11_6Gb	contig_10509	13697	15215	adeK_macrolide_antibiotic;_fluoroquinolone_antibiotic;_lincosamide_antibiotic;_carbapenem;_cephalosporin;_tetracycline_antibiotic;_rifamycin_antibiotic;_diaminopyrimidine_antibiotic;_phenicol_antibiotic;_penem	13	1518	1518	1.0	Acinetobacter baumannii (chromosome or plasmid)
barcode11_6Gb	contig_1052	4361	5147	OXA-72_carbapenem;_penam	8	786	786	1.0	Unknown taxonomy (chromosome or plasmid)
barcode11_6Gb	contig_1052	6183	6528	qacG_disinfecting_agents_and_antiseptics	23	345	345	1.0	Unknown taxonomy (chromosome or plasmid)
barcode11_6Gb	contig_1053	5769	6585	sul2_sulfonamide_antibiotic	31	816	816	1.0	Unknown taxonomy (chromosome or plasmid)
barcode11_6Gb	contig_10587	19992	21582	vanT gene in vanG cluster_glycopeptide_antibiotic	13	1590	1590	1.0	
barcode11_6Gb	contig_1061	13683	14496	NDM-1_carbapenem;_cephalosporin;_cephamycin;_penam	23	813	813	1.0	Unknown taxonomy (chromosome or plasmid)
barcode11_6Gb	contig_1061	15773	16553	APH(3')-VIa_aminoglycoside_antibiotic	25	780	780	1.0	Unknown taxonomy (chromosome or plasmid)
barcode11_6Gb	contig_10857	60541	61774	Escherichia coli mdfA_tetracycline_antibiotic;_disinfecting_agents_and_antiseptics	7	1233	1233	1.0	Citrobacter portucalensis (chromosome or plasmid)
barcode11_6Gb	contig_1089	570	1812	mdtM_fluoroquinolone_antibiotic;_lincosamide_antibiotic;_nucleoside_antibiotic;_phenicol_antibiotic;_disinfecting_agents_and_antiseptics	4	1242	1242	1.0	
barcode11_6Gb	contig_1090	28771	29956	Escherichia coli EF-Tu mutants conferring resistance to Pulvomycin_elfamycin_antibiotic	28	1185	1185	1.0	Enterobacter kobei (chromosome or plasmid)
barcode11_6Gb	contig_1090	53095	53728	CRP_macrolide_antibiotic;_fluoroquinolone_antibiotic;_penam	26	633	633	1.0	Enterobacter (chromosome or plasmid)
barcode11_6Gb	contig_1090	128163	129819	ArnT_peptide_antibiotic	26	1656	1656	1.0	Enterobacter kobei (chromosome)
barcode11_6Gb	contig_1090	132693	133677	PmrF_peptide_antibiotic	27	984	984	1.0	
barcode11_6Gb	contig_1092	38750	40676	tet(Q)_tetracycline_antibiotic	74	1926	1926	1.0	Unknown taxonomy (chromosome)
barcode11_6Gb	contig_1092	88227	89223	CfxA6_cephamycin	23	996	996	1.0	
barcode11_6Gb	contig_10991	35908	36439	emrR_fluoroquinolone_antibiotic	12	531	531	1.0	Citrobacter (chromosome)
barcode11_6Gb	contig_10991	36568	37741	emrA_fluoroquinolone_antibiotic	11	1173	1173	1.0	Citrobacter portucalensis (no genomic info)
barcode11_6Gb	contig_10991	37757	39296	emrB_fluoroquinolone_antibiotic	9	1539	1539	1.0	Citrobacter portucalensis (chromosome)
barcode11_6Gb	contig_10991	45833	46019	rsmA_fluoroquinolone_antibiotic;_diaminopyrimidine_antibiotic;_phenicol_antibiotic	7	186	186	1.0	Citrobacter (chromosome or plasmid)
barcode11_6Gb	contig_11002	4312	5050	ErmB_macrolide_antibiotic;_lincosamide_antibiotic;_streptogramin_antibiotic;_streptogramin_A_antibiotic;_streptogramin_B_antibiotic	15	738	738	1.0	Unknown taxonomy (chromosome or plasmid)
barcode11_6Gb	contig_11151	48599	49421	bacA_peptide_antibiotic	5	822	822	1.0	
barcode11_6Gb	contig_11248	5456	5804	qacEdelta1_disinfecting_agents_and_antiseptics	36	348	348	1.0	Unknown taxonomy (chromosome or plasmid)
barcode11_6Gb	contig_11248	5797	6637	sul1_sulfonamide_antibiotic	51	840	840	1.0	Unknown taxonomy (chromosome or plasmid)
barcode11_6Gb	contig_1144	98447	98702	rsmA_fluoroquinolone_antibiotic;_diaminopyrimidine_antibiotic;_phenicol_antibiotic	35	255	255	1.0	
barcode11_6Gb	contig_11462	42927	43257	qacG_disinfecting_agents_and_antiseptics	4	330	330	1.0	
barcode11_6Gb	contig_11476	13547	13733	rsmA_fluoroquinolone_antibiotic;_diaminopyrimidine_antibiotic;_phenicol_antibiotic	14	186	186	1.0	Enterobacter (chromosome or plasmid)
barcode11_6Gb	contig_11481	2312	3107	APH(3')-IIIa_aminoglycoside_antibiotic	12	795	795	1.0	Unknown taxonomy (chromosome or plasmid)
barcode11_6Gb	contig_11631	12697	13027	Klebsiella pneumoniae KpnF_macrolide_antibiotic;_aminoglycoside_antibiotic;_cephalosporin;_tetracycline_antibiotic;_peptide_antibiotic;_rifamycin_antibiotic;_disinfecting_agents_and_antiseptics	4	330	330	1.0	Citrobacter (chromosome)
barcode11_6Gb	contig_11731	11112	11457	FosH_phosphonic_acid_antibiotic	1	345	345	1.0	
barcode11_6Gb	contig_11731	12742	13159	FosI_phosphonic_acid_antibiotic	1	417	417	1.0	
barcode11_6Gb	contig_1186	20752	22057	Acinetobacter baumannii AbaQ_fluoroquinolone_antibiotic	12	1305	1305	1.0	
barcode11_6Gb	contig_11868	34432	34687	FosA8_phosphonic_acid_antibiotic	3	255	255	1.0	Enterobacter roggenkampii (chromosome)
barcode11_6Gb	contig_11926	56738	57887	vanT gene in vanG cluster_glycopeptide_antibiotic	3	1149	1149	1.0	
barcode11_6Gb	contig_12132	352	1828	msrE_macrolide_antibiotic;_streptogramin_antibiotic	23	1476	1476	1.0	Unknown taxonomy (chromosome or plasmid)
barcode11_6Gb	contig_12149	12079	13738	ArnT_peptide_antibiotic	7	1659	1659	1.0	Citrobacter (chromosome)
barcode11_6Gb	contig_12149	36653	39293	Escherichia coli gyrA conferring resistance to fluoroquinolones_fluoroquinolone_antibiotic	9	2640	2640	1.0	Citrobacter freundii (chromosome or plasmid)
barcode11_6Gb	contig_1218	59540	59873	qacJ_disinfecting_agents_and_antiseptics	8	333	333	1.0	
barcode11_6Gb	contig_1219	75	903	OXA-253_carbapenem;_penam	85	828	828	1.0	Acinetobacter baumannii (chromosome)
barcode11_6Gb	contig_1223	46078	47230	MOX-13_cephalosporin;_cephamycin;_penam	75	1152	1152	1.0	Aeromonas caviae (chromosome or plasmid)
barcode11_6Gb	contig_12238	6610	7417	vanY gene in vanM cluster_glycopeptide_antibiotic	3	807	807	1.0	
barcode11_6Gb	contig_12248	74151	75345	vanT gene in vanG cluster_glycopeptide_antibiotic	12	1194	1194	1.0	
barcode11_6Gb	contig_12248	226025	227198	vanT gene in vanG cluster_glycopeptide_antibiotic	16	1173	1173	1.0	
barcode11_6Gb	contig_12248	234118	236080	tet(O)_tetracycline_antibiotic	11	1962	1962	1.0	
barcode11_6Gb	contig_1228	674286	674622	qacG_disinfecting_agents_and_antiseptics	5	336	336	1.0	
barcode11_6Gb	contig_12317	19012	19372	qacJ_disinfecting_agents_and_antiseptics	8	360	360	1.0	
barcode11_6Gb	contig_12417	14272	15163	CblA-1_cephalosporin	7	891	891	1.0	Phocaeicola dorei (no genomic info)
barcode11_6Gb	contig_12417	15300	18414	adeF_fluoroquinolone_antibiotic;_tetracycline_antibiotic	8	3114	3114	1.0	
barcode11_6Gb	contig_12449	8587	9865	Acinetobacter baumannii AbaQ_fluoroquinolone_antibiotic	5	1278	1278	1.0	
barcode11_6Gb	contig_12479	2956	4039	vanG_glycopeptide_antibiotic	9	1083	1083	1.0	Klebsiella michiganensis (chromosome)
barcode11_6Gb	contig_12538	7544	7874	qacG_disinfecting_agents_and_antiseptics	5	330	330	1.0	
barcode11_6Gb	contig_12692	5513	6980	vanW gene in vanI cluster_glycopeptide_antibiotic	4	1467	1467	1.0	
barcode11_6Gb	contig_12786	6338	6833	nimA_nitroimidazole_antibiotic	4	495	495	1.0	
barcode11_6Gb	contig_12821	337	1813	msrE_macrolide_antibiotic;_streptogramin_antibiotic	35	1476	1476	1.0	Unknown taxonomy (chromosome or plasmid)
barcode11_6Gb	contig_12920	61	1249	tet(39)_tetracycline_antibiotic	25	1188	1188	1.0	Unknown taxonomy (plasmid)
barcode11_6Gb	contig_12922	105	450	qacG_disinfecting_agents_and_antiseptics	23	345	345	1.0	Unknown taxonomy (chromosome or plasmid)
barcode11_6Gb	contig_12933	2744	3626	KPC-2_monobactam;_carbapenem;_cephalosporin;_penam	356	882	882	1.0	Unknown taxonomy (chromosome or plasmid)
barcode11_6Gb	contig_13038	300	957	QnrS2_fluoroquinolone_antibiotic	26	657	657	1.0	Unknown taxonomy (chromosome or plasmid)
barcode11_6Gb	contig_13056	18004	19519	aadT_macrolide_antibiotic;_tetracycline_antibiotic;_disinfecting_agents_and_antiseptics	24	1515	1515	1.0	
barcode11_6Gb	contig_13086	124741	125404	AcrS_fluoroquinolone_antibiotic;_cephalosporin;_glycylcycline;_cephamycin;_penam;_tetracycline_antibiotic;_rifamycin_antibiotic;_phenicol_antibiotic;_disinfecting_agents_and_antiseptics	12	663	663	1.0	Unknown taxonomy (chromosome or plasmid)
barcode11_6Gb	contig_13086	125802	126960	AcrE_fluoroquinolone_antibiotic;_cephalosporin;_cephamycin;_penam	11	1158	1158	1.0	Unknown taxonomy (chromosome or plasmid)
barcode11_6Gb	contig_13086	126971	130076	AcrF_fluoroquinolone_antibiotic;_cephalosporin;_cephamycin;_penam	14	3105	3105	1.0	Escherichia coli (chromosome or plasmid)
barcode11_6Gb	contig_13095	36532	37717	Escherichia coli EF-Tu mutants conferring resistance to Pulvomycin_elfamycin_antibiotic	18	1185	1185	1.0	Aeromonas (chromosome or plasmid)
barcode11_6Gb	contig_13107	109	946	APH(6)-Id_aminoglycoside_antibiotic	36	837	837	1.0	Unknown taxonomy (chromosome or plasmid)
barcode11_6Gb	contig_13107	945	1749	APH(3'')-Ib_aminoglycoside_antibiotic	31	804	804	1.0	Unknown taxonomy (chromosome or plasmid)
barcode11_6Gb	contig_13107	2628	3819	tet(C)_tetracycline_antibiotic	25	1191	1191	1.0	Unknown taxonomy (chromosome or plasmid)
barcode11_6Gb	contig_13129	2046	2886	sul1_sulfonamide_antibiotic	21	840	840	1.0	Unknown taxonomy (chromosome or plasmid)
barcode11_6Gb	contig_13129	7831	8758	PER-3_monobactam;_carbapenem;_cephalosporin;_penam;_penem	18	927	927	1.0	Unknown taxonomy (chromosome or plasmid)
barcode11_6Gb	contig_13231	69300	69771	vanW gene in vanI cluster_glycopeptide_antibiotic	4	471	471	1.0	
barcode11_6Gb	contig_13271	90912	92106	Enterobacter cloacae acrA_fluoroquinolone_antibiotic;_cephalosporin;_glycylcycline;_penam;_tetracycline_antibiotic;_rifamycin_antibiotic;_phenicol_antibiotic;_disinfecting_agents_and_antiseptics	20	1194	1194	1.0	Enterobacter (chromosome)
barcode11_6Gb	contig_13271	92128	95275	acrB_fluoroquinolone_antibiotic;_cephalosporin;_glycylcycline;_penam;_tetracycline_antibiotic;_rifamycin_antibiotic;_phenicol_antibiotic;_disinfecting_agents_and_antiseptics	20	3147	3147	1.0	Unknown taxonomy (chromosome)
barcode11_6Gb	contig_13312	3699	4044	qacG_disinfecting_agents_and_antiseptics	21	345	345	1.0	Unknown taxonomy (chromosome or plasmid)
barcode11_6Gb	contig_13327	2164	3355	tet(C)_tetracycline_antibiotic	20	1191	1191	1.0	Unknown taxonomy (chromosome or plasmid)
barcode11_6Gb	contig_13373	291	726	Escherichia coli AcrAB-TolC with MarR mutations conferring resistance to ciprofloxacin and tetracycline_fluoroquinolone_antibiotic;_cephalosporin;_glycylcycline;_penam;_tetracycline_antibiotic;_rifamycin_antibiotic;_phenicol_antibiotic;_disinfecting_agents_and_antiseptics	10	435	435	1.0	Unknown taxonomy (chromosome or plasmid)
barcode11_6Gb	contig_13373	745	1129	marA_fluoroquinolone_antibiotic;_monobactam;_carbapenem;_cephalosporin;_glycylcycline;_cephamycin;_penam;_tetracycline_antibiotic;_rifamycin_antibiotic;_phenicol_antibiotic;_penem;_disinfecting_agents_and_antiseptics	10	384	384	1.0	Unknown taxonomy (chromosome or plasmid)
barcode11_6Gb	contig_13388	28044	28299	rsmA_fluoroquinolone_antibiotic;_diaminopyrimidine_antibiotic;_phenicol_antibiotic	16	255	255	1.0	
barcode11_6Gb	contig_13409	2538	3744	tet(B)_tetracycline_antibiotic	50	1206	1206	1.0	Unknown taxonomy (chromosome or plasmid)
barcode11_6Gb	contig_13409	3825	4449	tetR_tetracycline_antibiotic	44	624	624	1.0	Unknown taxonomy (chromosome or plasmid)
barcode11_6Gb	contig_13409	12702	13629	PER-2_monobactam;_carbapenem;_cephalosporin;_penam;_penem	42	927	927	1.0	Unknown taxonomy (plasmid)
barcode11_6Gb	contig_13446	4765	5545	APH(3')-VIa_aminoglycoside_antibiotic	78	780	780	1.0	Unknown taxonomy (chromosome or plasmid)
barcode11_6Gb	contig_13451	30018	31485	vanW gene in vanI cluster_glycopeptide_antibiotic	7	1467	1467	1.0	
barcode11_6Gb	contig_1347	95869	96979	vanT gene in vanG cluster_glycopeptide_antibiotic	189	1110	1110	1.0	
barcode11_6Gb	contig_13471	4506	5370	aadS_aminoglycoside_antibiotic	16	864	864	1.0	Unknown taxonomy (chromosome or plasmid)
barcode11_6Gb	contig_13487	14691	15057	Klebsiella pneumoniae KpnE_macrolide_antibiotic;_aminoglycoside_antibiotic;_cephalosporin;_tetracycline_antibiotic;_peptide_antibiotic;_rifamycin_antibiotic;_disinfecting_agents_and_antiseptics	9	366	366	1.0	Unknown taxonomy (chromosome or plasmid)
barcode11_6Gb	contig_13487	15043	15373	Klebsiella pneumoniae KpnF_macrolide_antibiotic;_aminoglycoside_antibiotic;_cephalosporin;_tetracycline_antibiotic;_peptide_antibiotic;_rifamycin_antibiotic;_disinfecting_agents_and_antiseptics	8	330	330	1.0	Unknown taxonomy (chromosome or plasmid)
barcode11_6Gb	contig_13488	9514	9859	qacG_disinfecting_agents_and_antiseptics	26	345	345	1.0	Unknown taxonomy (chromosome or plasmid)
barcode11_6Gb	contig_13496	92582	92837	rsmA_fluoroquinolone_antibiotic;_diaminopyrimidine_antibiotic;_phenicol_antibiotic	12	255	255	1.0	
barcode11_6Gb	contig_13537	55331	56150	bacA_peptide_antibiotic	7	819	819	1.0	Escherichia coli (no genomic info)
barcode11_6Gb	contig_13581	5543	6425	KPC-2_monobactam;_carbapenem;_cephalosporin;_penam	85	882	882	1.0	Unknown taxonomy (chromosome or plasmid)
barcode11_6Gb	contig_13604	7117	7591	dfrA6_diaminopyrimidine_antibiotic	26	474	474	1.0	Unknown taxonomy (chromosome or plasmid)
barcode11_6Gb	contig_13604	7749	8406	QnrVC1_fluoroquinolone_antibiotic	22	657	657	1.0	Unknown taxonomy (chromosome or plasmid)
barcode11_6Gb	contig_13673	76952	78185	Escherichia coli mdfA_tetracycline_antibiotic;_disinfecting_agents_and_antiseptics	7	1233	1233	1.0	Escherichia coli (chromosome or plasmid)
barcode11_6Gb	contig_13740	79535	79865	qacG_disinfecting_agents_and_antiseptics	12	330	330	1.0	
barcode11_6Gb	contig_13746	5946	6495	vanY gene in vanB cluster_glycopeptide_antibiotic	3	549	549	1.0	
barcode11_6Gb	contig_1383	1717	2545	OXA-253_carbapenem;_penam	88	828	828	1.0	Acinetobacter baumannii (chromosome)
barcode11_6Gb	contig_1455	6106	6763	QnrVC1_fluoroquinolone_antibiotic	23	657	657	1.0	Unknown taxonomy (chromosome or plasmid)
barcode11_6Gb	contig_1457	3365	4205	sul1_sulfonamide_antibiotic	40	840	840	1.0	Unknown taxonomy (chromosome or plasmid)
barcode11_6Gb	contig_1457	4198	4546	qacEdelta1_disinfecting_agents_and_antiseptics	42	348	348	1.0	Unknown taxonomy (chromosome or plasmid)
barcode11_6Gb	contig_1457	4662	5508	aadA6_aminoglycoside_antibiotic	26	846	846	1.0	Unknown taxonomy (chromosome or plasmid)
barcode11_6Gb	contig_1457	5619	5952	qacJ_disinfecting_agents_and_antiseptics	26	333	333	1.0	Unknown taxonomy (chromosome or plasmid)
barcode11_6Gb	contig_1457	6081	6990	OXA-2_carbapenem;_cephalosporin;_penam	37	909	909	1.0	Unknown taxonomy (chromosome or plasmid)
barcode11_6Gb	contig_1457	7053	7512	AAC(6')-Il_aminoglycoside_antibiotic	33	459	459	1.0	Unknown taxonomy (chromosome or plasmid)
barcode11_6Gb	contig_1457	7731	8265	ANT(2'')-Ia_aminoglycoside_antibiotic	34	534	534	1.0	Unknown taxonomy (chromosome or plasmid)
barcode11_6Gb	contig_1457	8396	8855	AAC(6')-Il_aminoglycoside_antibiotic	37	459	459	1.0	Unknown taxonomy (chromosome or plasmid)
barcode11_6Gb	contig_1457	11116	11626	dfrA8_diaminopyrimidine_antibiotic	12	510	510	1.0	Unknown taxonomy (chromosome or plasmid)
barcode11_6Gb	contig_1457	18250	18910	catA1_phenicol_antibiotic	14	660	660	1.0	Unknown taxonomy (chromosome or plasmid)
barcode11_6Gb	contig_1457	22036	23227	tet(C)_tetracycline_antibiotic	32	1191	1191	1.0	Unknown taxonomy (chromosome or plasmid)
barcode11_6Gb	contig_1460	2622	3282	catA1_phenicol_antibiotic	12	660	660	1.0	Unknown taxonomy (chromosome or plasmid)
barcode11_6Gb	contig_1460	71060	71705	QnrB19_fluoroquinolone_antibiotic	61	645	645	1.0	Unknown taxonomy (chromosome or plasmid)
barcode11_6Gb	contig_1460	72193	73054	AAC(3)-IIe_aminoglycoside_antibiotic	9	861	861	1.0	Unknown taxonomy (chromosome or plasmid)
barcode11_6Gb	contig_1474	37038	37875	APH(6)-Id_aminoglycoside_antibiotic	89	837	837	1.0	Unknown taxonomy (chromosome or plasmid)
barcode11_6Gb	contig_1486	676	2320	MCR-5.1_peptide_antibiotic	6	1644	1644	1.0	Unknown taxonomy (chromosome or plasmid)
barcode11_6Gb	contig_1547	331509	332334	OXA-441_carbapenem;_penam	9	825	825	1.0	Acinetobacter baumannii (chromosome or plasmid)
barcode11_6Gb	contig_1554	191586	192081	lnuC_lincosamide_antibiotic	60	495	495	1.0	Unknown taxonomy (chromosome or plasmid)
barcode11_6Gb	contig_1554	1119236	1120730	vanW gene in vanI cluster_glycopeptide_antibiotic	29	1494	1494	1.0	
barcode11_6Gb	contig_1554	1190020	1191223	vanT gene in vanG cluster_glycopeptide_antibiotic	22	1203	1203	1.0	
barcode11_6Gb	contig_1594	86167	88645	vanT gene in vanG cluster_glycopeptide_antibiotic	79	2478	2478	1.0	
barcode11_6Gb	contig_1608	2821	3151	qacG_disinfecting_agents_and_antiseptics	9	330	330	1.0	Elizabethkingia anophelis (chromosome)
barcode11_6Gb	contig_1609	650827	653980	adeF_fluoroquinolone_antibiotic;_tetracycline_antibiotic	33	3153	3153	1.0	
barcode11_6Gb	contig_1609	722211	722775	lnuC_lincosamide_antibiotic	48	564	564	1.0	Unknown taxonomy (chromosome or plasmid)
barcode11_6Gb	contig_1689	52310	54803	vanT gene in vanG cluster_glycopeptide_antibiotic	10	2493	2493	1.0	
barcode11_6Gb	contig_1692	706461	707571	vanT gene in vanG cluster_glycopeptide_antibiotic	64	1110	1110	1.0	
barcode11_6Gb	contig_1692	1631732	1634924	adeF_fluoroquinolone_antibiotic;_tetracycline_antibiotic	37	3192	3192	1.0	
barcode11_6Gb	contig_1761	213028	214996	vanT gene in vanG cluster_glycopeptide_antibiotic	29	1968	1968	1.0	
barcode11_6Gb	contig_1842	68431	68620	rsmA_fluoroquinolone_antibiotic;_diaminopyrimidine_antibiotic;_phenicol_antibiotic	10	189	189	1.0	
barcode11_6Gb	contig_1843	7367	7556	rsmA_fluoroquinolone_antibiotic;_diaminopyrimidine_antibiotic;_phenicol_antibiotic	70	189	189	1.0	
barcode11_6Gb	contig_1847	99970	100372	FosA8_phosphonic_acid_antibiotic	68	402	402	1.0	Aeromonas caviae (chromosome or plasmid)
barcode11_6Gb	contig_1883	11885	13868	tet(W)_tetracycline_antibiotic	62	1983	1983	1.0	Unknown taxonomy (chromosome or plasmid)
barcode11_6Gb	contig_1883	53561	55481	tet(O)_tetracycline_antibiotic	20	1920	1920	1.0	Unknown taxonomy (chromosome or plasmid)
barcode11_6Gb	contig_1883	55532	56771	tet(40)_tetracycline_antibiotic	17	1239	1239	1.0	Unknown taxonomy (chromosome)
barcode11_6Gb	contig_1921	30174	30501	Escherichia coli soxS with mutation conferring antibiotic resistance_fluoroquinolone_antibiotic;_monobactam;_carbapenem;_cephalosporin;_glycylcycline;_cephamycin;_penam;_tetracycline_antibiotic;_rifamycin_antibiotic;_phenicol_antibiotic;_penem;_disinfecting_agents_and_antiseptics	9	327	327	1.0	
barcode11_6Gb	contig_1947	37319	39785	vanT gene in vanG cluster_glycopeptide_antibiotic	15	2466	2466	1.0	Phocaeicola (chromosome)
barcode11_6Gb	contig_2064	4736	5957	tet(40)_tetracycline_antibiotic	8	1221	1221	1.0	Unknown taxonomy (chromosome)
barcode11_6Gb	contig_2090	18666	19470	APH(3'')-Ib_aminoglycoside_antibiotic	59	804	804	1.0	Unknown taxonomy (chromosome or plasmid)
barcode11_6Gb	contig_2090	19469	20306	APH(6)-Id_aminoglycoside_antibiotic	58	837	837	1.0	Unknown taxonomy (chromosome or plasmid)
barcode11_6Gb	contig_2090	21634	22207	AAC(6')-Ian_aminoglycoside_antibiotic	12	573	573	1.0	Unknown taxonomy (chromosome or plasmid)
barcode11_6Gb	contig_2090	24969	25830	TEM-1_monobactam;_cephalosporin;_penam;_penem	34	861	861	1.0	Unknown taxonomy (chromosome or plasmid)
barcode11_6Gb	contig_2090	25971	26832	AAC(3)-IIe_aminoglycoside_antibiotic	14	861	861	1.0	Unknown taxonomy (chromosome or plasmid)
barcode11_6Gb	contig_2096	1029	1890	AAC(3)-IIe_aminoglycoside_antibiotic	6	861	861	1.0	Unknown taxonomy (chromosome or plasmid)
barcode11_6Gb	contig_2096	2124	3093	SCO-1_cephalosporin;_penam;_penem	5	969	969	1.0	Unknown taxonomy (chromosome or plasmid)
barcode11_6Gb	contig_2111	3214	4030	sul2_sulfonamide_antibiotic	39	816	816	1.0	Unknown taxonomy (chromosome or plasmid)
barcode11_6Gb	contig_2111	12090	12927	APH(6)-Id_aminoglycoside_antibiotic	42	837	837	1.0	Unknown taxonomy (chromosome or plasmid)
barcode11_6Gb	contig_2111	12926	13790	APH(3'')-Ib_aminoglycoside_antibiotic	30	864	864	1.0	Unknown taxonomy (chromosome or plasmid)
barcode11_6Gb	contig_2129	1970	2807	APH(6)-Id_aminoglycoside_antibiotic	25	837	837	1.0	Unknown taxonomy (chromosome or plasmid)
barcode11_6Gb	contig_2129	3884	5084	tet(A)_tetracycline_antibiotic	25	1200	1200	1.0	Unknown taxonomy (chromosome or plasmid)
barcode11_6Gb	contig_2164	150648	151833	Escherichia coli EF-Tu mutants conferring resistance to Pulvomycin_elfamycin_antibiotic	86	1185	1185	1.0	Aeromonas caviae (chromosome or plasmid)
barcode11_6Gb	contig_2164	169866	171051	Escherichia coli EF-Tu mutants conferring resistance to Pulvomycin_elfamycin_antibiotic	94	1185	1185	1.0	Aeromonas caviae (chromosome or plasmid)
barcode11_6Gb	contig_2179	37630	38836	Mef(En2)_macrolide_antibiotic;_lincosamide_antibiotic	17	1206	1206	1.0	Unknown taxonomy (chromosome)
barcode11_6Gb	contig_2208	97	550	arr-2_rifamycin_antibiotic	12	453	453	1.0	Unknown taxonomy (chromosome or plasmid)
barcode11_6Gb	contig_2211	702	1542	sul1_sulfonamide_antibiotic	40	840	840	1.0	Unknown taxonomy (chromosome or plasmid)
barcode11_6Gb	contig_2211	1535	1883	qacEdelta1_disinfecting_agents_and_antiseptics	46	348	348	1.0	Unknown taxonomy (chromosome or plasmid)
barcode11_6Gb	contig_2211	2046	2826	aadA2_aminoglycoside_antibiotic	41	780	780	1.0	Unknown taxonomy (chromosome or plasmid)
barcode11_6Gb	contig_2211	3245	3743	dfrA12_diaminopyrimidine_antibiotic	35	498	498	1.0	Unknown taxonomy (chromosome or plasmid)
barcode11_6Gb	contig_2211	10948	11728	APH(3')-VIa_aminoglycoside_antibiotic	58	780	780	1.0	Unknown taxonomy (chromosome or plasmid)
barcode11_6Gb	contig_2211	19831	20695	GES-1_carbapenem;_cephalosporin;_penam	58	864	864	1.0	Unknown taxonomy (chromosome or plasmid)
barcode11_6Gb	contig_2211	20736	21387	AAC(6')-Ib9_aminoglycoside_antibiotic	62	651	651	1.0	Unknown taxonomy (chromosome or plasmid)
barcode11_6Gb	contig_2211	21468	22296	OXA-2_carbapenem;_cephalosporin;_penam	61	828	828	1.0	Unknown taxonomy (chromosome or plasmid)
barcode11_6Gb	contig_2211	22636	22984	qacEdelta1_disinfecting_agents_and_antiseptics	84	348	348	1.0	Unknown taxonomy (chromosome or plasmid)
barcode11_6Gb	contig_2211	22977	23817	sul1_sulfonamide_antibiotic	103	840	840	1.0	Unknown taxonomy (chromosome or plasmid)
barcode11_6Gb	contig_2214	2053	2893	sul1_sulfonamide_antibiotic	78	840	840	1.0	Unknown taxonomy (chromosome or plasmid)
barcode11_6Gb	contig_2214	2886	3234	qacEdelta1_disinfecting_agents_and_antiseptics	68	348	348	1.0	Unknown taxonomy (chromosome or plasmid)
barcode11_6Gb	contig_2214	3398	4109	aadA2_aminoglycoside_antibiotic	30	711	711	1.0	Escherichia coli (chromosome or plasmid)
barcode11_6Gb	contig_2215	46	682	catB3_phenicol_antibiotic	13	636	636	1.0	Unknown taxonomy (chromosome or plasmid)
barcode11_6Gb	contig_2215	1775	2375	AAC(6')-Ib-cr6_fluoroquinolone_antibiotic;_aminoglycoside_antibiotic	40	600	600	1.0	Unknown taxonomy (chromosome or plasmid)
barcode11_6Gb	contig_2243	109504	110467	leuO_nucleoside_antibiotic;_disinfecting_agents_and_antiseptics	10	963	963	1.0	Enterobacter roggenkampii (chromosome)
barcode11_6Gb	contig_2314	146616	150210	evgS_macrolide_antibiotic;_fluoroquinolone_antibiotic;_penam;_tetracycline_antibiotic	5	3594	3594	1.0	Escherichia coli (chromosome or plasmid)
barcode11_6Gb	contig_2314	150214	150829	evgA_macrolide_antibiotic;_fluoroquinolone_antibiotic;_penam;_tetracycline_antibiotic	10	615	615	1.0	Unknown taxonomy (chromosome or plasmid)
barcode11_6Gb	contig_2314	151352	152408	emrK_tetracycline_antibiotic	16	1056	1056	1.0	Unknown taxonomy (chromosome or plasmid)
barcode11_6Gb	contig_2314	152407	153946	emrY_tetracycline_antibiotic	12	1539	1539	1.0	Unknown taxonomy (chromosome or plasmid)
barcode11_6Gb	contig_2407	22290	25455	adeF_fluoroquinolone_antibiotic;_tetracycline_antibiotic	53	3165	3165	1.0	Acinetobacter (chromosome or plasmid)
barcode11_6Gb	contig_2430	108846	110004	mdtE_macrolide_antibiotic;_fluoroquinolone_antibiotic;_penam	17	1158	1158	1.0	Unknown taxonomy (chromosome)
barcode11_6Gb	contig_2430	114602	115427	gadX_macrolide_antibiotic;_fluoroquinolone_antibiotic;_penam	10	825	825	1.0	Unknown taxonomy (chromosome)
barcode11_6Gb	contig_2556	179954	181328	cpxA_aminoglycoside_antibiotic;_aminocoumarin_antibiotic	13	1374	1374	1.0	Unknown taxonomy (chromosome or plasmid)
barcode11_6Gb	contig_2594	8941	10060	vanT gene in vanG cluster_glycopeptide_antibiotic	9	1119	1119	1.0	
barcode11_6Gb	contig_272	428	1904	msrE_macrolide_antibiotic;_streptogramin_antibiotic	226	1476	1476	1.0	Unknown taxonomy (chromosome or plasmid)
barcode11_6Gb	contig_272	1959	2844	mphE_macrolide_antibiotic	250	885	885	1.0	Unknown taxonomy (chromosome or plasmid)
barcode11_6Gb	contig_2851	38248	39130	vanW gene in vanG cluster_glycopeptide_antibiotic	418	882	882	1.0	Acinetobacter johnsonii (chromosome)
barcode11_6Gb	contig_2887	4219	4876	QnrS2_fluoroquinolone_antibiotic	28	657	657	1.0	Unknown taxonomy (chromosome or plasmid)
barcode11_6Gb	contig_2888	2051	2897	sul1_sulfonamide_antibiotic	18	846	846	1.0	Unknown taxonomy (chromosome or plasmid)
barcode11_6Gb	contig_2888	2890	3238	qacEdelta1_disinfecting_agents_and_antiseptics	18	348	348	1.0	Unknown taxonomy (chromosome or plasmid)
barcode11_6Gb	contig_2888	3437	3993	AAC(6')-Ib4_aminoglycoside_antibiotic	15	556	556	1.0	Unknown taxonomy (chromosome or plasmid)
barcode11_6Gb	contig_2888	4080	4413	qacL_disinfecting_agents_and_antiseptics	20	333	333	1.0	Unknown taxonomy (chromosome or plasmid)
barcode11_6Gb	contig_2896	10688	11483	OXA-504_penam	70	795	795	1.0	Aeromonas caviae (chromosome)
barcode11_6Gb	contig_2908	1213457	1214615	vanT gene in vanG cluster_glycopeptide_antibiotic	48	1158	1158	1.0	
barcode11_6Gb	contig_2908	1796027	1797014	vanH gene in vanO cluster_glycopeptide_antibiotic	40	987	987	1.0	
barcode11_6Gb	contig_2996	45122	45449	qacG_disinfecting_agents_and_antiseptics	13	327	327	1.0	
barcode11_6Gb	contig_3002	72249	75363	acrD_aminoglycoside_antibiotic	23	3114	3114	1.0	Enterobacter (chromosome)
barcode11_6Gb	contig_3002	366456	366987	emrR_fluoroquinolone_antibiotic	16	531	531	1.0	Enterobacter kobei (chromosome or plasmid)
barcode11_6Gb	contig_3002	367113	368286	emrA_fluoroquinolone_antibiotic	18	1173	1173	1.0	
barcode11_6Gb	contig_3002	368302	369850	emrB_fluoroquinolone_antibiotic	18	1548	1548	1.0	Enterobacter kobei (chromosome or plasmid)
barcode11_6Gb	contig_3006	29844	30990	CMY-34_cephamycin	8	1146	1146	1.0	Citrobacter portucalensis (chromosome or plasmid)
barcode11_6Gb	contig_3011	117225	118410	Escherichia coli EF-Tu mutants conferring resistance to Pulvomycin_elfamycin_antibiotic	21	1185	1185	1.0	Citrobacter (chromosome or plasmid)
barcode11_6Gb	contig_3011	192202	193576	cpxA_aminoglycoside_antibiotic;_aminocoumarin_antibiotic	16	1374	1374	1.0	
barcode11_6Gb	contig_3013	50775	51960	Escherichia coli EF-Tu mutants conferring resistance to Pulvomycin_elfamycin_antibiotic	39	1185	1185	1.0	Enterobacter (chromosome or plasmid)
barcode11_6Gb	contig_3013	202699	204091	Escherichia coli UhpT with mutation conferring resistance to fosfomycin_phosphonic_acid_antibiotic	26	1392	1392	1.0	Enterobacter kobei (chromosome or plasmid)
barcode11_6Gb	contig_3028	239247	239880	CRP_macrolide_antibiotic;_fluoroquinolone_antibiotic;_penam	13	633	633	1.0	Enterobacter (chromosome or plasmid)
barcode11_6Gb	contig_3038	11423	12374	AAC(3)-IIe_aminoglycoside_antibiotic	17	951	951	1.0	Acinetobacter baumannii (chromosome or plasmid)
barcode11_6Gb	contig_3038	12425	13286	TEM-1_monobactam;_cephalosporin;_penam;_penem	36	861	861	1.0	Unknown taxonomy (chromosome or plasmid)
barcode11_6Gb	contig_3106	16653	17538	mphE_macrolide_antibiotic	304	885	885	1.0	Unknown taxonomy (chromosome or plasmid)
barcode11_6Gb	contig_3106	17593	19069	msrE_macrolide_antibiotic;_streptogramin_antibiotic	314	1476	1476	1.0	Unknown taxonomy (chromosome or plasmid)
barcode11_6Gb	contig_3214	10713	11217	AAC(3)-IIc_aminoglycoside_antibiotic	12	504	504	1.0	Unknown taxonomy (chromosome or plasmid)
barcode11_6Gb	contig_3234	91000	92305	Acinetobacter baumannii AbaQ_fluoroquinolone_antibiotic	13	1305	1305	1.0	Acinetobacter baumannii (chromosome or plasmid)
barcode11_6Gb	contig_3234	133138	134608	adeC_glycylcycline;_tetracycline_antibiotic	6	1470	1470	1.0	Acinetobacter baumannii (chromosome or plasmid)
barcode11_6Gb	contig_3362	80040	80787	vanY gene in vanG cluster_glycopeptide_antibiotic	12	747	747	1.0	
barcode11_6Gb	contig_3398	1808	2432	catS_phenicol_antibiotic	10	624	624	1.0	Parvimonas micra (chromosome)
barcode11_6Gb	contig_3504	7843	8632	ANT(3'')-IIa_aminoglycoside_antibiotic	23	789	789	1.0	Acinetobacter baumannii (chromosome or plasmid)
barcode11_6Gb	contig_3539	2052	2892	sul1_sulfonamide_antibiotic	36	840	840	1.0	Unknown taxonomy (chromosome or plasmid)
barcode11_6Gb	contig_3539	2885	3233	qacEdelta1_disinfecting_agents_and_antiseptics	37	348	348	1.0	Unknown taxonomy (chromosome or plasmid)
barcode11_6Gb	contig_3539	3455	3908	arr-3_rifamycin_antibiotic	32	453	453	1.0	Unknown taxonomy (chromosome or plasmid)
barcode11_6Gb	contig_3539	4004	4604	AAC(6')-Ib-cr6_fluoroquinolone_antibiotic;_aminoglycoside_antibiotic	27	600	600	1.0	Unknown taxonomy (chromosome or plasmid)
barcode11_6Gb	contig_3585	52830	53196	qacG_disinfecting_agents_and_antiseptics	251	366	366	1.0	Acinetobacter johnsonii (chromosome)
barcode11_6Gb	contig_3589	31098	32193	vanG_glycopeptide_antibiotic	13	1095	1095	1.0	Unknown taxonomy (chromosome or plasmid)
barcode11_6Gb	contig_3589	114763	117913	acrB_fluoroquinolone_antibiotic;_cephalosporin;_glycylcycline;_penam;_tetracycline_antibiotic;_rifamycin_antibiotic;_phenicol_antibiotic;_disinfecting_agents_and_antiseptics	12	3150	3150	1.0	Unknown taxonomy (chromosome or plasmid)
barcode11_6Gb	contig_3589	117935	119129	Escherichia coli acrA_fluoroquinolone_antibiotic;_cephalosporin;_glycylcycline;_penam;_tetracycline_antibiotic;_rifamycin_antibiotic;_phenicol_antibiotic;_disinfecting_agents_and_antiseptics	12	1194	1194	1.0	Unknown taxonomy (chromosome or plasmid)
barcode11_6Gb	contig_3589	119270	119918	Escherichia coli AcrAB-TolC with AcrR mutation conferring resistance to ciprofloxacin, tetracycline, and ceftazidime_fluoroquinolone_antibiotic;_cephalosporin;_glycylcycline;_penam;_tetracycline_antibiotic;_rifamycin_antibiotic;_phenicol_antibiotic;_disinfecting_agents_and_antiseptics	9	648	648	1.0	Unknown taxonomy (chromosome or plasmid)
barcode11_6Gb	contig_3589	324907	325585	kdpE_aminoglycoside_antibiotic	6	678	678	1.0	Escherichia coli (chromosome or plasmid)
barcode11_6Gb	contig_3607	17621	18503	KPC-2_monobactam;_carbapenem;_cephalosporin;_penam	437	882	882	1.0	Unknown taxonomy (chromosome or plasmid)
barcode11_6Gb	contig_3610	463	997	ANT(2'')-Ia_aminoglycoside_antibiotic	34	534	534	1.0	Unknown taxonomy (chromosome or plasmid)
barcode11_6Gb	contig_3610	1119	1983	GES-1_carbapenem;_cephalosporin;_penam	52	864	864	1.0	Unknown taxonomy (chromosome or plasmid)
barcode11_6Gb	contig_3610	2056	2515	AAC(6')-Il_aminoglycoside_antibiotic	56	459	459	1.0	Unknown taxonomy (chromosome or plasmid)
barcode11_6Gb	contig_3611	384	1041	QnrVC1_fluoroquinolone_antibiotic	4	657	657	1.0	Unknown taxonomy (chromosome or plasmid)
barcode11_6Gb	contig_3666	91170	91992	bacA_peptide_antibiotic	15	822	822	1.0	Unknown taxonomy (chromosome or plasmid)
barcode11_6Gb	contig_3666	114392	115881	TolC_macrolide_antibiotic;_fluoroquinolone_antibiotic;_aminoglycoside_antibiotic;_carbapenem;_cephalosporin;_glycylcycline;_cephamycin;_penam;_tetracycline_antibiotic;_peptide_antibiotic;_aminocoumarin_antibiotic;_rifamycin_antibiotic;_phenicol_antibiotic;_penem;_disinfecting_agents_and_antiseptics	12	1489	1489	1.0	Unknown taxonomy (chromosome or plasmid)
barcode11_6Gb	contig_3761	50796	52029	mdtM_fluoroquinolone_antibiotic;_lincosamide_antibiotic;_nucleoside_antibiotic;_phenicol_antibiotic;_disinfecting_agents_and_antiseptics	12	1233	1233	1.0	Unknown taxonomy (chromosome or plasmid)
barcode11_6Gb	contig_3761	221960	222905	leuO_nucleoside_antibiotic;_disinfecting_agents_and_antiseptics	13	945	945	1.0	Unknown taxonomy (chromosome or plasmid)
barcode11_6Gb	contig_3761	229006	230773	Haemophilus influenzae PBP3 conferring resistance to beta-lactam antibiotics_cephalosporin;_cephamycin;_penam	9	1767	1767	1.0	Unknown taxonomy (chromosome or plasmid)
barcode11_6Gb	contig_383	5627	6842	floR_phenicol_antibiotic	19	1215	1215	1.0	Unknown taxonomy (chromosome or plasmid)
barcode11_6Gb	contig_383	8563	9448	mphE_macrolide_antibiotic	161	885	885	1.0	Unknown taxonomy (chromosome or plasmid)
barcode11_6Gb	contig_383	9503	10979	msrE_macrolide_antibiotic;_streptogramin_antibiotic	191	1476	1476	1.0	Unknown taxonomy (chromosome or plasmid)
barcode11_6Gb	contig_3876	83334	84987	ArnT_peptide_antibiotic	10	1653	1653	1.0	Unknown taxonomy (chromosome or plasmid)
barcode11_6Gb	contig_3876	87856	88825	PmrF_peptide_antibiotic	13	969	969	1.0	Unknown taxonomy (chromosome or plasmid)
barcode11_6Gb	contig_3878	6128	7487	Escherichia coli GlpT with mutation conferring resistance to fosfomycin_phosphonic_acid_antibiotic	8	1359	1359	1.0	Escherichia coli (chromosome or plasmid)
barcode11_6Gb	contig_3899	2696	3596	VEB-3_monobactam;_cephalosporin	15	900	900	1.0	Unknown taxonomy (chromosome or plasmid)
barcode11_6Gb	contig_3914	181659	182004	qacG_disinfecting_agents_and_antiseptics	8	345	345	1.0	
barcode11_6Gb	contig_395	728	1568	sul1_sulfonamide_antibiotic	61	840	840	1.0	Unknown taxonomy (chromosome or plasmid)
barcode11_6Gb	contig_395	28090	28975	mphE_macrolide_antibiotic	324	885	885	1.0	Unknown taxonomy (chromosome or plasmid)
barcode11_6Gb	contig_395	29030	30506	msrE_macrolide_antibiotic;_streptogramin_antibiotic	326	1476	1476	1.0	Unknown taxonomy (chromosome or plasmid)
barcode11_6Gb	contig_395	32771	33608	APH(6)-Id_aminoglycoside_antibiotic	120	837	837	1.0	Unknown taxonomy (chromosome or plasmid)
barcode11_6Gb	contig_395	33607	34411	APH(3'')-Ib_aminoglycoside_antibiotic	114	804	804	1.0	Unknown taxonomy (chromosome or plasmid)
barcode11_6Gb	contig_4196	56965	57598	CRP_macrolide_antibiotic;_fluoroquinolone_antibiotic;_penam	8	633	633	1.0	Klebsiella pneumoniae (chromosome)
barcode11_6Gb	contig_420	22645	23530	mphE_macrolide_antibiotic	285	885	885	1.0	Unknown taxonomy (chromosome or plasmid)
barcode11_6Gb	contig_420	23585	25061	msrE_macrolide_antibiotic;_streptogramin_antibiotic	265	1476	1476	1.0	Unknown taxonomy (chromosome or plasmid)
barcode11_6Gb	contig_423	1007	1664	QnrVC1_fluoroquinolone_antibiotic	20	657	657	1.0	Unknown taxonomy (chromosome or plasmid)
barcode11_6Gb	contig_423	1822	2296	dfrA31_diaminopyrimidine_antibiotic	18	474	474	1.0	Vibrio (chromosome or plasmid)
barcode11_6Gb	contig_4289	2396	3038	catII_phenicol_antibiotic	13	642	642	1.0	Unknown taxonomy (chromosome or plasmid)
barcode11_6Gb	contig_4290	4219	4975	AAC(3)-VIa_aminoglycoside_antibiotic	3	756	756	1.0	Unknown taxonomy (chromosome or plasmid)
barcode11_6Gb	contig_4290	5298	6120	aadA_aminoglycoside_antibiotic	20	822	822	1.0	Unknown taxonomy (chromosome or plasmid)
barcode11_6Gb	contig_432	20443	21748	Acinetobacter baumannii AbaQ_fluoroquinolone_antibiotic	19	1305	1305	1.0	
barcode11_6Gb	contig_4346	161054	162821	Haemophilus influenzae PBP3 conferring resistance to beta-lactam antibiotics_cephalosporin;_cephamycin;_penam	19	1767	1767	1.0	Enterobacter kobei (chromosome or plasmid)
barcode11_6Gb	contig_4346	168983	170006	leuO_nucleoside_antibiotic;_disinfecting_agents_and_antiseptics	25	1023	1023	1.0	Enterobacter kobei (chromosome)
barcode11_6Gb	contig_4346	361335	361761	FosA2_phosphonic_acid_antibiotic	19	426	426	1.0	Enterobacter kobei (chromosome)
barcode11_6Gb	contig_4346	510267	511413	ACT-87_carbapenem;_cephalosporin;_cephamycin;_penam	16	1146	1146	1.0	Enterobacter kobei (chromosome)
barcode11_6Gb	contig_4367	1398	2169	tet(W)_tetracycline_antibiotic	12	771	771	1.0	Unknown taxonomy (chromosome or plasmid)
barcode11_6Gb	contig_437	365	1841	msrE_macrolide_antibiotic;_streptogramin_antibiotic	45	1476	1476	1.0	Unknown taxonomy (chromosome or plasmid)
barcode11_6Gb	contig_437	9011	9827	sul2_sulfonamide_antibiotic	42	816	816	1.0	Unknown taxonomy (chromosome or plasmid)
barcode11_6Gb	contig_437	11778	12993	floR_phenicol_antibiotic	22	1215	1215	1.0	Unknown taxonomy (chromosome or plasmid)
barcode11_6Gb	contig_443	217	1054	APH(6)-Id_aminoglycoside_antibiotic	35	837	837	1.0	Unknown taxonomy (chromosome or plasmid)
barcode11_6Gb	contig_443	1053	1857	APH(3'')-Ib_aminoglycoside_antibiotic	26	804	804	1.0	Unknown taxonomy (chromosome or plasmid)
barcode11_6Gb	contig_4479	9564	10029	AAC(3)-Ia_aminoglycoside_antibiotic	15	465	465	1.0	Unknown taxonomy (chromosome or plasmid)
barcode11_6Gb	contig_450	4288	5131	OXA-58_carbapenem;_penam	33	843	843	1.0	Unknown taxonomy (chromosome or plasmid)
barcode11_6Gb	contig_4620	272184	272370	rsmA_fluoroquinolone_antibiotic;_diaminopyrimidine_antibiotic;_phenicol_antibiotic	17	186	186	1.0	Enterobacter (chromosome or plasmid)
barcode11_6Gb	contig_4645	51656	52436	APH(3')-VIa_aminoglycoside_antibiotic	84	780	780	1.0	Unknown taxonomy (chromosome or plasmid)
barcode11_6Gb	contig_4673	305966	307961	lmrD_lincosamide_antibiotic	9	1995	1995	1.0	
barcode11_6Gb	contig_4673	982033	982780	vanY gene in vanG cluster_glycopeptide_antibiotic	8	747	747	1.0	
barcode11_6Gb	contig_4729	1938	2778	sul1_sulfonamide_antibiotic	87	840	840	1.0	Unknown taxonomy (chromosome or plasmid)
barcode11_6Gb	contig_4729	2771	3119	qacEdelta1_disinfecting_agents_and_antiseptics	98	348	348	1.0	Unknown taxonomy (chromosome or plasmid)
barcode11_6Gb	contig_4729	3341	3794	arr-3_rifamycin_antibiotic	91	453	453	1.0	Unknown taxonomy (chromosome or plasmid)
barcode11_6Gb	contig_4729	3878	4511	catB3_phenicol_antibiotic	87	633	633	1.0	Unknown taxonomy (chromosome or plasmid)
barcode11_6Gb	contig_4729	4648	5479	OXA-1_cephalosporin;_penam	81	831	831	1.0	Unknown taxonomy (chromosome or plasmid)
barcode11_6Gb	contig_4729	5609	6209	AAC(6')-Ib-cr6_fluoroquinolone_antibiotic;_aminoglycoside_antibiotic	74	600	600	1.0	Unknown taxonomy (chromosome or plasmid)
barcode11_6Gb	contig_478	9458	10271	NDM-1_carbapenem;_cephalosporin;_cephamycin;_penam	39	813	813	1.0	Unknown taxonomy (chromosome or plasmid)
barcode11_6Gb	contig_478	11548	12328	APH(3')-VIa_aminoglycoside_antibiotic	37	780	780	1.0	Unknown taxonomy (chromosome or plasmid)
barcode11_6Gb	contig_4793	170584	170914	qacG_disinfecting_agents_and_antiseptics	9	330	330	1.0	
barcode11_6Gb	contig_481	21704	22568	sul4_sulfonamide_antibiotic	14	864	864	1.0	Unknown taxonomy (chromosome or plasmid)
barcode11_6Gb	contig_481	23127	23928	OXA-101_cephalosporin;_penam	8	801	801	1.0	Unknown taxonomy (chromosome or plasmid)
barcode11_6Gb	contig_481	24003	24795	aadA_aminoglycoside_antibiotic	34	792	792	1.0	Unknown taxonomy (chromosome or plasmid)
barcode11_6Gb	contig_481	31546	32821	tet(A)_tetracycline_antibiotic	31	1275	1275	1.0	Unknown taxonomy (chromosome or plasmid)
barcode11_6Gb	contig_481	37799	38636	APH(6)-Id_aminoglycoside_antibiotic	50	837	837	1.0	Unknown taxonomy (chromosome or plasmid)
barcode11_6Gb	contig_481	38635	39439	APH(3'')-Ib_aminoglycoside_antibiotic	54	804	804	1.0	Unknown taxonomy (chromosome or plasmid)
barcode11_6Gb	contig_481	172555	173416	TEM-1_monobactam;_cephalosporin;_penam;_penem	31	861	861	1.0	Unknown taxonomy (chromosome or plasmid)
barcode11_6Gb	contig_481	178387	179248	AAC(3)-IId_aminoglycoside_antibiotic	14	861	861	1.0	Unknown taxonomy (chromosome or plasmid)
barcode11_6Gb	contig_481	181503	182103	AAC(6')-Ib-cr6_fluoroquinolone_antibiotic;_aminoglycoside_antibiotic	30	600	600	1.0	Unknown taxonomy (chromosome or plasmid)
barcode11_6Gb	contig_4815	2939	3767	OXA-253_carbapenem;_penam	87	828	828	1.0	Acinetobacter baumannii (chromosome)
barcode11_6Gb	contig_4956	18629	19760	vanT gene in vanG cluster_glycopeptide_antibiotic	8	1131	1131	1.0	
barcode11_6Gb	contig_4958	9579	10713	tet(O)_tetracycline_antibiotic	47	1134	1134	1.0	Enterococcus hirae (chromosome or plasmid)
barcode11_6Gb	contig_4958	10766	11501	tet(O)_tetracycline_antibiotic	44	735	735	1.0	Unknown taxonomy (chromosome or plasmid)
barcode11_6Gb	contig_4959	19748	21668	tet(O)_tetracycline_antibiotic	40	1920	1920	1.0	Unknown taxonomy (chromosome or plasmid)
barcode11_6Gb	contig_5094	107514	110637	mdtB_aminocoumarin_antibiotic	18	3123	3123	1.0	
barcode11_6Gb	contig_5094	115133	116537	baeS_aminoglycoside_antibiotic;_aminocoumarin_antibiotic	22	1404	1404	1.0	
barcode11_6Gb	contig_5094	116533	117256	baeR_aminoglycoside_antibiotic;_aminocoumarin_antibiotic	21	723	723	1.0	Enterobacter kobei (chromosome)
barcode11_6Gb	contig_5103	5867	6695	OXA-253_carbapenem;_penam	9	828	828	1.0	Acinetobacter baumannii (chromosome or plasmid)
barcode11_6Gb	contig_5118	23022	23277	rsmA_fluoroquinolone_antibiotic;_diaminopyrimidine_antibiotic;_phenicol_antibiotic	297	255	255	1.0	
barcode11_6Gb	contig_514	2690	3875	tet(D)_tetracycline_antibiotic	7	1185	1185	1.0	Unknown taxonomy (chromosome or plasmid)
barcode11_6Gb	contig_5239	23349	24828	Acinetobacter baumannii AmvA_macrolide_antibiotic;_disinfecting_agents_and_antiseptics	12	1479	1479	1.0	Acinetobacter baumannii (chromosome or plasmid)
barcode11_6Gb	contig_5239	279062	279392	abeS_macrolide_antibiotic;_aminocoumarin_antibiotic	14	330	330	1.0	Acinetobacter baumannii (chromosome or plasmid)
barcode11_6Gb	contig_5239	282700	283714	adeL_fluoroquinolone_antibiotic;_tetracycline_antibiotic	15	1014	1014	1.0	Acinetobacter baumannii (chromosome or plasmid)
barcode11_6Gb	contig_5239	283929	285150	adeG_fluoroquinolone_antibiotic;_tetracycline_antibiotic	17	1221	1221	1.0	Acinetobacter baumannii (chromosome or plasmid)
barcode11_6Gb	contig_5239	285156	288336	adeF_fluoroquinolone_antibiotic;_tetracycline_antibiotic	16	3180	3180	1.0	Acinetobacter baumannii (chromosome or plasmid)
barcode11_6Gb	contig_5239	288348	289797	adeH_fluoroquinolone_antibiotic;_tetracycline_antibiotic	15	1449	1449	1.0	Acinetobacter baumannii (chromosome or plasmid)
barcode11_6Gb	contig_5239	393468	394260	ADC-58_cephalosporin	12	792	792	1.0	Acinetobacter baumannii (chromosome or plasmid)
barcode11_6Gb	contig_5240	21361	22672	Acinetobacter baumannii AbaQ_fluoroquinolone_antibiotic	6	1311	1311	1.0	Acinetobacter lwoffii (chromosome)
barcode11_6Gb	contig_5312	21627	21825	rsmA_fluoroquinolone_antibiotic;_diaminopyrimidine_antibiotic;_phenicol_antibiotic	14	198	198	1.0	
barcode11_6Gb	contig_5402	42434	43508	vanT gene in vanG cluster_glycopeptide_antibiotic	75	1074	1074	1.0	
barcode11_6Gb	contig_541	413	1238	OXA-644_carbapenem;_penam	537	825	825	1.0	Acinetobacter johnsonii (chromosome)
barcode11_6Gb	contig_547	4378	4837	AAC(6')-Il_aminoglycoside_antibiotic	68	459	459	1.0	Unknown taxonomy (chromosome or plasmid)
barcode11_6Gb	contig_547	4910	5774	GES-1_carbapenem;_cephalosporin;_penam	66	864	864	1.0	Unknown taxonomy (chromosome or plasmid)
barcode11_6Gb	contig_547	5896	6430	ANT(2'')-Ia_aminoglycoside_antibiotic	43	534	534	1.0	Unknown taxonomy (chromosome or plasmid)
barcode11_6Gb	contig_547	6545	6893	qacEdelta1_disinfecting_agents_and_antiseptics	75	348	348	1.0	Unknown taxonomy (chromosome or plasmid)
barcode11_6Gb	contig_547	6886	7726	sul1_sulfonamide_antibiotic	80	840	840	1.0	Unknown taxonomy (chromosome or plasmid)
barcode11_6Gb	contig_5495	7466	7802	qacG_disinfecting_agents_and_antiseptics	10	336	336	1.0	
barcode11_6Gb	contig_5524	4443	5991	emrB_fluoroquinolone_antibiotic	13	1548	1548	1.0	Unknown taxonomy (chromosome or plasmid)
barcode11_6Gb	contig_5524	6007	7180	emrA_fluoroquinolone_antibiotic	13	1173	1173	1.0	
barcode11_6Gb	contig_5524	7306	7837	emrR_fluoroquinolone_antibiotic	10	531	531	1.0	Enterobacter roggenkampii (chromosome)
barcode11_6Gb	contig_554	2843	3680	APH(6)-Id_aminoglycoside_antibiotic	58	837	837	1.0	Unknown taxonomy (chromosome or plasmid)
barcode11_6Gb	contig_559	8916	9732	RSD2-2_carbapenem;_cephalosporin	8	816	816	1.0	
barcode11_6Gb	contig_559	11455	12271	sul2_sulfonamide_antibiotic	22	816	816	1.0	Unknown taxonomy (chromosome or plasmid)
barcode11_6Gb	contig_559	16644	17865	EreA_macrolide_antibiotic	6	1221	1221	1.0	Unknown taxonomy (chromosome or plasmid)
barcode11_6Gb	contig_559	17950	18748	aadA7_aminoglycoside_antibiotic	8	798	798	1.0	Salmonella enterica (chromosome or plasmid)
barcode11_6Gb	contig_559	18879	19626	OXA-205_penam	6	747	747	1.0	Pseudomonas aeruginosa (no genomic info)
barcode11_6Gb	contig_5631	139	598	AAC(6')-Il_aminoglycoside_antibiotic	42	459	459	1.0	Unknown taxonomy (chromosome or plasmid)
barcode11_6Gb	contig_5631	671	1535	GES-1_carbapenem;_cephalosporin;_penam	48	864	864	1.0	Unknown taxonomy (chromosome or plasmid)
barcode11_6Gb	contig_5631	1657	2191	ANT(2'')-Ia_aminoglycoside_antibiotic	38	534	534	1.0	Unknown taxonomy (chromosome or plasmid)
barcode11_6Gb	contig_5634	913666	914779	vanT gene in vanG cluster_glycopeptide_antibiotic	13	1113	1113	1.0	
barcode11_6Gb	contig_5634	1109068	1112209	adeF_fluoroquinolone_antibiotic;_tetracycline_antibiotic	16	3141	3141	1.0	
barcode11_6Gb	contig_5634	1211251	1212583	vanW gene in vanI cluster_glycopeptide_antibiotic	16	1332	1332	1.0	
barcode11_6Gb	contig_5634	3625750	3627127	vanW gene in vanI cluster_glycopeptide_antibiotic	15	1377	1377	1.0	
barcode11_6Gb	contig_565	14779	15814	aadA11_aminoglycoside_antibiotic	17	1035	1035	1.0	Unknown taxonomy (chromosome or plasmid)
barcode11_6Gb	contig_565	15925	16258	qacJ_disinfecting_agents_and_antiseptics	18	333	333	1.0	Unknown taxonomy (chromosome or plasmid)
barcode11_6Gb	contig_565	16387	17218	OXA-2_carbapenem;_cephalosporin;_penam	29	831	831	1.0	Unknown taxonomy (chromosome or plasmid)
barcode11_6Gb	contig_565	17287	17821	ANT(2'')-Ia_aminoglycoside_antibiotic	26	534	534	1.0	Unknown taxonomy (chromosome or plasmid)
barcode11_6Gb	contig_565	17943	18807	GES-5_carbapenem;_cephalosporin;_penam	28	864	864	1.0	Unknown taxonomy (chromosome or plasmid)
barcode11_6Gb	contig_565	19283	20147	GES-5_carbapenem;_cephalosporin;_penam	55	864	864	1.0	Unknown taxonomy (chromosome or plasmid)
barcode11_6Gb	contig_565	20220	20679	AAC(6')-Il_aminoglycoside_antibiotic	51	459	459	1.0	Unknown taxonomy (chromosome or plasmid)
barcode11_6Gb	contig_5658	1747	2932	Escherichia coli EF-Tu mutants conferring resistance to Pulvomycin_elfamycin_antibiotic	14	1185	1185	1.0	Citrobacter (chromosome or plasmid)
barcode11_6Gb	contig_5658	21286	21919	CRP_macrolide_antibiotic;_fluoroquinolone_antibiotic;_penam	12	633	633	1.0	Citrobacter (chromosome)
barcode11_6Gb	contig_5660	1474	2062	CRP_macrolide_antibiotic;_fluoroquinolone_antibiotic;_penam	5	588	588	1.0	Citrobacter (chromosome)
barcode11_6Gb	contig_572	83116	84508	Escherichia coli UhpT with mutation conferring resistance to fosfomycin_phosphonic_acid_antibiotic	7	1392	1392	1.0	Citrobacter portucalensis (chromosome or plasmid)
barcode11_6Gb	contig_5771	17372	18557	Escherichia coli EF-Tu mutants conferring resistance to Pulvomycin_elfamycin_antibiotic	15	1185	1185	1.0	Unknown taxonomy (chromosome or plasmid)
barcode11_6Gb	contig_5771	33347	33980	CRP_macrolide_antibiotic;_fluoroquinolone_antibiotic;_penam	14	633	633	1.0	Unknown taxonomy (chromosome or plasmid)
barcode11_6Gb	contig_578	24000	25665	msbA_nitroimidazole_antibiotic	8	1665	1665	1.0	Citrobacter (chromosome)
barcode11_6Gb	contig_5796	3495	4359	aadS_aminoglycoside_antibiotic	24	864	864	1.0	Unknown taxonomy (chromosome or plasmid)
barcode11_6Gb	contig_5796	5600	6401	ErmF_macrolide_antibiotic;_lincosamide_antibiotic;_streptogramin_antibiotic;_streptogramin_A_antibiotic;_streptogramin_B_antibiotic	34	801	801	1.0	Unknown taxonomy (chromosome or plasmid)
barcode11_6Gb	contig_5859	36348	38268	tet(O)_tetracycline_antibiotic	27	1920	1920	1.0	Unknown taxonomy (chromosome or plasmid)
barcode11_6Gb	contig_5860	21036	21987	tet(O)_tetracycline_antibiotic	37	951	951	1.0	Unknown taxonomy (chromosome or plasmid)
barcode11_6Gb	contig_5860	22072	22960	tet(O)_tetracycline_antibiotic	26	888	888	1.0	Unknown taxonomy (chromosome or plasmid)
barcode11_6Gb	contig_592	1535	2192	QnrVC1_fluoroquinolone_antibiotic	28	657	657	1.0	Unknown taxonomy (chromosome or plasmid)
barcode11_6Gb	contig_592	3910	4384	dfrA6_diaminopyrimidine_antibiotic	23	474	474	1.0	Unknown taxonomy (chromosome or plasmid)
barcode11_6Gb	contig_592	4516	5380	GES-1_carbapenem;_cephalosporin;_penam	57	864	864	1.0	Unknown taxonomy (chromosome or plasmid)
barcode11_6Gb	contig_592	5453	5912	AAC(6')-Il_aminoglycoside_antibiotic	69	459	459	1.0	Unknown taxonomy (chromosome or plasmid)
barcode11_6Gb	contig_5968	27010	28147	tet(X)_glycylcycline;_tetracycline_antibiotic	18	1137	1137	1.0	Unknown taxonomy (chromosome or plasmid)
barcode11_6Gb	contig_599	22298	24518	Acinetobacter baumannii parC conferring resistance to fluoroquinolones_fluoroquinolone_antibiotic	23	2220	2220	1.0	Acinetobacter baumannii (chromosome or plasmid)
barcode11_6Gb	contig_599	231636	232983	abeM_fluoroquinolone_antibiotic;_disinfecting_agents_and_antiseptics	19	1347	1347	1.0	Acinetobacter baumannii (chromosome or plasmid)
barcode11_6Gb	contig_599	273620	274721	LpsB_peptide_antibiotic	18	1101	1101	1.0	Acinetobacter baumannii (chromosome or plasmid)
barcode11_6Gb	contig_6039	6027	6561	ANT(2'')-Ia_aminoglycoside_antibiotic	36	534	534	1.0	Unknown taxonomy (chromosome or plasmid)
barcode11_6Gb	contig_6039	6679	7510	OXA-4_cephalosporin;_penam	31	831	831	1.0	Pseudomonas aeruginosa (chromosome or plasmid)
barcode11_6Gb	contig_6039	7721	8069	qacEdelta1_disinfecting_agents_and_antiseptics	76	348	348	1.0	Unknown taxonomy (chromosome or plasmid)
barcode11_6Gb	contig_6039	8062	8902	sul1_sulfonamide_antibiotic	94	840	840	1.0	Unknown taxonomy (chromosome or plasmid)
barcode11_6Gb	contig_607	133476	134133	QnrVC1_fluoroquinolone_antibiotic	30	657	657	1.0	Unknown taxonomy (chromosome or plasmid)
barcode11_6Gb	contig_607	134293	135073	aadA_aminoglycoside_antibiotic	52	780	780	1.0	Unknown taxonomy (chromosome or plasmid)
barcode11_6Gb	contig_607	135822	136170	qacEdelta1_disinfecting_agents_and_antiseptics	92	348	348	1.0	Unknown taxonomy (chromosome or plasmid)
barcode11_6Gb	contig_607	136163	137003	sul1_sulfonamide_antibiotic	98	840	840	1.0	Unknown taxonomy (chromosome or plasmid)
barcode11_6Gb	contig_607	141078	142317	Mrx_macrolide_antibiotic	141	1239	1239	1.0	Unknown taxonomy (chromosome or plasmid)
barcode11_6Gb	contig_607	142313	143219	mphA_macrolide_antibiotic	134	906	906	1.0	Unknown taxonomy (chromosome or plasmid)
barcode11_6Gb	contig_6131	633303	635298	lmrD_lincosamide_antibiotic	7	1995	1995	1.0	
barcode11_6Gb	contig_6133	14682	16065	mdeA_fluoroquinolone_antibiotic;_aminoglycoside_antibiotic;_penam;_tetracycline_antibiotic;_disinfecting_agents_and_antiseptics	5	1383	1383	1.0	
barcode11_6Gb	contig_6340	348	2268	tet(W)_tetracycline_antibiotic	34	1920	1920	1.0	Unknown taxonomy (chromosome or plasmid)
barcode11_6Gb	contig_6401	93505	93919	H-NS_macrolide_antibiotic;_fluoroquinolone_antibiotic;_cephalosporin;_cephamycin;_penam;_tetracycline_antibiotic	6	414	414	1.0	Citrobacter (chromosome)
barcode11_6Gb	contig_645	6403	6862	AAC(6')-Il_aminoglycoside_antibiotic	52	459	459	1.0	Unknown taxonomy (chromosome or plasmid)
barcode11_6Gb	contig_645	6935	7799	GES-1_carbapenem;_cephalosporin;_penam	53	864	864	1.0	Unknown taxonomy (chromosome or plasmid)
barcode11_6Gb	contig_645	7921	8455	ANT(2'')-Ia_aminoglycoside_antibiotic	30	534	534	1.0	Unknown taxonomy (chromosome or plasmid)
barcode11_6Gb	contig_645	8570	8918	qacEdelta1_disinfecting_agents_and_antiseptics	63	348	348	1.0	Unknown taxonomy (chromosome or plasmid)
barcode11_6Gb	contig_645	8911	9751	sul1_sulfonamide_antibiotic	80	840	840	1.0	Unknown taxonomy (chromosome or plasmid)
barcode11_6Gb	contig_6457	515	833	qacJ_disinfecting_agents_and_antiseptics	6	318	318	1.0	Unknown taxonomy (chromosome or plasmid)
barcode11_6Gb	contig_6497	16391	17267	CTX-M-55_cephalosporin	4	876	876	1.0	Unknown taxonomy (chromosome or plasmid)
barcode11_6Gb	contig_6497	18049	18790	TEM-245_monobactam;_cephalosporin;_penam;_penem	2	741	741	1.0	Unknown taxonomy (chromosome or plasmid)
barcode11_6Gb	contig_6497	19935	20352	FosA3_phosphonic_acid_antibiotic	5	417	417	1.0	Unknown taxonomy (chromosome or plasmid)
barcode11_6Gb	contig_652	14600	15356	TEM-216_monobactam;_cephalosporin;_penam;_penem	16	756	756	1.0	Unknown taxonomy (chromosome or plasmid)
barcode11_6Gb	contig_653	288	1149	SHV-5_carbapenem;_cephalosporin;_penam	16	861	861	1.0	Unknown taxonomy (chromosome or plasmid)
barcode11_6Gb	contig_653	6639	7173	ANT(2'')-Ia_aminoglycoside_antibiotic	28	534	534	1.0	Unknown taxonomy (chromosome or plasmid)
barcode11_6Gb	contig_653	7317	8217	VEB-1_monobactam;_cephalosporin	30	900	900	1.0	Unknown taxonomy (chromosome or plasmid)
barcode11_6Gb	contig_653	8335	9595	cmlA5_phenicol_antibiotic	45	1260	1260	1.0	Unknown taxonomy (chromosome or plasmid)
barcode11_6Gb	contig_653	10530	11187	QnrVC4_fluoroquinolone_antibiotic	42	657	657	1.0	Unknown taxonomy (chromosome or plasmid)
barcode11_6Gb	contig_6648	34723	35098	ramA_fluoroquinolone_antibiotic;_monobactam;_carbapenem;_cephalosporin;_glycylcycline;_cephamycin;_penam;_tetracycline_antibiotic;_rifamycin_antibiotic;_phenicol_antibiotic;_penem;_disinfecting_agents_and_antiseptics	15	375	375	1.0	Enterobacter kobei (no genomic info)
barcode11_6Gb	contig_6648	351033	352266	Escherichia coli mdfA_tetracycline_antibiotic;_disinfecting_agents_and_antiseptics	15	1233	1233	1.0	
barcode11_6Gb	contig_6648	450250	451999	msbA_nitroimidazole_antibiotic	21	1749	1749	1.0	Enterobacter kobei (chromosome)
barcode11_6Gb	contig_6648	912372	912735	Klebsiella pneumoniae KpnE_macrolide_antibiotic;_aminoglycoside_antibiotic;_cephalosporin;_tetracycline_antibiotic;_peptide_antibiotic;_rifamycin_antibiotic;_disinfecting_agents_and_antiseptics	21	363	363	1.0	Enterobacter kobei (chromosome)
barcode11_6Gb	contig_6648	912721	913051	Klebsiella pneumoniae KpnF_macrolide_antibiotic;_aminoglycoside_antibiotic;_cephalosporin;_tetracycline_antibiotic;_peptide_antibiotic;_rifamycin_antibiotic;_disinfecting_agents_and_antiseptics	21	330	330	1.0	Enterobacter kobei (chromosome)
barcode11_6Gb	contig_6648	940992	942168	oqxA_fluoroquinolone_antibiotic;_glycylcycline;_tetracycline_antibiotic;_diaminopyrimidine_antibiotic;_nitrofuran_antibiotic	10	1176	1176	1.0	Enterobacter kobei (chromosome)
barcode11_6Gb	contig_6648	942192	945345	oqxB_fluoroquinolone_antibiotic;_glycylcycline;_tetracycline_antibiotic;_diaminopyrimidine_antibiotic;_nitrofuran_antibiotic	12	3153	3153	1.0	Enterobacter kobei (chromosome)
barcode11_6Gb	contig_6648	1106842	1107223	marA_fluoroquinolone_antibiotic;_monobactam;_carbapenem;_cephalosporin;_glycylcycline;_cephamycin;_penam;_tetracycline_antibiotic;_rifamycin_antibiotic;_phenicol_antibiotic;_penem;_disinfecting_agents_and_antiseptics	5	381	381	1.0	Enterobacter (chromosome or plasmid)
barcode11_6Gb	contig_6648	1107242	1107677	Escherichia coli AcrAB-TolC with MarR mutations conferring resistance to ciprofloxacin and tetracycline_fluoroquinolone_antibiotic;_cephalosporin;_glycylcycline;_penam;_tetracycline_antibiotic;_rifamycin_antibiotic;_phenicol_antibiotic;_disinfecting_agents_and_antiseptics	5	435	435	1.0	Enterobacter (chromosome)
barcode11_6Gb	contig_6689	95623	96382	vanY gene in vanB cluster_glycopeptide_antibiotic	4	759	759	1.0	
barcode11_6Gb	contig_6722	33519	34779	EreB_macrolide_antibiotic	35	1260	1260	1.0	
barcode11_6Gb	contig_673	2461	3367	mphA_macrolide_antibiotic	45	906	906	1.0	Unknown taxonomy (chromosome or plasmid)
barcode11_6Gb	contig_673	4435	5296	TEM-1_monobactam;_cephalosporin;_penam;_penem	15	861	861	1.0	Unknown taxonomy (chromosome or plasmid)
barcode11_6Gb	contig_6737	43560	44091	emrR_fluoroquinolone_antibiotic	13	531	531	1.0	Unknown taxonomy (chromosome or plasmid)
barcode11_6Gb	contig_6737	44217	45390	emrA_fluoroquinolone_antibiotic	14	1173	1173	1.0	Unknown taxonomy (chromosome or plasmid)
barcode11_6Gb	contig_6737	45406	46945	emrB_fluoroquinolone_antibiotic	12	1539	1539	1.0	Unknown taxonomy (chromosome or plasmid)
barcode11_6Gb	contig_6737	51751	51937	rsmA_fluoroquinolone_antibiotic;_diaminopyrimidine_antibiotic;_phenicol_antibiotic	11	186	186	1.0	Unknown taxonomy (chromosome or plasmid)
barcode11_6Gb	contig_676	244	1072	OXA-253_carbapenem;_penam	80	828	828	1.0	Acinetobacter baumannii (chromosome)
barcode11_6Gb	contig_6894	13035	16137	adeF_fluoroquinolone_antibiotic;_tetracycline_antibiotic	11	3102	3102	1.0	Phocaeicola (chromosome)
barcode11_6Gb	contig_6952	379	1255	CTX-M-15_cephalosporin;_penam	12	876	876	1.0	Unknown taxonomy (chromosome or plasmid)
barcode11_6Gb	contig_6952	5895	6552	QnrS1_fluoroquinolone_antibiotic	13	657	657	1.0	Unknown taxonomy (chromosome or plasmid)
barcode11_6Gb	contig_6952	12657	13473	sul2_sulfonamide_antibiotic	27	816	816	1.0	Unknown taxonomy (chromosome or plasmid)
barcode11_6Gb	contig_6952	14717	15065	qacEdelta1_disinfecting_agents_and_antiseptics	16	348	348	1.0	Unknown taxonomy (chromosome or plasmid)
barcode11_6Gb	contig_6952	15228	16008	aadA_aminoglycoside_antibiotic	29	780	780	1.0	Unknown taxonomy (chromosome or plasmid)
barcode11_6Gb	contig_6952	16112	16586	dfrA1_diaminopyrimidine_antibiotic	15	474	474	1.0	Unknown taxonomy (chromosome or plasmid)
barcode11_6Gb	contig_7006	2689	4033	mef(C)_macrolide_antibiotic;_tetracycline_antibiotic	10	1344	1344	1.0	
barcode11_6Gb	contig_7008	140	1580	AAC(6')-Ie-APH(2'')-Ia bifunctional protein_aminoglycoside_antibiotic	15	1440	1440	1.0	Unknown taxonomy (chromosome or plasmid)
barcode11_6Gb	contig_7114	9656	10334	vanH gene in vanO cluster_glycopeptide_antibiotic	9	678	678	1.0	
barcode11_6Gb	contig_714	123978	124794	APH(3')-Ia_aminoglycoside_antibiotic	33	816	816	1.0	Unknown taxonomy (chromosome or plasmid)
barcode11_6Gb	contig_7158	62542	64309	Haemophilus influenzae PBP3 conferring resistance to beta-lactam antibiotics_cephalosporin;_cephamycin;_penam	9	1767	1767	1.0	Citrobacter (chromosome or plasmid)
barcode11_6Gb	contig_7215	155	500	qacG_disinfecting_agents_and_antiseptics	28	345	345	1.0	Unknown taxonomy (chromosome or plasmid)
barcode11_6Gb	contig_7314	6523	7303	APH(3')-VIa_aminoglycoside_antibiotic	50	780	780	1.0	Unknown taxonomy (chromosome or plasmid)
barcode11_6Gb	contig_7316	3592	4372	APH(3')-VIa_aminoglycoside_antibiotic	15	780	780	1.0	Unknown taxonomy (chromosome or plasmid)
barcode11_6Gb	contig_7316	5649	6462	NDM-1_carbapenem;_cephalosporin;_cephamycin;_penam	11	813	813	1.0	Unknown taxonomy (chromosome or plasmid)
barcode11_6Gb	contig_7377	42943	43597	adeN_macrolide_antibiotic;_fluoroquinolone_antibiotic;_lincosamide_antibiotic;_carbapenem;_cephalosporin;_tetracycline_antibiotic;_rifamycin_antibiotic;_diaminopyrimidine_antibiotic;_phenicol_antibiotic;_penem	8	654	654	1.0	Acinetobacter baumannii (chromosome or plasmid)
barcode11_6Gb	contig_739	132464	135656	adeF_fluoroquinolone_antibiotic;_tetracycline_antibiotic	183	3192	3192	1.0	
barcode11_6Gb	contig_739	391173	391680	nimK_nitroimidazole_antibiotic	182	507	507	1.0	
barcode11_6Gb	contig_739	1093682	1094918	vanW gene in vanI cluster_glycopeptide_antibiotic	167	1236	1236	1.0	
barcode11_6Gb	contig_741	333	1173	sul1_sulfonamide_antibiotic	19	840	840	1.0	Unknown taxonomy (chromosome or plasmid)
barcode11_6Gb	contig_741	1166	1514	qacEdelta1_disinfecting_agents_and_antiseptics	24	348	348	1.0	Unknown taxonomy (chromosome or plasmid)
barcode11_6Gb	contig_741	1719	2508	aadA5_aminoglycoside_antibiotic	19	789	789	1.0	Unknown taxonomy (chromosome or plasmid)
barcode11_6Gb	contig_741	2638	3238	dfrA17_diaminopyrimidine_antibiotic	10	600	600	1.0	Unknown taxonomy (chromosome or plasmid)
barcode11_6Gb	contig_7414	42343	42538	rsmA_fluoroquinolone_antibiotic;_diaminopyrimidine_antibiotic;_phenicol_antibiotic	15	195	195	1.0	
barcode11_6Gb	contig_773	8612	9449	APH(6)-Id_aminoglycoside_antibiotic	24	837	837	1.0	Unknown taxonomy (chromosome or plasmid)
barcode11_6Gb	contig_773	9448	10279	APH(3'')-Ib_aminoglycoside_antibiotic	19	831	831	1.0	Unknown taxonomy (chromosome or plasmid)
barcode11_6Gb	contig_776	467649	467904	rsmA_fluoroquinolone_antibiotic;_diaminopyrimidine_antibiotic;_phenicol_antibiotic	23	255	255	1.0	
barcode11_6Gb	contig_783	11502	12339	APH(6)-Id_aminoglycoside_antibiotic	34	837	837	1.0	Unknown taxonomy (chromosome or plasmid)
barcode11_6Gb	contig_783	32894	33734	sul1_sulfonamide_antibiotic	15	840	840	1.0	Unknown taxonomy (chromosome or plasmid)
barcode11_6Gb	contig_787	45912	47013	vanG_glycopeptide_antibiotic	22	1101	1101	1.0	Enterobacter kobei (chromosome)
barcode11_6Gb	contig_7880	3343	4204	SHV-12_carbapenem;_cephalosporin;_penam	12	861	861	1.0	Unknown taxonomy (chromosome or plasmid)
barcode11_6Gb	contig_7880	5583	6042	AAC(6')-Il_aminoglycoside_antibiotic	13	459	459	1.0	Unknown taxonomy (chromosome or plasmid)
barcode11_6Gb	contig_7880	7944	8805	TEM-1_monobactam;_cephalosporin;_penam;_penem	38	861	861	1.0	Unknown taxonomy (chromosome or plasmid)
barcode11_6Gb	contig_7906	18688	18943	rsmA_fluoroquinolone_antibiotic;_diaminopyrimidine_antibiotic;_phenicol_antibiotic	19	255	255	1.0	
barcode11_6Gb	contig_7908	3217	3472	rsmA_fluoroquinolone_antibiotic;_diaminopyrimidine_antibiotic;_phenicol_antibiotic	12	255	255	1.0	
barcode11_6Gb	contig_8087	4034	5219	Escherichia coli EF-Tu mutants conferring resistance to Pulvomycin_elfamycin_antibiotic	16	1185	1185	1.0	Unknown taxonomy (chromosome or plasmid)
barcode11_6Gb	contig_8087	104783	105107	Escherichia coli soxS with mutation conferring antibiotic resistance_fluoroquinolone_antibiotic;_monobactam;_carbapenem;_cephalosporin;_glycylcycline;_cephamycin;_penam;_tetracycline_antibiotic;_rifamycin_antibiotic;_phenicol_antibiotic;_penem;_disinfecting_agents_and_antiseptics	16	324	324	1.0	Unknown taxonomy (chromosome or plasmid)
barcode11_6Gb	contig_8087	105192	105657	Escherichia coli soxR with mutation conferring antibiotic resistance_fluoroquinolone_antibiotic;_cephalosporin;_glycylcycline;_penam;_tetracycline_antibiotic;_rifamycin_antibiotic;_phenicol_antibiotic;_disinfecting_agents_and_antiseptics	16	465	465	1.0	Unknown taxonomy (chromosome or plasmid)
barcode11_6Gb	contig_8087	126644	128198	mdtP_nucleoside_antibiotic;_disinfecting_agents_and_antiseptics	18	1554	1554	1.0	Escherichia coli (chromosome or plasmid)
barcode11_6Gb	contig_8087	128194	130246	mdtO_nucleoside_antibiotic;_disinfecting_agents_and_antiseptics	17	2052	2052	1.0	Unknown taxonomy (chromosome or plasmid)
barcode11_6Gb	contig_8087	130245	131277	mdtN_nucleoside_antibiotic;_disinfecting_agents_and_antiseptics	15	1032	1032	1.0	Unknown taxonomy (chromosome or plasmid)
barcode11_6Gb	contig_8087	155399	157043	eptA_peptide_antibiotic	24	1644	1644	1.0	Unknown taxonomy (chromosome or plasmid)
barcode11_6Gb	contig_8087	199268	200402	EC-15_cephalosporin	21	1134	1134	1.0	Unknown taxonomy (chromosome or plasmid)
barcode11_6Gb	contig_8093	15856	16987	vanT gene in vanG cluster_glycopeptide_antibiotic	8	1131	1131	1.0	
barcode11_6Gb	contig_817	24312	25167	ErmX_macrolide_antibiotic;_lincosamide_antibiotic;_streptogramin_antibiotic;_streptogramin_A_antibiotic;_streptogramin_B_antibiotic	16	855	855	1.0	Unknown taxonomy (chromosome or plasmid)
barcode11_6Gb	contig_817	26660	27524	GES-7_carbapenem;_cephalosporin;_penam	10	864	864	1.0	Unknown taxonomy (chromosome or plasmid)
barcode11_6Gb	contig_817	28086	28926	sul1_sulfonamide_antibiotic	80	840	840	1.0	Unknown taxonomy (chromosome or plasmid)
barcode11_6Gb	contig_8215	655	2575	tet(W)_tetracycline_antibiotic	42	1920	1920	1.0	Unknown taxonomy (chromosome or plasmid)
barcode11_6Gb	contig_8361	11523	12408	mphE_macrolide_antibiotic	235	885	885	1.0	Unknown taxonomy (chromosome or plasmid)
barcode11_6Gb	contig_8361	12463	13939	msrE_macrolide_antibiotic;_streptogramin_antibiotic	211	1476	1476	1.0	Unknown taxonomy (chromosome or plasmid)
barcode11_6Gb	contig_8378	17073	17799	vanY gene in vanB cluster_glycopeptide_antibiotic	13	726	726	1.0	Roseburia hominis (no genomic info)
barcode11_6Gb	contig_8515	38587	39325	ErmB_macrolide_antibiotic;_lincosamide_antibiotic;_streptogramin_antibiotic;_streptogramin_A_antibiotic;_streptogramin_B_antibiotic	19	738	738	1.0	Unknown taxonomy (chromosome or plasmid)
barcode11_6Gb	contig_8607	7952	11108	adeF_fluoroquinolone_antibiotic;_tetracycline_antibiotic	16	3156	3156	1.0	
barcode11_6Gb	contig_862	41976	43161	Escherichia coli EF-Tu mutants conferring resistance to Pulvomycin_elfamycin_antibiotic	20	1185	1185	1.0	Unknown taxonomy (chromosome or plasmid)
barcode11_6Gb	contig_866	160841	162356	aadT_macrolide_antibiotic;_tetracycline_antibiotic;_disinfecting_agents_and_antiseptics	41	1515	1515	1.0	
barcode11_6Gb	contig_8726	25220	27419	adeF_fluoroquinolone_antibiotic;_tetracycline_antibiotic	25	2199	2199	1.0	Unknown taxonomy (chromosome)
barcode11_6Gb	contig_8727	8445	11622	adeF_fluoroquinolone_antibiotic;_tetracycline_antibiotic	49	3177	3177	1.0	Unknown taxonomy (chromosome)
barcode11_6Gb	contig_8732	3657	4587	Erm(52)_macrolide_antibiotic;_lincosamide_antibiotic;_streptogramin_antibiotic	6	930	930	1.0	
barcode11_6Gb	contig_8732	4767	6480	tet(M)_tetracycline_antibiotic	9	1713	1713	1.0	Unknown taxonomy (chromosome or plasmid)
barcode11_6Gb	contig_8779	10982	11846	aadS_aminoglycoside_antibiotic	18	864	864	1.0	Unknown taxonomy (chromosome or plasmid)
barcode11_6Gb	contig_8863	5835	6948	vanT gene in vanG cluster_glycopeptide_antibiotic	20	1113	1113	1.0	
barcode11_6Gb	contig_887	14524	15712	tet(39)_tetracycline_antibiotic	25	1188	1188	1.0	Unknown taxonomy (plasmid)
barcode11_6Gb	contig_8925	12016	12739	baeR_aminoglycoside_antibiotic;_aminocoumarin_antibiotic	9	723	723	1.0	Citrobacter (chromosome)
barcode11_6Gb	contig_8931	8154	9100	TLA-1_monobactam;_cephalosporin	9	946	946	1.0	
barcode11_6Gb	contig_9027	17160	18909	msbA_nitroimidazole_antibiotic	8	1749	1749	1.0	Unknown taxonomy (chromosome)
barcode11_6Gb	contig_9148	9278	10478	tet(A)_tetracycline_antibiotic	13	1200	1200	1.0	Unknown taxonomy (chromosome or plasmid)
barcode11_6Gb	contig_9150	325	1801	msrE_macrolide_antibiotic;_streptogramin_antibiotic	35	1476	1476	1.0	Unknown taxonomy (chromosome or plasmid)
barcode11_6Gb	contig_9150	1856	2741	mphE_macrolide_antibiotic	61	885	885	1.0	Unknown taxonomy (chromosome or plasmid)
barcode11_6Gb	contig_9150	4614	5742	tet(C)_tetracycline_antibiotic	25	1128	1128	1.0	Unknown taxonomy (chromosome or plasmid)
barcode11_6Gb	contig_9151	1482	2673	tet(C)_tetracycline_antibiotic	16	1191	1191	1.0	Unknown taxonomy (chromosome or plasmid)
barcode11_6Gb	contig_9177	180	981	OXA-10_cephalosporin;_penam	6	801	801	1.0	Unknown taxonomy (chromosome or plasmid)
barcode11_6Gb	contig_9178	132	666	ANT(2'')-Ia_aminoglycoside_antibiotic	15	534	534	1.0	Unknown taxonomy (chromosome or plasmid)
barcode11_6Gb	contig_9178	2209	3109	VEB-1_monobactam;_cephalosporin	17	900	900	1.0	Unknown taxonomy (chromosome or plasmid)
barcode11_6Gb	contig_9178	6419	7853	tet(C)_tetracycline_antibiotic	26	1434	1434	1.0	Unknown taxonomy (chromosome or plasmid)
barcode11_6Gb	contig_923	3833	4307	dfrA6_diaminopyrimidine_antibiotic	28	474	474	1.0	Unknown taxonomy (chromosome or plasmid)
barcode11_6Gb	contig_923	4465	5122	QnrVC1_fluoroquinolone_antibiotic	25	657	657	1.0	Unknown taxonomy (chromosome or plasmid)
barcode11_6Gb	contig_9362	4446	4779	Escherichia coli emrE_macrolide_antibiotic	6	333	333	1.0	Unknown taxonomy (chromosome or plasmid)
barcode11_6Gb	contig_9367	3661	5365	vanW gene in vanI cluster_glycopeptide_antibiotic	3	1704	1704	1.0	
barcode11_6Gb	contig_9387	28847	29060	vanU gene in vanG cluster_glycopeptide_antibiotic	12	213	213	1.0	
barcode11_6Gb	contig_9388	9827	10040	vanU gene in vanG cluster_glycopeptide_antibiotic	17	213	213	1.0	
barcode11_6Gb	contig_9389	211	1453	mdtM_fluoroquinolone_antibiotic;_lincosamide_antibiotic;_nucleoside_antibiotic;_phenicol_antibiotic;_disinfecting_agents_and_antiseptics	3	1242	1242	1.0	
barcode11_6Gb	contig_9451	23804	24605	OXA-10_cephalosporin;_penam	24	801	801	1.0	Unknown taxonomy (chromosome or plasmid)
barcode11_6Gb	contig_9451	24597	25413	aadA_aminoglycoside_antibiotic	37	816	816	1.0	Unknown taxonomy (chromosome or plasmid)
barcode11_6Gb	contig_9451	25447	25921	dfrA14_diaminopyrimidine_antibiotic	13	474	474	1.0	Unknown taxonomy (chromosome or plasmid)
barcode11_6Gb	contig_9495	21649	23041	Escherichia coli UhpT with mutation conferring resistance to fosfomycin_phosphonic_acid_antibiotic	11	1392	1392	1.0	Enterobacter roggenkampii (chromosome or plasmid)
barcode11_6Gb	contig_9502	60279	63393	adeF_fluoroquinolone_antibiotic;_tetracycline_antibiotic	20	3114	3114	1.0	Enterobacter kobei (chromosome)
barcode11_6Gb	contig_9515	0	549	tet(O)_tetracycline_antibiotic	6	549	549	1.0	Unknown taxonomy (chromosome or plasmid)
barcode11_6Gb	contig_9596	18006	18972	CfxA3_cephamycin	27	966	966	1.0	Unknown taxonomy (chromosome or plasmid)
barcode11_6Gb	contig_9642	29410	31876	vanT gene in vanG cluster_glycopeptide_antibiotic	8	2466	2466	1.0	
barcode11_6Gb	contig_9749	2719	3937	tet(E)_tetracycline_antibiotic	10	1218	1218	1.0	Aeromonas veronii (chromosome)
barcode11_6Gb	contig_9816	10439	10784	qacG_disinfecting_agents_and_antiseptics	5	345	345	1.0	Acinetobacter (no genomic info)
barcode11_6Gb	contig_9847	6511	6841	qacG_disinfecting_agents_and_antiseptics	6	330	330	1.0	
barcode11_6Gb	contig_99	4497	5358	SHV-5_carbapenem;_cephalosporin;_penam	19	861	861	1.0	Unknown taxonomy (chromosome or plasmid)
barcode11_6Gb	contig_9911	47447	49922	vanT gene in vanG cluster_glycopeptide_antibiotic	9	2475	2475	1.0	
barcode11_6Gb	contig_9941	71567	72056	nimJ_nitroimidazole_antibiotic	7	489	489	1.0	
barcode11_6Gb	contig_9989	28410	29595	Escherichia coli EF-Tu mutants conferring resistance to Pulvomycin_elfamycin_antibiotic	14	1185	1185	1.0	Unknown taxonomy (chromosome)
barcode11_9Gb	contig_1002	85146	86331	Escherichia coli EF-Tu mutants conferring resistance to Pulvomycin_elfamycin_antibiotic	16	1185	1185	1.0	Unknown taxonomy (chromosome or plasmid)
barcode11_9Gb	contig_1002	162584	163958	cpxA_aminoglycoside_antibiotic;_aminocoumarin_antibiotic	17	1374	1374	1.0	Unknown taxonomy (chromosome or plasmid)
barcode11_9Gb	contig_1002	593405	594230	gadX_macrolide_antibiotic;_fluoroquinolone_antibiotic;_penam	11	825	825	1.0	Unknown taxonomy (chromosome)
barcode11_9Gb	contig_1002	594597	595326	gadW_macrolide_antibiotic;_fluoroquinolone_antibiotic;_penam	11	729	729	1.0	Escherichia coli (chromosome)
barcode11_9Gb	contig_1002	598827	599985	mdtE_macrolide_antibiotic;_fluoroquinolone_antibiotic;_penam	19	1158	1158	1.0	Unknown taxonomy (chromosome)
barcode11_9Gb	contig_10037	24161	25046	mphE_macrolide_antibiotic	127	885	885	1.0	Unknown taxonomy (chromosome or plasmid)
barcode11_9Gb	contig_10037	25101	26577	msrE_macrolide_antibiotic;_streptogramin_antibiotic	139	1476	1476	1.0	Unknown taxonomy (chromosome or plasmid)
barcode11_9Gb	contig_10081	534	873	qacJ_disinfecting_agents_and_antiseptics	6	339	339	1.0	Acinetobacter johnsonii (chromosome)
barcode11_9Gb	contig_1020	12749	13244	dfrF_diaminopyrimidine_antibiotic	23	495	495	1.0	Unknown taxonomy (chromosome or plasmid)
barcode11_9Gb	contig_10280	60636	60822	rsmA_fluoroquinolone_antibiotic;_diaminopyrimidine_antibiotic;_phenicol_antibiotic	10	186	186	1.0	Unknown taxonomy (chromosome or plasmid)
barcode11_9Gb	contig_10280	65628	67167	emrB_fluoroquinolone_antibiotic	16	1539	1539	1.0	Escherichia coli (chromosome or plasmid)
barcode11_9Gb	contig_10280	67183	68356	emrA_fluoroquinolone_antibiotic	18	1173	1173	1.0	Escherichia coli (chromosome or plasmid)
barcode11_9Gb	contig_10280	68482	69013	emrR_fluoroquinolone_antibiotic	15	531	531	1.0	Unknown taxonomy (chromosome or plasmid)
barcode11_9Gb	contig_1030	33297	34482	Escherichia coli EF-Tu mutants conferring resistance to Pulvomycin_elfamycin_antibiotic	103	1185	1185	1.0	Aeromonas caviae (chromosome or plasmid)
barcode11_9Gb	contig_1030	52507	53692	Escherichia coli EF-Tu mutants conferring resistance to Pulvomycin_elfamycin_antibiotic	100	1185	1185	1.0	Aeromonas caviae (chromosome or plasmid)
barcode11_9Gb	contig_10324	19310	20588	Acinetobacter baumannii AbaQ_fluoroquinolone_antibiotic	6	1278	1278	1.0	
barcode11_9Gb	contig_10386	46981	48373	Escherichia coli UhpT with mutation conferring resistance to fosfomycin_phosphonic_acid_antibiotic	11	1392	1392	1.0	Citrobacter portucalensis (chromosome or plasmid)
barcode11_9Gb	contig_10408	4464	4905	vanW gene in vanG cluster_glycopeptide_antibiotic	2	441	441	1.0	
barcode11_9Gb	contig_10412	38906	40094	tet(39)_tetracycline_antibiotic	58	1188	1188	1.0	Unknown taxonomy (plasmid)
barcode11_9Gb	contig_10435	3779	4130	qacG_disinfecting_agents_and_antiseptics	4	351	351	1.0	
barcode11_9Gb	contig_10480	56058	57243	Escherichia coli EF-Tu mutants conferring resistance to Pulvomycin_elfamycin_antibiotic	8	1185	1185	1.0	Unknown taxonomy (chromosome or plasmid)
barcode11_9Gb	contig_10480	77196	78381	Escherichia coli EF-Tu mutants conferring resistance to Pulvomycin_elfamycin_antibiotic	20	1185	1185	1.0	Unknown taxonomy (chromosome or plasmid)
barcode11_9Gb	contig_10528	6608	7415	vanY gene in vanM cluster_glycopeptide_antibiotic	3	807	807	1.0	
barcode11_9Gb	contig_10635	23660	24830	ugd_peptide_antibiotic	10	1170	1170	1.0	Escherichia coli (chromosome or plasmid)
barcode11_9Gb	contig_10653	23008	24121	vanT gene in vanG cluster_glycopeptide_antibiotic	29	1113	1113	1.0	
barcode11_9Gb	contig_10750	17708	18497	aadA5_aminoglycoside_antibiotic	21	789	789	1.0	Unknown taxonomy (chromosome or plasmid)
barcode11_9Gb	contig_10750	19279	19867	AAC(6')-IIc_aminoglycoside_antibiotic	13	588	588	1.0	Unknown taxonomy (chromosome or plasmid)
barcode11_9Gb	contig_10776	39931	43087	adeF_fluoroquinolone_antibiotic;_tetracycline_antibiotic	15	3156	3156	1.0	
barcode11_9Gb	contig_10802	8867	9695	OXA-253_carbapenem;_penam	38	828	828	1.0	Acinetobacter baumannii (chromosome)
barcode11_9Gb	contig_10854	2539	5656	adeF_fluoroquinolone_antibiotic;_tetracycline_antibiotic	7	3117	3117	1.0	Phocaeicola vulgatus (chromosome)
barcode11_9Gb	contig_10930	67547	68756	mdtH_fluoroquinolone_antibiotic	12	1209	1209	1.0	Escherichia coli (chromosome or plasmid)
barcode11_9Gb	contig_10962	1252	1789	catS_phenicol_antibiotic	17	537	537	1.0	Parvimonas micra (chromosome)
barcode11_9Gb	contig_11084	3658	4588	Erm(52)_macrolide_antibiotic;_lincosamide_antibiotic;_streptogramin_antibiotic	6	930	930	1.0	
barcode11_9Gb	contig_11084	4768	6454	tet(M)_tetracycline_antibiotic	9	1686	1686	1.0	Unknown taxonomy (chromosome or plasmid)
barcode11_9Gb	contig_11173	55031	56177	CMY-129_cephamycin	11	1146	1146	1.0	Citrobacter (chromosome or plasmid)
barcode11_9Gb	contig_11222	2719	3937	tet(E)_tetracycline_antibiotic	11	1218	1218	1.0	Aeromonas veronii (chromosome)
barcode11_9Gb	contig_1140	16027	17242	floR_phenicol_antibiotic	35	1215	1215	1.0	Unknown taxonomy (chromosome or plasmid)
barcode11_9Gb	contig_1140	19204	20020	sul2_sulfonamide_antibiotic	38	816	816	1.0	Unknown taxonomy (chromosome or plasmid)
barcode11_9Gb	contig_1140	27190	28666	msrE_macrolide_antibiotic;_streptogramin_antibiotic	49	1476	1476	1.0	Unknown taxonomy (chromosome or plasmid)
barcode11_9Gb	contig_1140	28721	29606	mphE_macrolide_antibiotic	57	885	885	1.0	Unknown taxonomy (chromosome or plasmid)
barcode11_9Gb	contig_1140	30566	31427	TEM-1_monobactam;_cephalosporin;_penam;_penem	53	861	861	1.0	Unknown taxonomy (chromosome or plasmid)
barcode11_9Gb	contig_1140	32126	32951	OXA-9_penam	20	825	825	1.0	Unknown taxonomy (chromosome or plasmid)
barcode11_9Gb	contig_1140	33010	33787	aadA_aminoglycoside_antibiotic	37	777	777	1.0	Unknown taxonomy (chromosome or plasmid)
barcode11_9Gb	contig_1140	33868	34474	AAC(6')-Ib9_aminoglycoside_antibiotic	31	606	606	1.0	Unknown taxonomy (chromosome or plasmid)
barcode11_9Gb	contig_11453	26569	27484	vanW gene in vanI cluster_glycopeptide_antibiotic	2	915	915	1.0	
barcode11_9Gb	contig_11692	33879	34065	rsmA_fluoroquinolone_antibiotic;_diaminopyrimidine_antibiotic;_phenicol_antibiotic	14	186	186	1.0	Citrobacter (chromosome or plasmid)
barcode11_9Gb	contig_117	28388	29273	mphE_macrolide_antibiotic	147	885	885	1.0	Unknown taxonomy (chromosome or plasmid)
barcode11_9Gb	contig_117	29328	30804	msrE_macrolide_antibiotic;_streptogramin_antibiotic	147	1476	1476	1.0	Unknown taxonomy (chromosome or plasmid)
barcode11_9Gb	contig_117	33069	33906	APH(6)-Id_aminoglycoside_antibiotic	118	837	837	1.0	Unknown taxonomy (chromosome or plasmid)
barcode11_9Gb	contig_117	33905	34709	APH(3'')-Ib_aminoglycoside_antibiotic	114	804	804	1.0	Unknown taxonomy (chromosome or plasmid)
barcode11_9Gb	contig_11747	12074	12269	rsmA_fluoroquinolone_antibiotic;_diaminopyrimidine_antibiotic;_phenicol_antibiotic	10	195	195	1.0	
barcode11_9Gb	contig_11763	99317	99848	emrR_fluoroquinolone_antibiotic	10	531	531	1.0	Enterobacter (chromosome)
barcode11_9Gb	contig_11763	99974	101147	emrA_fluoroquinolone_antibiotic	12	1173	1173	1.0	
barcode11_9Gb	contig_11763	101163	102711	emrB_fluoroquinolone_antibiotic	10	1548	1548	1.0	Enterobacter roggenkampii (chromosome or plasmid)
barcode11_9Gb	contig_11763	109672	109858	rsmA_fluoroquinolone_antibiotic;_diaminopyrimidine_antibiotic;_phenicol_antibiotic	11	186	186	1.0	Enterobacter (chromosome or plasmid)
barcode11_9Gb	contig_118	3893	4709	APH(3')-Ia_aminoglycoside_antibiotic	60	816	816	1.0	Unknown taxonomy (chromosome or plasmid)
barcode11_9Gb	contig_118	5685	6591	mphA_macrolide_antibiotic	141	906	906	1.0	Unknown taxonomy (chromosome or plasmid)
barcode11_9Gb	contig_118	6587	7826	Mrx_macrolide_antibiotic	150	1239	1239	1.0	Unknown taxonomy (chromosome or plasmid)
barcode11_9Gb	contig_118	11901	12741	sul1_sulfonamide_antibiotic	178	840	840	1.0	Unknown taxonomy (chromosome or plasmid)
barcode11_9Gb	contig_118	13011	14028	aadA_aminoglycoside_antibiotic	90	1017	1017	1.0	Unknown taxonomy (chromosome or plasmid)
barcode11_9Gb	contig_118	14188	14845	QnrVC1_fluoroquinolone_antibiotic	48	657	657	1.0	Unknown taxonomy (chromosome or plasmid)
barcode11_9Gb	contig_11802	7059	7689	vanW gene in vanI cluster_glycopeptide_antibiotic	3	630	630	1.0	
barcode11_9Gb	contig_11866	6844	7684	sul1_sulfonamide_antibiotic	18	840	840	1.0	Unknown taxonomy (chromosome or plasmid)
barcode11_9Gb	contig_119	27378	29127	msbA_nitroimidazole_antibiotic	7	1749	1749	1.0	Citrobacter (chromosome)
barcode11_9Gb	contig_1193	13208	14051	OXA-58_carbapenem;_penam	25	843	843	1.0	Unknown taxonomy (chromosome or plasmid)
barcode11_9Gb	contig_11939	10888	11689	OXA-205_penam	5	801	801	1.0	Pseudomonas aeruginosa (no genomic info)
barcode11_9Gb	contig_11939	12649	13870	EreA_macrolide_antibiotic	5	1221	1221	1.0	Unknown taxonomy (chromosome or plasmid)
barcode11_9Gb	contig_1194	777	2253	msrE_macrolide_antibiotic;_streptogramin_antibiotic	85	1476	1476	1.0	Unknown taxonomy (chromosome or plasmid)
barcode11_9Gb	contig_1194	2308	3193	mphE_macrolide_antibiotic	101	885	885	1.0	Unknown taxonomy (chromosome or plasmid)
barcode11_9Gb	contig_1195	18433	19249	sul2_sulfonamide_antibiotic	53	816	816	1.0	Unknown taxonomy (chromosome or plasmid)
barcode11_9Gb	contig_1195	34436	35240	APH(3'')-Ib_aminoglycoside_antibiotic	83	804	804	1.0	Unknown taxonomy (chromosome or plasmid)
barcode11_9Gb	contig_1195	35239	36076	APH(6)-Id_aminoglycoside_antibiotic	81	837	837	1.0	Unknown taxonomy (chromosome or plasmid)
barcode11_9Gb	contig_1195	41410	42886	msrE_macrolide_antibiotic;_streptogramin_antibiotic	71	1476	1476	1.0	Unknown taxonomy (chromosome or plasmid)
barcode11_9Gb	contig_1195	42941	43826	mphE_macrolide_antibiotic	45	885	885	1.0	Unknown taxonomy (chromosome or plasmid)
barcode11_9Gb	contig_1195	57039	57492	arr-3_rifamycin_antibiotic	59	453	453	1.0	Unknown taxonomy (chromosome or plasmid)
barcode11_9Gb	contig_1195	57597	58185	AAC(6')-Ib9_aminoglycoside_antibiotic	49	588	588	1.0	Unknown taxonomy (chromosome or plasmid)
barcode11_9Gb	contig_11957	60122	61355	Escherichia coli mdfA_tetracycline_antibiotic;_disinfecting_agents_and_antiseptics	7	1233	1233	1.0	Citrobacter portucalensis (chromosome or plasmid)
barcode11_9Gb	contig_1197	5410	6295	mphE_macrolide_antibiotic	69	885	885	1.0	Unknown taxonomy (chromosome or plasmid)
barcode11_9Gb	contig_1199	605	1448	OXA-58_carbapenem;_penam	7	843	843	1.0	Unknown taxonomy (chromosome or plasmid)
barcode11_9Gb	contig_1199	32074	33550	msrE_macrolide_antibiotic;_streptogramin_antibiotic	149	1476	1476	1.0	Unknown taxonomy (chromosome or plasmid)
barcode11_9Gb	contig_1199	33605	34490	mphE_macrolide_antibiotic	147	885	885	1.0	Unknown taxonomy (chromosome or plasmid)
barcode11_9Gb	contig_1201	3316	4201	mphE_macrolide_antibiotic	42	885	885	1.0	Unknown taxonomy (chromosome or plasmid)
barcode11_9Gb	contig_1202	2703	4218	aadT_macrolide_antibiotic;_tetracycline_antibiotic;_disinfecting_agents_and_antiseptics	6	1515	1515	1.0	
barcode11_9Gb	contig_1202	12559	13375	sul2_sulfonamide_antibiotic	32	816	816	1.0	Unknown taxonomy (chromosome or plasmid)
barcode11_9Gb	contig_12020	5302	6358	vanW gene in vanI cluster_glycopeptide_antibiotic	6	1056	1056	1.0	
barcode11_9Gb	contig_1204	7646	9122	msrE_macrolide_antibiotic;_streptogramin_antibiotic	89	1476	1476	1.0	Unknown taxonomy (chromosome or plasmid)
barcode11_9Gb	contig_1204	9177	10062	mphE_macrolide_antibiotic	101	885	885	1.0	Unknown taxonomy (chromosome or plasmid)
barcode11_9Gb	contig_12051	17626	17815	rsmA_fluoroquinolone_antibiotic;_diaminopyrimidine_antibiotic;_phenicol_antibiotic	16	189	189	1.0	
barcode11_9Gb	contig_1218	8912	9728	RSD2-2_carbapenem;_cephalosporin	12	816	816	1.0	
barcode11_9Gb	contig_1218	11451	12267	sul2_sulfonamide_antibiotic	23	816	816	1.0	Unknown taxonomy (chromosome or plasmid)
barcode11_9Gb	contig_12291	14883	15663	aadA2_aminoglycoside_antibiotic	7	780	780	1.0	Unknown taxonomy (chromosome or plasmid)
barcode11_9Gb	contig_123	20865	21621	TEM-216_monobactam;_cephalosporin;_penam;_penem	25	756	756	1.0	Unknown taxonomy (chromosome or plasmid)
barcode11_9Gb	contig_12335	85388	86573	Escherichia coli EF-Tu mutants conferring resistance to Pulvomycin_elfamycin_antibiotic	12	1185	1185	1.0	Enterobacter roggenkampii (chromosome or plasmid)
barcode11_9Gb	contig_12342	5042	5621	vanW gene in vanI cluster_glycopeptide_antibiotic	3	579	579	1.0	
barcode11_9Gb	contig_124	1337	2576	Mrx_macrolide_antibiotic	66	1239	1239	1.0	Unknown taxonomy (chromosome or plasmid)
barcode11_9Gb	contig_124	2572	3478	mphA_macrolide_antibiotic	70	906	906	1.0	Unknown taxonomy (chromosome or plasmid)
barcode11_9Gb	contig_12500	4195	4528	Escherichia coli emrE_macrolide_antibiotic	6	333	333	1.0	Unknown taxonomy (chromosome or plasmid)
barcode11_9Gb	contig_12563	348	2268	tet(W)_tetracycline_antibiotic	34	1920	1920	1.0	Unknown taxonomy (chromosome or plasmid)
barcode11_9Gb	contig_12651	37639	38065	FosA2_phosphonic_acid_antibiotic	7	426	426	1.0	Enterobacter roggenkampii (chromosome)
barcode11_9Gb	contig_12665	98763	99957	vanT gene in vanG cluster_glycopeptide_antibiotic	12	1194	1194	1.0	
barcode11_9Gb	contig_12665	250636	251809	vanT gene in vanG cluster_glycopeptide_antibiotic	16	1173	1173	1.0	
barcode11_9Gb	contig_12665	258729	260691	tet(O)_tetracycline_antibiotic	12	1962	1962	1.0	
barcode11_9Gb	contig_12736	57652	58141	nimJ_nitroimidazole_antibiotic	7	489	489	1.0	
barcode11_9Gb	contig_12779	93280	93694	H-NS_macrolide_antibiotic;_fluoroquinolone_antibiotic;_cephalosporin;_cephamycin;_penam;_tetracycline_antibiotic	5	414	414	1.0	Citrobacter (chromosome)
barcode11_9Gb	contig_12939	3974	4796	bacA_peptide_antibiotic	9	822	822	1.0	
barcode11_9Gb	contig_12953	148	1369	tet(40)_tetracycline_antibiotic	9	1221	1221	1.0	Unknown taxonomy (chromosome)
barcode11_9Gb	contig_13227	30315	30645	qacG_disinfecting_agents_and_antiseptics	5	330	330	1.0	
barcode11_9Gb	contig_13245	69093	69798	vanW gene in vanI cluster_glycopeptide_antibiotic	5	705	705	1.0	
barcode11_9Gb	contig_13278	34670	35015	qacG_disinfecting_agents_and_antiseptics	31	345	345	1.0	Unknown taxonomy (chromosome or plasmid)
barcode11_9Gb	contig_13299	9556	10687	vanT gene in vanG cluster_glycopeptide_antibiotic	11	1131	1131	1.0	
barcode11_9Gb	contig_13305	4206	4833	vanW gene in vanI cluster_glycopeptide_antibiotic	5	627	627	1.0	
barcode11_9Gb	contig_13314	12779	13556	vanW gene in vanG cluster_glycopeptide_antibiotic	2	777	777	1.0	
barcode11_9Gb	contig_134	2765	3422	QnrVC1_fluoroquinolone_antibiotic	20	657	657	1.0	Unknown taxonomy (chromosome or plasmid)
barcode11_9Gb	contig_1353	715433	716543	vanT gene in vanG cluster_glycopeptide_antibiotic	66	1110	1110	1.0	
barcode11_9Gb	contig_1354	782617	785809	adeF_fluoroquinolone_antibiotic;_tetracycline_antibiotic	39	3192	3192	1.0	
barcode11_9Gb	contig_13560	14709	16092	mdeA_fluoroquinolone_antibiotic;_aminoglycoside_antibiotic;_penam;_tetracycline_antibiotic;_disinfecting_agents_and_antiseptics	5	1383	1383	1.0	
barcode11_9Gb	contig_13670	5583	6042	AAC(6')-Il_aminoglycoside_antibiotic	17	459	459	1.0	Unknown taxonomy (chromosome or plasmid)
barcode11_9Gb	contig_13670	6505	7285	aadA_aminoglycoside_antibiotic	25	780	780	1.0	Unknown taxonomy (chromosome or plasmid)
barcode11_9Gb	contig_13670	7943	8804	TEM-1_monobactam;_cephalosporin;_penam;_penem	36	861	861	1.0	Unknown taxonomy (chromosome or plasmid)
barcode11_9Gb	contig_137	8965	9847	KPC-2_monobactam;_carbapenem;_cephalosporin;_penam	558	882	882	1.0	Unknown taxonomy (chromosome or plasmid)
barcode11_9Gb	contig_138	94497	95403	mphA_macrolide_antibiotic	145	906	906	1.0	Unknown taxonomy (chromosome or plasmid)
barcode11_9Gb	contig_138	95399	96638	Mrx_macrolide_antibiotic	151	1239	1239	1.0	Unknown taxonomy (chromosome or plasmid)
barcode11_9Gb	contig_138	100713	101553	sul1_sulfonamide_antibiotic	90	840	840	1.0	Unknown taxonomy (chromosome or plasmid)
barcode11_9Gb	contig_13813	5722	7033	Acinetobacter baumannii AbaQ_fluoroquinolone_antibiotic	9	1311	1311	1.0	Acinetobacter lwoffii (chromosome)
barcode11_9Gb	contig_1407	1110	1890	APH(3')-VIa_aminoglycoside_antibiotic	37	780	780	1.0	Unknown taxonomy (chromosome or plasmid)
barcode11_9Gb	contig_1407	11597	12803	tet(B)_tetracycline_antibiotic	60	1206	1206	1.0	Unknown taxonomy (chromosome or plasmid)
barcode11_9Gb	contig_1407	12884	13508	tetR_tetracycline_antibiotic	53	624	624	1.0	Unknown taxonomy (chromosome or plasmid)
barcode11_9Gb	contig_1407	21761	22688	PER-2_monobactam;_carbapenem;_cephalosporin;_penam;_penem	49	927	927	1.0	Unknown taxonomy (plasmid)
barcode11_9Gb	contig_14078	22339	22687	qacG_disinfecting_agents_and_antiseptics	3	348	348	1.0	
barcode11_9Gb	contig_141	15931	16813	KPC-2_monobactam;_carbapenem;_cephalosporin;_penam	60	882	882	1.0	Unknown taxonomy (chromosome or plasmid)
barcode11_9Gb	contig_1410	815	1595	APH(3')-VIa_aminoglycoside_antibiotic	31	780	780	1.0	Unknown taxonomy (chromosome or plasmid)
barcode11_9Gb	contig_1410	2872	3685	NDM-1_carbapenem;_cephalosporin;_cephamycin;_penam	29	813	813	1.0	Unknown taxonomy (chromosome or plasmid)
barcode11_9Gb	contig_14133	5513	6980	vanW gene in vanI cluster_glycopeptide_antibiotic	4	1467	1467	1.0	
barcode11_9Gb	contig_14171	14226	15117	CblA-1_cephalosporin	8	891	891	1.0	Phocaeicola dorei (no genomic info)
barcode11_9Gb	contig_14171	15254	18368	adeF_fluoroquinolone_antibiotic;_tetracycline_antibiotic	9	3114	3114	1.0	
barcode11_9Gb	contig_1423	15459	16272	NDM-1_carbapenem;_cephalosporin;_cephamycin;_penam	50	813	813	1.0	Unknown taxonomy (chromosome or plasmid)
barcode11_9Gb	contig_1423	17549	18329	APH(3')-VIa_aminoglycoside_antibiotic	47	780	780	1.0	Unknown taxonomy (chromosome or plasmid)
barcode11_9Gb	contig_1424	26095	27610	aadT_macrolide_antibiotic;_tetracycline_antibiotic;_disinfecting_agents_and_antiseptics	25	1515	1515	1.0	
barcode11_9Gb	contig_14254	9965	10514	vanY gene in vanB cluster_glycopeptide_antibiotic	3	549	549	1.0	
barcode11_9Gb	contig_143	65977	67165	tet(39)_tetracycline_antibiotic	85	1188	1188	1.0	Unknown taxonomy (plasmid)
barcode11_9Gb	contig_143	68191	69076	mphE_macrolide_antibiotic	128	885	885	1.0	Unknown taxonomy (chromosome or plasmid)
barcode11_9Gb	contig_143	69131	70607	msrE_macrolide_antibiotic;_streptogramin_antibiotic	111	1476	1476	1.0	Unknown taxonomy (chromosome or plasmid)
barcode11_9Gb	contig_14386	11382	12603	mdtG_phosphonic_acid_antibiotic	10	1221	1221	1.0	Citrobacter portucalensis (chromosome)
barcode11_9Gb	contig_14432	4651	4984	qacL_disinfecting_agents_and_antiseptics	24	333	333	1.0	Unknown taxonomy (chromosome or plasmid)
barcode11_9Gb	contig_14476	340	1858	msrE_macrolide_antibiotic;_streptogramin_antibiotic	8	1518	1518	1.0	Unknown taxonomy (chromosome or plasmid)
barcode11_9Gb	contig_14535	1725	2610	mphE_macrolide_antibiotic	31	885	885	1.0	Unknown taxonomy (chromosome or plasmid)
barcode11_9Gb	contig_14535	2665	4141	msrE_macrolide_antibiotic;_streptogramin_antibiotic	32	1476	1476	1.0	Unknown taxonomy (chromosome or plasmid)
barcode11_9Gb	contig_14535	5497	6031	ANT(2'')-Ia_aminoglycoside_antibiotic	31	534	534	1.0	Unknown taxonomy (chromosome or plasmid)
barcode11_9Gb	contig_14535	6175	7075	VEB-1_monobactam;_cephalosporin	33	900	900	1.0	Unknown taxonomy (chromosome or plasmid)
barcode11_9Gb	contig_14543	1603	2443	sul1_sulfonamide_antibiotic	119	840	840	1.0	Unknown taxonomy (chromosome or plasmid)
barcode11_9Gb	contig_14543	2436	2784	qacEdelta1_disinfecting_agents_and_antiseptics	114	348	348	1.0	Unknown taxonomy (chromosome or plasmid)
barcode11_9Gb	contig_14543	3240	4068	OXA-2_carbapenem;_cephalosporin;_penam	18	828	828	1.0	Unknown taxonomy (chromosome or plasmid)
barcode11_9Gb	contig_14558	3036	3495	AAC(6')-Il_aminoglycoside_antibiotic	65	459	459	1.0	Unknown taxonomy (chromosome or plasmid)
barcode11_9Gb	contig_14558	3568	4432	GES-5_carbapenem;_cephalosporin;_penam	67	864	864	1.0	Unknown taxonomy (chromosome or plasmid)
barcode11_9Gb	contig_14558	4908	5772	GES-5_carbapenem;_cephalosporin;_penam	36	864	864	1.0	Unknown taxonomy (chromosome or plasmid)
barcode11_9Gb	contig_14558	5894	6428	ANT(2'')-Ia_aminoglycoside_antibiotic	25	534	534	1.0	Unknown taxonomy (chromosome or plasmid)
barcode11_9Gb	contig_14558	7455	7788	qacJ_disinfecting_agents_and_antiseptics	24	333	333	1.0	Unknown taxonomy (chromosome or plasmid)
barcode11_9Gb	contig_14558	7899	8745	aadA6_aminoglycoside_antibiotic	22	846	846	1.0	Unknown taxonomy (chromosome or plasmid)
barcode11_9Gb	contig_14558	8861	9209	qacEdelta1_disinfecting_agents_and_antiseptics	23	348	348	1.0	Unknown taxonomy (chromosome or plasmid)
barcode11_9Gb	contig_14594	385	1042	QnrVC1_fluoroquinolone_antibiotic	9	657	657	1.0	Unknown taxonomy (chromosome or plasmid)
barcode11_9Gb	contig_14594	2415	3279	GES-1_carbapenem;_cephalosporin;_penam	31	864	864	1.0	Unknown taxonomy (chromosome or plasmid)
barcode11_9Gb	contig_14594	3352	3811	AAC(6')-Il_aminoglycoside_antibiotic	25	459	459	1.0	Unknown taxonomy (chromosome or plasmid)
barcode11_9Gb	contig_14595	5358	5892	ANT(2'')-Ia_aminoglycoside_antibiotic	69	534	534	1.0	Unknown taxonomy (chromosome or plasmid)
barcode11_9Gb	contig_14595	6014	6878	GES-1_carbapenem;_cephalosporin;_penam	82	864	864	1.0	Unknown taxonomy (chromosome or plasmid)
barcode11_9Gb	contig_14595	6951	7410	AAC(6')-Il_aminoglycoside_antibiotic	91	459	459	1.0	Unknown taxonomy (chromosome or plasmid)
barcode11_9Gb	contig_14623	3884	5360	msrE_macrolide_antibiotic;_streptogramin_antibiotic	157	1476	1476	1.0	Unknown taxonomy (chromosome or plasmid)
barcode11_9Gb	contig_14623	5415	6300	mphE_macrolide_antibiotic	148	885	885	1.0	Unknown taxonomy (chromosome or plasmid)
barcode11_9Gb	contig_14640	252	1092	sul1_sulfonamide_antibiotic	101	840	840	1.0	Unknown taxonomy (chromosome or plasmid)
barcode11_9Gb	contig_14640	11908	12367	AAC(6')-Il_aminoglycoside_antibiotic	100	459	459	1.0	Unknown taxonomy (chromosome or plasmid)
barcode11_9Gb	contig_14640	12440	13304	GES-1_carbapenem;_cephalosporin;_penam	98	864	864	1.0	Unknown taxonomy (chromosome or plasmid)
barcode11_9Gb	contig_14640	13426	13960	ANT(2'')-Ia_aminoglycoside_antibiotic	85	534	534	1.0	Unknown taxonomy (chromosome or plasmid)
barcode11_9Gb	contig_14640	14401	14749	qacEdelta1_disinfecting_agents_and_antiseptics	123	348	348	1.0	Unknown taxonomy (chromosome or plasmid)
barcode11_9Gb	contig_14640	14742	15582	sul1_sulfonamide_antibiotic	106	840	840	1.0	Unknown taxonomy (chromosome or plasmid)
barcode11_9Gb	contig_14647	2494	2839	qacG_disinfecting_agents_and_antiseptics	29	345	345	1.0	Unknown taxonomy (chromosome or plasmid)
barcode11_9Gb	contig_14658	14240	15059	bacA_peptide_antibiotic	9	819	819	1.0	Escherichia coli (no genomic info)
barcode11_9Gb	contig_14676	7585	8848	tet(39)_tetracycline_antibiotic	8	1263	1263	1.0	Unknown taxonomy (plasmid)
barcode11_9Gb	contig_14683	1091	1748	QnrS2_fluoroquinolone_antibiotic	31	657	657	1.0	Unknown taxonomy (chromosome or plasmid)
barcode11_9Gb	contig_14683	6269	6926	QnrS2_fluoroquinolone_antibiotic	20	657	657	1.0	Unknown taxonomy (chromosome or plasmid)
barcode11_9Gb	contig_14737	25839	26472	CRP_macrolide_antibiotic;_fluoroquinolone_antibiotic;_penam	12	633	633	1.0	Citrobacter (chromosome)
barcode11_9Gb	contig_14739	16792	17977	Escherichia coli EF-Tu mutants conferring resistance to Pulvomycin_elfamycin_antibiotic	15	1185	1185	1.0	Unknown taxonomy (chromosome or plasmid)
barcode11_9Gb	contig_14739	32767	33400	CRP_macrolide_antibiotic;_fluoroquinolone_antibiotic;_penam	14	633	633	1.0	Unknown taxonomy (chromosome or plasmid)
barcode11_9Gb	contig_14740	18025	19210	Escherichia coli EF-Tu mutants conferring resistance to Pulvomycin_elfamycin_antibiotic	30	1185	1185	1.0	Enterobacter kobei (chromosome or plasmid)
barcode11_9Gb	contig_14740	42349	42982	CRP_macrolide_antibiotic;_fluoroquinolone_antibiotic;_penam	29	633	633	1.0	Enterobacter (chromosome or plasmid)
barcode11_9Gb	contig_14740	117417	119073	ArnT_peptide_antibiotic	23	1656	1656	1.0	Enterobacter kobei (chromosome)
barcode11_9Gb	contig_14740	121947	122931	PmrF_peptide_antibiotic	26	984	984	1.0	
barcode11_9Gb	contig_14784	17916	18390	dfrA14_diaminopyrimidine_antibiotic	13	474	474	1.0	Unknown taxonomy (chromosome or plasmid)
barcode11_9Gb	contig_14787	83468	85121	ArnT_peptide_antibiotic	11	1653	1653	1.0	Unknown taxonomy (chromosome or plasmid)
barcode11_9Gb	contig_14787	87990	88959	PmrF_peptide_antibiotic	13	969	969	1.0	Unknown taxonomy (chromosome or plasmid)
barcode11_9Gb	contig_14787	100045	101413	Escherichia coli GlpT with mutation conferring resistance to fosfomycin_phosphonic_acid_antibiotic	9	1368	1368	1.0	Escherichia coli (chromosome or plasmid)
barcode11_9Gb	contig_14792	59898	62373	vanT gene in vanG cluster_glycopeptide_antibiotic	11	2475	2475	1.0	
barcode11_9Gb	contig_14807	39584	40817	Escherichia coli mdfA_tetracycline_antibiotic;_disinfecting_agents_and_antiseptics	7	1233	1233	1.0	Unknown taxonomy (chromosome or plasmid)
barcode11_9Gb	contig_14881	4086	4914	OXA-253_carbapenem;_penam	30	828	828	1.0	Acinetobacter baumannii (chromosome)
barcode11_9Gb	contig_14932	157	1396	tet(40)_tetracycline_antibiotic	16	1239	1239	1.0	Faecalibacterium prausnitzii (chromosome)
barcode11_9Gb	contig_14932	1447	3367	tet(O)_tetracycline_antibiotic	30	1920	1920	1.0	Unknown taxonomy (chromosome or plasmid)
barcode11_9Gb	contig_14933	613	1414	OXA-101_cephalosporin;_penam	7	801	801	1.0	Unknown taxonomy (chromosome or plasmid)
barcode11_9Gb	contig_14933	1973	2837	sul4_sulfonamide_antibiotic	12	864	864	1.0	Unknown taxonomy (chromosome or plasmid)
barcode11_9Gb	contig_14952	110	746	qacJ_disinfecting_agents_and_antiseptics	2	636	636	1.0	Unknown taxonomy (chromosome or plasmid)
barcode11_9Gb	contig_14952	1521	2361	sul1_sulfonamide_antibiotic	27	840	840	1.0	Unknown taxonomy (chromosome or plasmid)
barcode11_9Gb	contig_14952	4629	5556	PER-3_monobactam;_carbapenem;_cephalosporin;_penam;_penem	19	927	927	1.0	Unknown taxonomy (chromosome or plasmid)
barcode11_9Gb	contig_14953	102	942	sul1_sulfonamide_antibiotic	82	840	840	1.0	Unknown taxonomy (chromosome or plasmid)
barcode11_9Gb	contig_14953	935	1283	qacEdelta1_disinfecting_agents_and_antiseptics	98	348	348	1.0	Unknown taxonomy (chromosome or plasmid)
barcode11_9Gb	contig_14953	1738	2566	OXA-2_carbapenem;_cephalosporin;_penam	85	828	828	1.0	Unknown taxonomy (chromosome or plasmid)
barcode11_9Gb	contig_14953	2647	3298	AAC(6')-Ib9_aminoglycoside_antibiotic	87	651	651	1.0	Unknown taxonomy (chromosome or plasmid)
barcode11_9Gb	contig_14953	3339	4203	GES-1_carbapenem;_cephalosporin;_penam	94	864	864	1.0	Unknown taxonomy (chromosome or plasmid)
barcode11_9Gb	contig_14953	12306	13086	APH(3')-VIa_aminoglycoside_antibiotic	46	780	780	1.0	Unknown taxonomy (chromosome or plasmid)
barcode11_9Gb	contig_14953	20291	20789	dfrA12_diaminopyrimidine_antibiotic	25	498	498	1.0	Unknown taxonomy (chromosome or plasmid)
barcode11_9Gb	contig_14953	21208	21988	aadA2_aminoglycoside_antibiotic	29	780	780	1.0	Unknown taxonomy (chromosome or plasmid)
barcode11_9Gb	contig_14981	6494	6968	dfrA6_diaminopyrimidine_antibiotic	29	474	474	1.0	Unknown taxonomy (chromosome or plasmid)
barcode11_9Gb	contig_14981	7126	7783	QnrVC1_fluoroquinolone_antibiotic	24	657	657	1.0	Unknown taxonomy (chromosome or plasmid)
barcode11_9Gb	contig_14999	194477	195932	adeK_macrolide_antibiotic;_fluoroquinolone_antibiotic;_lincosamide_antibiotic;_carbapenem;_cephalosporin;_tetracycline_antibiotic;_rifamycin_antibiotic;_diaminopyrimidine_antibiotic;_phenicol_antibiotic;_penem	15	1455	1455	1.0	Acinetobacter baumannii (chromosome or plasmid)
barcode11_9Gb	contig_14999	195931	199108	adeJ_macrolide_antibiotic;_fluoroquinolone_antibiotic;_lincosamide_antibiotic;_carbapenem;_cephalosporin;_tetracycline_antibiotic;_rifamycin_antibiotic;_diaminopyrimidine_antibiotic;_phenicol_antibiotic;_penem	23	3177	3177	1.0	Acinetobacter baumannii (chromosome or plasmid)
barcode11_9Gb	contig_14999	199120	200371	adeI_macrolide_antibiotic;_fluoroquinolone_antibiotic;_lincosamide_antibiotic;_carbapenem;_cephalosporin;_tetracycline_antibiotic;_rifamycin_antibiotic;_diaminopyrimidine_antibiotic;_phenicol_antibiotic;_penem	21	1251	1251	1.0	Acinetobacter baumannii (chromosome or plasmid)
barcode11_9Gb	contig_15019	70	898	OXA-253_carbapenem;_penam	29	828	828	1.0	Acinetobacter baumannii (chromosome)
barcode11_9Gb	contig_15023	25302	26472	Shigella flexneri acrA_fluoroquinolone_antibiotic;_cephalosporin;_glycylcycline;_penam;_tetracycline_antibiotic;_rifamycin_antibiotic;_phenicol_antibiotic;_disinfecting_agents_and_antiseptics	5	1170	1170	1.0	Citrobacter (chromosome or plasmid)
barcode11_9Gb	contig_15045	5739	7179	AAC(6')-Ie-APH(2'')-Ia bifunctional protein_aminoglycoside_antibiotic	17	1440	1440	1.0	Unknown taxonomy (chromosome or plasmid)
barcode11_9Gb	contig_15080	188802	190281	Acinetobacter baumannii AmvA_macrolide_antibiotic;_disinfecting_agents_and_antiseptics	12	1479	1479	1.0	Acinetobacter baumannii (chromosome or plasmid)
barcode11_9Gb	contig_15146	56505	57138	CRP_macrolide_antibiotic;_fluoroquinolone_antibiotic;_penam	7	633	633	1.0	Unknown taxonomy (chromosome)
barcode11_9Gb	contig_15146	75451	76636	Escherichia coli EF-Tu mutants conferring resistance to Pulvomycin_elfamycin_antibiotic	12	1185	1185	1.0	Enterobacter (chromosome or plasmid)
barcode11_9Gb	contig_15243	12726	13911	Escherichia coli EF-Tu mutants conferring resistance to Pulvomycin_elfamycin_antibiotic	18	1185	1185	1.0	Shewanella putrefaciens (chromosome)
barcode11_9Gb	contig_15279	8906	10163	tet(32)_tetracycline_antibiotic	8	1257	1257	1.0	Unknown taxonomy (chromosome or plasmid)
barcode11_9Gb	contig_15324	94641	94896	rsmA_fluoroquinolone_antibiotic;_diaminopyrimidine_antibiotic;_phenicol_antibiotic	6	255	255	1.0	
barcode11_9Gb	contig_15350	566	1448	KPC-2_monobactam;_carbapenem;_cephalosporin;_penam	111	882	882	1.0	Unknown taxonomy (chromosome or plasmid)
barcode11_9Gb	contig_15356	7947	8202	rsmA_fluoroquinolone_antibiotic;_diaminopyrimidine_antibiotic;_phenicol_antibiotic	11	255	255	1.0	
barcode11_9Gb	contig_15369	138	918	APH(3')-VIa_aminoglycoside_antibiotic	73	780	780	1.0	Unknown taxonomy (chromosome or plasmid)
barcode11_9Gb	contig_15369	3333	4215	KPC-2_monobactam;_carbapenem;_cephalosporin;_penam	150	882	882	1.0	Unknown taxonomy (chromosome or plasmid)
barcode11_9Gb	contig_1543	3433	6520	mdtB_aminocoumarin_antibiotic	6	3087	3087	1.0	Escherichia coli (chromosome or plasmid)
barcode11_9Gb	contig_15500	9529	10393	aadS_aminoglycoside_antibiotic	16	864	864	1.0	Unknown taxonomy (chromosome or plasmid)
barcode11_9Gb	contig_15528	11074	12733	ArnT_peptide_antibiotic	8	1659	1659	1.0	Citrobacter (chromosome)
barcode11_9Gb	contig_15528	27911	29270	Escherichia coli GlpT with mutation conferring resistance to fosfomycin_phosphonic_acid_antibiotic	5	1359	1359	1.0	Citrobacter (chromosome or plasmid)
barcode11_9Gb	contig_15577	107978	108941	leuO_nucleoside_antibiotic;_disinfecting_agents_and_antiseptics	9	963	963	1.0	Enterobacter roggenkampii (chromosome)
barcode11_9Gb	contig_15577	115105	116872	Haemophilus influenzae PBP3 conferring resistance to beta-lactam antibiotics_cephalosporin;_cephamycin;_penam	9	1767	1767	1.0	Enterobacter roggenkampii (chromosome or plasmid)
barcode11_9Gb	contig_15579	2174	3365	tet(C)_tetracycline_antibiotic	13	1191	1191	1.0	Unknown taxonomy (chromosome or plasmid)
barcode11_9Gb	contig_15584	5257	6121	aadS_aminoglycoside_antibiotic	26	864	864	1.0	Unknown taxonomy (chromosome or plasmid)
barcode11_9Gb	contig_15584	7363	8164	ErmF_macrolide_antibiotic;_lincosamide_antibiotic;_streptogramin_antibiotic;_streptogramin_A_antibiotic;_streptogramin_B_antibiotic	25	801	801	1.0	Unknown taxonomy (chromosome or plasmid)
barcode11_9Gb	contig_1592	1012	2200	tet(39)_tetracycline_antibiotic	43	1188	1188	1.0	Unknown taxonomy (plasmid)
barcode11_9Gb	contig_1600	713497	715990	vanT gene in vanG cluster_glycopeptide_antibiotic	10	2493	2493	1.0	
barcode11_9Gb	contig_1602	52766	55244	vanT gene in vanG cluster_glycopeptide_antibiotic	87	2478	2478	1.0	
barcode11_9Gb	contig_163	3250	4150	VEB-3_monobactam;_cephalosporin	16	900	900	1.0	Unknown taxonomy (chromosome or plasmid)
barcode11_9Gb	contig_163	6863	7703	sul1_sulfonamide_antibiotic	44	840	840	1.0	Unknown taxonomy (chromosome or plasmid)
barcode11_9Gb	contig_163	7696	8044	qacEdelta1_disinfecting_agents_and_antiseptics	55	348	348	1.0	Unknown taxonomy (chromosome or plasmid)
barcode11_9Gb	contig_168	10564	11392	OXA-2_carbapenem;_cephalosporin;_penam	16	828	828	1.0	Unknown taxonomy (chromosome or plasmid)
barcode11_9Gb	contig_172	2660	3521	SHV-5_carbapenem;_cephalosporin;_penam	20	861	861	1.0	Unknown taxonomy (chromosome or plasmid)
barcode11_9Gb	contig_175	247	1093	aadA6_aminoglycoside_antibiotic	19	846	846	1.0	Unknown taxonomy (chromosome or plasmid)
barcode11_9Gb	contig_175	1204	1537	qacJ_disinfecting_agents_and_antiseptics	23	333	333	1.0	Unknown taxonomy (chromosome or plasmid)
barcode11_9Gb	contig_175	1666	2494	OXA-2_carbapenem;_cephalosporin;_penam	26	828	828	1.0	Unknown taxonomy (chromosome or plasmid)
barcode11_9Gb	contig_175	2563	3097	ANT(2'')-Ia_aminoglycoside_antibiotic	23	534	534	1.0	Unknown taxonomy (chromosome or plasmid)
barcode11_9Gb	contig_175	3228	3687	AAC(6')-Il_aminoglycoside_antibiotic	29	459	459	1.0	Unknown taxonomy (chromosome or plasmid)
barcode11_9Gb	contig_175	3745	4279	ANT(2'')-Ia_aminoglycoside_antibiotic	28	534	534	1.0	Unknown taxonomy (chromosome or plasmid)
barcode11_9Gb	contig_175	4336	4870	ANT(2'')-Ia_aminoglycoside_antibiotic	33	534	534	1.0	Unknown taxonomy (chromosome or plasmid)
barcode11_9Gb	contig_175	5001	5460	AAC(6')-Il_aminoglycoside_antibiotic	42	459	459	1.0	Unknown taxonomy (chromosome or plasmid)
barcode11_9Gb	contig_175	7721	8231	dfrA8_diaminopyrimidine_antibiotic	14	510	510	1.0	Unknown taxonomy (chromosome or plasmid)
barcode11_9Gb	contig_175	14855	15515	catA1_phenicol_antibiotic	16	660	660	1.0	Unknown taxonomy (chromosome or plasmid)
barcode11_9Gb	contig_175	18641	19832	tet(C)_tetracycline_antibiotic	27	1191	1191	1.0	Unknown taxonomy (chromosome or plasmid)
barcode11_9Gb	contig_1776	34555	34744	rsmA_fluoroquinolone_antibiotic;_diaminopyrimidine_antibiotic;_phenicol_antibiotic	80	189	189	1.0	
barcode11_9Gb	contig_1778	9165	10111	TLA-1_monobactam;_cephalosporin	10	946	946	1.0	
barcode11_9Gb	contig_1784	521300	521636	qacG_disinfecting_agents_and_antiseptics	6	336	336	1.0	
barcode11_9Gb	contig_1784	1130395	1131211	sul2_sulfonamide_antibiotic	34	816	816	1.0	Unknown taxonomy (chromosome or plasmid)
barcode11_9Gb	contig_1784	1132074	1132911	APH(6)-Id_aminoglycoside_antibiotic	35	837	837	1.0	Unknown taxonomy (chromosome or plasmid)
barcode11_9Gb	contig_1784	1133988	1135188	tet(A)_tetracycline_antibiotic	29	1200	1200	1.0	Unknown taxonomy (chromosome or plasmid)
barcode11_9Gb	contig_179	1054	2254	tet(A)_tetracycline_antibiotic	29	1200	1200	1.0	Unknown taxonomy (chromosome or plasmid)
barcode11_9Gb	contig_1893	7693	8521	OXA-253_carbapenem;_penam	46	828	828	1.0	Acinetobacter baumannii (chromosome)
barcode11_9Gb	contig_1899	7235	7580	qacG_disinfecting_agents_and_antiseptics	27	345	345	1.0	Unknown taxonomy (chromosome or plasmid)
barcode11_9Gb	contig_1899	8615	9443	OXA-72_carbapenem;_penam	16	828	828	1.0	Unknown taxonomy (chromosome or plasmid)
barcode11_9Gb	contig_1902	10112	10940	OXA-253_carbapenem;_penam	96	828	828	1.0	Acinetobacter baumannii (chromosome)
barcode11_9Gb	contig_1905	10745	11540	vanY gene in vanB cluster_glycopeptide_antibiotic	4	795	795	1.0	
barcode11_9Gb	contig_203	149	497	qacEdelta1_disinfecting_agents_and_antiseptics	130	348	348	1.0	Unknown taxonomy (chromosome or plasmid)
barcode11_9Gb	contig_203	490	1330	sul1_sulfonamide_antibiotic	129	840	840	1.0	Unknown taxonomy (chromosome or plasmid)
barcode11_9Gb	contig_2074	1159	1816	QnrVC1_fluoroquinolone_antibiotic	22	657	657	1.0	Unknown taxonomy (chromosome or plasmid)
barcode11_9Gb	contig_2074	1974	2448	dfrA31_diaminopyrimidine_antibiotic	16	474	474	1.0	Vibrio (chromosome or plasmid)
barcode11_9Gb	contig_2074	39247	39721	dfrA31_diaminopyrimidine_antibiotic	16	474	474	1.0	Vibrio (chromosome or plasmid)
barcode11_9Gb	contig_2094	1006	2650	MCR-5.1_peptide_antibiotic	6	1644	1644	1.0	Unknown taxonomy (chromosome or plasmid)
barcode11_9Gb	contig_215	1032	1893	AAC(3)-IIe_aminoglycoside_antibiotic	5	861	861	1.0	Unknown taxonomy (chromosome or plasmid)
barcode11_9Gb	contig_215	2127	3096	SCO-1_cephalosporin;_penam;_penem	5	969	969	1.0	Unknown taxonomy (chromosome or plasmid)
barcode11_9Gb	contig_2273	21648	23040	Escherichia coli UhpT with mutation conferring resistance to fosfomycin_phosphonic_acid_antibiotic	9	1392	1392	1.0	Enterobacter roggenkampii (chromosome or plasmid)
barcode11_9Gb	contig_2379	42003	43950	tet(Q)_tetracycline_antibiotic	76	1947	1947	1.0	Unknown taxonomy (chromosome)
barcode11_9Gb	contig_2576	18883	20029	CMY-70_cephamycin	3	1146	1146	1.0	Citrobacter freundii (chromosome)
barcode11_9Gb	contig_2633	33871	34945	vanT gene in vanG cluster_glycopeptide_antibiotic	88	1074	1074	1.0	
barcode11_9Gb	contig_2637	128032	129031	vanH gene in vanB cluster_glycopeptide_antibiotic	9	999	999	1.0	
barcode11_9Gb	contig_2657	6949	7414	AAC(3)-Ia_aminoglycoside_antibiotic	14	465	465	1.0	Unknown taxonomy (chromosome or plasmid)
barcode11_9Gb	contig_269	48372	48696	Escherichia coli soxS with mutation conferring antibiotic resistance_fluoroquinolone_antibiotic;_monobactam;_carbapenem;_cephalosporin;_glycylcycline;_cephamycin;_penam;_tetracycline_antibiotic;_rifamycin_antibiotic;_phenicol_antibiotic;_penem;_disinfecting_agents_and_antiseptics	14	324	324	1.0	Citrobacter (chromosome)
barcode11_9Gb	contig_269	162344	163529	Escherichia coli EF-Tu mutants conferring resistance to Pulvomycin_elfamycin_antibiotic	18	1185	1185	1.0	Citrobacter freundii (chromosome or plasmid)
barcode11_9Gb	contig_288	39	921	KPC-2_monobactam;_carbapenem;_cephalosporin;_penam	17	882	882	1.0	Unknown taxonomy (chromosome or plasmid)
barcode11_9Gb	contig_297	731093	734246	adeF_fluoroquinolone_antibiotic;_tetracycline_antibiotic	38	3153	3153	1.0	
barcode11_9Gb	contig_297	800085	800649	lnuC_lincosamide_antibiotic	52	564	564	1.0	Unknown taxonomy (chromosome or plasmid)
barcode11_9Gb	contig_297	1500661	1501864	vanT gene in vanG cluster_glycopeptide_antibiotic	23	1203	1203	1.0	
barcode11_9Gb	contig_297	1571154	1572648	vanW gene in vanI cluster_glycopeptide_antibiotic	33	1494	1494	1.0	
barcode11_9Gb	contig_297	2500088	2500652	lnuC_lincosamide_antibiotic	64	564	564	1.0	Unknown taxonomy (chromosome or plasmid)
barcode11_9Gb	contig_300	49345	49672	qacG_disinfecting_agents_and_antiseptics	14	327	327	1.0	
barcode11_9Gb	contig_3045	5411	6191	APH(3')-VIa_aminoglycoside_antibiotic	127	780	780	1.0	Unknown taxonomy (chromosome or plasmid)
barcode11_9Gb	contig_3048	13830	15045	floR_phenicol_antibiotic	41	1215	1215	1.0	Unknown taxonomy (chromosome or plasmid)
barcode11_9Gb	contig_3048	15644	16844	tet(A)_tetracycline_antibiotic	11	1200	1200	1.0	Unknown taxonomy (chromosome or plasmid)
barcode11_9Gb	contig_3049	14278	15445	tet(X3)_glycylcycline;_tetracycline_antibiotic	6	1167	1167	1.0	Unknown taxonomy (chromosome or plasmid)
barcode11_9Gb	contig_3050	2295	3111	sul2_sulfonamide_antibiotic	22	816	816	1.0	Unknown taxonomy (chromosome or plasmid)
barcode11_9Gb	contig_3232	16623	17256	CRP_macrolide_antibiotic;_fluoroquinolone_antibiotic;_penam	15	633	633	1.0	Enterobacter (chromosome or plasmid)
barcode11_9Gb	contig_3232	106999	108655	ArnT_peptide_antibiotic	11	1656	1656	1.0	Enterobacter roggenkampii (chromosome)
barcode11_9Gb	contig_3235	33772	35539	Haemophilus influenzae PBP3 conferring resistance to beta-lactam antibiotics_cephalosporin;_cephamycin;_penam	9	1767	1767	1.0	Citrobacter (chromosome or plasmid)
barcode11_9Gb	contig_3239	38279	39671	Escherichia coli UhpT with mutation conferring resistance to fosfomycin_phosphonic_acid_antibiotic	28	1392	1392	1.0	Enterobacter kobei (chromosome or plasmid)
barcode11_9Gb	contig_3239	190397	191582	Escherichia coli EF-Tu mutants conferring resistance to Pulvomycin_elfamycin_antibiotic	34	1185	1185	1.0	Enterobacter (chromosome or plasmid)
barcode11_9Gb	contig_3239	385900	387046	ACT-87_carbapenem;_cephalosporin;_cephamycin;_penam	22	1146	1146	1.0	Enterobacter kobei (chromosome)
barcode11_9Gb	contig_3239	535545	535971	FosA2_phosphonic_acid_antibiotic	19	426	426	1.0	Enterobacter kobei (chromosome)
barcode11_9Gb	contig_3239	727289	728312	leuO_nucleoside_antibiotic;_disinfecting_agents_and_antiseptics	24	1023	1023	1.0	Enterobacter kobei (chromosome)
barcode11_9Gb	contig_3239	734474	736241	Haemophilus influenzae PBP3 conferring resistance to beta-lactam antibiotics_cephalosporin;_cephamycin;_penam	18	1767	1767	1.0	Enterobacter kobei (chromosome or plasmid)
barcode11_9Gb	contig_3248	5823	7008	Escherichia coli EF-Tu mutants conferring resistance to Pulvomycin_elfamycin_antibiotic	8	1185	1185	1.0	Klebsiella (chromosome or plasmid)
barcode11_9Gb	contig_3249	18852	19857	ACT-8_carbapenem;_cephalosporin;_cephamycin;_penam	7	1005	1005	1.0	Enterobacter roggenkampii (chromosome)
barcode11_9Gb	contig_3436	3682	4987	Acinetobacter baumannii AbaQ_fluoroquinolone_antibiotic	21	1305	1305	1.0	
barcode11_9Gb	contig_3469	91548	92370	bacA_peptide_antibiotic	15	822	822	1.0	Unknown taxonomy (chromosome or plasmid)
barcode11_9Gb	contig_3469	114766	116255	TolC_macrolide_antibiotic;_fluoroquinolone_antibiotic;_aminoglycoside_antibiotic;_carbapenem;_cephalosporin;_glycylcycline;_cephamycin;_penam;_tetracycline_antibiotic;_peptide_antibiotic;_aminocoumarin_antibiotic;_rifamycin_antibiotic;_phenicol_antibiotic;_penem;_disinfecting_agents_and_antiseptics	13	1489	1489	1.0	Unknown taxonomy (chromosome or plasmid)
barcode11_9Gb	contig_3470	33218	34043	OXA-644_carbapenem;_penam	248	825	825	1.0	Acinetobacter johnsonii (chromosome)
barcode11_9Gb	contig_3664	44346	45147	ErmF_macrolide_antibiotic;_lincosamide_antibiotic;_streptogramin_antibiotic;_streptogramin_A_antibiotic;_streptogramin_B_antibiotic	19	801	801	1.0	Unknown taxonomy (chromosome or plasmid)
barcode11_9Gb	contig_3664	45358	46435	tet(X4)_glycylcycline;_tetracycline_antibiotic	15	1077	1077	1.0	Unknown taxonomy (chromosome or plasmid)
barcode11_9Gb	contig_3664	47273	49160	tet(Q)_tetracycline_antibiotic	11	1887	1887	1.0	Unknown taxonomy (chromosome)
barcode11_9Gb	contig_3699	1	610	vanY gene in vanB cluster_glycopeptide_antibiotic	12	609	609	1.0	Roseburia hominis (no genomic info)
barcode11_9Gb	contig_3708	1215489	1216647	vanT gene in vanG cluster_glycopeptide_antibiotic	53	1158	1158	1.0	
barcode11_9Gb	contig_3708	1798057	1799044	vanH gene in vanO cluster_glycopeptide_antibiotic	45	987	987	1.0	
barcode11_9Gb	contig_3770	146148	149742	evgS_macrolide_antibiotic;_fluoroquinolone_antibiotic;_penam;_tetracycline_antibiotic	7	3594	3594	1.0	Unknown taxonomy (chromosome or plasmid)
barcode11_9Gb	contig_3770	149746	150361	evgA_macrolide_antibiotic;_fluoroquinolone_antibiotic;_penam;_tetracycline_antibiotic	11	615	615	1.0	Unknown taxonomy (chromosome or plasmid)
barcode11_9Gb	contig_3770	150884	151940	emrK_tetracycline_antibiotic	17	1056	1056	1.0	Unknown taxonomy (chromosome or plasmid)
barcode11_9Gb	contig_3770	151939	153478	emrY_tetracycline_antibiotic	13	1539	1539	1.0	Escherichia coli (chromosome or plasmid)
barcode11_9Gb	contig_3910	7727	8564	APH(6)-Id_aminoglycoside_antibiotic	37	837	837	1.0	Unknown taxonomy (chromosome or plasmid)
barcode11_9Gb	contig_3910	8563	9427	APH(3'')-Ib_aminoglycoside_antibiotic	28	864	864	1.0	Unknown taxonomy (chromosome or plasmid)
barcode11_9Gb	contig_3911	114561	115437	CTX-M-15_cephalosporin;_penam	15	876	876	1.0	Unknown taxonomy (chromosome or plasmid)
barcode11_9Gb	contig_3911	120077	120734	QnrS1_fluoroquinolone_antibiotic	15	657	657	1.0	Unknown taxonomy (chromosome or plasmid)
barcode11_9Gb	contig_3911	126839	127655	sul2_sulfonamide_antibiotic	26	816	816	1.0	Unknown taxonomy (chromosome or plasmid)
barcode11_9Gb	contig_3911	128899	129247	qacEdelta1_disinfecting_agents_and_antiseptics	27	348	348	1.0	Unknown taxonomy (chromosome or plasmid)
barcode11_9Gb	contig_3911	129410	130190	aadA_aminoglycoside_antibiotic	35	780	780	1.0	Unknown taxonomy (chromosome or plasmid)
barcode11_9Gb	contig_3932	92290	92944	adeN_macrolide_antibiotic;_fluoroquinolone_antibiotic;_lincosamide_antibiotic;_carbapenem;_cephalosporin;_tetracycline_antibiotic;_rifamycin_antibiotic;_diaminopyrimidine_antibiotic;_phenicol_antibiotic;_penem	10	654	654	1.0	Acinetobacter baumannii (chromosome or plasmid)
barcode11_9Gb	contig_3969	46266	46590	Escherichia coli soxS with mutation conferring antibiotic resistance_fluoroquinolone_antibiotic;_monobactam;_carbapenem;_cephalosporin;_glycylcycline;_cephamycin;_penam;_tetracycline_antibiotic;_rifamycin_antibiotic;_phenicol_antibiotic;_penem;_disinfecting_agents_and_antiseptics	18	324	324	1.0	Unknown taxonomy (chromosome or plasmid)
barcode11_9Gb	contig_3969	46675	47140	Escherichia coli soxR with mutation conferring antibiotic resistance_fluoroquinolone_antibiotic;_cephalosporin;_glycylcycline;_penam;_tetracycline_antibiotic;_rifamycin_antibiotic;_phenicol_antibiotic;_disinfecting_agents_and_antiseptics	18	465	465	1.0	Unknown taxonomy (chromosome or plasmid)
barcode11_9Gb	contig_3969	68133	69687	mdtP_nucleoside_antibiotic;_disinfecting_agents_and_antiseptics	19	1554	1554	1.0	Escherichia coli (chromosome or plasmid)
barcode11_9Gb	contig_3969	69683	71735	mdtO_nucleoside_antibiotic;_disinfecting_agents_and_antiseptics	18	2052	2052	1.0	Unknown taxonomy (chromosome or plasmid)
barcode11_9Gb	contig_3969	71734	72766	mdtN_nucleoside_antibiotic;_disinfecting_agents_and_antiseptics	17	1032	1032	1.0	Unknown taxonomy (chromosome or plasmid)
barcode11_9Gb	contig_3969	101433	103077	eptA_peptide_antibiotic	27	1644	1644	1.0	Unknown taxonomy (chromosome or plasmid)
barcode11_9Gb	contig_3969	145301	146435	EC-15_cephalosporin	17	1134	1134	1.0	Unknown taxonomy (chromosome or plasmid)
barcode11_9Gb	contig_4042	22762	23647	mphE_macrolide_antibiotic	96	885	885	1.0	Unknown taxonomy (chromosome or plasmid)
barcode11_9Gb	contig_4042	23702	25178	msrE_macrolide_antibiotic;_streptogramin_antibiotic	85	1476	1476	1.0	Unknown taxonomy (chromosome or plasmid)
barcode11_9Gb	contig_4271	9028	10216	tet(39)_tetracycline_antibiotic	9	1188	1188	1.0	Unknown taxonomy (plasmid)
barcode11_9Gb	contig_4272	1538	2726	tet(39)_tetracycline_antibiotic	27	1188	1188	1.0	Unknown taxonomy (plasmid)
barcode11_9Gb	contig_4274	4317	5505	tet(39)_tetracycline_antibiotic	30	1188	1188	1.0	Unknown taxonomy (plasmid)
barcode11_9Gb	contig_4296	9982	11287	Acinetobacter baumannii AbaQ_fluoroquinolone_antibiotic	15	1305	1305	1.0	
barcode11_9Gb	contig_4316	13465	14245	APH(3')-VIa_aminoglycoside_antibiotic	77	780	780	1.0	Unknown taxonomy (chromosome or plasmid)
barcode11_9Gb	contig_4338	17879	21044	adeF_fluoroquinolone_antibiotic;_tetracycline_antibiotic	61	3165	3165	1.0	Acinetobacter (chromosome or plasmid)
barcode11_9Gb	contig_4528	35933	36722	ANT(3'')-IIa_aminoglycoside_antibiotic	27	789	789	1.0	Acinetobacter baumannii (chromosome or plasmid)
barcode11_9Gb	contig_4545	9279	10479	tet(A)_tetracycline_antibiotic	13	1200	1200	1.0	Unknown taxonomy (chromosome or plasmid)
barcode11_9Gb	contig_4714	30828	31689	AAC(3)-IIe_aminoglycoside_antibiotic	17	861	861	1.0	Unknown taxonomy (chromosome or plasmid)
barcode11_9Gb	contig_4714	31830	32691	TEM-1_monobactam;_cephalosporin;_penam;_penem	46	861	861	1.0	Unknown taxonomy (chromosome or plasmid)
barcode11_9Gb	contig_4714	35453	36026	AAC(6')-Ian_aminoglycoside_antibiotic	13	573	573	1.0	Unknown taxonomy (chromosome or plasmid)
barcode11_9Gb	contig_4714	37354	38191	APH(6)-Id_aminoglycoside_antibiotic	20	837	837	1.0	Unknown taxonomy (chromosome or plasmid)
barcode11_9Gb	contig_4714	38190	38994	APH(3'')-Ib_aminoglycoside_antibiotic	17	804	804	1.0	Unknown taxonomy (chromosome or plasmid)
barcode11_9Gb	contig_4734	8441	10361	tet(W)_tetracycline_antibiotic	58	1920	1920	1.0	Unknown taxonomy (chromosome or plasmid)
barcode11_9Gb	contig_4753	59106	60105	vanT gene in vanG cluster_glycopeptide_antibiotic	10	999	999	1.0	Phocaeicola vulgatus (chromosome)
barcode11_9Gb	contig_4793	3090	3951	TEM-1_monobactam;_cephalosporin;_penam;_penem	47	861	861	1.0	Unknown taxonomy (chromosome or plasmid)
barcode11_9Gb	contig_4793	4092	4953	AAC(3)-IIe_aminoglycoside_antibiotic	20	861	861	1.0	Unknown taxonomy (chromosome or plasmid)
barcode11_9Gb	contig_4800	292090	292915	OXA-441_carbapenem;_penam	9	825	825	1.0	Acinetobacter baumannii (chromosome or plasmid)
barcode11_9Gb	contig_4810	39481	40723	mdtM_fluoroquinolone_antibiotic;_lincosamide_antibiotic;_nucleoside_antibiotic;_phenicol_antibiotic;_disinfecting_agents_and_antiseptics	5	1242	1242	1.0	
barcode11_9Gb	contig_4830	1674	3150	msrE_macrolide_antibiotic;_streptogramin_antibiotic	12	1476	1476	1.0	Unknown taxonomy (chromosome or plasmid)
barcode11_9Gb	contig_4841	157224	157587	Klebsiella pneumoniae KpnE_macrolide_antibiotic;_aminoglycoside_antibiotic;_cephalosporin;_tetracycline_antibiotic;_peptide_antibiotic;_rifamycin_antibiotic;_disinfecting_agents_and_antiseptics	23	363	363	1.0	Enterobacter kobei (chromosome)
barcode11_9Gb	contig_4841	157573	157903	Klebsiella pneumoniae KpnF_macrolide_antibiotic;_aminoglycoside_antibiotic;_cephalosporin;_tetracycline_antibiotic;_peptide_antibiotic;_rifamycin_antibiotic;_disinfecting_agents_and_antiseptics	23	330	330	1.0	Enterobacter kobei (chromosome)
barcode11_9Gb	contig_4841	351768	352149	marA_fluoroquinolone_antibiotic;_monobactam;_carbapenem;_cephalosporin;_glycylcycline;_cephamycin;_penam;_tetracycline_antibiotic;_rifamycin_antibiotic;_phenicol_antibiotic;_penem;_disinfecting_agents_and_antiseptics	5	381	381	1.0	Enterobacter (chromosome or plasmid)
barcode11_9Gb	contig_4841	352168	352603	Escherichia coli AcrAB-TolC with MarR mutations conferring resistance to ciprofloxacin and tetracycline_fluoroquinolone_antibiotic;_cephalosporin;_glycylcycline;_penam;_tetracycline_antibiotic;_rifamycin_antibiotic;_phenicol_antibiotic;_disinfecting_agents_and_antiseptics	5	435	435	1.0	Enterobacter (chromosome)
barcode11_9Gb	contig_4842	358	811	arr-3_rifamycin_antibiotic	66	453	453	1.0	Unknown taxonomy (chromosome or plasmid)
barcode11_9Gb	contig_4842	895	1528	catB3_phenicol_antibiotic	69	633	633	1.0	Unknown taxonomy (chromosome or plasmid)
barcode11_9Gb	contig_4842	1665	2496	OXA-1_cephalosporin;_penam	68	831	831	1.0	Unknown taxonomy (chromosome or plasmid)
barcode11_9Gb	contig_4842	2626	3226	AAC(6')-Ib-cr6_fluoroquinolone_antibiotic;_aminoglycoside_antibiotic	61	600	600	1.0	Unknown taxonomy (chromosome or plasmid)
barcode11_9Gb	contig_4842	5480	6341	AAC(3)-IId_aminoglycoside_antibiotic	19	861	861	1.0	Unknown taxonomy (chromosome or plasmid)
barcode11_9Gb	contig_4842	11312	12173	TEM-1_monobactam;_cephalosporin;_penam;_penem	33	861	861	1.0	Unknown taxonomy (chromosome or plasmid)
barcode11_9Gb	contig_4842	145579	146383	APH(3'')-Ib_aminoglycoside_antibiotic	68	804	804	1.0	Unknown taxonomy (chromosome or plasmid)
barcode11_9Gb	contig_4842	146382	147219	APH(6)-Id_aminoglycoside_antibiotic	64	837	837	1.0	Unknown taxonomy (chromosome or plasmid)
barcode11_9Gb	contig_4842	154735	155527	aadA_aminoglycoside_antibiotic	29	792	792	1.0	Unknown taxonomy (chromosome or plasmid)
barcode11_9Gb	contig_4847	462328	463075	vanY gene in vanG cluster_glycopeptide_antibiotic	14	747	747	1.0	
barcode11_9Gb	contig_4847	622648	622978	qacG_disinfecting_agents_and_antiseptics	13	330	330	1.0	
barcode11_9Gb	contig_4851	30002	31097	vanG_glycopeptide_antibiotic	17	1095	1095	1.0	Unknown taxonomy (chromosome or plasmid)
barcode11_9Gb	contig_4851	116847	118041	Escherichia coli acrA_fluoroquinolone_antibiotic;_cephalosporin;_glycylcycline;_penam;_tetracycline_antibiotic;_rifamycin_antibiotic;_phenicol_antibiotic;_disinfecting_agents_and_antiseptics	13	1194	1194	1.0	Unknown taxonomy (chromosome or plasmid)
barcode11_9Gb	contig_4851	118182	118830	Escherichia coli AcrAB-TolC with AcrR mutation conferring resistance to ciprofloxacin, tetracycline, and ceftazidime_fluoroquinolone_antibiotic;_cephalosporin;_glycylcycline;_penam;_tetracycline_antibiotic;_rifamycin_antibiotic;_phenicol_antibiotic;_disinfecting_agents_and_antiseptics	9	648	648	1.0	Unknown taxonomy (chromosome or plasmid)
barcode11_9Gb	contig_4888	56745	57894	vanT gene in vanG cluster_glycopeptide_antibiotic	3	1149	1149	1.0	
barcode11_9Gb	contig_4963	25	1216	tet(C)_tetracycline_antibiotic	17	1191	1191	1.0	Unknown taxonomy (chromosome or plasmid)
barcode11_9Gb	contig_4963	3089	3974	mphE_macrolide_antibiotic	54	885	885	1.0	Unknown taxonomy (chromosome or plasmid)
barcode11_9Gb	contig_4963	4029	5505	msrE_macrolide_antibiotic;_streptogramin_antibiotic	50	1476	1476	1.0	Unknown taxonomy (chromosome or plasmid)
barcode11_9Gb	contig_4964	4202	5087	mphE_macrolide_antibiotic	49	885	885	1.0	Unknown taxonomy (chromosome or plasmid)
barcode11_9Gb	contig_4964	6960	8151	tet(C)_tetracycline_antibiotic	27	1191	1191	1.0	Unknown taxonomy (chromosome or plasmid)
barcode11_9Gb	contig_4964	9657	10785	tet(C)_tetracycline_antibiotic	18	1128	1128	1.0	Unknown taxonomy (chromosome or plasmid)
barcode11_9Gb	contig_5122	871	1216	qacG_disinfecting_agents_and_antiseptics	33	345	345	1.0	Unknown taxonomy (chromosome or plasmid)
barcode11_9Gb	contig_5131	1287	2091	APH(3'')-Ib_aminoglycoside_antibiotic	30	804	804	1.0	Unknown taxonomy (chromosome or plasmid)
barcode11_9Gb	contig_5131	2090	2927	APH(6)-Id_aminoglycoside_antibiotic	36	837	837	1.0	Unknown taxonomy (chromosome or plasmid)
barcode11_9Gb	contig_5137	55494	56679	Escherichia coli EF-Tu mutants conferring resistance to Pulvomycin_elfamycin_antibiotic	17	1185	1185	1.0	Unknown taxonomy (chromosome)
barcode11_9Gb	contig_5153	25084	25969	mphE_macrolide_antibiotic	32	885	885	1.0	Unknown taxonomy (chromosome or plasmid)
barcode11_9Gb	contig_5153	26024	27500	msrE_macrolide_antibiotic;_streptogramin_antibiotic	40	1476	1476	1.0	Unknown taxonomy (chromosome or plasmid)
barcode11_9Gb	contig_5159	2733	3375	catII_phenicol_antibiotic	17	642	642	1.0	Unknown taxonomy (chromosome or plasmid)
barcode11_9Gb	contig_5277	7463	9941	vanT gene in vanG cluster_glycopeptide_antibiotic	26	2478	2478	1.0	
barcode11_9Gb	contig_5328	15882	17511	tet(O)_tetracycline_antibiotic	22	1629	1629	1.0	Unknown taxonomy (chromosome or plasmid)
barcode11_9Gb	contig_5330	18915	19128	vanU gene in vanG cluster_glycopeptide_antibiotic	16	213	213	1.0	
barcode11_9Gb	contig_5332	13137	13350	vanU gene in vanG cluster_glycopeptide_antibiotic	17	213	213	1.0	
barcode11_9Gb	contig_5338	25262	26144	vanW gene in vanG cluster_glycopeptide_antibiotic	468	882	882	1.0	Acinetobacter johnsonii (chromosome)
barcode11_9Gb	contig_5397	250748	251900	ADC-154_cephalosporin	12	1152	1152	1.0	Acinetobacter baumannii (chromosome or plasmid)
barcode11_9Gb	contig_5397	356356	357805	adeH_fluoroquinolone_antibiotic;_tetracycline_antibiotic	16	1449	1449	1.0	Acinetobacter baumannii (chromosome or plasmid)
barcode11_9Gb	contig_5397	357817	360997	adeF_fluoroquinolone_antibiotic;_tetracycline_antibiotic	16	3180	3180	1.0	Acinetobacter baumannii (chromosome or plasmid)
barcode11_9Gb	contig_5397	361003	362224	adeG_fluoroquinolone_antibiotic;_tetracycline_antibiotic	17	1221	1221	1.0	Acinetobacter baumannii (chromosome or plasmid)
barcode11_9Gb	contig_5397	362439	363453	adeL_fluoroquinolone_antibiotic;_tetracycline_antibiotic	16	1014	1014	1.0	Acinetobacter baumannii (chromosome or plasmid)
barcode11_9Gb	contig_5397	366761	367091	abeS_macrolide_antibiotic;_aminocoumarin_antibiotic	16	330	330	1.0	Acinetobacter baumannii (chromosome or plasmid)
barcode11_9Gb	contig_540	34896	37116	Acinetobacter baumannii parC conferring resistance to fluoroquinolones_fluoroquinolone_antibiotic	25	2220	2220	1.0	Acinetobacter baumannii (chromosome or plasmid)
barcode11_9Gb	contig_551	157516	157771	rsmA_fluoroquinolone_antibiotic;_diaminopyrimidine_antibiotic;_phenicol_antibiotic	323	255	255	1.0	
barcode11_9Gb	contig_5552	426646	427759	vanT gene in vanG cluster_glycopeptide_antibiotic	16	1113	1113	1.0	
barcode11_9Gb	contig_5552	622047	625188	adeF_fluoroquinolone_antibiotic;_tetracycline_antibiotic	20	3141	3141	1.0	
barcode11_9Gb	contig_5552	724229	725561	vanW gene in vanI cluster_glycopeptide_antibiotic	16	1332	1332	1.0	
barcode11_9Gb	contig_5552	3128832	3130209	vanW gene in vanI cluster_glycopeptide_antibiotic	16	1377	1377	1.0	
barcode11_9Gb	contig_5587	14161	15127	CfxA3_cephamycin	28	966	966	1.0	Unknown taxonomy (chromosome or plasmid)
barcode11_9Gb	contig_5648	2489	2963	dfrA6_diaminopyrimidine_antibiotic	21	474	474	1.0	Unknown taxonomy (chromosome or plasmid)
barcode11_9Gb	contig_5648	3121	3778	QnrVC1_fluoroquinolone_antibiotic	23	657	657	1.0	Unknown taxonomy (chromosome or plasmid)
barcode11_9Gb	contig_5659	48683	49505	bacA_peptide_antibiotic	8	822	822	1.0	
barcode11_9Gb	contig_5661	369791	372947	adeF_fluoroquinolone_antibiotic;_tetracycline_antibiotic	16	3156	3156	1.0	
barcode11_9Gb	contig_5767	11344	12172	OXA-253_carbapenem;_penam	40	828	828	1.0	Acinetobacter baumannii (chromosome)
barcode11_9Gb	contig_5769	69	897	OXA-253_carbapenem;_penam	19	828	828	1.0	Acinetobacter baumannii (chromosome)
barcode11_9Gb	contig_5923	6511	6841	qacG_disinfecting_agents_and_antiseptics	7	330	330	1.0	
barcode11_9Gb	contig_5935	23833	24943	vanT gene in vanG cluster_glycopeptide_antibiotic	209	1110	1110	1.0	
barcode11_9Gb	contig_5996	1574	2231	QnrVC4_fluoroquinolone_antibiotic	21	657	657	1.0	Unknown taxonomy (chromosome or plasmid)
barcode11_9Gb	contig_5996	2313	2952	AAC(6')-Ib9_aminoglycoside_antibiotic	19	639	639	1.0	Unknown taxonomy (chromosome or plasmid)
barcode11_9Gb	contig_5998	660	1497	APH(6)-Id_aminoglycoside_antibiotic	61	837	837	1.0	Unknown taxonomy (chromosome or plasmid)
barcode11_9Gb	contig_601	25009	25354	qacG_disinfecting_agents_and_antiseptics	286	345	345	1.0	Acinetobacter johnsonii (chromosome)
barcode11_9Gb	contig_6106	320267	320990	baeR_aminoglycoside_antibiotic;_aminocoumarin_antibiotic	26	723	723	1.0	Enterobacter kobei (chromosome)
barcode11_9Gb	contig_6106	320986	322390	baeS_aminoglycoside_antibiotic;_aminocoumarin_antibiotic	26	1404	1404	1.0	
barcode11_9Gb	contig_6106	326884	330007	mdtB_aminocoumarin_antibiotic	27	3123	3123	1.0	
barcode11_9Gb	contig_6114	6123	7383	EreB_macrolide_antibiotic	44	1260	1260	1.0	
barcode11_9Gb	contig_6116	4820	6080	EreB_macrolide_antibiotic	24	1260	1260	1.0	
barcode11_9Gb	contig_6171	8099	8999	VEB-1_monobactam;_cephalosporin	26	900	900	1.0	Unknown taxonomy (chromosome or plasmid)
barcode11_9Gb	contig_6171	10542	11076	ANT(2'')-Ia_aminoglycoside_antibiotic	23	534	534	1.0	Unknown taxonomy (chromosome or plasmid)
barcode11_9Gb	contig_6171	11160	11613	arr-2_rifamycin_antibiotic	21	453	453	1.0	Unknown taxonomy (chromosome or plasmid)
barcode11_9Gb	contig_6171	11933	13193	cmlA5_phenicol_antibiotic	25	1260	1260	1.0	Unknown taxonomy (chromosome or plasmid)
barcode11_9Gb	contig_6171	13457	14258	OXA-10_cephalosporin;_penam	24	801	801	1.0	Unknown taxonomy (chromosome or plasmid)
barcode11_9Gb	contig_6171	14250	15066	aadA_aminoglycoside_antibiotic	34	816	816	1.0	Unknown taxonomy (chromosome or plasmid)
barcode11_9Gb	contig_6186	226	1054	OXA-253_carbapenem;_penam	42	828	828	1.0	Acinetobacter baumannii (chromosome)
barcode11_9Gb	contig_6212	110935	111349	H-NS_macrolide_antibiotic;_fluoroquinolone_antibiotic;_cephalosporin;_cephamycin;_penam;_tetracycline_antibiotic	8	414	414	1.0	Unknown taxonomy (chromosome or plasmid)
barcode11_9Gb	contig_6248	28278	29748	adeC_glycylcycline;_tetracycline_antibiotic	6	1470	1470	1.0	Acinetobacter baumannii (chromosome or plasmid)
barcode11_9Gb	contig_6249	27574	28879	Acinetobacter baumannii AbaQ_fluoroquinolone_antibiotic	13	1305	1305	1.0	Acinetobacter baumannii (chromosome or plasmid)
barcode11_9Gb	contig_6290	451	1252	OXA-10_cephalosporin;_penam	18	801	801	1.0	Unknown taxonomy (chromosome or plasmid)
barcode11_9Gb	contig_6290	1516	2776	cmlA5_phenicol_antibiotic	46	1260	1260	1.0	Unknown taxonomy (chromosome or plasmid)
barcode11_9Gb	contig_6290	2990	3500	AAC(6')-Ib9_aminoglycoside_antibiotic	51	510	510	1.0	Unknown taxonomy (chromosome or plasmid)
barcode11_9Gb	contig_6290	7884	9075	tet(C)_tetracycline_antibiotic	25	1191	1191	1.0	Unknown taxonomy (chromosome or plasmid)
barcode11_9Gb	contig_635	47873	49388	aadT_macrolide_antibiotic;_tetracycline_antibiotic;_disinfecting_agents_and_antiseptics	39	1515	1515	1.0	
barcode11_9Gb	contig_6355	65307	65496	rsmA_fluoroquinolone_antibiotic;_diaminopyrimidine_antibiotic;_phenicol_antibiotic	10	189	189	1.0	
barcode11_9Gb	contig_6386	126778	129949	adeF_fluoroquinolone_antibiotic;_tetracycline_antibiotic	13	3171	3171	1.0	
barcode11_9Gb	contig_6386	749513	751067	vanW gene in vanI cluster_glycopeptide_antibiotic	14	1554	1554	1.0	
barcode11_9Gb	contig_6403	353	806	arr-3_rifamycin_antibiotic	61	453	453	1.0	Unknown taxonomy (chromosome or plasmid)
barcode11_9Gb	contig_6403	890	1523	catB3_phenicol_antibiotic	70	633	633	1.0	Unknown taxonomy (chromosome or plasmid)
barcode11_9Gb	contig_6403	1660	2491	OXA-1_cephalosporin;_penam	70	831	831	1.0	Unknown taxonomy (chromosome or plasmid)
barcode11_9Gb	contig_6403	2621	3221	AAC(6')-Ib-cr6_fluoroquinolone_antibiotic;_aminoglycoside_antibiotic	63	600	600	1.0	Unknown taxonomy (chromosome or plasmid)
barcode11_9Gb	contig_6404	353	806	arr-3_rifamycin_antibiotic	66	453	453	1.0	Unknown taxonomy (chromosome or plasmid)
barcode11_9Gb	contig_6404	890	1523	catB3_phenicol_antibiotic	72	633	633	1.0	Unknown taxonomy (chromosome or plasmid)
barcode11_9Gb	contig_6404	1660	2491	OXA-1_cephalosporin;_penam	70	831	831	1.0	Unknown taxonomy (chromosome or plasmid)
barcode11_9Gb	contig_6404	2621	3221	AAC(6')-Ib-cr6_fluoroquinolone_antibiotic;_aminoglycoside_antibiotic	68	600	600	1.0	Unknown taxonomy (chromosome or plasmid)
barcode11_9Gb	contig_6405	428	776	qacEdelta1_disinfecting_agents_and_antiseptics	95	348	348	1.0	Unknown taxonomy (chromosome or plasmid)
barcode11_9Gb	contig_6405	769	1609	sul1_sulfonamide_antibiotic	79	840	840	1.0	Unknown taxonomy (chromosome or plasmid)
barcode11_9Gb	contig_6406	54	654	AAC(6')-Ib-cr6_fluoroquinolone_antibiotic;_aminoglycoside_antibiotic	19	600	600	1.0	Unknown taxonomy (chromosome or plasmid)
barcode11_9Gb	contig_641	262	1087	OXA-644_carbapenem;_penam	87	825	825	1.0	Acinetobacter johnsonii (chromosome)
barcode11_9Gb	contig_646	585069	586305	vanW gene in vanI cluster_glycopeptide_antibiotic	188	1236	1236	1.0	
barcode11_9Gb	contig_646	1288307	1288814	nimK_nitroimidazole_antibiotic	205	507	507	1.0	
barcode11_9Gb	contig_646	1544323	1547515	adeF_fluoroquinolone_antibiotic;_tetracycline_antibiotic	203	3192	3192	1.0	
barcode11_9Gb	contig_65	2690	3875	tet(D)_tetracycline_antibiotic	7	1185	1185	1.0	Unknown taxonomy (chromosome or plasmid)
barcode11_9Gb	contig_6533	12597	13413	sul2_sulfonamide_antibiotic	34	816	816	1.0	Unknown taxonomy (chromosome or plasmid)
barcode11_9Gb	contig_6580	105767	106919	MOX-13_cephalosporin;_cephamycin;_penam	72	1152	1152	1.0	Aeromonas caviae (chromosome or plasmid)
barcode11_9Gb	contig_6613	0	2202	adeF_fluoroquinolone_antibiotic;_tetracycline_antibiotic	30	2202	2202	1.0	Unknown taxonomy (chromosome)
barcode11_9Gb	contig_6644	27785	28220	Escherichia coli AcrAB-TolC with MarR mutations conferring resistance to ciprofloxacin and tetracycline_fluoroquinolone_antibiotic;_cephalosporin;_glycylcycline;_penam;_tetracycline_antibiotic;_rifamycin_antibiotic;_phenicol_antibiotic;_disinfecting_agents_and_antiseptics	11	435	435	1.0	Unknown taxonomy (chromosome or plasmid)
barcode11_9Gb	contig_6644	28239	28623	marA_fluoroquinolone_antibiotic;_monobactam;_carbapenem;_cephalosporin;_glycylcycline;_cephamycin;_penam;_tetracycline_antibiotic;_rifamycin_antibiotic;_phenicol_antibiotic;_penem;_disinfecting_agents_and_antiseptics	11	384	384	1.0	Unknown taxonomy (chromosome or plasmid)
barcode11_9Gb	contig_6678	69321	70422	vanG_glycopeptide_antibiotic	8	1101	1101	1.0	Enterobacter roggenkampii (chromosome)
barcode11_9Gb	contig_6678	208830	209508	kdpE_aminoglycoside_antibiotic	7	678	678	1.0	Unknown taxonomy (chromosome or plasmid)
barcode11_9Gb	contig_6720	17571	18558	vanH gene in vanO cluster_glycopeptide_antibiotic	6	987	987	1.0	
barcode11_9Gb	contig_6745	18458	19193	ErmG_macrolide_antibiotic;_lincosamide_antibiotic;_streptogramin_antibiotic;_streptogramin_A_antibiotic;_streptogramin_B_antibiotic	11	735	735	1.0	Unknown taxonomy (chromosome)
barcode11_9Gb	contig_6833	89956	91876	tet(O)_tetracycline_antibiotic	43	1920	1920	1.0	Unknown taxonomy (chromosome or plasmid)
barcode11_9Gb	contig_6835	320	2240	tet(O)_tetracycline_antibiotic	37	1920	1920	1.0	Unknown taxonomy (chromosome or plasmid)
barcode11_9Gb	contig_6836	1695	2244	tet(O)_tetracycline_antibiotic	17	549	549	1.0	Unknown taxonomy (chromosome or plasmid)
barcode11_9Gb	contig_6864	839	1676	APH(6)-Id_aminoglycoside_antibiotic	28	837	837	1.0	Unknown taxonomy (chromosome or plasmid)
barcode11_9Gb	contig_691	319391	319646	rsmA_fluoroquinolone_antibiotic;_diaminopyrimidine_antibiotic;_phenicol_antibiotic	16	255	255	1.0	
barcode11_9Gb	contig_691	787227	787557	qacG_disinfecting_agents_and_antiseptics	9	330	330	1.0	
barcode11_9Gb	contig_694	9009	9852	OXA-58_carbapenem;_penam	38	843	843	1.0	Unknown taxonomy (chromosome or plasmid)
barcode11_9Gb	contig_694	14970	16446	msrE_macrolide_antibiotic;_streptogramin_antibiotic	52	1476	1476	1.0	Unknown taxonomy (chromosome or plasmid)
barcode11_9Gb	contig_694	16501	17386	mphE_macrolide_antibiotic	47	885	885	1.0	Unknown taxonomy (chromosome or plasmid)
barcode11_9Gb	contig_7026	11232	12456	mef(C)_macrolide_antibiotic;_tetracycline_antibiotic	14	1224	1224	1.0	
barcode11_9Gb	contig_7052	95522	96281	vanY gene in vanB cluster_glycopeptide_antibiotic	4	759	759	1.0	
barcode11_9Gb	contig_7055	36261	37392	vanT gene in vanG cluster_glycopeptide_antibiotic	8	1131	1131	1.0	
barcode11_9Gb	contig_71	37133	37970	APH(6)-Id_aminoglycoside_antibiotic	79	837	837	1.0	Unknown taxonomy (chromosome or plasmid)
barcode11_9Gb	contig_7106	19061	19448	qacG_disinfecting_agents_and_antiseptics	15	387	387	1.0	Elizabethkingia anophelis (chromosome)
barcode11_9Gb	contig_7112	35497	36235	ErmB_macrolide_antibiotic;_lincosamide_antibiotic;_streptogramin_antibiotic;_streptogramin_A_antibiotic;_streptogramin_B_antibiotic	22	738	738	1.0	Unknown taxonomy (chromosome or plasmid)
barcode11_9Gb	contig_717	71319	74670	acrD_aminoglycoside_antibiotic	28	3351	3351	1.0	Enterobacter (chromosome)
barcode11_9Gb	contig_717	367314	367845	emrR_fluoroquinolone_antibiotic	17	531	531	1.0	Enterobacter kobei (chromosome or plasmid)
barcode11_9Gb	contig_717	367971	369144	emrA_fluoroquinolone_antibiotic	19	1173	1173	1.0	
barcode11_9Gb	contig_717	369160	370708	emrB_fluoroquinolone_antibiotic	21	1548	1548	1.0	Enterobacter kobei (chromosome or plasmid)
barcode11_9Gb	contig_717	377749	377935	rsmA_fluoroquinolone_antibiotic;_diaminopyrimidine_antibiotic;_phenicol_antibiotic	17	186	186	1.0	Enterobacter (chromosome or plasmid)
barcode11_9Gb	contig_717	791552	792374	bacA_peptide_antibiotic	17	822	822	1.0	
barcode11_9Gb	contig_717	1106359	1109473	adeF_fluoroquinolone_antibiotic;_tetracycline_antibiotic	25	3114	3114	1.0	Enterobacter kobei (chromosome)
barcode11_9Gb	contig_7215	20578	20980	FosA8_phosphonic_acid_antibiotic	74	402	402	1.0	Aeromonas caviae (chromosome or plasmid)
barcode11_9Gb	contig_7228	130702	130957	rsmA_fluoroquinolone_antibiotic;_diaminopyrimidine_antibiotic;_phenicol_antibiotic	17	255	255	1.0	
barcode11_9Gb	contig_7300	64334	64589	rsmA_fluoroquinolone_antibiotic;_diaminopyrimidine_antibiotic;_phenicol_antibiotic	24	255	255	1.0	
barcode11_9Gb	contig_7302	5973	6228	rsmA_fluoroquinolone_antibiotic;_diaminopyrimidine_antibiotic;_phenicol_antibiotic	28	255	255	1.0	
barcode11_9Gb	contig_7356	16697	16916	rsmA_fluoroquinolone_antibiotic;_diaminopyrimidine_antibiotic;_phenicol_antibiotic	6	219	219	1.0	
barcode11_9Gb	contig_7444	39929	40127	rsmA_fluoroquinolone_antibiotic;_diaminopyrimidine_antibiotic;_phenicol_antibiotic	16	198	198	1.0	
barcode11_9Gb	contig_7447	119180	119843	AcrS_fluoroquinolone_antibiotic;_cephalosporin;_glycylcycline;_cephamycin;_penam;_tetracycline_antibiotic;_rifamycin_antibiotic;_phenicol_antibiotic;_disinfecting_agents_and_antiseptics	12	663	663	1.0	Unknown taxonomy (chromosome or plasmid)
barcode11_9Gb	contig_7447	120241	121399	AcrE_fluoroquinolone_antibiotic;_cephalosporin;_cephamycin;_penam	11	1158	1158	1.0	Escherichia coli (chromosome or plasmid)
barcode11_9Gb	contig_7447	121410	124515	AcrF_fluoroquinolone_antibiotic;_cephalosporin;_cephamycin;_penam	20	3105	3105	1.0	Unknown taxonomy (chromosome or plasmid)
barcode11_9Gb	contig_7483	5854	6679	OXA-644_carbapenem;_penam	542	825	825	1.0	Acinetobacter johnsonii (chromosome)
barcode11_9Gb	contig_7485	155214	156333	vanT gene in vanG cluster_glycopeptide_antibiotic	12	1119	1119	1.0	
barcode11_9Gb	contig_7486	306815	308564	msbA_nitroimidazole_antibiotic	23	1749	1749	1.0	Enterobacter kobei (chromosome)
barcode11_9Gb	contig_7579	4311	5049	ErmB_macrolide_antibiotic;_lincosamide_antibiotic;_streptogramin_antibiotic;_streptogramin_A_antibiotic;_streptogramin_B_antibiotic	17	738	738	1.0	Unknown taxonomy (chromosome or plasmid)
barcode11_9Gb	contig_7623	5989	6220	rsmA_fluoroquinolone_antibiotic;_diaminopyrimidine_antibiotic;_phenicol_antibiotic	4	231	231	1.0	
barcode11_9Gb	contig_7656	21415	21745	qacG_disinfecting_agents_and_antiseptics	10	330	330	1.0	
barcode11_9Gb	contig_7704	58029	59262	Escherichia coli mdfA_tetracycline_antibiotic;_disinfecting_agents_and_antiseptics	17	1233	1233	1.0	
barcode11_9Gb	contig_7704	375188	375563	ramA_fluoroquinolone_antibiotic;_monobactam;_carbapenem;_cephalosporin;_glycylcycline;_cephamycin;_penam;_tetracycline_antibiotic;_rifamycin_antibiotic;_phenicol_antibiotic;_penem;_disinfecting_agents_and_antiseptics	18	375	375	1.0	Enterobacter kobei (no genomic info)
barcode11_9Gb	contig_7704	503847	505041	Enterobacter cloacae acrA_fluoroquinolone_antibiotic;_cephalosporin;_glycylcycline;_penam;_tetracycline_antibiotic;_rifamycin_antibiotic;_phenicol_antibiotic;_disinfecting_agents_and_antiseptics	24	1194	1194	1.0	Enterobacter (chromosome)
barcode11_9Gb	contig_7704	505063	508210	acrB_fluoroquinolone_antibiotic;_cephalosporin;_glycylcycline;_penam;_tetracycline_antibiotic;_rifamycin_antibiotic;_phenicol_antibiotic;_disinfecting_agents_and_antiseptics	28	3147	3147	1.0	Unknown taxonomy (chromosome)
barcode11_9Gb	contig_7704	603461	604562	vanG_glycopeptide_antibiotic	23	1101	1101	1.0	Enterobacter kobei (chromosome)
barcode11_9Gb	contig_7705	64646	65903	Escherichia coli mdfA_tetracycline_antibiotic;_disinfecting_agents_and_antiseptics	5	1257	1257	1.0	
barcode11_9Gb	contig_7720	2450	2795	qacG_disinfecting_agents_and_antiseptics	5	345	345	1.0	Acinetobacter (no genomic info)
barcode11_9Gb	contig_7793	4143	4479	qacG_disinfecting_agents_and_antiseptics	7	336	336	1.0	
barcode11_9Gb	contig_7794	8909	9245	qacG_disinfecting_agents_and_antiseptics	11	336	336	1.0	
barcode11_9Gb	contig_7833	2268	3132	aadS_aminoglycoside_antibiotic	21	864	864	1.0	Unknown taxonomy (chromosome or plasmid)
barcode11_9Gb	contig_7872	29373	30558	Escherichia coli EF-Tu mutants conferring resistance to Pulvomycin_elfamycin_antibiotic	42	1185	1185	1.0	Aeromonas (chromosome or plasmid)
barcode11_9Gb	contig_7980	145618	146719	LpsB_peptide_antibiotic	21	1101	1101	1.0	Acinetobacter baumannii (chromosome or plasmid)
barcode11_9Gb	contig_7980	187158	188505	abeM_fluoroquinolone_antibiotic;_disinfecting_agents_and_antiseptics	21	1347	1347	1.0	Acinetobacter baumannii (chromosome or plasmid)
barcode11_9Gb	contig_8017	24651	26571	tet(O)_tetracycline_antibiotic	23	1920	1920	1.0	Unknown taxonomy (chromosome or plasmid)
barcode11_9Gb	contig_8054	1762	2293	emrR_fluoroquinolone_antibiotic	5	531	531	1.0	Citrobacter (chromosome)
barcode11_9Gb	contig_8148	54337	55531	Enterobacter cloacae acrA_fluoroquinolone_antibiotic;_cephalosporin;_glycylcycline;_penam;_tetracycline_antibiotic;_rifamycin_antibiotic;_phenicol_antibiotic;_disinfecting_agents_and_antiseptics	14	1194	1194	1.0	Enterobacter (chromosome)
barcode11_9Gb	contig_8277	30129	31542	vanW gene in vanI cluster_glycopeptide_antibiotic	8	1413	1413	1.0	
barcode11_9Gb	contig_844	5621	6080	AAC(6')-Il_aminoglycoside_antibiotic	67	459	459	1.0	Unknown taxonomy (chromosome or plasmid)
barcode11_9Gb	contig_844	6153	7017	GES-1_carbapenem;_cephalosporin;_penam	57	864	864	1.0	Unknown taxonomy (chromosome or plasmid)
barcode11_9Gb	contig_844	7149	7623	dfrA6_diaminopyrimidine_antibiotic	24	474	474	1.0	Unknown taxonomy (chromosome or plasmid)
barcode11_9Gb	contig_844	9341	9998	QnrVC1_fluoroquinolone_antibiotic	29	657	657	1.0	Unknown taxonomy (chromosome or plasmid)
barcode11_9Gb	contig_845	106	943	APH(6)-Id_aminoglycoside_antibiotic	32	837	837	1.0	Unknown taxonomy (chromosome or plasmid)
barcode11_9Gb	contig_845	942	1746	APH(3'')-Ib_aminoglycoside_antibiotic	24	804	804	1.0	Unknown taxonomy (chromosome or plasmid)
barcode11_9Gb	contig_845	2625	3816	tet(C)_tetracycline_antibiotic	21	1191	1191	1.0	Unknown taxonomy (chromosome or plasmid)
barcode11_9Gb	contig_8482	28218	28548	Klebsiella pneumoniae KpnF_macrolide_antibiotic;_aminoglycoside_antibiotic;_cephalosporin;_tetracycline_antibiotic;_peptide_antibiotic;_rifamycin_antibiotic;_disinfecting_agents_and_antiseptics	6	330	330	1.0	Citrobacter (chromosome)
barcode11_9Gb	contig_8515	2615	3275	catA1_phenicol_antibiotic	12	660	660	1.0	Unknown taxonomy (chromosome or plasmid)
barcode11_9Gb	contig_8515	72062	72707	QnrB19_fluoroquinolone_antibiotic	68	645	645	1.0	Unknown taxonomy (chromosome or plasmid)
barcode11_9Gb	contig_8515	73194	74055	AAC(3)-IIe_aminoglycoside_antibiotic	12	861	861	1.0	Unknown taxonomy (chromosome or plasmid)
barcode11_9Gb	contig_8555	2944	4132	tet(39)_tetracycline_antibiotic	64	1188	1188	1.0	Unknown taxonomy (plasmid)
barcode11_9Gb	contig_8643	7573	8569	CfxA6_cephamycin	23	996	996	1.0	
barcode11_9Gb	contig_8644	12906	13902	CfxA6_cephamycin	9	996	996	1.0	
barcode11_9Gb	contig_8680	20292	22041	msbA_nitroimidazole_antibiotic	8	1749	1749	1.0	Unknown taxonomy (chromosome)
barcode11_9Gb	contig_8696	71445	71811	Klebsiella pneumoniae KpnE_macrolide_antibiotic;_aminoglycoside_antibiotic;_cephalosporin;_tetracycline_antibiotic;_peptide_antibiotic;_rifamycin_antibiotic;_disinfecting_agents_and_antiseptics	9	366	366	1.0	Unknown taxonomy (chromosome or plasmid)
barcode11_9Gb	contig_8696	71797	72127	Klebsiella pneumoniae KpnF_macrolide_antibiotic;_aminoglycoside_antibiotic;_cephalosporin;_tetracycline_antibiotic;_peptide_antibiotic;_rifamycin_antibiotic;_disinfecting_agents_and_antiseptics	8	330	330	1.0	Unknown taxonomy (chromosome or plasmid)
barcode11_9Gb	contig_8770	38947	39307	qacJ_disinfecting_agents_and_antiseptics	8	360	360	1.0	
barcode11_9Gb	contig_878	8294	10214	tet(W)_tetracycline_antibiotic	52	1920	1920	1.0	Unknown taxonomy (chromosome or plasmid)
barcode11_9Gb	contig_879	9305	11225	tet(O)_tetracycline_antibiotic	17	1920	1920	1.0	Unknown taxonomy (chromosome or plasmid)
barcode11_9Gb	contig_879	11276	12515	tet(40)_tetracycline_antibiotic	17	1239	1239	1.0	Unknown taxonomy (chromosome)
barcode11_9Gb	contig_88	15848	16685	APH(6)-Id_aminoglycoside_antibiotic	40	837	837	1.0	Unknown taxonomy (chromosome or plasmid)
barcode11_9Gb	contig_893	146709	148476	Haemophilus influenzae PBP3 conferring resistance to beta-lactam antibiotics_cephalosporin;_cephamycin;_penam	9	1767	1767	1.0	Unknown taxonomy (chromosome or plasmid)
barcode11_9Gb	contig_893	154577	155522	leuO_nucleoside_antibiotic;_disinfecting_agents_and_antiseptics	13	945	945	1.0	Unknown taxonomy (chromosome or plasmid)
barcode11_9Gb	contig_893	326497	327730	mdtM_fluoroquinolone_antibiotic;_lincosamide_antibiotic;_nucleoside_antibiotic;_phenicol_antibiotic;_disinfecting_agents_and_antiseptics	13	1233	1233	1.0	Unknown taxonomy (chromosome or plasmid)
barcode11_9Gb	contig_8960	43779	44985	Mef(En2)_macrolide_antibiotic;_lincosamide_antibiotic	18	1206	1206	1.0	Unknown taxonomy (chromosome)
barcode11_9Gb	contig_8984	277	2197	tet(O)_tetracycline_antibiotic	27	1920	1920	1.0	Unknown taxonomy (chromosome or plasmid)
barcode11_9Gb	contig_9091	15078	16797	vanW gene in vanI cluster_glycopeptide_antibiotic	5	1719	1719	1.0	
barcode11_9Gb	contig_9107	23194	23389	rsmA_fluoroquinolone_antibiotic;_diaminopyrimidine_antibiotic;_phenicol_antibiotic	5	195	195	1.0	
barcode11_9Gb	contig_9185	5359	6745	vanT gene in vanG cluster_glycopeptide_antibiotic	16	1386	1386	1.0	
barcode11_9Gb	contig_9192	5129	5924	OXA-504_penam	83	795	795	1.0	Aeromonas caviae (chromosome)
barcode11_9Gb	contig_9197	4440	6684	adeF_fluoroquinolone_antibiotic;_tetracycline_antibiotic	49	2244	2244	1.0	Unknown taxonomy (chromosome)
barcode11_9Gb	contig_9318	13096	14245	MOX-2_cephalosporin;_cephamycin;_penam	37	1149	1149	1.0	Unknown taxonomy (chromosome or plasmid)
barcode11_9Gb	contig_9369	173781	174114	qacJ_disinfecting_agents_and_antiseptics	11	333	333	1.0	
barcode11_9Gb	contig_9399	24240	25413	emrA_fluoroquinolone_antibiotic	6	1173	1173	1.0	Citrobacter portucalensis (no genomic info)
barcode11_9Gb	contig_9399	25438	26074	emrR_fluoroquinolone_antibiotic	7	636	636	1.0	Citrobacter (chromosome)
barcode11_9Gb	contig_961	1480734	1481481	vanY gene in vanG cluster_glycopeptide_antibiotic	9	747	747	1.0	
barcode11_9Gb	contig_9637	237919	238264	qacG_disinfecting_agents_and_antiseptics	8	345	345	1.0	
barcode11_9Gb	contig_965	310754	312749	lmrD_lincosamide_antibiotic	9	1995	1995	1.0	
barcode11_9Gb	contig_966	188938	190933	lmrD_lincosamide_antibiotic	10	1995	1995	1.0	
barcode11_9Gb	contig_9751	594	1395	ErmF_macrolide_antibiotic;_lincosamide_antibiotic;_streptogramin_antibiotic;_streptogramin_A_antibiotic;_streptogramin_B_antibiotic	14	801	801	1.0	Unknown taxonomy (chromosome or plasmid)
barcode11_9Gb	contig_9782	10807	11587	APH(3')-VIa_aminoglycoside_antibiotic	57	780	780	1.0	Unknown taxonomy (chromosome or plasmid)
barcode11_9Gb	contig_9857	9851	10346	nimA_nitroimidazole_antibiotic	5	495	495	1.0	
barcode11_9Gb	contig_9876	5068	6058	vanH gene in vanB cluster_glycopeptide_antibiotic	16	990	990	1.0	
barcode11_9Gb	contig_9917	25930	28396	vanT gene in vanG cluster_glycopeptide_antibiotic	10	2466	2466	1.0	
barcode11_9Gb	contig_9919	18342	20091	msbA_nitroimidazole_antibiotic	6	1749	1749	1.0	Klebsiella quasipneumoniae (chromosome)
barcode12_03Gb	contig_104	906	1791	mphE_macrolide_antibiotic	22	885	885	1.0	Unknown taxonomy (chromosome or plasmid)
barcode12_03Gb	contig_104	1846	3322	msrE_macrolide_antibiotic;_streptogramin_antibiotic	21	1476	1476	1.0	Unknown taxonomy (chromosome or plasmid)
barcode12_03Gb	contig_13	3382	4162	APH(3')-VIa_aminoglycoside_antibiotic	9	780	780	1.0	Unknown taxonomy (chromosome or plasmid)
barcode12_03Gb	contig_14	37677	38559	KPC-2_monobactam;_carbapenem;_cephalosporin;_penam	28	882	882	1.0	Unknown taxonomy (chromosome or plasmid)
barcode12_03Gb	contig_16	5533	6415	KPC-2_monobactam;_carbapenem;_cephalosporin;_penam	22	882	882	1.0	Unknown taxonomy (chromosome or plasmid)
barcode12_03Gb	contig_22	115481	116591	vanT gene in vanG cluster_glycopeptide_antibiotic	9	1110	1110	1.0	
barcode12_03Gb	contig_24	26931	27276	qacG_disinfecting_agents_and_antiseptics	5	345	345	1.0	Acinetobacter (chromosome)
barcode12_03Gb	contig_28	87059	87884	OXA-644_carbapenem;_penam	18	825	825	1.0	Acinetobacter johnsonii (chromosome)
barcode12_03Gb	contig_286	4274	5513	Mrx_macrolide_antibiotic	10	1239	1239	1.0	Unknown taxonomy (chromosome or plasmid)
barcode12_03Gb	contig_286	5509	6415	mphA_macrolide_antibiotic	9	906	906	1.0	Unknown taxonomy (chromosome or plasmid)
barcode12_03Gb	contig_389	423	1260	APH(6)-Id_aminoglycoside_antibiotic	6	837	837	1.0	Unknown taxonomy (chromosome or plasmid)
barcode12_03Gb	contig_389	1259	2063	APH(3'')-Ib_aminoglycoside_antibiotic	9	804	804	1.0	Unknown taxonomy (chromosome or plasmid)
barcode12_03Gb	contig_410	15517	16012	lnuC_lincosamide_antibiotic	8	495	495	1.0	Unknown taxonomy (chromosome or plasmid)
barcode12_03Gb	contig_43	156147	156402	rsmA_fluoroquinolone_antibiotic;_diaminopyrimidine_antibiotic;_phenicol_antibiotic	24	255	255	1.0	
barcode12_03Gb	contig_471	4819	5647	OXA-253_carbapenem;_penam	11	828	828	1.0	Acinetobacter baumannii (chromosome)
barcode12_03Gb	contig_5	1654	2569	vanW gene in vanG cluster_glycopeptide_antibiotic	5	915	915	1.0	Acinetobacter johnsonii (chromosome)
barcode12_03Gb	contig_508	76355	77591	vanW gene in vanI cluster_glycopeptide_antibiotic	16	1236	1236	1.0	
barcode12_03Gb	contig_517	2533	3361	OXA-253_carbapenem;_penam	6	828	828	1.0	Acinetobacter baumannii (chromosome)
barcode12_03Gb	contig_6	229394	230309	vanW gene in vanG cluster_glycopeptide_antibiotic	15	915	915	1.0	Acinetobacter johnsonii (chromosome)
barcode12_03Gb	contig_61	4106	4472	qacG_disinfecting_agents_and_antiseptics	3	366	366	1.0	Acinetobacter johnsonii (chromosome)
barcode12_03Gb	contig_73	109	742	catB3_phenicol_antibiotic	4	633	633	1.0	Unknown taxonomy (chromosome or plasmid)
barcode12_03Gb	contig_73	1842	2442	AAC(6')-Ib9_aminoglycoside_antibiotic	13	600	600	1.0	Unknown taxonomy (chromosome or plasmid)
barcode12_03Gb	contig_95	36619	37696	vanT gene in vanG cluster_glycopeptide_antibiotic	5	1077	1077	1.0	
barcode12_05Gb	contig_101	12424	13900	msrE_macrolide_antibiotic;_streptogramin_antibiotic	32	1476	1476	1.0	Unknown taxonomy (chromosome or plasmid)
barcode12_05Gb	contig_101	13955	14840	mphE_macrolide_antibiotic	25	885	885	1.0	Unknown taxonomy (chromosome or plasmid)
barcode12_05Gb	contig_101	15800	16661	TEM-1_monobactam;_cephalosporin;_penam;_penem	7	861	861	1.0	Unknown taxonomy (chromosome or plasmid)
barcode12_05Gb	contig_101	16944	17667	aadA_aminoglycoside_antibiotic	14	723	723	1.0	Unknown taxonomy (chromosome or plasmid)
barcode12_05Gb	contig_101	26493	27150	QnrVC1_fluoroquinolone_antibiotic	9	657	657	1.0	Unknown taxonomy (chromosome or plasmid)
barcode12_05Gb	contig_101	28868	29342	dfrA6_diaminopyrimidine_antibiotic	13	474	474	1.0	Unknown taxonomy (chromosome or plasmid)
barcode12_05Gb	contig_101	29577	30441	GES-1_carbapenem;_cephalosporin;_penam	20	864	864	1.0	Unknown taxonomy (chromosome or plasmid)
barcode12_05Gb	contig_101	30514	30973	AAC(6')-Il_aminoglycoside_antibiotic	22	459	459	1.0	Unknown taxonomy (chromosome or plasmid)
barcode12_05Gb	contig_1025	1422	1875	arr-3_rifamycin_antibiotic	12	453	453	1.0	Unknown taxonomy (chromosome or plasmid)
barcode12_05Gb	contig_1025	1980	2568	AAC(6')-Ib9_aminoglycoside_antibiotic	14	588	588	1.0	Unknown taxonomy (chromosome or plasmid)
barcode12_05Gb	contig_1025	2736	3084	qacEdelta1_disinfecting_agents_and_antiseptics	22	348	348	1.0	Unknown taxonomy (chromosome or plasmid)
barcode12_05Gb	contig_1025	3077	3917	sul1_sulfonamide_antibiotic	25	840	840	1.0	Unknown taxonomy (chromosome or plasmid)
barcode12_05Gb	contig_103	1296	2178	KPC-2_monobactam;_carbapenem;_cephalosporin;_penam	42	882	882	1.0	Unknown taxonomy (chromosome or plasmid)
barcode12_05Gb	contig_109	14286	14634	qacEdelta1_disinfecting_agents_and_antiseptics	12	348	348	1.0	Unknown taxonomy (chromosome or plasmid)
barcode12_05Gb	contig_188	83439	84234	OXA-504_penam	9	795	795	1.0	Aeromonas caviae (chromosome)
barcode12_05Gb	contig_2	90344	93536	adeF_fluoroquinolone_antibiotic;_tetracycline_antibiotic	19	3192	3192	1.0	
barcode12_05Gb	contig_2	349181	349688	nimK_nitroimidazole_antibiotic	11	507	507	1.0	
barcode12_05Gb	contig_2	1051787	1053023	vanW gene in vanI cluster_glycopeptide_antibiotic	17	1236	1236	1.0	
barcode12_05Gb	contig_2	2496772	2497882	vanT gene in vanG cluster_glycopeptide_antibiotic	20	1110	1110	1.0	
barcode12_05Gb	contig_301	4954	5782	OXA-253_carbapenem;_penam	16	828	828	1.0	Acinetobacter baumannii (chromosome)
barcode12_05Gb	contig_32	30757	31672	vanW gene in vanG cluster_glycopeptide_antibiotic	18	915	915	1.0	Acinetobacter johnsonii (chromosome)
barcode12_05Gb	contig_33	115288	115633	qacG_disinfecting_agents_and_antiseptics	19	345	345	1.0	Acinetobacter johnsonii (chromosome)
barcode12_05Gb	contig_33	540633	540888	rsmA_fluoroquinolone_antibiotic;_diaminopyrimidine_antibiotic;_phenicol_antibiotic	26	255	255	1.0	
barcode12_05Gb	contig_38	47408	48233	OXA-644_carbapenem;_penam	40	825	825	1.0	Acinetobacter johnsonii (chromosome)
barcode12_05Gb	contig_460	10920	11724	APH(3'')-Ib_aminoglycoside_antibiotic	12	804	804	1.0	Unknown taxonomy (chromosome or plasmid)
barcode12_05Gb	contig_460	11723	12560	APH(6)-Id_aminoglycoside_antibiotic	18	837	837	1.0	Unknown taxonomy (chromosome or plasmid)
barcode12_05Gb	contig_461	17999	19184	Escherichia coli EF-Tu mutants conferring resistance to Pulvomycin_elfamycin_antibiotic	23	1185	1185	1.0	Unknown taxonomy (chromosome or plasmid)
barcode12_05Gb	contig_484	11905	12685	APH(3')-VIa_aminoglycoside_antibiotic	19	780	780	1.0	Unknown taxonomy (chromosome or plasmid)
barcode12_05Gb	contig_502	13674	16839	adeF_fluoroquinolone_antibiotic;_tetracycline_antibiotic	6	3165	3165	1.0	Acinetobacter (chromosome or plasmid)
barcode12_05Gb	contig_512	583	928	qacG_disinfecting_agents_and_antiseptics	8	345	345	1.0	Unknown taxonomy (chromosome or plasmid)
barcode12_05Gb	contig_577	15200	16016	tet(Q)_tetracycline_antibiotic	6	816	816	1.0	Unknown taxonomy (chromosome)
barcode12_05Gb	contig_577	16176	17175	tet(Q)_tetracycline_antibiotic	6	999	999	1.0	Bacteroides ovatus (chromosome)
barcode12_05Gb	contig_624	86	902	APH(3')-Ia_aminoglycoside_antibiotic	7	816	816	1.0	Unknown taxonomy (chromosome or plasmid)
barcode12_05Gb	contig_645	24070	26548	vanT gene in vanG cluster_glycopeptide_antibiotic	9	2478	2478	1.0	
barcode12_05Gb	contig_683	6645	6834	rsmA_fluoroquinolone_antibiotic;_diaminopyrimidine_antibiotic;_phenicol_antibiotic	7	189	189	1.0	
barcode12_05Gb	contig_744	8606	9038	AAC(6')-Ib-cr3_fluoroquinolone_antibiotic;_aminoglycoside_antibiotic	11	432	432	1.0	Unknown taxonomy (chromosome or plasmid)
barcode12_05Gb	contig_744	9344	9692	qacEdelta1_disinfecting_agents_and_antiseptics	18	348	348	1.0	Unknown taxonomy (chromosome or plasmid)
barcode12_05Gb	contig_744	9685	10525	sul1_sulfonamide_antibiotic	21	840	840	1.0	Unknown taxonomy (chromosome or plasmid)
barcode12_05Gb	contig_774	9695	10499	APH(3'')-Ib_aminoglycoside_antibiotic	18	804	804	1.0	Unknown taxonomy (chromosome or plasmid)
barcode12_1Gb	contig_10	3176	4391	floR_phenicol_antibiotic	7	1215	1215	1.0	Unknown taxonomy (chromosome or plasmid)
barcode12_1Gb	contig_10	6342	7158	sul2_sulfonamide_antibiotic	19	816	816	1.0	Unknown taxonomy (chromosome or plasmid)
barcode12_1Gb	contig_100	3730	4204	dfrA6_diaminopyrimidine_antibiotic	9	474	474	1.0	Unknown taxonomy (chromosome or plasmid)
barcode12_1Gb	contig_100	4336	5200	GES-1_carbapenem;_cephalosporin;_penam	18	864	864	1.0	Unknown taxonomy (chromosome or plasmid)
barcode12_1Gb	contig_100	11398	12055	QnrVC1_fluoroquinolone_antibiotic	11	657	657	1.0	Unknown taxonomy (chromosome or plasmid)
barcode12_1Gb	contig_100	22179	23655	msrE_macrolide_antibiotic;_streptogramin_antibiotic	29	1476	1476	1.0	Unknown taxonomy (chromosome or plasmid)
barcode12_1Gb	contig_100	23710	24595	mphE_macrolide_antibiotic	26	885	885	1.0	Unknown taxonomy (chromosome or plasmid)
barcode12_1Gb	contig_100	26468	27659	tet(C)_tetracycline_antibiotic	8	1191	1191	1.0	Unknown taxonomy (chromosome or plasmid)
barcode12_1Gb	contig_101	23478	24360	KPC-2_monobactam;_carbapenem;_cephalosporin;_penam	76	882	882	1.0	Unknown taxonomy (chromosome or plasmid)
barcode12_1Gb	contig_101	41375	42212	APH(6)-Id_aminoglycoside_antibiotic	22	837	837	1.0	Unknown taxonomy (chromosome or plasmid)
barcode12_1Gb	contig_105	2601	3405	APH(3'')-Ib_aminoglycoside_antibiotic	14	804	804	1.0	Unknown taxonomy (chromosome or plasmid)
barcode12_1Gb	contig_105	3410	4241	APH(6)-Id_aminoglycoside_antibiotic	19	831	831	1.0	Unknown taxonomy (chromosome or plasmid)
barcode12_1Gb	contig_1113	725	1382	QnrVC1_fluoroquinolone_antibiotic	12	657	657	1.0	Unknown taxonomy (chromosome or plasmid)
barcode12_1Gb	contig_1113	1540	2014	dfrA6_diaminopyrimidine_antibiotic	9	474	474	1.0	Vibrio cholerae (chromosome or plasmid)
barcode12_1Gb	contig_1202	26873	27200	Escherichia coli soxS with mutation conferring antibiotic resistance_fluoroquinolone_antibiotic;_monobactam;_carbapenem;_cephalosporin;_glycylcycline;_cephamycin;_penam;_tetracycline_antibiotic;_rifamycin_antibiotic;_phenicol_antibiotic;_penem;_disinfecting_agents_and_antiseptics	9	327	327	1.0	
barcode12_1Gb	contig_1234	140	956	APH(3')-Ia_aminoglycoside_antibiotic	8	816	816	1.0	Unknown taxonomy (chromosome or plasmid)
barcode12_1Gb	contig_1235	72	978	mphA_macrolide_antibiotic	33	906	906	1.0	Unknown taxonomy (chromosome or plasmid)
barcode12_1Gb	contig_1235	974	2213	Mrx_macrolide_antibiotic	33	1239	1239	1.0	Unknown taxonomy (chromosome or plasmid)
barcode12_1Gb	contig_1235	6288	7128	sul1_sulfonamide_antibiotic	19	840	840	1.0	Unknown taxonomy (chromosome or plasmid)
barcode12_1Gb	contig_1235	7121	7469	qacEdelta1_disinfecting_agents_and_antiseptics	16	348	348	1.0	Unknown taxonomy (chromosome or plasmid)
barcode12_1Gb	contig_126	504136	506668	vanT gene in vanG cluster_glycopeptide_antibiotic	16	2532	2532	1.0	
barcode12_1Gb	contig_1301	27036	28221	Escherichia coli EF-Tu mutants conferring resistance to Pulvomycin_elfamycin_antibiotic	11	1185	1185	1.0	Enterobacter (chromosome or plasmid)
barcode12_1Gb	contig_1374	11455	11836	marA_fluoroquinolone_antibiotic;_monobactam;_carbapenem;_cephalosporin;_glycylcycline;_cephamycin;_penam;_tetracycline_antibiotic;_rifamycin_antibiotic;_phenicol_antibiotic;_penem;_disinfecting_agents_and_antiseptics	5	381	381	1.0	Unknown taxonomy (chromosome or plasmid)
barcode12_1Gb	contig_1397	4457	7622	adeF_fluoroquinolone_antibiotic;_tetracycline_antibiotic	10	3165	3165	1.0	Acinetobacter (chromosome or plasmid)
barcode12_1Gb	contig_1404	1786	2566	APH(3')-VIa_aminoglycoside_antibiotic	30	780	780	1.0	Unknown taxonomy (chromosome or plasmid)
barcode12_1Gb	contig_1502	74	377	qacEdelta1_disinfecting_agents_and_antiseptics	8	303	303	1.0	Unknown taxonomy (chromosome or plasmid)
barcode12_1Gb	contig_1502	370	1210	sul1_sulfonamide_antibiotic	10	840	840	1.0	Unknown taxonomy (chromosome or plasmid)
barcode12_1Gb	contig_152	317453	317708	rsmA_fluoroquinolone_antibiotic;_diaminopyrimidine_antibiotic;_phenicol_antibiotic	66	255	255	1.0	
barcode12_1Gb	contig_1598	6689	7553	GES-1_carbapenem;_cephalosporin;_penam	19	864	864	1.0	Unknown taxonomy (chromosome or plasmid)
barcode12_1Gb	contig_1600	2934	4149	floR_phenicol_antibiotic	7	1215	1215	1.0	Unknown taxonomy (chromosome or plasmid)
barcode12_1Gb	contig_1639	1638	5232	evgS_macrolide_antibiotic;_fluoroquinolone_antibiotic;_penam;_tetracycline_antibiotic	4	3594	3594	1.0	Unknown taxonomy (chromosome or plasmid)
barcode12_1Gb	contig_176	177	1365	tet(39)_tetracycline_antibiotic	4	1188	1188	1.0	Unknown taxonomy (plasmid)
barcode12_1Gb	contig_2007	45657	46437	aadA2_aminoglycoside_antibiotic	17	780	780	1.0	Unknown taxonomy (chromosome or plasmid)
barcode12_1Gb	contig_2007	46601	46949	qacEdelta1_disinfecting_agents_and_antiseptics	22	348	348	1.0	Unknown taxonomy (chromosome or plasmid)
barcode12_1Gb	contig_2007	46942	47782	sul1_sulfonamide_antibiotic	22	840	840	1.0	Unknown taxonomy (chromosome or plasmid)
barcode12_1Gb	contig_2037	0	756	APH(6)-Id_aminoglycoside_antibiotic	8	756	756	1.0	Unknown taxonomy (chromosome or plasmid)
barcode12_1Gb	contig_2037	2086	3286	tet(A)_tetracycline_antibiotic	8	1200	1200	1.0	Unknown taxonomy (chromosome or plasmid)
barcode12_1Gb	contig_2045	877	2065	tet(39)_tetracycline_antibiotic	19	1188	1188	1.0	Unknown taxonomy (plasmid)
barcode12_1Gb	contig_2045	3091	3976	mphE_macrolide_antibiotic	38	885	885	1.0	Unknown taxonomy (chromosome or plasmid)
barcode12_1Gb	contig_2045	4031	5507	msrE_macrolide_antibiotic;_streptogramin_antibiotic	36	1476	1476	1.0	Unknown taxonomy (chromosome or plasmid)
barcode12_1Gb	contig_2107	14489	15416	PER-2_monobactam;_carbapenem;_cephalosporin;_penam;_penem	7	927	927	1.0	Unknown taxonomy (plasmid)
barcode12_1Gb	contig_2107	23676	24300	tetR_tetracycline_antibiotic	11	624	624	1.0	Unknown taxonomy (chromosome or plasmid)
barcode12_1Gb	contig_2107	24381	25587	tet(B)_tetracycline_antibiotic	11	1206	1206	1.0	Unknown taxonomy (chromosome or plasmid)
barcode12_1Gb	contig_2130	1352	1811	AAC(6')-Il_aminoglycoside_antibiotic	23	459	459	1.0	Unknown taxonomy (chromosome or plasmid)
barcode12_1Gb	contig_2130	1884	2748	GES-1_carbapenem;_cephalosporin;_penam	35	864	864	1.0	Unknown taxonomy (chromosome or plasmid)
barcode12_1Gb	contig_2130	2870	3404	ANT(2'')-Ia_aminoglycoside_antibiotic	27	534	534	1.0	Unknown taxonomy (chromosome or plasmid)
barcode12_1Gb	contig_2130	3519	3867	qacEdelta1_disinfecting_agents_and_antiseptics	31	348	348	1.0	Unknown taxonomy (chromosome or plasmid)
barcode12_1Gb	contig_2130	3860	4700	sul1_sulfonamide_antibiotic	34	840	840	1.0	Unknown taxonomy (chromosome or plasmid)
barcode12_1Gb	contig_2185	19659	20472	NDM-1_carbapenem;_cephalosporin;_cephamycin;_penam	7	813	813	1.0	Unknown taxonomy (chromosome or plasmid)
barcode12_1Gb	contig_2185	24190	24409	qacJ_disinfecting_agents_and_antiseptics	7	219	219	1.0	Unknown taxonomy (chromosome or plasmid)
barcode12_1Gb	contig_2185	24631	25084	arr-3_rifamycin_antibiotic	7	453	453	1.0	Unknown taxonomy (chromosome or plasmid)
barcode12_1Gb	contig_2185	25168	25801	catB3_phenicol_antibiotic	8	633	633	1.0	Unknown taxonomy (chromosome or plasmid)
barcode12_1Gb	contig_2185	26900	27500	AAC(6')-Ib-cr6_fluoroquinolone_antibiotic;_aminoglycoside_antibiotic	12	600	600	1.0	Unknown taxonomy (chromosome or plasmid)
barcode12_1Gb	contig_23	178497	178863	qacG_disinfecting_agents_and_antiseptics	48	366	366	1.0	Acinetobacter johnsonii (chromosome)
barcode12_1Gb	contig_269	29438	30320	vanW gene in vanG cluster_glycopeptide_antibiotic	59	882	882	1.0	Acinetobacter johnsonii (chromosome)
barcode12_1Gb	contig_276	40010	41195	Escherichia coli EF-Tu mutants conferring resistance to Pulvomycin_elfamycin_antibiotic	25	1185	1185	1.0	Aeromonas caviae (chromosome or plasmid)
barcode12_1Gb	contig_276	59503	60688	Escherichia coli EF-Tu mutants conferring resistance to Pulvomycin_elfamycin_antibiotic	31	1185	1185	1.0	Aeromonas caviae (chromosome or plasmid)
barcode12_1Gb	contig_28	12115	12904	ANT(3'')-IIa_aminoglycoside_antibiotic	6	789	789	1.0	Acinetobacter (chromosome or plasmid)
barcode12_1Gb	contig_318	218298	218487	rsmA_fluoroquinolone_antibiotic;_diaminopyrimidine_antibiotic;_phenicol_antibiotic	16	189	189	1.0	
barcode12_1Gb	contig_318	341917	342319	FosA8_phosphonic_acid_antibiotic	14	402	402	1.0	Aeromonas caviae (chromosome or plasmid)
barcode12_1Gb	contig_324	39261	40056	OXA-504_penam	21	795	795	1.0	Aeromonas caviae (chromosome)
barcode12_1Gb	contig_335	17768	18263	lnuC_lincosamide_antibiotic	10	495	495	1.0	Unknown taxonomy (chromosome or plasmid)
barcode12_1Gb	contig_366	410825	411935	vanT gene in vanG cluster_glycopeptide_antibiotic	33	1110	1110	1.0	
barcode12_1Gb	contig_366	657958	661150	adeF_fluoroquinolone_antibiotic;_tetracycline_antibiotic	38	3192	3192	1.0	
barcode12_1Gb	contig_366	915739	916246	nimK_nitroimidazole_antibiotic	26	507	507	1.0	
barcode12_1Gb	contig_366	1618262	1619498	vanW gene in vanI cluster_glycopeptide_antibiotic	37	1236	1236	1.0	
barcode12_1Gb	contig_395	5451	6051	AAC(6')-Ib9_aminoglycoside_antibiotic	12	600	600	1.0	Unknown taxonomy (chromosome or plasmid)
barcode12_1Gb	contig_395	7645	8545	VEB-1_monobactam;_cephalosporin	8	900	900	1.0	Unknown taxonomy (chromosome or plasmid)
barcode12_1Gb	contig_395	8689	9223	ANT(2'')-Ia_aminoglycoside_antibiotic	8	534	534	1.0	Unknown taxonomy (chromosome or plasmid)
barcode12_1Gb	contig_395	10579	12055	msrE_macrolide_antibiotic;_streptogramin_antibiotic	32	1476	1476	1.0	Unknown taxonomy (chromosome or plasmid)
barcode12_1Gb	contig_395	12110	12995	mphE_macrolide_antibiotic	28	885	885	1.0	Unknown taxonomy (chromosome or plasmid)
barcode12_1Gb	contig_4	11183	12068	mphE_macrolide_antibiotic	36	885	885	1.0	Unknown taxonomy (chromosome or plasmid)
barcode12_1Gb	contig_436	132150	133137	vanH gene in vanO cluster_glycopeptide_antibiotic	4	987	987	1.0	
barcode12_1Gb	contig_456	1471	2434	CfxA6_cephamycin	11	963	963	1.0	
barcode12_1Gb	contig_501	9546	10731	Escherichia coli EF-Tu mutants conferring resistance to Pulvomycin_elfamycin_antibiotic	8	1185	1185	1.0	Enterobacter kobei (chromosome or plasmid)
barcode12_1Gb	contig_501	33984	34617	CRP_macrolide_antibiotic;_fluoroquinolone_antibiotic;_penam	9	633	633	1.0	Unknown taxonomy (chromosome or plasmid)
barcode12_1Gb	contig_539	4571	5399	OXA-253_carbapenem;_penam	30	828	828	1.0	Acinetobacter baumannii (chromosome)
barcode12_1Gb	contig_552	73972	75082	vanT gene in vanG cluster_glycopeptide_antibiotic	12	1110	1110	1.0	
barcode12_1Gb	contig_553	119025	122217	adeF_fluoroquinolone_antibiotic;_tetracycline_antibiotic	12	3192	3192	1.0	
barcode12_1Gb	contig_684	69756	70110	rsmA_fluoroquinolone_antibiotic;_diaminopyrimidine_antibiotic;_phenicol_antibiotic	7	354	354	1.0	
barcode12_1Gb	contig_7	8661	10137	msrE_macrolide_antibiotic;_streptogramin_antibiotic	36	1476	1476	1.0	Unknown taxonomy (chromosome or plasmid)
barcode12_1Gb	contig_7	10192	11077	mphE_macrolide_antibiotic	36	885	885	1.0	Unknown taxonomy (chromosome or plasmid)
barcode12_1Gb	contig_746	1961	2450	nimJ_nitroimidazole_antibiotic	3	489	489	1.0	
barcode12_1Gb	contig_82	6602	7427	OXA-644_carbapenem;_penam	92	825	825	1.0	Acinetobacter johnsonii (chromosome)
barcode12_1Gb	contig_882	1393	1738	qacG_disinfecting_agents_and_antiseptics	7	345	345	1.0	Unknown taxonomy (chromosome or plasmid)
barcode12_1Gb	contig_883	2015	2876	TEM-1_monobactam;_cephalosporin;_penam;_penem	16	861	861	1.0	Unknown taxonomy (chromosome or plasmid)
barcode12_1Gb	contig_883	3017	3878	AAC(3)-IIe_aminoglycoside_antibiotic	9	861	861	1.0	Unknown taxonomy (chromosome or plasmid)
barcode12_1Gb	contig_9	22510	23995	APH(3'')-Ib_aminoglycoside_antibiotic	20	1485	1485	1.0	Pseudomonas aeruginosa (chromosome or plasmid)
barcode12_1Gb	contig_9	231551	232331	APH(3')-VIa_aminoglycoside_antibiotic	13	780	780	1.0	Unknown taxonomy (chromosome or plasmid)
barcode12_1Gb	contig_9	251694	252534	sul1_sulfonamide_antibiotic	28	840	840	1.0	Unknown taxonomy (chromosome or plasmid)
barcode12_1Gb	contig_9	253043	253631	AAC(6')-Ib9_aminoglycoside_antibiotic	16	588	588	1.0	Unknown taxonomy (chromosome or plasmid)
barcode12_1Gb	contig_9	253736	254189	arr-3_rifamycin_antibiotic	15	453	453	1.0	Unknown taxonomy (chromosome or plasmid)
barcode12_1Gb	contig_9	279880	280765	mphE_macrolide_antibiotic	37	885	885	1.0	Unknown taxonomy (chromosome or plasmid)
barcode12_1Gb	contig_9	280820	282296	msrE_macrolide_antibiotic;_streptogramin_antibiotic	40	1476	1476	1.0	Unknown taxonomy (chromosome or plasmid)
barcode12_1Gb	contig_959	55445	56126	aadA_aminoglycoside_antibiotic	10	681	681	1.0	Unknown taxonomy (chromosome or plasmid)
barcode12_1Gb	contig_975	525	1407	KPC-2_monobactam;_carbapenem;_cephalosporin;_penam	32	882	882	1.0	Unknown taxonomy (chromosome or plasmid)
barcode12_3Gb	contig_1076	29762	30578	sul2_sulfonamide_antibiotic	23	816	816	1.0	Unknown taxonomy (chromosome or plasmid)
barcode12_3Gb	contig_1122	29765	30917	MOX-13_cephalosporin;_cephamycin;_penam	28	1152	1152	1.0	Aeromonas caviae (chromosome or plasmid)
barcode12_3Gb	contig_120	40847	41102	rsmA_fluoroquinolone_antibiotic;_diaminopyrimidine_antibiotic;_phenicol_antibiotic	153	255	255	1.0	
barcode12_3Gb	contig_1237	291567	292767	tet(A)_tetracycline_antibiotic	14	1200	1200	1.0	Unknown taxonomy (chromosome or plasmid)
barcode12_3Gb	contig_1237	298020	298926	mphA_macrolide_antibiotic	61	906	906	1.0	Unknown taxonomy (chromosome or plasmid)
barcode12_3Gb	contig_1237	298922	300188	Mrx_macrolide_antibiotic	65	1266	1266	1.0	Unknown taxonomy (chromosome or plasmid)
barcode12_3Gb	contig_1239	860	1370	dfrA8_diaminopyrimidine_antibiotic	9	510	510	1.0	Unknown taxonomy (chromosome or plasmid)
barcode12_3Gb	contig_1239	14136	14595	AAC(6')-Il_aminoglycoside_antibiotic	52	459	459	1.0	Unknown taxonomy (chromosome or plasmid)
barcode12_3Gb	contig_1239	14668	15532	GES-1_carbapenem;_cephalosporin;_penam	51	864	864	1.0	Unknown taxonomy (chromosome or plasmid)
barcode12_3Gb	contig_1239	15654	16188	ANT(2'')-Ia_aminoglycoside_antibiotic	46	534	534	1.0	Unknown taxonomy (chromosome or plasmid)
barcode12_3Gb	contig_1239	16303	16651	qacEdelta1_disinfecting_agents_and_antiseptics	65	348	348	1.0	Unknown taxonomy (chromosome or plasmid)
barcode12_3Gb	contig_1239	16644	17484	sul1_sulfonamide_antibiotic	72	840	840	1.0	Unknown taxonomy (chromosome or plasmid)
barcode12_3Gb	contig_1243	3200	4082	KPC-2_monobactam;_carbapenem;_cephalosporin;_penam	221	882	882	1.0	Unknown taxonomy (chromosome or plasmid)
barcode12_3Gb	contig_133	10347	11547	tet(A)_tetracycline_antibiotic	17	1200	1200	1.0	Unknown taxonomy (chromosome or plasmid)
barcode12_3Gb	contig_133	18385	19213	aadA_aminoglycoside_antibiotic	39	828	828	1.0	Acinetobacter baumannii (chromosome or plasmid)
barcode12_3Gb	contig_133	19241	20162	OXA-10_cephalosporin;_penam	32	921	921	1.0	Unknown taxonomy (chromosome or plasmid)
barcode12_3Gb	contig_133	57866	58727	TEM-191_monobactam;_cephalosporin;_penam;_penem	28	861	861	1.0	Unknown taxonomy (chromosome or plasmid)
barcode12_3Gb	contig_1391	103920	104895	vanH gene in vanO cluster_glycopeptide_antibiotic	19	975	975	1.0	
barcode12_3Gb	contig_1422	140	956	APH(3')-Ia_aminoglycoside_antibiotic	4	816	816	1.0	Unknown taxonomy (chromosome or plasmid)
barcode12_3Gb	contig_1423	271	1177	mphA_macrolide_antibiotic	50	906	906	1.0	Unknown taxonomy (chromosome or plasmid)
barcode12_3Gb	contig_1423	1173	2412	Mrx_macrolide_antibiotic	58	1239	1239	1.0	Unknown taxonomy (chromosome or plasmid)
barcode12_3Gb	contig_1423	6487	7327	sul1_sulfonamide_antibiotic	54	840	840	1.0	Unknown taxonomy (chromosome or plasmid)
barcode12_3Gb	contig_1423	7320	7668	qacEdelta1_disinfecting_agents_and_antiseptics	58	348	348	1.0	Unknown taxonomy (chromosome or plasmid)
barcode12_3Gb	contig_1423	7890	8343	arr-3_rifamycin_antibiotic	15	453	453	1.0	Unknown taxonomy (chromosome or plasmid)
barcode12_3Gb	contig_1423	8439	9039	AAC(6')-Ib-cr6_fluoroquinolone_antibiotic;_aminoglycoside_antibiotic	20	600	600	1.0	Unknown taxonomy (chromosome or plasmid)
barcode12_3Gb	contig_1424	3704	4943	Mrx_macrolide_antibiotic	70	1239	1239	1.0	Unknown taxonomy (chromosome or plasmid)
barcode12_3Gb	contig_1424	4939	5845	mphA_macrolide_antibiotic	72	906	906	1.0	Unknown taxonomy (chromosome or plasmid)
barcode12_3Gb	contig_1424	6821	7637	APH(3')-Ia_aminoglycoside_antibiotic	46	816	816	1.0	Unknown taxonomy (chromosome or plasmid)
barcode12_3Gb	contig_1425	52	832	aadA2_aminoglycoside_antibiotic	18	780	780	1.0	Unknown taxonomy (chromosome or plasmid)
barcode12_3Gb	contig_1425	1251	1749	dfrA12_diaminopyrimidine_antibiotic	18	498	498	1.0	Unknown taxonomy (chromosome or plasmid)
barcode12_3Gb	contig_1425	8954	9734	APH(3')-VIa_aminoglycoside_antibiotic	53	780	780	1.0	Unknown taxonomy (chromosome or plasmid)
barcode12_3Gb	contig_1425	17559	18423	GES-1_carbapenem;_cephalosporin;_penam	36	864	864	1.0	Unknown taxonomy (chromosome or plasmid)
barcode12_3Gb	contig_1425	18464	19115	AAC(6')-Ib9_aminoglycoside_antibiotic	36	651	651	1.0	Unknown taxonomy (chromosome or plasmid)
barcode12_3Gb	contig_1425	19196	20024	OXA-2_carbapenem;_cephalosporin;_penam	35	828	828	1.0	Unknown taxonomy (chromosome or plasmid)
barcode12_3Gb	contig_1425	20479	20827	qacEdelta1_disinfecting_agents_and_antiseptics	71	348	348	1.0	Unknown taxonomy (chromosome or plasmid)
barcode12_3Gb	contig_1425	20820	21660	sul1_sulfonamide_antibiotic	69	840	840	1.0	Unknown taxonomy (chromosome or plasmid)
barcode12_3Gb	contig_1425	25735	26974	Mrx_macrolide_antibiotic	87	1239	1239	1.0	Unknown taxonomy (chromosome or plasmid)
barcode12_3Gb	contig_1425	26970	27876	mphA_macrolide_antibiotic	83	906	906	1.0	Unknown taxonomy (chromosome or plasmid)
barcode12_3Gb	contig_1425	28939	29800	SHV-5_carbapenem;_cephalosporin;_penam	43	861	861	1.0	Unknown taxonomy (chromosome or plasmid)
barcode12_3Gb	contig_1452	1451	2189	KPC-100_monobactam;_carbapenem;_cephalosporin;_penam	128	738	738	1.0	Unknown taxonomy (chromosome or plasmid)
barcode12_3Gb	contig_1454	10333	10939	AAC(6')-Ib9_aminoglycoside_antibiotic	14	606	606	1.0	Unknown taxonomy (chromosome or plasmid)
barcode12_3Gb	contig_1454	11020	11797	aadA_aminoglycoside_antibiotic	20	777	777	1.0	Unknown taxonomy (chromosome or plasmid)
barcode12_3Gb	contig_1454	13381	14242	TEM-1_monobactam;_cephalosporin;_penam;_penem	17	861	861	1.0	Unknown taxonomy (chromosome or plasmid)
barcode12_3Gb	contig_1481	48715	51193	vanT gene in vanG cluster_glycopeptide_antibiotic	43	2478	2478	1.0	
barcode12_3Gb	contig_1508	52460	53645	Escherichia coli EF-Tu mutants conferring resistance to Pulvomycin_elfamycin_antibiotic	19	1185	1185	1.0	Unknown taxonomy (chromosome)
barcode12_3Gb	contig_152	1401118	1402354	vanW gene in vanI cluster_glycopeptide_antibiotic	102	1236	1236	1.0	
barcode12_3Gb	contig_152	2104363	2104870	nimK_nitroimidazole_antibiotic	98	507	507	1.0	
barcode12_3Gb	contig_152	2358964	2362156	adeF_fluoroquinolone_antibiotic;_tetracycline_antibiotic	115	3192	3192	1.0	
barcode12_3Gb	contig_152	2606408	2607518	vanT gene in vanG cluster_glycopeptide_antibiotic	112	1110	1110	1.0	
barcode12_3Gb	contig_1552	19733	20657	ACT-8_carbapenem;_cephalosporin;_cephamycin;_penam	4	924	924	1.0	Enterobacter roggenkampii (chromosome)
barcode12_3Gb	contig_160	7094	8246	ADC-154_cephalosporin	7	1152	1152	1.0	Acinetobacter baumannii (chromosome or plasmid)
barcode12_3Gb	contig_1601	122410	122755	qacG_disinfecting_agents_and_antiseptics	7	345	345	1.0	
barcode12_3Gb	contig_1603	203592	204768	oqxA_fluoroquinolone_antibiotic;_glycylcycline;_tetracycline_antibiotic;_diaminopyrimidine_antibiotic;_nitrofuran_antibiotic	10	1176	1176	1.0	Enterobacter kobei (chromosome)
barcode12_3Gb	contig_1603	204792	207945	oqxB_fluoroquinolone_antibiotic;_glycylcycline;_tetracycline_antibiotic;_diaminopyrimidine_antibiotic;_nitrofuran_antibiotic	10	3153	3153	1.0	Enterobacter kobei (chromosome)
barcode12_3Gb	contig_1646	57083	57908	gadX_macrolide_antibiotic;_fluoroquinolone_antibiotic;_penam	5	825	825	1.0	Unknown taxonomy (chromosome)
barcode12_3Gb	contig_1646	58275	59004	gadW_macrolide_antibiotic;_fluoroquinolone_antibiotic;_penam	5	729	729	1.0	Escherichia coli (chromosome)
barcode12_3Gb	contig_1646	62513	63671	mdtE_macrolide_antibiotic;_fluoroquinolone_antibiotic;_penam	4	1158	1158	1.0	Unknown taxonomy (chromosome)
barcode12_3Gb	contig_1647	55456	56194	ErmB_macrolide_antibiotic;_lincosamide_antibiotic;_streptogramin_antibiotic;_streptogramin_A_antibiotic;_streptogramin_B_antibiotic	24	738	738	1.0	Unknown taxonomy (chromosome or plasmid)
barcode12_3Gb	contig_1685	42566	43529	leuO_nucleoside_antibiotic;_disinfecting_agents_and_antiseptics	6	963	963	1.0	Enterobacter (chromosome)
barcode12_3Gb	contig_1697	5547	6429	KPC-2_monobactam;_carbapenem;_cephalosporin;_penam	43	882	882	1.0	Unknown taxonomy (chromosome or plasmid)
barcode12_3Gb	contig_1700	5900	6524	tetR_tetracycline_antibiotic	21	624	624	1.0	Unknown taxonomy (chromosome or plasmid)
barcode12_3Gb	contig_1700	6605	7811	tet(B)_tetracycline_antibiotic	27	1206	1206	1.0	Unknown taxonomy (chromosome or plasmid)
barcode12_3Gb	contig_1703	5595	6375	APH(3')-VIa_aminoglycoside_antibiotic	31	780	780	1.0	Unknown taxonomy (chromosome or plasmid)
barcode12_3Gb	contig_1703	7652	8465	NDM-1_carbapenem;_cephalosporin;_cephamycin;_penam	18	813	813	1.0	Unknown taxonomy (chromosome or plasmid)
barcode12_3Gb	contig_1862	26530	27358	OXA-253_carbapenem;_penam	44	828	828	1.0	Acinetobacter baumannii (chromosome)
barcode12_3Gb	contig_1868	66	393	qacJ_disinfecting_agents_and_antiseptics	3	327	327	1.0	Unknown taxonomy (chromosome or plasmid)
barcode12_3Gb	contig_1885	23543	24323	APH(3')-VIa_aminoglycoside_antibiotic	54	780	780	1.0	Unknown taxonomy (chromosome or plasmid)
barcode12_3Gb	contig_1894	141	474	qacJ_disinfecting_agents_and_antiseptics	6	333	333	1.0	Unknown taxonomy (chromosome or plasmid)
barcode12_3Gb	contig_1894	3376	4150	APH(3')-VIa_aminoglycoside_antibiotic	10	774	774	1.0	Unknown taxonomy (chromosome or plasmid)
barcode12_3Gb	contig_1902	85987	86782	OXA-504_penam	37	795	795	1.0	Aeromonas caviae (chromosome)
barcode12_3Gb	contig_1925	141430	142681	adeI_macrolide_antibiotic;_fluoroquinolone_antibiotic;_lincosamide_antibiotic;_carbapenem;_cephalosporin;_tetracycline_antibiotic;_rifamycin_antibiotic;_diaminopyrimidine_antibiotic;_phenicol_antibiotic;_penem	9	1251	1251	1.0	Acinetobacter baumannii (chromosome or plasmid)
barcode12_3Gb	contig_1925	142693	145780	adeJ_macrolide_antibiotic;_fluoroquinolone_antibiotic;_lincosamide_antibiotic;_carbapenem;_cephalosporin;_tetracycline_antibiotic;_rifamycin_antibiotic;_diaminopyrimidine_antibiotic;_phenicol_antibiotic;_penem	14	3087	3087	1.0	Acinetobacter baumannii (chromosome or plasmid)
barcode12_3Gb	contig_1938	67312	69061	msbA_nitroimidazole_antibiotic	13	1749	1749	1.0	Enterobacter kobei (chromosome)
barcode12_3Gb	contig_1966	27145	28141	CfxA6_cephamycin	18	996	996	1.0	
barcode12_3Gb	contig_2010	1160	1817	QnrVC1_fluoroquinolone_antibiotic	19	657	657	1.0	Unknown taxonomy (chromosome or plasmid)
barcode12_3Gb	contig_2010	1975	2449	dfrA31_diaminopyrimidine_antibiotic	8	474	474	1.0	Vibrio (chromosome or plasmid)
barcode12_3Gb	contig_2010	29588	30062	dfrA31_diaminopyrimidine_antibiotic	6	474	474	1.0	Vibrio (chromosome or plasmid)
barcode12_3Gb	contig_2021	56	962	aadA3_aminoglycoside_antibiotic	7	906	906	1.0	Unknown taxonomy (chromosome or plasmid)
barcode12_3Gb	contig_2053	3987	4620	CRP_macrolide_antibiotic;_fluoroquinolone_antibiotic;_penam	13	633	633	1.0	Enterobacter (chromosome or plasmid)
barcode12_3Gb	contig_2053	77919	81033	adeF_fluoroquinolone_antibiotic;_tetracycline_antibiotic	12	3114	3114	1.0	Enterobacter kobei (chromosome)
barcode12_3Gb	contig_2076	3683	3938	rsmA_fluoroquinolone_antibiotic;_diaminopyrimidine_antibiotic;_phenicol_antibiotic	14	255	255	1.0	
barcode12_3Gb	contig_2118	4756	5560	APH(3'')-Ib_aminoglycoside_antibiotic	66	804	804	1.0	Unknown taxonomy (chromosome or plasmid)
barcode12_3Gb	contig_2118	5559	6396	APH(6)-Id_aminoglycoside_antibiotic	67	837	837	1.0	Unknown taxonomy (chromosome or plasmid)
barcode12_3Gb	contig_2124	6925	8899	tet(Q)_tetracycline_antibiotic	21	1974	1974	1.0	Unknown taxonomy (chromosome)
barcode12_3Gb	contig_2132	1363	2194	sul1_sulfonamide_antibiotic	22	831	831	1.0	Unknown taxonomy (chromosome or plasmid)
barcode12_3Gb	contig_2132	2187	2535	qacEdelta1_disinfecting_agents_and_antiseptics	26	348	348	1.0	Unknown taxonomy (chromosome or plasmid)
barcode12_3Gb	contig_2132	2756	3620	GES-1_carbapenem;_cephalosporin;_penam	28	864	864	1.0	Unknown taxonomy (chromosome or plasmid)
barcode12_3Gb	contig_2132	3693	4152	AAC(6')-Il_aminoglycoside_antibiotic	31	459	459	1.0	Unknown taxonomy (chromosome or plasmid)
barcode12_3Gb	contig_2132	4226	4559	qacL_disinfecting_agents_and_antiseptics	29	333	333	1.0	Unknown taxonomy (chromosome or plasmid)
barcode12_3Gb	contig_2132	4786	5650	GES-5_carbapenem;_cephalosporin;_penam	38	864	864	1.0	Unknown taxonomy (chromosome or plasmid)
barcode12_3Gb	contig_2132	5723	6182	AAC(6')-Il_aminoglycoside_antibiotic	43	459	459	1.0	Unknown taxonomy (chromosome or plasmid)
barcode12_3Gb	contig_2135	759	1416	QnrS2_fluoroquinolone_antibiotic	9	657	657	1.0	Unknown taxonomy (chromosome or plasmid)
barcode12_3Gb	contig_2194	385683	386796	vanT gene in vanG cluster_glycopeptide_antibiotic	9	1113	1113	1.0	
barcode12_3Gb	contig_2194	683455	684787	vanW gene in vanI cluster_glycopeptide_antibiotic	6	1332	1332	1.0	
barcode12_3Gb	contig_2198	1540	2197	QnrVC1_fluoroquinolone_antibiotic	20	657	657	1.0	Unknown taxonomy (chromosome or plasmid)
barcode12_3Gb	contig_2198	3915	4389	dfrA6_diaminopyrimidine_antibiotic	17	474	474	1.0	Unknown taxonomy (chromosome or plasmid)
barcode12_3Gb	contig_2198	4521	5385	GES-1_carbapenem;_cephalosporin;_penam	41	864	864	1.0	Unknown taxonomy (chromosome or plasmid)
barcode12_3Gb	contig_2198	5458	5917	AAC(6')-Il_aminoglycoside_antibiotic	43	459	459	1.0	Unknown taxonomy (chromosome or plasmid)
barcode12_3Gb	contig_2208	32791	33976	Escherichia coli EF-Tu mutants conferring resistance to Pulvomycin_elfamycin_antibiotic	19	1185	1185	1.0	Unknown taxonomy (chromosome or plasmid)
barcode12_3Gb	contig_2208	108795	110169	cpxA_aminoglycoside_antibiotic;_aminocoumarin_antibiotic	5	1374	1374	1.0	Escherichia coli (chromosome or plasmid)
barcode12_3Gb	contig_2222	5661	8637	AcrF_fluoroquinolone_antibiotic;_cephalosporin;_cephamycin;_penam	7	2976	2976	1.0	Unknown taxonomy (chromosome or plasmid)
barcode12_3Gb	contig_2222	8648	9806	AcrE_fluoroquinolone_antibiotic;_cephalosporin;_cephamycin;_penam	6	1158	1158	1.0	Unknown taxonomy (chromosome or plasmid)
barcode12_3Gb	contig_2222	10204	10867	AcrS_fluoroquinolone_antibiotic;_cephalosporin;_glycylcycline;_cephamycin;_penam;_tetracycline_antibiotic;_rifamycin_antibiotic;_phenicol_antibiotic;_disinfecting_agents_and_antiseptics	5	663	663	1.0	Unknown taxonomy (chromosome or plasmid)
barcode12_3Gb	contig_2224	390846	391668	bacA_peptide_antibiotic	11	822	822	1.0	
barcode12_3Gb	contig_2245	122989	123646	QnrVC1_fluoroquinolone_antibiotic	20	657	657	1.0	Unknown taxonomy (chromosome or plasmid)
barcode12_3Gb	contig_2245	123804	124278	dfrA6_diaminopyrimidine_antibiotic	20	474	474	1.0	Unknown taxonomy (chromosome or plasmid)
barcode12_3Gb	contig_226	50280	50844	lnuC_lincosamide_antibiotic	28	564	564	1.0	Unknown taxonomy (chromosome or plasmid)
barcode12_3Gb	contig_226	119009	122162	adeF_fluoroquinolone_antibiotic;_tetracycline_antibiotic	11	3153	3153	1.0	
barcode12_3Gb	contig_226	957041	957605	lnuC_lincosamide_antibiotic	31	564	564	1.0	Unknown taxonomy (chromosome or plasmid)
barcode12_3Gb	contig_2260	59322	59748	FosA2_phosphonic_acid_antibiotic	6	426	426	1.0	Enterobacter kobei (chromosome)
barcode12_3Gb	contig_2403	66831	68826	lmrD_lincosamide_antibiotic	6	1995	1995	1.0	
barcode12_3Gb	contig_2419	14796	15633	APH(6)-Id_aminoglycoside_antibiotic	60	837	837	1.0	Unknown taxonomy (chromosome or plasmid)
barcode12_3Gb	contig_2419	36194	37034	sul1_sulfonamide_antibiotic	10	840	840	1.0	Unknown taxonomy (chromosome or plasmid)
barcode12_3Gb	contig_2451	5423	5747	Escherichia coli soxS with mutation conferring antibiotic resistance_fluoroquinolone_antibiotic;_monobactam;_carbapenem;_cephalosporin;_glycylcycline;_cephamycin;_penam;_tetracycline_antibiotic;_rifamycin_antibiotic;_phenicol_antibiotic;_penem;_disinfecting_agents_and_antiseptics	3	324	324	1.0	Citrobacter (chromosome)
barcode12_3Gb	contig_2512	11444	12395	AAC(3)-IIe_aminoglycoside_antibiotic	22	951	951	1.0	Acinetobacter baumannii (chromosome or plasmid)
barcode12_3Gb	contig_2512	12446	13307	TEM-1_monobactam;_cephalosporin;_penam;_penem	22	861	861	1.0	Unknown taxonomy (chromosome or plasmid)
barcode12_3Gb	contig_2514	156	501	qacG_disinfecting_agents_and_antiseptics	23	345	345	1.0	Unknown taxonomy (chromosome or plasmid)
barcode12_3Gb	contig_2515	10213	11074	AAC(3)-IIe_aminoglycoside_antibiotic	22	861	861	1.0	Unknown taxonomy (chromosome or plasmid)
barcode12_3Gb	contig_2515	11215	12076	TEM-1_monobactam;_cephalosporin;_penam;_penem	21	861	861	1.0	Unknown taxonomy (chromosome or plasmid)
barcode12_3Gb	contig_26	6267	7104	APH(6)-Id_aminoglycoside_antibiotic	61	837	837	1.0	Unknown taxonomy (chromosome or plasmid)
barcode12_3Gb	contig_26	7103	7907	APH(3'')-Ib_aminoglycoside_antibiotic	53	804	804	1.0	Unknown taxonomy (chromosome or plasmid)
barcode12_3Gb	contig_261	66489	67371	vanW gene in vanG cluster_glycopeptide_antibiotic	196	882	882	1.0	Acinetobacter johnsonii (chromosome)
barcode12_3Gb	contig_2624	20617	23782	adeF_fluoroquinolone_antibiotic;_tetracycline_antibiotic	36	3165	3165	1.0	Acinetobacter (chromosome or plasmid)
barcode12_3Gb	contig_2671	744052	745546	vanW gene in vanI cluster_glycopeptide_antibiotic	14	1494	1494	1.0	
barcode12_3Gb	contig_2671	816215	817418	vanT gene in vanG cluster_glycopeptide_antibiotic	11	1203	1203	1.0	
barcode12_3Gb	contig_2676	14463	15648	Escherichia coli EF-Tu mutants conferring resistance to Pulvomycin_elfamycin_antibiotic	18	1185	1185	1.0	Unknown taxonomy (chromosome or plasmid)
barcode12_3Gb	contig_2678	7196	7526	qacG_disinfecting_agents_and_antiseptics	5	330	330	1.0	
barcode12_3Gb	contig_2696	4502	4847	qacG_disinfecting_agents_and_antiseptics	12	345	345	1.0	Unknown taxonomy (chromosome or plasmid)
barcode12_3Gb	contig_27	971	2177	tet(B)_tetracycline_antibiotic	21	1206	1206	1.0	Unknown taxonomy (chromosome or plasmid)
barcode12_3Gb	contig_27	2258	2882	tetR_tetracycline_antibiotic	20	624	624	1.0	Unknown taxonomy (chromosome or plasmid)
barcode12_3Gb	contig_27	11135	12062	PER-2_monobactam;_carbapenem;_cephalosporin;_penam;_penem	20	927	927	1.0	Unknown taxonomy (plasmid)
barcode12_3Gb	contig_27	38276	39161	mphE_macrolide_antibiotic	136	885	885	1.0	Unknown taxonomy (chromosome or plasmid)
barcode12_3Gb	contig_27	39216	40692	msrE_macrolide_antibiotic;_streptogramin_antibiotic	148	1476	1476	1.0	Unknown taxonomy (chromosome or plasmid)
barcode12_3Gb	contig_27	42957	43794	APH(6)-Id_aminoglycoside_antibiotic	78	837	837	1.0	Unknown taxonomy (chromosome or plasmid)
barcode12_3Gb	contig_27	43793	44597	APH(3'')-Ib_aminoglycoside_antibiotic	72	804	804	1.0	Unknown taxonomy (chromosome or plasmid)
barcode12_3Gb	contig_2717	14234	17384	adeF_fluoroquinolone_antibiotic;_tetracycline_antibiotic	22	3150	3150	1.0	Aeromonas caviae (chromosome or plasmid)
barcode12_3Gb	contig_273	158709	159783	vanT gene in vanG cluster_glycopeptide_antibiotic	31	1074	1074	1.0	
barcode12_3Gb	contig_278	44720	45122	FosA8_phosphonic_acid_antibiotic	44	402	402	1.0	Aeromonas caviae (chromosome or plasmid)
barcode12_3Gb	contig_2784	13700	16028	adeF_fluoroquinolone_antibiotic;_tetracycline_antibiotic	17	2328	2328	1.0	Unknown taxonomy (chromosome)
barcode12_3Gb	contig_2882	4568	6053	lsaE_lincosamide_antibiotic;_streptogramin_antibiotic;_pleuromutilin_antibiotic	7	1485	1485	1.0	Streptococcus (chromosome or plasmid)
barcode12_3Gb	contig_2882	6106	6910	lnuB_lincosamide_antibiotic	5	804	804	1.0	Unknown taxonomy (chromosome or plasmid)
barcode12_3Gb	contig_3149	97101	99072	tet(O)_tetracycline_antibiotic	13	1971	1971	1.0	
barcode12_3Gb	contig_3149	105980	107153	vanT gene in vanG cluster_glycopeptide_antibiotic	5	1173	1173	1.0	
barcode12_3Gb	contig_3149	257972	259145	vanT gene in vanG cluster_glycopeptide_antibiotic	10	1173	1173	1.0	
barcode12_3Gb	contig_3226	12973	13162	rsmA_fluoroquinolone_antibiotic;_diaminopyrimidine_antibiotic;_phenicol_antibiotic	44	189	189	1.0	
barcode12_3Gb	contig_350	45129	46434	Acinetobacter baumannii AbaQ_fluoroquinolone_antibiotic	11	1305	1305	1.0	
barcode12_3Gb	contig_359	172408	172774	qacG_disinfecting_agents_and_antiseptics	120	366	366	1.0	Acinetobacter johnsonii (chromosome)
barcode12_3Gb	contig_3776	75977	76232	rsmA_fluoroquinolone_antibiotic;_diaminopyrimidine_antibiotic;_phenicol_antibiotic	4	255	255	1.0	
barcode12_3Gb	contig_3814	3688	4873	Escherichia coli EF-Tu mutants conferring resistance to Pulvomycin_elfamycin_antibiotic	19	1185	1185	1.0	Enterobacter (chromosome or plasmid)
barcode12_3Gb	contig_3814	155636	157028	Escherichia coli UhpT with mutation conferring resistance to fosfomycin_phosphonic_acid_antibiotic	9	1392	1392	1.0	Enterobacter kobei (chromosome or plasmid)
barcode12_3Gb	contig_39	1666957	1668067	vanT gene in vanG cluster_glycopeptide_antibiotic	34	1110	1110	1.0	
barcode12_3Gb	contig_3982	550	1375	OXA-644_carbapenem;_penam	196	825	825	1.0	Acinetobacter johnsonii (chromosome)
barcode12_3Gb	contig_4029	22749	23163	H-NS_macrolide_antibiotic;_fluoroquinolone_antibiotic;_cephalosporin;_cephamycin;_penam;_tetracycline_antibiotic	7	414	414	1.0	Escherichia coli (chromosome or plasmid)
barcode12_3Gb	contig_405	6276	7623	abeM_fluoroquinolone_antibiotic;_disinfecting_agents_and_antiseptics	10	1347	1347	1.0	Acinetobacter baumannii (chromosome or plasmid)
barcode12_3Gb	contig_405	48017	49118	LpsB_peptide_antibiotic	11	1101	1101	1.0	Acinetobacter baumannii (chromosome or plasmid)
barcode12_3Gb	contig_41	2824	3709	mphE_macrolide_antibiotic	66	885	885	1.0	Unknown taxonomy (chromosome or plasmid)
barcode12_3Gb	contig_41	3764	5240	msrE_macrolide_antibiotic;_streptogramin_antibiotic	49	1476	1476	1.0	Unknown taxonomy (chromosome or plasmid)
barcode12_3Gb	contig_4101	13422	14421	vanH gene in vanB cluster_glycopeptide_antibiotic	7	999	999	1.0	
barcode12_3Gb	contig_4104	1649	2462	NDM-1_carbapenem;_cephalosporin;_cephamycin;_penam	12	813	813	1.0	Unknown taxonomy (chromosome or plasmid)
barcode12_3Gb	contig_4104	2465	2831	BRP(MBL)_glycopeptide_antibiotic	13	366	366	1.0	Unknown taxonomy (chromosome or plasmid)
barcode12_3Gb	contig_4139	90636	91452	sul2_sulfonamide_antibiotic	23	816	816	1.0	Unknown taxonomy (chromosome or plasmid)
barcode12_3Gb	contig_4164	13036	13954	tet(W)_tetracycline_antibiotic	17	918	918	1.0	Eggerthella lenta (chromosome or plasmid)
barcode12_3Gb	contig_4165	3069	4581	tet(W)_tetracycline_antibiotic	24	1512	1512	1.0	Unknown taxonomy (chromosome or plasmid)
barcode12_3Gb	contig_4233	2018	2846	OXA-253_carbapenem;_penam	33	828	828	1.0	Acinetobacter baumannii (chromosome)
barcode12_3Gb	contig_4255	714	2499	vanW gene in vanI cluster_glycopeptide_antibiotic	3	1785	1785	1.0	
barcode12_3Gb	contig_4287	639	1419	aadA_aminoglycoside_antibiotic	31	780	780	1.0	Unknown taxonomy (chromosome or plasmid)
barcode12_3Gb	contig_4287	1579	2236	QnrVC1_fluoroquinolone_antibiotic	22	657	657	1.0	Unknown taxonomy (chromosome or plasmid)
barcode12_3Gb	contig_4388	29892	30273	marA_fluoroquinolone_antibiotic;_monobactam;_carbapenem;_cephalosporin;_glycylcycline;_cephamycin;_penam;_tetracycline_antibiotic;_rifamycin_antibiotic;_phenicol_antibiotic;_penem;_disinfecting_agents_and_antiseptics	11	381	381	1.0	Enterobacter (chromosome)
barcode12_3Gb	contig_4393	34895	35387	ANT(3'')-IIb_aminoglycoside_antibiotic	11	492	492	1.0	Acinetobacter baumannii (chromosome or plasmid)
barcode12_3Gb	contig_446	22817	25037	Acinetobacter baumannii parC conferring resistance to fluoroquinolones_fluoroquinolone_antibiotic	7	2220	2220	1.0	Acinetobacter baumannii (chromosome or plasmid)
barcode12_3Gb	contig_4475	801	1671	VEB-1_monobactam;_cephalosporin	7	870	870	1.0	Unknown taxonomy (chromosome or plasmid)
barcode12_3Gb	contig_4475	39007	39664	QnrVC1_fluoroquinolone_antibiotic	17	657	657	1.0	Unknown taxonomy (chromosome or plasmid)
barcode12_3Gb	contig_4475	39822	40296	dfrA6_diaminopyrimidine_antibiotic	14	474	474	1.0	Unknown taxonomy (chromosome or plasmid)
barcode12_3Gb	contig_4512	99258	101253	lmrD_lincosamide_antibiotic	4	1995	1995	1.0	
barcode12_3Gb	contig_4599	32	527	dfrF_diaminopyrimidine_antibiotic	7	495	495	1.0	Unknown taxonomy (chromosome or plasmid)
barcode12_3Gb	contig_4630	106590	107691	vanG_glycopeptide_antibiotic	15	1101	1101	1.0	Enterobacter kobei (chromosome)
barcode12_3Gb	contig_4647	2238	3426	tet(39)_tetracycline_antibiotic	44	1188	1188	1.0	Unknown taxonomy (plasmid)
barcode12_3Gb	contig_4649	77061	78717	ArnT_peptide_antibiotic	6	1656	1656	1.0	Enterobacter kobei (chromosome)
barcode12_3Gb	contig_47	24370	25846	msrE_macrolide_antibiotic;_streptogramin_antibiotic	141	1476	1476	1.0	Unknown taxonomy (chromosome or plasmid)
barcode12_3Gb	contig_47	25901	26786	mphE_macrolide_antibiotic	129	885	885	1.0	Unknown taxonomy (chromosome or plasmid)
barcode12_3Gb	contig_4725	68135	69440	Acinetobacter baumannii AbaQ_fluoroquinolone_antibiotic	4	1305	1305	1.0	Acinetobacter baumannii (chromosome or plasmid)
barcode12_3Gb	contig_4744	84641	85190	ramA_fluoroquinolone_antibiotic;_monobactam;_carbapenem;_cephalosporin;_glycylcycline;_cephamycin;_penam;_tetracycline_antibiotic;_rifamycin_antibiotic;_phenicol_antibiotic;_penem;_disinfecting_agents_and_antiseptics	15	549	549	1.0	
barcode12_3Gb	contig_4755	26360	28109	msbA_nitroimidazole_antibiotic	8	1749	1749	1.0	Unknown taxonomy (chromosome)
barcode12_3Gb	contig_4756	6622	9736	acrD_aminoglycoside_antibiotic	10	3114	3114	1.0	Unknown taxonomy (chromosome or plasmid)
barcode12_3Gb	contig_4766	25682	26648	CfxA3_cephamycin	13	966	966	1.0	Unknown taxonomy (chromosome or plasmid)
barcode12_3Gb	contig_4785	14198	14390	rsmA_fluoroquinolone_antibiotic;_diaminopyrimidine_antibiotic;_phenicol_antibiotic	10	192	192	1.0	
barcode12_3Gb	contig_4801	15740	15926	rsmA_fluoroquinolone_antibiotic;_diaminopyrimidine_antibiotic;_phenicol_antibiotic	15	186	186	1.0	Enterobacter (chromosome or plasmid)
barcode12_3Gb	contig_4801	22970	24518	emrB_fluoroquinolone_antibiotic	11	1548	1548	1.0	Enterobacter kobei (chromosome or plasmid)
barcode12_3Gb	contig_4801	25834	26365	emrR_fluoroquinolone_antibiotic	9	531	531	1.0	Enterobacter kobei (chromosome or plasmid)
barcode12_3Gb	contig_4822	204	753	AAC(6')-IIc_aminoglycoside_antibiotic	4	549	549	1.0	Unknown taxonomy (chromosome or plasmid)
barcode12_3Gb	contig_486	465436	466594	vanT gene in vanG cluster_glycopeptide_antibiotic	21	1158	1158	1.0	
barcode12_3Gb	contig_4878	33620	33965	qacG_disinfecting_agents_and_antiseptics	10	345	345	1.0	Unknown taxonomy (chromosome or plasmid)
barcode12_3Gb	contig_49	3903	4746	OXA-58_carbapenem;_penam	20	843	843	1.0	Unknown taxonomy (chromosome or plasmid)
barcode12_3Gb	contig_4915	3524	4643	vanT gene in vanG cluster_glycopeptide_antibiotic	7	1119	1119	1.0	
barcode12_3Gb	contig_4923	8617	10171	vanW gene in vanI cluster_glycopeptide_antibiotic	5	1554	1554	1.0	
barcode12_3Gb	contig_4945	14329	15061	vanW gene in vanI cluster_glycopeptide_antibiotic	4	732	732	1.0	
barcode12_3Gb	contig_4952	29273	31766	vanT gene in vanG cluster_glycopeptide_antibiotic	4	2493	2493	1.0	
barcode12_3Gb	contig_4981	1050	2241	tet(C)_tetracycline_antibiotic	14	1191	1191	1.0	Unknown taxonomy (chromosome or plasmid)
barcode12_3Gb	contig_4981	3747	4938	tet(C)_tetracycline_antibiotic	14	1191	1191	1.0	Unknown taxonomy (chromosome or plasmid)
barcode12_3Gb	contig_50	14676	16152	msrE_macrolide_antibiotic;_streptogramin_antibiotic	130	1476	1476	1.0	Unknown taxonomy (chromosome or plasmid)
barcode12_3Gb	contig_50	16207	17092	mphE_macrolide_antibiotic	124	885	885	1.0	Unknown taxonomy (chromosome or plasmid)
barcode12_3Gb	contig_5013	55079	56846	Haemophilus influenzae PBP3 conferring resistance to beta-lactam antibiotics_cephalosporin;_cephamycin;_penam	11	1767	1767	1.0	Unknown taxonomy (chromosome or plasmid)
barcode12_3Gb	contig_5013	62947	63892	leuO_nucleoside_antibiotic;_disinfecting_agents_and_antiseptics	7	945	945	1.0	Unknown taxonomy (chromosome or plasmid)
barcode12_3Gb	contig_5026	11804	12257	arr-3_rifamycin_antibiotic	45	453	453	1.0	Unknown taxonomy (chromosome or plasmid)
barcode12_3Gb	contig_5026	12362	12950	AAC(6')-Ib9_aminoglycoside_antibiotic	51	588	588	1.0	Unknown taxonomy (chromosome or plasmid)
barcode12_3Gb	contig_5026	13118	13466	qacEdelta1_disinfecting_agents_and_antiseptics	68	348	348	1.0	Unknown taxonomy (chromosome or plasmid)
barcode12_3Gb	contig_5026	13459	14299	sul1_sulfonamide_antibiotic	66	840	840	1.0	Unknown taxonomy (chromosome or plasmid)
barcode12_3Gb	contig_5027	3163	3943	APH(3')-VIa_aminoglycoside_antibiotic	29	780	780	1.0	Unknown taxonomy (chromosome or plasmid)
barcode12_3Gb	contig_5028	2137	2917	APH(3')-VIa_aminoglycoside_antibiotic	63	780	780	1.0	Unknown taxonomy (chromosome or plasmid)
barcode12_3Gb	contig_5054	6627	7503	CTX-M-15_cephalosporin;_penam	3	876	876	1.0	Unknown taxonomy (chromosome or plasmid)
barcode12_3Gb	contig_5054	12143	12800	QnrS1_fluoroquinolone_antibiotic	10	657	657	1.0	Unknown taxonomy (chromosome or plasmid)
barcode12_3Gb	contig_5054	18905	19721	sul2_sulfonamide_antibiotic	19	816	816	1.0	Unknown taxonomy (chromosome or plasmid)
barcode12_3Gb	contig_5054	20965	21313	qacEdelta1_disinfecting_agents_and_antiseptics	22	348	348	1.0	Unknown taxonomy (chromosome or plasmid)
barcode12_3Gb	contig_509	207269	208454	Escherichia coli EF-Tu mutants conferring resistance to Pulvomycin_elfamycin_antibiotic	52	1185	1185	1.0	Aeromonas caviae (chromosome or plasmid)
barcode12_3Gb	contig_509	226477	227662	Escherichia coli EF-Tu mutants conferring resistance to Pulvomycin_elfamycin_antibiotic	68	1185	1185	1.0	Aeromonas caviae (chromosome or plasmid)
barcode12_3Gb	contig_5096	6859	8005	CMY-34_cephamycin	11	1146	1146	1.0	Citrobacter portucalensis (chromosome or plasmid)
barcode12_3Gb	contig_5143	4778	5309	emrR_fluoroquinolone_antibiotic	6	531	531	1.0	Unknown taxonomy (chromosome or plasmid)
barcode12_3Gb	contig_5143	5435	6608	emrA_fluoroquinolone_antibiotic	9	1173	1173	1.0	Unknown taxonomy (chromosome or plasmid)
barcode12_3Gb	contig_5143	6624	8163	emrB_fluoroquinolone_antibiotic	9	1539	1539	1.0	Escherichia coli (chromosome or plasmid)
barcode12_3Gb	contig_5143	12971	13157	rsmA_fluoroquinolone_antibiotic;_diaminopyrimidine_antibiotic;_phenicol_antibiotic	8	186	186	1.0	Unknown taxonomy (chromosome or plasmid)
barcode12_3Gb	contig_5145	2134	3295	Klebsiella pneumoniae KpnH_macrolide_antibiotic;_fluoroquinolone_antibiotic;_aminoglycoside_antibiotic;_carbapenem;_cephalosporin;_penam;_peptide_antibiotic;_penem	5	1161	1161	1.0	Citrobacter portucalensis (chromosome)
barcode12_3Gb	contig_5197	43	1231	tet(39)_tetracycline_antibiotic	26	1188	1188	1.0	Unknown taxonomy (plasmid)
barcode12_3Gb	contig_53	2376	3564	tet(39)_tetracycline_antibiotic	48	1188	1188	1.0	Unknown taxonomy (plasmid)
barcode12_3Gb	contig_5300	19713	21228	aadT_macrolide_antibiotic;_tetracycline_antibiotic;_disinfecting_agents_and_antiseptics	12	1515	1515	1.0	
barcode12_3Gb	contig_5364	2687	2873	rsmA_fluoroquinolone_antibiotic;_diaminopyrimidine_antibiotic;_phenicol_antibiotic	10	186	186	1.0	Citrobacter (chromosome or plasmid)
barcode12_3Gb	contig_5364	7775	9314	emrB_fluoroquinolone_antibiotic	4	1539	1539	1.0	Citrobacter freundii (chromosome or plasmid)
barcode12_3Gb	contig_5364	9330	10503	emrA_fluoroquinolone_antibiotic	4	1173	1173	1.0	Citrobacter portucalensis (no genomic info)
barcode12_3Gb	contig_5364	10636	11167	emrR_fluoroquinolone_antibiotic	4	531	531	1.0	Citrobacter (chromosome)
barcode12_3Gb	contig_5369	2878	3535	QnrS2_fluoroquinolone_antibiotic	15	657	657	1.0	Unknown taxonomy (chromosome or plasmid)
barcode12_3Gb	contig_537	19734	20334	AAC(6')-Ib-cr6_fluoroquinolone_antibiotic;_aminoglycoside_antibiotic	34	600	600	1.0	Unknown taxonomy (chromosome or plasmid)
barcode12_3Gb	contig_537	20464	21295	OXA-1_cephalosporin;_penam	38	831	831	1.0	Unknown taxonomy (chromosome or plasmid)
barcode12_3Gb	contig_537	21432	22065	catB3_phenicol_antibiotic	33	633	633	1.0	Unknown taxonomy (chromosome or plasmid)
barcode12_3Gb	contig_537	22149	22602	arr-3_rifamycin_antibiotic	27	453	453	1.0	Unknown taxonomy (chromosome or plasmid)
barcode12_3Gb	contig_537	22824	23172	qacEdelta1_disinfecting_agents_and_antiseptics	38	348	348	1.0	Unknown taxonomy (chromosome or plasmid)
barcode12_3Gb	contig_537	23165	24005	sul1_sulfonamide_antibiotic	35	840	840	1.0	Unknown taxonomy (chromosome or plasmid)
barcode12_3Gb	contig_537	27142	27703	dfrA23_diaminopyrimidine_antibiotic	5	561	561	1.0	Unknown taxonomy (chromosome or plasmid)
barcode12_3Gb	contig_537	42590	43406	sul2_sulfonamide_antibiotic	27	816	816	1.0	Unknown taxonomy (chromosome or plasmid)
barcode12_3Gb	contig_5377	8178	9309	vanT gene in vanG cluster_glycopeptide_antibiotic	5	1131	1131	1.0	
barcode12_3Gb	contig_538	1170	2076	mphA_macrolide_antibiotic	21	906	906	1.0	Unknown taxonomy (chromosome or plasmid)
barcode12_3Gb	contig_538	2985	3870	mphE_macrolide_antibiotic	53	885	885	1.0	Unknown taxonomy (chromosome or plasmid)
barcode12_3Gb	contig_538	3925	5401	msrE_macrolide_antibiotic;_streptogramin_antibiotic	64	1476	1476	1.0	Unknown taxonomy (chromosome or plasmid)
barcode12_3Gb	contig_538	15505	16162	QnrVC4_fluoroquinolone_antibiotic	27	657	657	1.0	Unknown taxonomy (chromosome or plasmid)
barcode12_3Gb	contig_538	16244	16883	AAC(6')-Ib9_aminoglycoside_antibiotic	26	639	639	1.0	Unknown taxonomy (chromosome or plasmid)
barcode12_3Gb	contig_538	17097	18357	cmlA5_phenicol_antibiotic	22	1260	1260	1.0	Unknown taxonomy (chromosome or plasmid)
barcode12_3Gb	contig_538	18475	19375	VEB-1_monobactam;_cephalosporin	19	900	900	1.0	Unknown taxonomy (chromosome or plasmid)
barcode12_3Gb	contig_538	19519	20053	ANT(2'')-Ia_aminoglycoside_antibiotic	22	534	534	1.0	Unknown taxonomy (chromosome or plasmid)
barcode12_3Gb	contig_538	21409	22885	msrE_macrolide_antibiotic;_streptogramin_antibiotic	64	1476	1476	1.0	Unknown taxonomy (chromosome or plasmid)
barcode12_3Gb	contig_538	22940	23825	mphE_macrolide_antibiotic	61	885	885	1.0	Unknown taxonomy (chromosome or plasmid)
barcode12_3Gb	contig_538	26436	27342	mphA_macrolide_antibiotic	59	906	906	1.0	Unknown taxonomy (chromosome or plasmid)
barcode12_3Gb	contig_538	27338	28577	Mrx_macrolide_antibiotic	61	1239	1239	1.0	Unknown taxonomy (chromosome or plasmid)
barcode12_3Gb	contig_5394	12669	13032	Klebsiella pneumoniae KpnE_macrolide_antibiotic;_aminoglycoside_antibiotic;_cephalosporin;_tetracycline_antibiotic;_peptide_antibiotic;_rifamycin_antibiotic;_disinfecting_agents_and_antiseptics	7	363	363	1.0	Enterobacter kobei (chromosome)
barcode12_3Gb	contig_5394	13018	13348	Klebsiella pneumoniae KpnF_macrolide_antibiotic;_aminoglycoside_antibiotic;_cephalosporin;_tetracycline_antibiotic;_peptide_antibiotic;_rifamycin_antibiotic;_disinfecting_agents_and_antiseptics	7	330	330	1.0	Enterobacter (chromosome)
barcode12_3Gb	contig_540	1256	1895	AAC(3)-IIc_aminoglycoside_antibiotic	11	639	639	1.0	Unknown taxonomy (chromosome or plasmid)
barcode12_3Gb	contig_540	8310	9126	sul2_sulfonamide_antibiotic	34	816	816	1.0	Unknown taxonomy (chromosome or plasmid)
barcode12_3Gb	contig_540	11628	12843	floR_phenicol_antibiotic	18	1215	1215	1.0	Unknown taxonomy (chromosome or plasmid)
barcode12_3Gb	contig_5489	25539	26463	vanW gene in vanI cluster_glycopeptide_antibiotic	2	924	924	1.0	
barcode12_3Gb	contig_5507	9870	10839	PmrF_peptide_antibiotic	10	969	969	1.0	Escherichia coli (chromosome or plasmid)
barcode12_3Gb	contig_5507	13708	15361	ArnT_peptide_antibiotic	7	1653	1653	1.0	Unknown taxonomy (chromosome or plasmid)
barcode12_3Gb	contig_5575	37798	39190	tet(Q)_tetracycline_antibiotic	2	1392	1392	1.0	Unknown taxonomy (chromosome)
barcode12_3Gb	contig_5575	40462	41599	tet(X)_glycylcycline;_tetracycline_antibiotic	14	1137	1137	1.0	Unknown taxonomy (chromosome or plasmid)
barcode12_3Gb	contig_5581	10666	10990	Escherichia coli soxS with mutation conferring antibiotic resistance_fluoroquinolone_antibiotic;_monobactam;_carbapenem;_cephalosporin;_glycylcycline;_cephamycin;_penam;_tetracycline_antibiotic;_rifamycin_antibiotic;_phenicol_antibiotic;_penem;_disinfecting_agents_and_antiseptics	6	324	324	1.0	Citrobacter (chromosome)
barcode12_3Gb	contig_5603	47144	47633	nimJ_nitroimidazole_antibiotic	5	489	489	1.0	
barcode12_3Gb	contig_5812	12213	13782	adeF_fluoroquinolone_antibiotic;_tetracycline_antibiotic	3	1569	1569	1.0	Acinetobacter baumannii (chromosome or plasmid)
barcode12_3Gb	contig_5812	13788	15009	adeG_fluoroquinolone_antibiotic;_tetracycline_antibiotic	4	1221	1221	1.0	Acinetobacter baumannii (chromosome or plasmid)
barcode12_3Gb	contig_5812	15224	16238	adeL_fluoroquinolone_antibiotic;_tetracycline_antibiotic	6	1014	1014	1.0	Acinetobacter baumannii (chromosome or plasmid)
barcode12_3Gb	contig_5812	19546	19876	abeS_macrolide_antibiotic;_aminocoumarin_antibiotic	7	330	330	1.0	Acinetobacter baumannii (chromosome or plasmid)
barcode12_3Gb	contig_5969	3744	4554	vanW gene in vanI cluster_glycopeptide_antibiotic	4	810	810	1.0	
barcode12_3Gb	contig_5970	12435	13152	vanY gene in vanG cluster_glycopeptide_antibiotic	3	717	717	1.0	
barcode12_3Gb	contig_5982	8113	8761	Escherichia coli AcrAB-TolC with AcrR mutation conferring resistance to ciprofloxacin, tetracycline, and ceftazidime_fluoroquinolone_antibiotic;_cephalosporin;_glycylcycline;_penam;_tetracycline_antibiotic;_rifamycin_antibiotic;_phenicol_antibiotic;_disinfecting_agents_and_antiseptics	7	648	648	1.0	Unknown taxonomy (chromosome or plasmid)
barcode12_3Gb	contig_5982	8902	10096	Escherichia coli acrA_fluoroquinolone_antibiotic;_cephalosporin;_glycylcycline;_penam;_tetracycline_antibiotic;_rifamycin_antibiotic;_phenicol_antibiotic;_disinfecting_agents_and_antiseptics	7	1194	1194	1.0	Unknown taxonomy (chromosome or plasmid)
barcode12_3Gb	contig_6200	73964	74711	vanY gene in vanG cluster_glycopeptide_antibiotic	5	747	747	1.0	
barcode12_3Gb	contig_6336	53123	53777	adeN_macrolide_antibiotic;_fluoroquinolone_antibiotic;_lincosamide_antibiotic;_carbapenem;_cephalosporin;_tetracycline_antibiotic;_rifamycin_antibiotic;_diaminopyrimidine_antibiotic;_phenicol_antibiotic;_penem	5	654	654	1.0	Acinetobacter baumannii (chromosome or plasmid)
barcode12_3Gb	contig_6358	5483	6197	vanY gene in vanM cluster_glycopeptide_antibiotic	13	714	714	1.0	
barcode12_3Gb	contig_6365	12704	14075	ArnT_peptide_antibiotic	9	1371	1371	1.0	Enterobacter (chromosome)
barcode12_3Gb	contig_6432	6506	6851	qacG_disinfecting_agents_and_antiseptics	3	345	345	1.0	Acinetobacter (no genomic info)
barcode12_3Gb	contig_6451	1426	2509	vanT gene in vanG cluster_glycopeptide_antibiotic	3	1083	1083	1.0	
barcode12_3Gb	contig_6452	26693	28043	Escherichia coli UhpT with mutation conferring resistance to fosfomycin_phosphonic_acid_antibiotic	11	1350	1350	1.0	Unknown taxonomy (chromosome or plasmid)
barcode12_3Gb	contig_6503	31262	32600	vanW gene in vanI cluster_glycopeptide_antibiotic	9	1338	1338	1.0	
barcode12_3Gb	contig_6631	121048	121972	sul1_sulfonamide_antibiotic	7	924	924	1.0	Escherichia coli (chromosome or plasmid)
barcode12_3Gb	contig_6644	9627	11142	aadT_macrolide_antibiotic;_tetracycline_antibiotic;_disinfecting_agents_and_antiseptics	14	1515	1515	1.0	
barcode12_3Gb	contig_6660	48468	48795	qacG_disinfecting_agents_and_antiseptics	7	327	327	1.0	
barcode12_3Gb	contig_6680	115448	115703	rsmA_fluoroquinolone_antibiotic;_diaminopyrimidine_antibiotic;_phenicol_antibiotic	12	255	255	1.0	
barcode12_3Gb	contig_6732	32213	34691	vanT gene in vanG cluster_glycopeptide_antibiotic	10	2478	2478	1.0	
barcode12_3Gb	contig_6776	2179	3061	KPC-2_monobactam;_carbapenem;_cephalosporin;_penam	61	882	882	1.0	Unknown taxonomy (chromosome or plasmid)
barcode12_3Gb	contig_6781	15969	17736	Haemophilus influenzae PBP3 conferring resistance to beta-lactam antibiotics_cephalosporin;_cephamycin;_penam	9	1767	1767	1.0	Citrobacter portucalensis (chromosome or plasmid)
barcode12_3Gb	contig_6781	23935	24883	leuO_nucleoside_antibiotic;_disinfecting_agents_and_antiseptics	9	948	948	1.0	Citrobacter (chromosome)
barcode12_3Gb	contig_6796	11545	12178	CRP_macrolide_antibiotic;_fluoroquinolone_antibiotic;_penam	10	633	633	1.0	Unknown taxonomy (chromosome or plasmid)
barcode12_3Gb	contig_6796	26969	28154	Escherichia coli EF-Tu mutants conferring resistance to Pulvomycin_elfamycin_antibiotic	13	1185	1185	1.0	Unknown taxonomy (chromosome or plasmid)
barcode12_3Gb	contig_6807	6488	7679	tet(C)_tetracycline_antibiotic	35	1191	1191	1.0	Unknown taxonomy (chromosome or plasmid)
barcode12_3Gb	contig_6814	14600	15608	vanT gene in vanG cluster_glycopeptide_antibiotic	7	1008	1008	1.0	
barcode12_3Gb	contig_6817	44003	45929	tet(Q)_tetracycline_antibiotic	20	1926	1926	1.0	Bacteroides ovatus (chromosome)
barcode12_3Gb	contig_6986	41136	41472	qacG_disinfecting_agents_and_antiseptics	13	336	336	1.0	
barcode12_3Gb	contig_7019	9107	9935	OXA-253_carbapenem;_penam	38	828	828	1.0	Acinetobacter baumannii (chromosome)
barcode12_3Gb	contig_723	12693	13521	OXA-253_carbapenem;_penam	43	828	828	1.0	Acinetobacter baumannii (chromosome)
barcode12_3Gb	contig_751	130845	131868	leuO_nucleoside_antibiotic;_disinfecting_agents_and_antiseptics	4	1023	1023	1.0	Enterobacter kobei (chromosome)
barcode12_3Gb	contig_751	138034	139801	Haemophilus influenzae PBP3 conferring resistance to beta-lactam antibiotics_cephalosporin;_cephamycin;_penam	11	1767	1767	1.0	Enterobacter kobei (chromosome or plasmid)
barcode12_3Gb	contig_943	101930	102185	rsmA_fluoroquinolone_antibiotic;_diaminopyrimidine_antibiotic;_phenicol_antibiotic	20	255	255	1.0	
barcode12_3Gb	contig_989	125139	126273	EC-15_cephalosporin	7	1134	1134	1.0	Unknown taxonomy (chromosome or plasmid)
barcode12_3Gb	contig_989	168507	170151	eptA_peptide_antibiotic	7	1644	1644	1.0	Escherichia coli (chromosome or plasmid)
barcode12_3Gb	contig_989	193238	194270	mdtN_nucleoside_antibiotic;_disinfecting_agents_and_antiseptics	7	1032	1032	1.0	Escherichia coli (chromosome or plasmid)
barcode12_3Gb	contig_989	194269	196321	mdtO_nucleoside_antibiotic;_disinfecting_agents_and_antiseptics	8	2052	2052	1.0	Unknown taxonomy (chromosome or plasmid)
barcode12_3Gb	contig_989	196317	197784	mdtP_nucleoside_antibiotic;_disinfecting_agents_and_antiseptics	10	1467	1467	1.0	Escherichia coli (chromosome or plasmid)
barcode12_3Gb	contig_989	218971	219436	Escherichia coli soxR with mutation conferring antibiotic resistance_fluoroquinolone_antibiotic;_cephalosporin;_glycylcycline;_penam;_tetracycline_antibiotic;_rifamycin_antibiotic;_phenicol_antibiotic;_disinfecting_agents_and_antiseptics	10	465	465	1.0	Unknown taxonomy (chromosome or plasmid)
barcode12_3Gb	contig_989	219521	219845	Escherichia coli soxS with mutation conferring antibiotic resistance_fluoroquinolone_antibiotic;_monobactam;_carbapenem;_cephalosporin;_glycylcycline;_cephamycin;_penam;_tetracycline_antibiotic;_rifamycin_antibiotic;_phenicol_antibiotic;_penem;_disinfecting_agents_and_antiseptics	9	324	324	1.0	Unknown taxonomy (chromosome or plasmid)
barcode12_6Gb	contig_10084	15203	16421	tet(E)_tetracycline_antibiotic	10	1218	1218	1.0	Aeromonas veronii (chromosome)
barcode12_6Gb	contig_10205	16224	16422	rsmA_fluoroquinolone_antibiotic;_diaminopyrimidine_antibiotic;_phenicol_antibiotic	18	198	198	1.0	
barcode12_6Gb	contig_10233	15618	17274	ArnT_peptide_antibiotic	22	1656	1656	1.0	Enterobacter roggenkampii (chromosome)
barcode12_6Gb	contig_10233	20148	21132	PmrF_peptide_antibiotic	27	984	984	1.0	
barcode12_6Gb	contig_103	23877	24717	sul1_sulfonamide_antibiotic	22	840	840	1.0	Unknown taxonomy (chromosome or plasmid)
barcode12_6Gb	contig_103	24710	25058	qacEdelta1_disinfecting_agents_and_antiseptics	26	348	348	1.0	Unknown taxonomy (chromosome or plasmid)
barcode12_6Gb	contig_10330	7499	8858	Escherichia coli GlpT with mutation conferring resistance to fosfomycin_phosphonic_acid_antibiotic	8	1359	1359	1.0	Citrobacter portucalensis (chromosome or plasmid)
barcode12_6Gb	contig_104	26948	27785	APH(6)-Id_aminoglycoside_antibiotic	57	837	837	1.0	Unknown taxonomy (chromosome or plasmid)
barcode12_6Gb	contig_104	48340	49180	sul1_sulfonamide_antibiotic	20	840	840	1.0	Unknown taxonomy (chromosome or plasmid)
barcode12_6Gb	contig_10441	8371	8560	rsmA_fluoroquinolone_antibiotic;_diaminopyrimidine_antibiotic;_phenicol_antibiotic	7	189	189	1.0	
barcode12_6Gb	contig_1048	71430	71616	rsmA_fluoroquinolone_antibiotic;_diaminopyrimidine_antibiotic;_phenicol_antibiotic	6	186	186	1.0	Unknown taxonomy (chromosome or plasmid)
barcode12_6Gb	contig_1048	76422	77961	emrB_fluoroquinolone_antibiotic	11	1539	1539	1.0	Unknown taxonomy (chromosome or plasmid)
barcode12_6Gb	contig_1048	77977	79150	emrA_fluoroquinolone_antibiotic	14	1173	1173	1.0	Unknown taxonomy (chromosome or plasmid)
barcode12_6Gb	contig_1048	79276	79807	emrR_fluoroquinolone_antibiotic	13	531	531	1.0	Unknown taxonomy (chromosome or plasmid)
barcode12_6Gb	contig_1049	187762	188785	leuO_nucleoside_antibiotic;_disinfecting_agents_and_antiseptics	12	1023	1023	1.0	Enterobacter kobei (chromosome)
barcode12_6Gb	contig_1049	194947	196714	Haemophilus influenzae PBP3 conferring resistance to beta-lactam antibiotics_cephalosporin;_cephamycin;_penam	27	1767	1767	1.0	Enterobacter kobei (chromosome or plasmid)
barcode12_6Gb	contig_1051	163837	166951	acrD_aminoglycoside_antibiotic	11	3114	3114	1.0	Enterobacter (chromosome)
barcode12_6Gb	contig_1051	493454	494177	baeR_aminoglycoside_antibiotic;_aminocoumarin_antibiotic	15	723	723	1.0	Enterobacter kobei (chromosome)
barcode12_6Gb	contig_1051	494173	495577	baeS_aminoglycoside_antibiotic;_aminocoumarin_antibiotic	16	1404	1404	1.0	
barcode12_6Gb	contig_1051	496991	500069	mdtC_aminocoumarin_antibiotic	15	3078	3078	1.0	
barcode12_6Gb	contig_1051	500069	503192	mdtB_aminocoumarin_antibiotic	12	3123	3123	1.0	
barcode12_6Gb	contig_1052	261049	262423	cpxA_aminoglycoside_antibiotic;_aminocoumarin_antibiotic	12	1374	1374	1.0	Unknown taxonomy (chromosome or plasmid)
barcode12_6Gb	contig_1052	338521	339706	Escherichia coli EF-Tu mutants conferring resistance to Pulvomycin_elfamycin_antibiotic	21	1185	1185	1.0	Unknown taxonomy (chromosome or plasmid)
barcode12_6Gb	contig_1052	441914	442238	Escherichia coli soxS with mutation conferring antibiotic resistance_fluoroquinolone_antibiotic;_monobactam;_carbapenem;_cephalosporin;_glycylcycline;_cephamycin;_penam;_tetracycline_antibiotic;_rifamycin_antibiotic;_phenicol_antibiotic;_penem;_disinfecting_agents_and_antiseptics	18	324	324	1.0	Unknown taxonomy (chromosome or plasmid)
barcode12_6Gb	contig_1052	442323	442788	Escherichia coli soxR with mutation conferring antibiotic resistance_fluoroquinolone_antibiotic;_cephalosporin;_glycylcycline;_penam;_tetracycline_antibiotic;_rifamycin_antibiotic;_phenicol_antibiotic;_disinfecting_agents_and_antiseptics	21	465	465	1.0	Unknown taxonomy (chromosome or plasmid)
barcode12_6Gb	contig_1052	465547	467599	mdtO_nucleoside_antibiotic;_disinfecting_agents_and_antiseptics	13	2052	2052	1.0	Escherichia coli (chromosome or plasmid)
barcode12_6Gb	contig_1052	467598	468630	mdtN_nucleoside_antibiotic;_disinfecting_agents_and_antiseptics	11	1032	1032	1.0	Escherichia coli (chromosome or plasmid)
barcode12_6Gb	contig_1052	491644	493288	eptA_peptide_antibiotic	16	1644	1644	1.0	Escherichia coli (chromosome or plasmid)
barcode12_6Gb	contig_1052	556178	557312	EC-13_cephalosporin	7	1134	1134	1.0	Escherichia coli (chromosome or plasmid)
barcode12_6Gb	contig_1054	22081	23080	CMY-136_cephalosporin;_cephamycin	8	999	999	1.0	Citrobacter (chromosome or plasmid)
barcode12_6Gb	contig_10567	22108	22510	FosA8_phosphonic_acid_antibiotic	71	402	402	1.0	Aeromonas caviae (chromosome or plasmid)
barcode12_6Gb	contig_1059	268453	269275	bacA_peptide_antibiotic	21	822	822	1.0	
barcode12_6Gb	contig_109	9394	10423	tet(C)_tetracycline_antibiotic	27	1029	1029	1.0	Unknown taxonomy (chromosome or plasmid)
barcode12_6Gb	contig_10949	94918	95437	vanW gene in vanI cluster_glycopeptide_antibiotic	5	519	519	1.0	
barcode12_6Gb	contig_11181	1627	2815	tet(39)_tetracycline_antibiotic	67	1188	1188	1.0	Unknown taxonomy (plasmid)
barcode12_6Gb	contig_11248	38226	38610	marA_fluoroquinolone_antibiotic;_monobactam;_carbapenem;_cephalosporin;_glycylcycline;_cephamycin;_penam;_tetracycline_antibiotic;_rifamycin_antibiotic;_phenicol_antibiotic;_penem;_disinfecting_agents_and_antiseptics	2	384	384	1.0	Citrobacter (chromosome)
barcode12_6Gb	contig_11248	38628	39063	Escherichia coli AcrAB-TolC with MarR mutations conferring resistance to ciprofloxacin and tetracycline_fluoroquinolone_antibiotic;_cephalosporin;_glycylcycline;_penam;_tetracycline_antibiotic;_rifamycin_antibiotic;_phenicol_antibiotic;_disinfecting_agents_and_antiseptics	2	435	435	1.0	Citrobacter freundii (chromosome)
barcode12_6Gb	contig_11261	132774	134007	Escherichia coli mdfA_tetracycline_antibiotic;_disinfecting_agents_and_antiseptics	20	1233	1233	1.0	
barcode12_6Gb	contig_11261	232744	234493	msbA_nitroimidazole_antibiotic	21	1749	1749	1.0	Enterobacter kobei (chromosome)
barcode12_6Gb	contig_11261	698734	699097	Klebsiella pneumoniae KpnE_macrolide_antibiotic;_aminoglycoside_antibiotic;_cephalosporin;_tetracycline_antibiotic;_peptide_antibiotic;_rifamycin_antibiotic;_disinfecting_agents_and_antiseptics	16	363	363	1.0	Enterobacter kobei (chromosome)
barcode12_6Gb	contig_11261	699083	699413	Klebsiella pneumoniae KpnF_macrolide_antibiotic;_aminoglycoside_antibiotic;_cephalosporin;_tetracycline_antibiotic;_peptide_antibiotic;_rifamycin_antibiotic;_disinfecting_agents_and_antiseptics	17	330	330	1.0	Enterobacter kobei (chromosome)
barcode12_6Gb	contig_11261	727361	728537	oqxA_fluoroquinolone_antibiotic;_glycylcycline;_tetracycline_antibiotic;_diaminopyrimidine_antibiotic;_nitrofuran_antibiotic	10	1176	1176	1.0	Enterobacter kobei (chromosome)
barcode12_6Gb	contig_11261	728561	731714	oqxB_fluoroquinolone_antibiotic;_glycylcycline;_tetracycline_antibiotic;_diaminopyrimidine_antibiotic;_nitrofuran_antibiotic	11	3153	3153	1.0	Enterobacter kobei (chromosome)
barcode12_6Gb	contig_11261	893229	893610	marA_fluoroquinolone_antibiotic;_monobactam;_carbapenem;_cephalosporin;_glycylcycline;_cephamycin;_penam;_tetracycline_antibiotic;_rifamycin_antibiotic;_phenicol_antibiotic;_penem;_disinfecting_agents_and_antiseptics	6	381	381	1.0	Enterobacter (chromosome or plasmid)
barcode12_6Gb	contig_11261	893629	894064	Escherichia coli AcrAB-TolC with MarR mutations conferring resistance to ciprofloxacin and tetracycline_fluoroquinolone_antibiotic;_cephalosporin;_glycylcycline;_penam;_tetracycline_antibiotic;_rifamycin_antibiotic;_phenicol_antibiotic;_disinfecting_agents_and_antiseptics	7	435	435	1.0	Enterobacter (chromosome)
barcode12_6Gb	contig_11318	280	1096	sul2_sulfonamide_antibiotic	30	816	816	1.0	Unknown taxonomy (chromosome or plasmid)
barcode12_6Gb	contig_11322	15071	15710	CRP_macrolide_antibiotic;_fluoroquinolone_antibiotic;_penam	12	639	639	1.0	
barcode12_6Gb	contig_11322	44889	45084	rsmA_fluoroquinolone_antibiotic;_diaminopyrimidine_antibiotic;_phenicol_antibiotic	1	195	195	1.0	
barcode12_6Gb	contig_11396	9715	9895	vanY gene in vanB cluster_glycopeptide_antibiotic	5	180	180	1.0	
barcode12_6Gb	contig_11404	1898	2741	OXA-58_carbapenem;_penam	26	843	843	1.0	Unknown taxonomy (chromosome or plasmid)
barcode12_6Gb	contig_11404	4202	5390	tet(39)_tetracycline_antibiotic	28	1188	1188	1.0	Unknown taxonomy (plasmid)
barcode12_6Gb	contig_11476	8330	8780	vanY gene in vanG cluster_glycopeptide_antibiotic	3	450	450	1.0	
barcode12_6Gb	contig_115	1481	2672	tet(C)_tetracycline_antibiotic	20	1191	1191	1.0	Unknown taxonomy (chromosome or plasmid)
barcode12_6Gb	contig_115	32452	33334	KPC-2_monobactam;_carbapenem;_cephalosporin;_penam	490	882	882	1.0	Unknown taxonomy (chromosome or plasmid)
barcode12_6Gb	contig_11531	30794	34388	evgS_macrolide_antibiotic;_fluoroquinolone_antibiotic;_penam;_tetracycline_antibiotic	12	3594	3594	1.0	Unknown taxonomy (chromosome or plasmid)
barcode12_6Gb	contig_11531	34392	35007	evgA_macrolide_antibiotic;_fluoroquinolone_antibiotic;_penam;_tetracycline_antibiotic	12	615	615	1.0	Unknown taxonomy (chromosome or plasmid)
barcode12_6Gb	contig_11531	35530	36586	emrK_tetracycline_antibiotic	11	1056	1056	1.0	Unknown taxonomy (chromosome or plasmid)
barcode12_6Gb	contig_11531	36585	38124	emrY_tetracycline_antibiotic	10	1539	1539	1.0	Unknown taxonomy (chromosome or plasmid)
barcode12_6Gb	contig_11577	116042	117161	vanT gene in vanG cluster_glycopeptide_antibiotic	13	1119	1119	1.0	
barcode12_6Gb	contig_11632	1331	1823	tet(O)_tetracycline_antibiotic	9	492	492	1.0	Unknown taxonomy (chromosome or plasmid)
barcode12_6Gb	contig_11663	41979	42942	leuO_nucleoside_antibiotic;_disinfecting_agents_and_antiseptics	11	963	963	1.0	Enterobacter (chromosome)
barcode12_6Gb	contig_11715	13887	14142	rsmA_fluoroquinolone_antibiotic;_diaminopyrimidine_antibiotic;_phenicol_antibiotic	275	255	255	1.0	
barcode12_6Gb	contig_11826	25341	25965	catS_phenicol_antibiotic	8	624	624	1.0	Parvimonas micra (chromosome)
barcode12_6Gb	contig_11862	24684	25809	vanT gene in vanG cluster_glycopeptide_antibiotic	4	1125	1125	1.0	
barcode12_6Gb	contig_11893	2134	2722	vanY gene in vanG cluster_glycopeptide_antibiotic	3	588	588	1.0	
barcode12_6Gb	contig_120	3335	3995	catA1_phenicol_antibiotic	16	660	660	1.0	Unknown taxonomy (chromosome or plasmid)
barcode12_6Gb	contig_120	10618	11128	dfrA8_diaminopyrimidine_antibiotic	14	510	510	1.0	Unknown taxonomy (chromosome or plasmid)
barcode12_6Gb	contig_120	13389	13848	AAC(6')-Il_aminoglycoside_antibiotic	38	459	459	1.0	Unknown taxonomy (chromosome or plasmid)
barcode12_6Gb	contig_120	13979	14513	ANT(2'')-Ia_aminoglycoside_antibiotic	37	534	534	1.0	Unknown taxonomy (chromosome or plasmid)
barcode12_6Gb	contig_120	14570	15104	ANT(2'')-Ia_aminoglycoside_antibiotic	34	534	534	1.0	Unknown taxonomy (chromosome or plasmid)
barcode12_6Gb	contig_120	15752	16286	ANT(2'')-Ia_aminoglycoside_antibiotic	31	534	534	1.0	Unknown taxonomy (chromosome or plasmid)
barcode12_6Gb	contig_120	16355	17183	OXA-2_carbapenem;_cephalosporin;_penam	42	828	828	1.0	Unknown taxonomy (chromosome or plasmid)
barcode12_6Gb	contig_120	17312	17645	qacJ_disinfecting_agents_and_antiseptics	30	333	333	1.0	Unknown taxonomy (chromosome or plasmid)
barcode12_6Gb	contig_120	17756	18791	aadA6_aminoglycoside_antibiotic	32	1035	1035	1.0	Unknown taxonomy (chromosome or plasmid)
barcode12_6Gb	contig_120	19061	19901	sul1_sulfonamide_antibiotic	84	840	840	1.0	Unknown taxonomy (chromosome or plasmid)
barcode12_6Gb	contig_12020	192911	193658	vanY gene in vanG cluster_glycopeptide_antibiotic	10	747	747	1.0	
barcode12_6Gb	contig_12086	65260	65446	rsmA_fluoroquinolone_antibiotic;_diaminopyrimidine_antibiotic;_phenicol_antibiotic	10	186	186	1.0	Enterobacter (chromosome or plasmid)
barcode12_6Gb	contig_12086	72443	73991	emrB_fluoroquinolone_antibiotic	10	1548	1548	1.0	Enterobacter roggenkampii (chromosome or plasmid)
barcode12_6Gb	contig_12086	75307	75838	emrR_fluoroquinolone_antibiotic	10	531	531	1.0	Enterobacter (chromosome)
barcode12_6Gb	contig_12164	9451	10270	bacA_peptide_antibiotic	8	819	819	1.0	Escherichia coli (no genomic info)
barcode12_6Gb	contig_12165	9419	10238	bacA_peptide_antibiotic	5	819	819	1.0	Escherichia coli (chromosome)
barcode12_6Gb	contig_12180	25025	26021	vanH gene in vanO cluster_glycopeptide_antibiotic	5	996	996	1.0	Faecalibacterium prausnitzii (no genomic info)
barcode12_6Gb	contig_12190	44970	45303	qacJ_disinfecting_agents_and_antiseptics	11	333	333	1.0	
barcode12_6Gb	contig_12196	19998	20331	qacL_disinfecting_agents_and_antiseptics	13	333	333	1.0	Unknown taxonomy (chromosome or plasmid)
barcode12_6Gb	contig_12212	1939	3910	tet(O)_tetracycline_antibiotic	23	1971	1971	1.0	
barcode12_6Gb	contig_12231	5057	6281	mef(C)_macrolide_antibiotic;_tetracycline_antibiotic	21	1224	1224	1.0	
barcode12_6Gb	contig_12252	3221	4139	vanW gene in vanI cluster_glycopeptide_antibiotic	4	918	918	1.0	
barcode12_6Gb	contig_12374	12341	13301	emrR_fluoroquinolone_antibiotic	11	960	960	1.0	Klebsiella michiganensis (chromosome)
barcode12_6Gb	contig_12374	13433	14606	Klebsiella pneumoniae KpnG_macrolide_antibiotic;_fluoroquinolone_antibiotic;_aminoglycoside_antibiotic;_carbapenem;_cephalosporin;_penam;_peptide_antibiotic;_penem	12	1173	1173	1.0	Klebsiella michiganensis (chromosome)
barcode12_6Gb	contig_12374	14621	16130	Klebsiella pneumoniae KpnH_macrolide_antibiotic;_fluoroquinolone_antibiotic;_aminoglycoside_antibiotic;_carbapenem;_cephalosporin;_penam;_peptide_antibiotic;_penem	11	1509	1509	1.0	Klebsiella michiganensis (chromosome or plasmid)
barcode12_6Gb	contig_12374	24251	24437	rsmA_fluoroquinolone_antibiotic;_diaminopyrimidine_antibiotic;_phenicol_antibiotic	6	186	186	1.0	Unknown taxonomy (chromosome or plasmid)
barcode12_6Gb	contig_124	5029	5869	sul1_sulfonamide_antibiotic	98	840	840	1.0	Unknown taxonomy (chromosome or plasmid)
barcode12_6Gb	contig_124	5862	6210	qacEdelta1_disinfecting_agents_and_antiseptics	81	348	348	1.0	Unknown taxonomy (chromosome or plasmid)
barcode12_6Gb	contig_124	6325	6859	ANT(2'')-Ia_aminoglycoside_antibiotic	46	534	534	1.0	Unknown taxonomy (chromosome or plasmid)
barcode12_6Gb	contig_124	6981	7845	GES-1_carbapenem;_cephalosporin;_penam	73	864	864	1.0	Unknown taxonomy (chromosome or plasmid)
barcode12_6Gb	contig_124	22200	22710	dfrA8_diaminopyrimidine_antibiotic	8	510	510	1.0	Unknown taxonomy (chromosome or plasmid)
barcode12_6Gb	contig_12403	10830	11244	H-NS_macrolide_antibiotic;_fluoroquinolone_antibiotic;_cephalosporin;_cephamycin;_penam;_tetracycline_antibiotic	6	414	414	1.0	Citrobacter (chromosome)
barcode12_6Gb	contig_1246	25472	27392	tet(O)_tetracycline_antibiotic	52	1920	1920	1.0	Unknown taxonomy (chromosome or plasmid)
barcode12_6Gb	contig_1246	27443	28682	tet(40)_tetracycline_antibiotic	20	1239	1239	1.0	Faecalibacterium prausnitzii (chromosome)
barcode12_6Gb	contig_12477	56045	56234	rsmA_fluoroquinolone_antibiotic;_diaminopyrimidine_antibiotic;_phenicol_antibiotic	26	189	189	1.0	
barcode12_6Gb	contig_12577	15365	15743	vanY gene in vanB cluster_glycopeptide_antibiotic	6	378	378	1.0	
barcode12_6Gb	contig_12709	9382	10990	tet(O/W)_tetracycline_antibiotic	15	1608	1608	1.0	Eggerthella lenta (chromosome or plasmid)
barcode12_6Gb	contig_12713	1791	3126	Haemophilus influenzae PBP3 conferring resistance to beta-lactam antibiotics_cephalosporin;_cephamycin;_penam	8	1335	1335	1.0	Klebsiella (chromosome)
barcode12_6Gb	contig_12801	9952	11125	vanY gene in vanF cluster_glycopeptide_antibiotic	4	1173	1173	1.0	
barcode12_6Gb	contig_12916	7518	8589	vanT gene in vanG cluster_glycopeptide_antibiotic	4	1071	1071	1.0	
barcode12_6Gb	contig_12930	5990	6635	vanY gene in vanM cluster_glycopeptide_antibiotic	16	645	645	1.0	
barcode12_6Gb	contig_12961	15107	16100	vanW gene in vanI cluster_glycopeptide_antibiotic	3	993	993	1.0	
barcode12_6Gb	contig_1304	4438	5266	OXA-253_carbapenem;_penam	5	828	828	1.0	Acinetobacter baumannii (chromosome or plasmid)
barcode12_6Gb	contig_13061	15623	16808	Escherichia coli EF-Tu mutants conferring resistance to Pulvomycin_elfamycin_antibiotic	15	1185	1185	1.0	Unknown taxonomy (chromosome)
barcode12_6Gb	contig_13079	6917	7172	rsmA_fluoroquinolone_antibiotic;_diaminopyrimidine_antibiotic;_phenicol_antibiotic	7	255	255	1.0	
barcode12_6Gb	contig_13090	3794	4427	CRP_macrolide_antibiotic;_fluoroquinolone_antibiotic;_penam	5	633	633	1.0	Klebsiella (chromosome)
barcode12_6Gb	contig_13146	114729	115059	qacG_disinfecting_agents_and_antiseptics	4	330	330	1.0	
barcode12_6Gb	contig_1315	7582	8770	tet(39)_tetracycline_antibiotic	36	1188	1188	1.0	Unknown taxonomy (plasmid)
barcode12_6Gb	contig_13200	12324	13270	TLA-1_monobactam;_cephalosporin	8	946	946	1.0	
barcode12_6Gb	contig_13203	119172	119703	emrR_fluoroquinolone_antibiotic	16	531	531	1.0	Enterobacter kobei (chromosome or plasmid)
barcode12_6Gb	contig_13203	119829	121002	emrA_fluoroquinolone_antibiotic	13	1173	1173	1.0	
barcode12_6Gb	contig_13203	121018	122566	emrB_fluoroquinolone_antibiotic	12	1548	1548	1.0	Enterobacter kobei (chromosome or plasmid)
barcode12_6Gb	contig_13203	129607	129793	rsmA_fluoroquinolone_antibiotic;_diaminopyrimidine_antibiotic;_phenicol_antibiotic	22	186	186	1.0	Enterobacter (chromosome or plasmid)
barcode12_6Gb	contig_13223	45964	47269	Acinetobacter baumannii AbaQ_fluoroquinolone_antibiotic	19	1305	1305	1.0	
barcode12_6Gb	contig_13224	4297	5077	APH(3')-VIa_aminoglycoside_antibiotic	63	780	780	1.0	Unknown taxonomy (chromosome or plasmid)
barcode12_6Gb	contig_13269	4552	7666	adeF_fluoroquinolone_antibiotic;_tetracycline_antibiotic	18	3114	3114	1.0	Enterobacter kobei (chromosome)
barcode12_6Gb	contig_13324	3089	4259	tet(39)_tetracycline_antibiotic	9	1170	1170	1.0	Unknown taxonomy (plasmid)
barcode12_6Gb	contig_13325	520	1348	OXA-253_carbapenem;_penam	34	828	828	1.0	Acinetobacter baumannii (chromosome)
barcode12_6Gb	contig_13330	1126	1660	ANT(2'')-Ia_aminoglycoside_antibiotic	18	534	534	1.0	Unknown taxonomy (chromosome or plasmid)
barcode12_6Gb	contig_13330	1804	2704	VEB-1_monobactam;_cephalosporin	12	900	900	1.0	Unknown taxonomy (chromosome or plasmid)
barcode12_6Gb	contig_13342	707	1913	Mef(En2)_macrolide_antibiotic;_lincosamide_antibiotic	5	1206	1206	1.0	Unknown taxonomy (chromosome)
barcode12_6Gb	contig_13378	4051	4891	sul1_sulfonamide_antibiotic	62	840	840	1.0	Unknown taxonomy (chromosome or plasmid)
barcode12_6Gb	contig_13378	10339	11266	PER-3_monobactam;_carbapenem;_cephalosporin;_penam;_penem	10	927	927	1.0	Unknown taxonomy (chromosome or plasmid)
barcode12_6Gb	contig_13379	4088	4928	sul1_sulfonamide_antibiotic	83	840	840	1.0	Unknown taxonomy (chromosome or plasmid)
barcode12_6Gb	contig_13379	4921	5269	qacEdelta1_disinfecting_agents_and_antiseptics	71	348	348	1.0	Unknown taxonomy (chromosome or plasmid)
barcode12_6Gb	contig_13379	6501	7332	aadA7_aminoglycoside_antibiotic	22	831	831	1.0	Salmonella enterica (chromosome or plasmid)
barcode12_6Gb	contig_13379	7818	8151	qacL_disinfecting_agents_and_antiseptics	29	333	333	1.0	Unknown taxonomy (chromosome or plasmid)
barcode12_6Gb	contig_13379	8395	8977	AAC(6')-IIc_aminoglycoside_antibiotic	24	582	582	1.0	Unknown taxonomy (chromosome or plasmid)
barcode12_6Gb	contig_13379	9116	9980	GES-5_carbapenem;_cephalosporin;_penam	29	864	864	1.0	Unknown taxonomy (chromosome or plasmid)
barcode12_6Gb	contig_13381	3242	4082	sul1_sulfonamide_antibiotic	64	840	840	1.0	Unknown taxonomy (chromosome or plasmid)
barcode12_6Gb	contig_13381	4075	4423	qacEdelta1_disinfecting_agents_and_antiseptics	55	348	348	1.0	Unknown taxonomy (chromosome or plasmid)
barcode12_6Gb	contig_13381	4644	5508	GES-1_carbapenem;_cephalosporin;_penam	54	864	864	1.0	Unknown taxonomy (chromosome or plasmid)
barcode12_6Gb	contig_13381	6114	6447	qacL_disinfecting_agents_and_antiseptics	38	333	333	1.0	Unknown taxonomy (chromosome or plasmid)
barcode12_6Gb	contig_13381	6674	7538	GES-5_carbapenem;_cephalosporin;_penam	52	864	864	1.0	Unknown taxonomy (chromosome or plasmid)
barcode12_6Gb	contig_13382	7151	7991	sul1_sulfonamide_antibiotic	99	840	840	1.0	Unknown taxonomy (chromosome or plasmid)
barcode12_6Gb	contig_13382	7984	8332	qacEdelta1_disinfecting_agents_and_antiseptics	80	348	348	1.0	Unknown taxonomy (chromosome or plasmid)
barcode12_6Gb	contig_13382	8495	9275	aadA2_aminoglycoside_antibiotic	52	780	780	1.0	Unknown taxonomy (chromosome or plasmid)
barcode12_6Gb	contig_13389	349	1210	AAC(3)-IIe_aminoglycoside_antibiotic	11	861	861	1.0	Unknown taxonomy (chromosome or plasmid)
barcode12_6Gb	contig_13389	1697	2342	QnrB19_fluoroquinolone_antibiotic	19	645	645	1.0	Unknown taxonomy (chromosome or plasmid)
barcode12_6Gb	contig_1346	6727	8038	Acinetobacter baumannii AbaQ_fluoroquinolone_antibiotic	5	1311	1311	1.0	Acinetobacter lwoffii (chromosome)
barcode12_6Gb	contig_13505	43254	44643	Escherichia coli UhpT with mutation conferring resistance to fosfomycin_phosphonic_acid_antibiotic	7	1389	1389	1.0	Klebsiella (chromosome)
barcode12_6Gb	contig_13517	28103	30569	vanT gene in vanG cluster_glycopeptide_antibiotic	4	2466	2466	1.0	
barcode12_6Gb	contig_13528	704	3881	adeF_fluoroquinolone_antibiotic;_tetracycline_antibiotic	45	3177	3177	1.0	Unknown taxonomy (chromosome)
barcode12_6Gb	contig_13533	34	508	dfrA6_diaminopyrimidine_antibiotic	40	474	474	1.0	Unknown taxonomy (chromosome or plasmid)
barcode12_6Gb	contig_13533	2226	2883	QnrVC1_fluoroquinolone_antibiotic	28	657	657	1.0	Unknown taxonomy (chromosome or plasmid)
barcode12_6Gb	contig_13571	496	1378	KPC-2_monobactam;_carbapenem;_cephalosporin;_penam	127	882	882	1.0	Unknown taxonomy (chromosome or plasmid)
barcode12_6Gb	contig_13571	3793	4573	APH(3')-VIa_aminoglycoside_antibiotic	85	780	780	1.0	Unknown taxonomy (chromosome or plasmid)
barcode12_6Gb	contig_13593	7375	7564	rsmA_fluoroquinolone_antibiotic;_diaminopyrimidine_antibiotic;_phenicol_antibiotic	62	189	189	1.0	
barcode12_6Gb	contig_13632	138877	140626	msbA_nitroimidazole_antibiotic	13	1749	1749	1.0	Unknown taxonomy (chromosome)
barcode12_6Gb	contig_13820	17967	18222	rsmA_fluoroquinolone_antibiotic;_diaminopyrimidine_antibiotic;_phenicol_antibiotic	10	255	255	1.0	
barcode12_6Gb	contig_13829	8767	9733	CfxA3_cephamycin	29	966	966	1.0	Unknown taxonomy (chromosome or plasmid)
barcode12_6Gb	contig_13896	9917	10241	Escherichia coli soxS with mutation conferring antibiotic resistance_fluoroquinolone_antibiotic;_monobactam;_carbapenem;_cephalosporin;_glycylcycline;_cephamycin;_penam;_tetracycline_antibiotic;_rifamycin_antibiotic;_phenicol_antibiotic;_penem;_disinfecting_agents_and_antiseptics	5	324	324	1.0	Citrobacter (chromosome)
barcode12_6Gb	contig_13908	275	1388	vanT gene in vanG cluster_glycopeptide_antibiotic	21	1113	1113	1.0	
barcode12_6Gb	contig_13937	9188	10289	vanG_glycopeptide_antibiotic	11	1101	1101	1.0	Enterobacter roggenkampii (chromosome)
barcode12_6Gb	contig_13998	8156	8501	qacG_disinfecting_agents_and_antiseptics	26	345	345	1.0	Unknown taxonomy (chromosome or plasmid)
barcode12_6Gb	contig_14005	49825	50956	vanT gene in vanG cluster_glycopeptide_antibiotic	7	1131	1131	1.0	
barcode12_6Gb	contig_1406	11547	12375	OXA-253_carbapenem;_penam	38	828	828	1.0	Acinetobacter baumannii (chromosome)
barcode12_6Gb	contig_14095	13483	14629	CMY-70_cephamycin	4	1146	1146	1.0	Citrobacter freundii (chromosome)
barcode12_6Gb	contig_14100	23665	23989	Escherichia coli soxS with mutation conferring antibiotic resistance_fluoroquinolone_antibiotic;_monobactam;_carbapenem;_cephalosporin;_glycylcycline;_cephamycin;_penam;_tetracycline_antibiotic;_rifamycin_antibiotic;_phenicol_antibiotic;_penem;_disinfecting_agents_and_antiseptics	13	324	324	1.0	Citrobacter (chromosome)
barcode12_6Gb	contig_1413	9400	10285	mphE_macrolide_antibiotic	153	885	885	1.0	Unknown taxonomy (chromosome or plasmid)
barcode12_6Gb	contig_1413	10340	11816	msrE_macrolide_antibiotic;_streptogramin_antibiotic	131	1476	1476	1.0	Unknown taxonomy (chromosome or plasmid)
barcode12_6Gb	contig_1414	7926	8811	mphE_macrolide_antibiotic	171	885	885	1.0	Unknown taxonomy (chromosome or plasmid)
barcode12_6Gb	contig_1414	8866	10342	msrE_macrolide_antibiotic;_streptogramin_antibiotic	176	1476	1476	1.0	Unknown taxonomy (chromosome or plasmid)
barcode12_6Gb	contig_1414	15134	15971	APH(6)-Id_aminoglycoside_antibiotic	45	837	837	1.0	Unknown taxonomy (chromosome or plasmid)
barcode12_6Gb	contig_1414	15970	16774	APH(3'')-Ib_aminoglycoside_antibiotic	42	804	804	1.0	Unknown taxonomy (chromosome or plasmid)
barcode12_6Gb	contig_14157	49788	50118	qacG_disinfecting_agents_and_antiseptics	15	330	330	1.0	
barcode12_6Gb	contig_1417	573	1458	mphE_macrolide_antibiotic	25	885	885	1.0	Unknown taxonomy (chromosome or plasmid)
barcode12_6Gb	contig_1417	1513	2989	msrE_macrolide_antibiotic;_streptogramin_antibiotic	12	1476	1476	1.0	Unknown taxonomy (chromosome or plasmid)
barcode12_6Gb	contig_1515	106246	106501	rsmA_fluoroquinolone_antibiotic;_diaminopyrimidine_antibiotic;_phenicol_antibiotic	292	255	255	1.0	
barcode12_6Gb	contig_1592	16126	19318	adeF_fluoroquinolone_antibiotic;_tetracycline_antibiotic	201	3192	3192	1.0	
barcode12_6Gb	contig_1592	262697	263807	vanT gene in vanG cluster_glycopeptide_antibiotic	199	1110	1110	1.0	
barcode12_6Gb	contig_1592	1714105	1715341	vanW gene in vanI cluster_glycopeptide_antibiotic	187	1236	1236	1.0	
barcode12_6Gb	contig_1592	2417351	2417858	nimK_nitroimidazole_antibiotic	171	507	507	1.0	
barcode12_6Gb	contig_1628	3966	4782	sul2_sulfonamide_antibiotic	36	816	816	1.0	Unknown taxonomy (chromosome or plasmid)
barcode12_6Gb	contig_1629	268	841	AAC(6')-Ian_aminoglycoside_antibiotic	8	573	573	1.0	Unknown taxonomy (chromosome or plasmid)
barcode12_6Gb	contig_1629	4842	5742	VEB-9_monobactam;_cephalosporin	13	900	900	1.0	Unknown taxonomy (chromosome or plasmid)
barcode12_6Gb	contig_165	11888	12545	QnrVC1_fluoroquinolone_antibiotic	20	657	657	1.0	Unknown taxonomy (chromosome or plasmid)
barcode12_6Gb	contig_1666	1103	1568	AAC(3)-Ia_aminoglycoside_antibiotic	9	465	465	1.0	Unknown taxonomy (chromosome or plasmid)
barcode12_6Gb	contig_1708	13959	14649	vanW gene in vanI cluster_glycopeptide_antibiotic	2	690	690	1.0	
barcode12_6Gb	contig_1721	4391	5831	AAC(6')-Ie-APH(2'')-Ia bifunctional protein_aminoglycoside_antibiotic	10	1440	1440	1.0	Unknown taxonomy (chromosome or plasmid)
barcode12_6Gb	contig_1748	1533	2361	OXA-253_carbapenem;_penam	98	828	828	1.0	Acinetobacter baumannii (chromosome)
barcode12_6Gb	contig_175	7439	10316	MCR-5.1_peptide_antibiotic	7	2877	2877	1.0	Unknown taxonomy (chromosome or plasmid)
barcode12_6Gb	contig_1767	105	450	qacG_disinfecting_agents_and_antiseptics	23	345	345	1.0	Unknown taxonomy (chromosome or plasmid)
barcode12_6Gb	contig_1780	7853	8681	OXA-253_carbapenem;_penam	35	828	828	1.0	Acinetobacter baumannii (chromosome)
barcode12_6Gb	contig_1781	2001	2829	OXA-253_carbapenem;_penam	13	828	828	1.0	Acinetobacter baumannii (chromosome)
barcode12_6Gb	contig_1788	112	940	OXA-253_carbapenem;_penam	41	828	828	1.0	Acinetobacter baumannii (chromosome)
barcode12_6Gb	contig_1790	22062	24357	adeF_fluoroquinolone_antibiotic;_tetracycline_antibiotic	57	2295	2295	1.0	Acinetobacter (chromosome or plasmid)
barcode12_6Gb	contig_1791	81239	83531	adeF_fluoroquinolone_antibiotic;_tetracycline_antibiotic	48	2292	2292	1.0	Acinetobacter (chromosome or plasmid)
barcode12_6Gb	contig_183	7040	7697	QnrVC4_fluoroquinolone_antibiotic	47	657	657	1.0	Unknown taxonomy (chromosome or plasmid)
barcode12_6Gb	contig_183	7779	8418	AAC(6')-Ib9_aminoglycoside_antibiotic	46	639	639	1.0	Unknown taxonomy (chromosome or plasmid)
barcode12_6Gb	contig_183	8632	9892	cmlA5_phenicol_antibiotic	48	1260	1260	1.0	Unknown taxonomy (chromosome or plasmid)
barcode12_6Gb	contig_183	10010	10910	VEB-1_monobactam;_cephalosporin	29	900	900	1.0	Unknown taxonomy (chromosome or plasmid)
barcode12_6Gb	contig_183	11054	11588	ANT(2'')-Ia_aminoglycoside_antibiotic	24	534	534	1.0	Unknown taxonomy (chromosome or plasmid)
barcode12_6Gb	contig_183	12980	14456	msrE_macrolide_antibiotic;_streptogramin_antibiotic	81	1476	1476	1.0	Unknown taxonomy (chromosome or plasmid)
barcode12_6Gb	contig_183	14511	15396	mphE_macrolide_antibiotic	81	885	885	1.0	Unknown taxonomy (chromosome or plasmid)
barcode12_6Gb	contig_183	18007	18913	mphA_macrolide_antibiotic	73	906	906	1.0	Unknown taxonomy (chromosome or plasmid)
barcode12_6Gb	contig_1855	111590	112742	MOX-13_cephalosporin;_cephamycin;_penam	54	1152	1152	1.0	Aeromonas caviae (chromosome or plasmid)
barcode12_6Gb	contig_1860	1167	2322	MOX-2_cephalosporin;_cephamycin;_penam	9	1155	1155	1.0	Unknown taxonomy (chromosome or plasmid)
barcode12_6Gb	contig_1880	13543	13888	qacJ_disinfecting_agents_and_antiseptics	5	345	345	1.0	Unknown taxonomy (chromosome or plasmid)
barcode12_6Gb	contig_1880	64177	65362	tet(D)_tetracycline_antibiotic	7	1185	1185	1.0	Unknown taxonomy (chromosome or plasmid)
barcode12_6Gb	contig_1890	16135	17725	vanT gene in vanG cluster_glycopeptide_antibiotic	20	1590	1590	1.0	
barcode12_6Gb	contig_1895	6709	7525	vanW gene in vanI cluster_glycopeptide_antibiotic	2	816	816	1.0	
barcode12_6Gb	contig_1895	7484	8291	vanW gene in vanI cluster_glycopeptide_antibiotic	2	807	807	1.0	
barcode12_6Gb	contig_1896	223741	226216	vanT gene in vanG cluster_glycopeptide_antibiotic	11	2475	2475	1.0	
barcode12_6Gb	contig_1905	20495	21347	sul1_sulfonamide_antibiotic	10	852	852	1.0	Unknown taxonomy (chromosome or plasmid)
barcode12_6Gb	contig_191	14463	15279	sul2_sulfonamide_antibiotic	65	816	816	1.0	Unknown taxonomy (chromosome or plasmid)
barcode12_6Gb	contig_1912	6796	7396	AAC(6')-Ib-cr6_fluoroquinolone_antibiotic;_aminoglycoside_antibiotic	30	600	600	1.0	Unknown taxonomy (chromosome or plasmid)
barcode12_6Gb	contig_1945	14444	15335	CblA-1_cephalosporin	4	891	891	1.0	Phocaeicola dorei (no genomic info)
barcode12_6Gb	contig_198	31634	34739	AcrF_fluoroquinolone_antibiotic;_cephalosporin;_cephamycin;_penam	13	3105	3105	1.0	Unknown taxonomy (chromosome or plasmid)
barcode12_6Gb	contig_198	34750	35908	AcrE_fluoroquinolone_antibiotic;_cephalosporin;_cephamycin;_penam	9	1158	1158	1.0	Unknown taxonomy (chromosome or plasmid)
barcode12_6Gb	contig_198	36306	36969	AcrS_fluoroquinolone_antibiotic;_cephalosporin;_glycylcycline;_cephamycin;_penam;_tetracycline_antibiotic;_rifamycin_antibiotic;_phenicol_antibiotic;_disinfecting_agents_and_antiseptics	10	663	663	1.0	Unknown taxonomy (chromosome or plasmid)
barcode12_6Gb	contig_198	281466	282288	bacA_peptide_antibiotic	23	822	822	1.0	Unknown taxonomy (chromosome or plasmid)
barcode12_6Gb	contig_198	304668	306157	TolC_macrolide_antibiotic;_fluoroquinolone_antibiotic;_aminoglycoside_antibiotic;_carbapenem;_cephalosporin;_glycylcycline;_cephamycin;_penam;_tetracycline_antibiotic;_peptide_antibiotic;_aminocoumarin_antibiotic;_rifamycin_antibiotic;_phenicol_antibiotic;_penem;_disinfecting_agents_and_antiseptics	13	1489	1489	1.0	Unknown taxonomy (chromosome or plasmid)
barcode12_6Gb	contig_211	53894	54731	APH(6)-Id_aminoglycoside_antibiotic	58	837	837	1.0	Unknown taxonomy (chromosome or plasmid)
barcode12_6Gb	contig_211	59709	60909	tet(A)_tetracycline_antibiotic	23	1200	1200	1.0	Unknown taxonomy (chromosome or plasmid)
barcode12_6Gb	contig_211	67747	68527	aadA_aminoglycoside_antibiotic	43	780	780	1.0	Unknown taxonomy (chromosome or plasmid)
barcode12_6Gb	contig_211	68602	69403	OXA-101_cephalosporin;_penam	22	801	801	1.0	Unknown taxonomy (chromosome or plasmid)
barcode12_6Gb	contig_211	69962	70826	sul4_sulfonamide_antibiotic	15	864	864	1.0	Unknown taxonomy (chromosome or plasmid)
barcode12_6Gb	contig_2113	13640	13985	qacG_disinfecting_agents_and_antiseptics	4	345	345	1.0	Acinetobacter (no genomic info)
barcode12_6Gb	contig_214	5854	6739	mphE_macrolide_antibiotic	135	885	885	1.0	Unknown taxonomy (chromosome or plasmid)
barcode12_6Gb	contig_214	6794	8270	msrE_macrolide_antibiotic;_streptogramin_antibiotic	156	1476	1476	1.0	Unknown taxonomy (chromosome or plasmid)
barcode12_6Gb	contig_214	10535	11372	APH(6)-Id_aminoglycoside_antibiotic	114	837	837	1.0	Unknown taxonomy (chromosome or plasmid)
barcode12_6Gb	contig_214	11371	12175	APH(3'')-Ib_aminoglycoside_antibiotic	120	804	804	1.0	Unknown taxonomy (chromosome or plasmid)
barcode12_6Gb	contig_229	46308	46635	qacG_disinfecting_agents_and_antiseptics	15	327	327	1.0	
barcode12_6Gb	contig_229	54787	57733	adeF_fluoroquinolone_antibiotic;_tetracycline_antibiotic	19	2946	2946	1.0	
barcode12_6Gb	contig_2354	23315	23510	rsmA_fluoroquinolone_antibiotic;_diaminopyrimidine_antibiotic;_phenicol_antibiotic	5	195	195	1.0	
barcode12_6Gb	contig_236	8013	8874	SHV-12_carbapenem;_cephalosporin;_penam	10	861	861	1.0	Unknown taxonomy (chromosome or plasmid)
barcode12_6Gb	contig_236	10253	10712	AAC(6')-Il_aminoglycoside_antibiotic	9	459	459	1.0	Unknown taxonomy (chromosome or plasmid)
barcode12_6Gb	contig_236	11175	11955	aadA_aminoglycoside_antibiotic	24	780	780	1.0	Unknown taxonomy (chromosome or plasmid)
barcode12_6Gb	contig_236	12613	13474	TEM-1_monobactam;_cephalosporin;_penam;_penem	26	861	861	1.0	Unknown taxonomy (chromosome or plasmid)
barcode12_6Gb	contig_2369	20092	20998	vanY gene in vanG cluster_glycopeptide_antibiotic	26	906	906	1.0	
barcode12_6Gb	contig_2383	3434	4091	QnrVC1_fluoroquinolone_antibiotic	26	657	657	1.0	Unknown taxonomy (chromosome or plasmid)
barcode12_6Gb	contig_2383	4249	4723	dfrA31_diaminopyrimidine_antibiotic	22	474	474	1.0	Vibrio (chromosome or plasmid)
barcode12_6Gb	contig_2383	28340	28799	dfrA31_diaminopyrimidine_antibiotic	19	459	459	1.0	Vibrio (chromosome or plasmid)
barcode12_6Gb	contig_2383	28973	29630	QnrVC1_fluoroquinolone_antibiotic	27	657	657	1.0	Unknown taxonomy (chromosome or plasmid)
barcode12_6Gb	contig_2394	6483	7365	KPC-2_monobactam;_carbapenem;_cephalosporin;_penam	67	882	882	1.0	Unknown taxonomy (chromosome or plasmid)
barcode12_6Gb	contig_2396	31063	31864	OXA-10_cephalosporin;_penam	26	801	801	1.0	Unknown taxonomy (chromosome or plasmid)
barcode12_6Gb	contig_2444	59064	59946	vanW gene in vanG cluster_glycopeptide_antibiotic	370	882	882	1.0	Acinetobacter johnsonii (chromosome)
barcode12_6Gb	contig_2463	14910	15384	dfrA6_diaminopyrimidine_antibiotic	63	474	474	1.0	Unknown taxonomy (chromosome or plasmid)
barcode12_6Gb	contig_2463	15542	16199	QnrVC1_fluoroquinolone_antibiotic	53	657	657	1.0	Unknown taxonomy (chromosome or plasmid)
barcode12_6Gb	contig_2493	21	369	qacEdelta1_disinfecting_agents_and_antiseptics	4	348	348	1.0	Unknown taxonomy (chromosome or plasmid)
barcode12_6Gb	contig_2501	3366	4206	sul1_sulfonamide_antibiotic	79	840	840	1.0	Unknown taxonomy (chromosome or plasmid)
barcode12_6Gb	contig_2501	4199	4547	qacEdelta1_disinfecting_agents_and_antiseptics	73	348	348	1.0	Unknown taxonomy (chromosome or plasmid)
barcode12_6Gb	contig_2501	5002	5830	OXA-2_carbapenem;_cephalosporin;_penam	49	828	828	1.0	Unknown taxonomy (chromosome or plasmid)
barcode12_6Gb	contig_2501	5911	6562	AAC(6')-Ib9_aminoglycoside_antibiotic	58	651	651	1.0	Unknown taxonomy (chromosome or plasmid)
barcode12_6Gb	contig_2501	6603	7467	GES-1_carbapenem;_cephalosporin;_penam	60	864	864	1.0	Unknown taxonomy (chromosome or plasmid)
barcode12_6Gb	contig_2501	15571	16351	APH(3')-VIa_aminoglycoside_antibiotic	44	780	780	1.0	Unknown taxonomy (chromosome or plasmid)
barcode12_6Gb	contig_2501	23556	24054	dfrA12_diaminopyrimidine_antibiotic	40	498	498	1.0	Unknown taxonomy (chromosome or plasmid)
barcode12_6Gb	contig_2501	24473	25253	aadA2_aminoglycoside_antibiotic	49	780	780	1.0	Unknown taxonomy (chromosome or plasmid)
barcode12_6Gb	contig_2501	25417	25765	qacEdelta1_disinfecting_agents_and_antiseptics	59	348	348	1.0	Unknown taxonomy (chromosome or plasmid)
barcode12_6Gb	contig_2501	25758	26598	sul1_sulfonamide_antibiotic	61	840	840	1.0	Unknown taxonomy (chromosome or plasmid)
barcode12_6Gb	contig_2501	29735	30296	dfrA23_diaminopyrimidine_antibiotic	11	561	561	1.0	Unknown taxonomy (chromosome or plasmid)
barcode12_6Gb	contig_2502	113	566	arr-3_rifamycin_antibiotic	35	453	453	1.0	Unknown taxonomy (chromosome or plasmid)
barcode12_6Gb	contig_2502	650	1283	catB3_phenicol_antibiotic	45	633	633	1.0	Unknown taxonomy (chromosome or plasmid)
barcode12_6Gb	contig_2502	1420	2251	OXA-1_cephalosporin;_penam	52	831	831	1.0	Unknown taxonomy (chromosome or plasmid)
barcode12_6Gb	contig_2502	2381	2921	AAC(6')-Ib-cr4_fluoroquinolone_antibiotic;_aminoglycoside_antibiotic	42	540	540	1.0	Unknown taxonomy (chromosome or plasmid)
barcode12_6Gb	contig_2503	21365	22145	APH(3')-VIa_aminoglycoside_antibiotic	32	780	780	1.0	Unknown taxonomy (chromosome or plasmid)
barcode12_6Gb	contig_2507	4945	5293	qacEdelta1_disinfecting_agents_and_antiseptics	50	348	348	1.0	Unknown taxonomy (chromosome or plasmid)
barcode12_6Gb	contig_2508	283	1063	aadA_aminoglycoside_antibiotic	32	780	780	1.0	Unknown taxonomy (chromosome or plasmid)
barcode12_6Gb	contig_2508	1223	1880	QnrVC1_fluoroquinolone_antibiotic	29	657	657	1.0	Unknown taxonomy (chromosome or plasmid)
barcode12_6Gb	contig_2513	115	916	OXA-10_cephalosporin;_penam	29	801	801	1.0	Unknown taxonomy (chromosome or plasmid)
barcode12_6Gb	contig_2515	516	1755	Mrx_macrolide_antibiotic	141	1239	1239	1.0	Unknown taxonomy (chromosome or plasmid)
barcode12_6Gb	contig_2542	325840	327013	vanT gene in vanG cluster_glycopeptide_antibiotic	15	1173	1173	1.0	
barcode12_6Gb	contig_2542	477690	478884	vanT gene in vanG cluster_glycopeptide_antibiotic	12	1194	1194	1.0	
barcode12_6Gb	contig_2570	174121	174721	AAC(6')-Ib-cr6_fluoroquinolone_antibiotic;_aminoglycoside_antibiotic	24	600	600	1.0	Unknown taxonomy (chromosome or plasmid)
barcode12_6Gb	contig_2576	7260	7860	AAC(6')-Ib-cr6_fluoroquinolone_antibiotic;_aminoglycoside_antibiotic	29	600	600	1.0	Unknown taxonomy (chromosome or plasmid)
barcode12_6Gb	contig_259	216737	217838	LpsB_peptide_antibiotic	18	1101	1101	1.0	Acinetobacter baumannii (chromosome or plasmid)
barcode12_6Gb	contig_259	257079	258426	abeM_fluoroquinolone_antibiotic;_disinfecting_agents_and_antiseptics	15	1347	1347	1.0	Acinetobacter baumannii (chromosome or plasmid)
barcode12_6Gb	contig_259	465528	467748	Acinetobacter baumannii parC conferring resistance to fluoroquinolones_fluoroquinolone_antibiotic	19	2220	2220	1.0	Acinetobacter baumannii (chromosome or plasmid)
barcode12_6Gb	contig_2593	763	1669	mphA_macrolide_antibiotic	42	906	906	1.0	Unknown taxonomy (chromosome or plasmid)
barcode12_6Gb	contig_2593	5200	6061	SHV-5_carbapenem;_cephalosporin;_penam	20	861	861	1.0	Unknown taxonomy (chromosome or plasmid)
barcode12_6Gb	contig_2599	764	1670	mphA_macrolide_antibiotic	90	906	906	1.0	Unknown taxonomy (chromosome or plasmid)
barcode12_6Gb	contig_2599	2646	3462	APH(3')-Ia_aminoglycoside_antibiotic	85	816	816	1.0	Unknown taxonomy (chromosome or plasmid)
barcode12_6Gb	contig_2603	2769	3630	TEM-1_monobactam;_cephalosporin;_penam;_penem	15	861	861	1.0	Unknown taxonomy (chromosome or plasmid)
barcode12_6Gb	contig_2604	3732	4080	qacEdelta1_disinfecting_agents_and_antiseptics	12	348	348	1.0	Unknown taxonomy (chromosome or plasmid)
barcode12_6Gb	contig_2604	4285	5074	aadA5_aminoglycoside_antibiotic	15	789	789	1.0	Unknown taxonomy (chromosome or plasmid)
barcode12_6Gb	contig_2605	6082	6541	AAC(6')-Il_aminoglycoside_antibiotic	65	459	459	1.0	Unknown taxonomy (chromosome or plasmid)
barcode12_6Gb	contig_2605	6614	7478	GES-1_carbapenem;_cephalosporin;_penam	76	864	864	1.0	Unknown taxonomy (chromosome or plasmid)
barcode12_6Gb	contig_2605	7600	8134	ANT(2'')-Ia_aminoglycoside_antibiotic	42	534	534	1.0	Unknown taxonomy (chromosome or plasmid)
barcode12_6Gb	contig_2605	8249	8597	qacEdelta1_disinfecting_agents_and_antiseptics	92	348	348	1.0	Unknown taxonomy (chromosome or plasmid)
barcode12_6Gb	contig_2605	8590	9430	sul1_sulfonamide_antibiotic	117	840	840	1.0	Unknown taxonomy (chromosome or plasmid)
barcode12_6Gb	contig_2609	2393	2726	qacJ_disinfecting_agents_and_antiseptics	10	333	333	1.0	Unknown taxonomy (chromosome or plasmid)
barcode12_6Gb	contig_2616	636	1440	APH(3'')-Ib_aminoglycoside_antibiotic	60	804	804	1.0	Unknown taxonomy (chromosome or plasmid)
barcode12_6Gb	contig_2616	1439	2276	APH(6)-Id_aminoglycoside_antibiotic	65	837	837	1.0	Unknown taxonomy (chromosome or plasmid)
barcode12_6Gb	contig_2875	2541	3378	APH(6)-Id_aminoglycoside_antibiotic	80	837	837	1.0	Unknown taxonomy (chromosome or plasmid)
barcode12_6Gb	contig_2905	71960	73073	vanT gene in vanG cluster_glycopeptide_antibiotic	12	1113	1113	1.0	
barcode12_6Gb	contig_314	65351	66725	cpxA_aminoglycoside_antibiotic;_aminocoumarin_antibiotic	9	1374	1374	1.0	
barcode12_6Gb	contig_3147	787193	790385	adeF_fluoroquinolone_antibiotic;_tetracycline_antibiotic	46	3192	3192	1.0	
barcode12_6Gb	contig_3150	41480	41894	H-NS_macrolide_antibiotic;_fluoroquinolone_antibiotic;_cephalosporin;_cephamycin;_penam;_tetracycline_antibiotic	6	414	414	1.0	Unknown taxonomy (chromosome or plasmid)
barcode12_6Gb	contig_317	132338	134105	Haemophilus influenzae PBP3 conferring resistance to beta-lactam antibiotics_cephalosporin;_cephamycin;_penam	13	1767	1767	1.0	Unknown taxonomy (chromosome or plasmid)
barcode12_6Gb	contig_317	140205	141150	leuO_nucleoside_antibiotic;_disinfecting_agents_and_antiseptics	12	945	945	1.0	Unknown taxonomy (chromosome or plasmid)
barcode12_6Gb	contig_318	53230	53656	FosA2_phosphonic_acid_antibiotic	12	426	426	1.0	Enterobacter kobei (chromosome)
barcode12_6Gb	contig_318	202156	203302	ACT-87_carbapenem;_cephalosporin;_cephamycin;_penam	21	1146	1146	1.0	Enterobacter kobei (chromosome)
barcode12_6Gb	contig_327	18821	20006	Escherichia coli EF-Tu mutants conferring resistance to Pulvomycin_elfamycin_antibiotic	11	1185	1185	1.0	Klebsiella michiganensis (chromosome or plasmid)
barcode12_6Gb	contig_3415	10297	11185	vanW gene in vanG cluster_glycopeptide_antibiotic	4	888	888	1.0	
barcode12_6Gb	contig_3423	1034114	1035224	vanT gene in vanG cluster_glycopeptide_antibiotic	63	1110	1110	1.0	
barcode12_6Gb	contig_3424	136839	137838	vanH gene in vanB cluster_glycopeptide_antibiotic	7	999	999	1.0	
barcode12_6Gb	contig_3486	153629	156122	vanT gene in vanG cluster_glycopeptide_antibiotic	7	2493	2493	1.0	
barcode12_6Gb	contig_3557	3043	3823	APH(3')-VIa_aminoglycoside_antibiotic	49	780	780	1.0	Unknown taxonomy (chromosome or plasmid)
barcode12_6Gb	contig_3559	1434	2079	QnrB19_fluoroquinolone_antibiotic	57	645	645	1.0	Unknown taxonomy (chromosome or plasmid)
barcode12_6Gb	contig_3565	146918	148223	Acinetobacter baumannii AbaQ_fluoroquinolone_antibiotic	8	1305	1305	1.0	Acinetobacter baumannii (chromosome or plasmid)
barcode12_6Gb	contig_3794	154039	155416	vanW gene in vanI cluster_glycopeptide_antibiotic	14	1377	1377	1.0	
barcode12_6Gb	contig_3796	19652	19985	Escherichia coli emrE_macrolide_antibiotic	9	333	333	1.0	Unknown taxonomy (chromosome or plasmid)
barcode12_6Gb	contig_3798	187775	189770	lmrD_lincosamide_antibiotic	12	1995	1995	1.0	
barcode12_6Gb	contig_3806	32793	33915	vanW gene in vanI cluster_glycopeptide_antibiotic	8	1122	1122	1.0	
barcode12_6Gb	contig_3842	5147	5513	qacG_disinfecting_agents_and_antiseptics	50	366	366	1.0	Acinetobacter johnsonii (chromosome)
barcode12_6Gb	contig_3854	53557	54205	Escherichia coli AcrAB-TolC with AcrR mutation conferring resistance to ciprofloxacin, tetracycline, and ceftazidime_fluoroquinolone_antibiotic;_cephalosporin;_glycylcycline;_penam;_tetracycline_antibiotic;_rifamycin_antibiotic;_phenicol_antibiotic;_disinfecting_agents_and_antiseptics	11	648	648	1.0	Unknown taxonomy (chromosome or plasmid)
barcode12_6Gb	contig_3854	54346	55540	Escherichia coli acrA_fluoroquinolone_antibiotic;_cephalosporin;_glycylcycline;_penam;_tetracycline_antibiotic;_rifamycin_antibiotic;_phenicol_antibiotic;_disinfecting_agents_and_antiseptics	10	1194	1194	1.0	Unknown taxonomy (chromosome or plasmid)
barcode12_6Gb	contig_3854	55562	58712	acrB_fluoroquinolone_antibiotic;_cephalosporin;_glycylcycline;_penam;_tetracycline_antibiotic;_rifamycin_antibiotic;_phenicol_antibiotic;_disinfecting_agents_and_antiseptics	9	3150	3150	1.0	Escherichia coli (chromosome or plasmid)
barcode12_6Gb	contig_3854	141169	142264	vanG_glycopeptide_antibiotic	8	1095	1095	1.0	Unknown taxonomy (chromosome or plasmid)
barcode12_6Gb	contig_3862	84303	85449	MIR-17_monobactam;_cephalosporin	10	1146	1146	1.0	Enterobacter roggenkampii (chromosome)
barcode12_6Gb	contig_3871	144	1254	vanT gene in vanG cluster_glycopeptide_antibiotic	4	1110	1110	1.0	
barcode12_6Gb	contig_4000	3950	5390	vanT gene in vanG cluster_glycopeptide_antibiotic	6	1440	1440	1.0	
barcode12_6Gb	contig_4021	59563	59896	qacG_disinfecting_agents_and_antiseptics	7	333	333	1.0	
barcode12_6Gb	contig_4050	193100	193475	ramA_fluoroquinolone_antibiotic;_monobactam;_carbapenem;_cephalosporin;_glycylcycline;_cephamycin;_penam;_tetracycline_antibiotic;_rifamycin_antibiotic;_phenicol_antibiotic;_penem;_disinfecting_agents_and_antiseptics	13	375	375	1.0	Enterobacter kobei (no genomic info)
barcode12_6Gb	contig_4050	319105	320299	Enterobacter cloacae acrA_fluoroquinolone_antibiotic;_cephalosporin;_glycylcycline;_penam;_tetracycline_antibiotic;_rifamycin_antibiotic;_phenicol_antibiotic;_disinfecting_agents_and_antiseptics	16	1194	1194	1.0	Enterobacter (chromosome)
barcode12_6Gb	contig_4050	320321	323468	acrB_fluoroquinolone_antibiotic;_cephalosporin;_glycylcycline;_penam;_tetracycline_antibiotic;_rifamycin_antibiotic;_phenicol_antibiotic;_disinfecting_agents_and_antiseptics	24	3147	3147	1.0	Unknown taxonomy (chromosome)
barcode12_6Gb	contig_4050	418720	419821	vanG_glycopeptide_antibiotic	22	1101	1101	1.0	Enterobacter kobei (chromosome)
barcode12_6Gb	contig_4083	7456	8593	tet(X)_glycylcycline;_tetracycline_antibiotic	20	1137	1137	1.0	Unknown taxonomy (chromosome or plasmid)
barcode12_6Gb	contig_4083	9330	11256	tet(Q)_tetracycline_antibiotic	7	1926	1926	1.0	Unknown taxonomy (chromosome)
barcode12_6Gb	contig_4098	705	2409	vanW gene in vanI cluster_glycopeptide_antibiotic	10	1704	1704	1.0	
barcode12_6Gb	contig_4112	16846	18766	tet(W)_tetracycline_antibiotic	38	1920	1920	1.0	Unknown taxonomy (chromosome or plasmid)
barcode12_6Gb	contig_4116	35742	35955	vanU gene in vanG cluster_glycopeptide_antibiotic	17	213	213	1.0	
barcode12_6Gb	contig_4132	94988	95813	gadX_macrolide_antibiotic;_fluoroquinolone_antibiotic;_penam	18	825	825	1.0	Escherichia coli (chromosome)
barcode12_6Gb	contig_4132	96180	96909	gadW_macrolide_antibiotic;_fluoroquinolone_antibiotic;_penam	16	729	729	1.0	Escherichia coli (chromosome)
barcode12_6Gb	contig_4132	97271	100385	mdtF_macrolide_antibiotic;_fluoroquinolone_antibiotic;_penam	14	3114	3114	1.0	Escherichia coli (chromosome)
barcode12_6Gb	contig_4132	100409	101567	mdtE_macrolide_antibiotic;_fluoroquinolone_antibiotic;_penam	14	1158	1158	1.0	Unknown taxonomy (chromosome)
barcode12_6Gb	contig_4137	45200	46184	PmrF_peptide_antibiotic	21	984	984	1.0	
barcode12_6Gb	contig_4137	49058	50714	ArnT_peptide_antibiotic	15	1656	1656	1.0	Enterobacter kobei (chromosome)
barcode12_6Gb	contig_4176	1527290	1528448	vanT gene in vanG cluster_glycopeptide_antibiotic	36	1158	1158	1.0	
barcode12_6Gb	contig_4176	2109865	2110852	vanH gene in vanO cluster_glycopeptide_antibiotic	39	987	987	1.0	
barcode12_6Gb	contig_4244	30836	32024	tet(39)_tetracycline_antibiotic	38	1188	1188	1.0	Unknown taxonomy (plasmid)
barcode12_6Gb	contig_4253	84900	85695	OXA-504_penam	96	795	795	1.0	Aeromonas caviae (chromosome)
barcode12_6Gb	contig_4357	88358	89096	ErmB_macrolide_antibiotic;_lincosamide_antibiotic;_streptogramin_antibiotic;_streptogramin_A_antibiotic;_streptogramin_B_antibiotic	24	738	738	1.0	Unknown taxonomy (chromosome or plasmid)
barcode12_6Gb	contig_4388	316760	318755	lmrD_lincosamide_antibiotic	7	1995	1995	1.0	
barcode12_6Gb	contig_4399	64871	66032	vanT gene in vanG cluster_glycopeptide_antibiotic	10	1161	1161	1.0	
barcode12_6Gb	contig_4416	6	540	ANT(2'')-Ia_aminoglycoside_antibiotic	11	534	534	1.0	Unknown taxonomy (chromosome or plasmid)
barcode12_6Gb	contig_4417	4098	4557	AAC(6')-Il_aminoglycoside_antibiotic	89	459	459	1.0	Unknown taxonomy (chromosome or plasmid)
barcode12_6Gb	contig_4417	4630	5494	GES-1_carbapenem;_cephalosporin;_penam	89	864	864	1.0	Unknown taxonomy (chromosome or plasmid)
barcode12_6Gb	contig_4417	5616	6150	ANT(2'')-Ia_aminoglycoside_antibiotic	47	534	534	1.0	Unknown taxonomy (chromosome or plasmid)
barcode12_6Gb	contig_4420	752	1937	Escherichia coli EF-Tu mutants conferring resistance to Pulvomycin_elfamycin_antibiotic	102	1185	1185	1.0	Aeromonas caviae (chromosome or plasmid)
barcode12_6Gb	contig_4420	19963	21148	Escherichia coli EF-Tu mutants conferring resistance to Pulvomycin_elfamycin_antibiotic	101	1185	1185	1.0	Aeromonas caviae (chromosome or plasmid)
barcode12_6Gb	contig_4430	3589	4120	emrR_fluoroquinolone_antibiotic	3	531	531	1.0	Citrobacter (chromosome)
barcode12_6Gb	contig_4430	4251	5424	emrA_fluoroquinolone_antibiotic	4	1173	1173	1.0	Citrobacter portucalensis (no genomic info)
barcode12_6Gb	contig_4430	5440	6979	emrB_fluoroquinolone_antibiotic	4	1539	1539	1.0	Citrobacter freundii (chromosome or plasmid)
barcode12_6Gb	contig_4430	11875	12061	rsmA_fluoroquinolone_antibiotic;_diaminopyrimidine_antibiotic;_phenicol_antibiotic	3	186	186	1.0	Citrobacter (chromosome or plasmid)
barcode12_6Gb	contig_4433	6185	7886	APH(6)-Id_aminoglycoside_antibiotic	22	1701	1701	1.0	Unknown taxonomy (chromosome or plasmid)
barcode12_6Gb	contig_4496	10309	11455	CMY-2_carbapenem;_cephalosporin;_cephamycin;_penam	6	1146	1146	1.0	Unknown taxonomy (chromosome or plasmid)
barcode12_6Gb	contig_4497	9102	10617	aadT_macrolide_antibiotic;_tetracycline_antibiotic;_disinfecting_agents_and_antiseptics	16	1515	1515	1.0	
barcode12_6Gb	contig_4558	266744	267560	sul2_sulfonamide_antibiotic	39	816	816	1.0	Unknown taxonomy (chromosome or plasmid)
barcode12_6Gb	contig_4558	268423	269260	APH(6)-Id_aminoglycoside_antibiotic	31	837	837	1.0	Unknown taxonomy (chromosome or plasmid)
barcode12_6Gb	contig_4558	270337	271537	tet(A)_tetracycline_antibiotic	23	1200	1200	1.0	Unknown taxonomy (chromosome or plasmid)
barcode12_6Gb	contig_4703	1958	2324	qacG_disinfecting_agents_and_antiseptics	7	366	366	1.0	Acinetobacter johnsonii (chromosome)
barcode12_6Gb	contig_4704	2293	2659	qacG_disinfecting_agents_and_antiseptics	4	366	366	1.0	Acinetobacter johnsonii (chromosome)
barcode12_6Gb	contig_4705	963	1308	qacG_disinfecting_agents_and_antiseptics	3	345	345	1.0	Acinetobacter johnsonii (chromosome)
barcode12_6Gb	contig_4729	1348	2005	QnrS2_fluoroquinolone_antibiotic	38	657	657	1.0	Unknown taxonomy (chromosome or plasmid)
barcode12_6Gb	contig_4749	639	2559	tet(W)_tetracycline_antibiotic	35	1920	1920	1.0	Unknown taxonomy (chromosome or plasmid)
barcode12_6Gb	contig_4764	2398	3583	Escherichia coli EF-Tu mutants conferring resistance to Pulvomycin_elfamycin_antibiotic	13	1185	1185	1.0	Citrobacter (chromosome or plasmid)
barcode12_6Gb	contig_4765	21423	22608	Escherichia coli EF-Tu mutants conferring resistance to Pulvomycin_elfamycin_antibiotic	21	1185	1185	1.0	Unknown taxonomy (chromosome or plasmid)
barcode12_6Gb	contig_4765	37400	38033	CRP_macrolide_antibiotic;_fluoroquinolone_antibiotic;_penam	16	633	633	1.0	Escherichia coli (chromosome or plasmid)
barcode12_6Gb	contig_4766	25818	26451	CRP_macrolide_antibiotic;_fluoroquinolone_antibiotic;_penam	4	633	633	1.0	Klebsiella (chromosome)
barcode12_6Gb	contig_4767	10828	12013	Escherichia coli EF-Tu mutants conferring resistance to Pulvomycin_elfamycin_antibiotic	17	1185	1185	1.0	Enterobacter (chromosome or plasmid)
barcode12_6Gb	contig_4768	28419	29604	Escherichia coli EF-Tu mutants conferring resistance to Pulvomycin_elfamycin_antibiotic	27	1185	1185	1.0	Enterobacter kobei (chromosome or plasmid)
barcode12_6Gb	contig_4776	268763	269510	vanY gene in vanG cluster_glycopeptide_antibiotic	9	747	747	1.0	
barcode12_6Gb	contig_4788	2766	3322	AAC(6')-Ib4_aminoglycoside_antibiotic	18	556	556	1.0	Unknown taxonomy (chromosome or plasmid)
barcode12_6Gb	contig_4788	3489	3765	qacJ_disinfecting_agents_and_antiseptics	10	276	276	1.0	Unknown taxonomy (chromosome or plasmid)
barcode12_6Gb	contig_4789	748	1939	tet(C)_tetracycline_antibiotic	59	1191	1191	1.0	Unknown taxonomy (chromosome or plasmid)
barcode12_6Gb	contig_4789	2818	3622	APH(3'')-Ib_aminoglycoside_antibiotic	15	804	804	1.0	Unknown taxonomy (chromosome or plasmid)
barcode12_6Gb	contig_4789	3621	4461	APH(6)-Id_aminoglycoside_antibiotic	9	840	840	1.0	Unknown taxonomy (chromosome or plasmid)
barcode12_6Gb	contig_4835	8343	8838	dfrF_diaminopyrimidine_antibiotic	12	495	495	1.0	Unknown taxonomy (chromosome or plasmid)
barcode12_6Gb	contig_4902	4347	5343	CfxA6_cephamycin	29	996	996	1.0	
barcode12_6Gb	contig_5073	4371	5586	floR_phenicol_antibiotic	35	1215	1215	1.0	Unknown taxonomy (chromosome or plasmid)
barcode12_6Gb	contig_5073	6185	7460	tet(A)_tetracycline_antibiotic	18	1275	1275	1.0	Unknown taxonomy (chromosome or plasmid)
barcode12_6Gb	contig_5073	8720	9557	APH(6)-Id_aminoglycoside_antibiotic	29	837	837	1.0	Unknown taxonomy (chromosome or plasmid)
barcode12_6Gb	contig_5073	9556	10360	APH(3'')-Ib_aminoglycoside_antibiotic	24	804	804	1.0	Unknown taxonomy (chromosome or plasmid)
barcode12_6Gb	contig_5073	10420	11236	sul2_sulfonamide_antibiotic	35	816	816	1.0	Unknown taxonomy (chromosome or plasmid)
barcode12_6Gb	contig_5283	42852	43926	vanT gene in vanG cluster_glycopeptide_antibiotic	61	1074	1074	1.0	
barcode12_6Gb	contig_5431	3040	3775	ErmG_macrolide_antibiotic;_lincosamide_antibiotic;_streptogramin_antibiotic;_streptogramin_A_antibiotic;_streptogramin_B_antibiotic	8	735	735	1.0	Unknown taxonomy (chromosome)
barcode12_6Gb	contig_5547	16536	17757	tet(W)_tetracycline_antibiotic	10	1221	1221	1.0	Unknown taxonomy (chromosome or plasmid)
barcode12_6Gb	contig_5622	163429	164884	adeK_macrolide_antibiotic;_fluoroquinolone_antibiotic;_lincosamide_antibiotic;_carbapenem;_cephalosporin;_tetracycline_antibiotic;_rifamycin_antibiotic;_diaminopyrimidine_antibiotic;_phenicol_antibiotic;_penem	17	1455	1455	1.0	Acinetobacter baumannii (chromosome or plasmid)
barcode12_6Gb	contig_5622	164883	168060	adeJ_macrolide_antibiotic;_fluoroquinolone_antibiotic;_lincosamide_antibiotic;_carbapenem;_cephalosporin;_tetracycline_antibiotic;_rifamycin_antibiotic;_diaminopyrimidine_antibiotic;_phenicol_antibiotic;_penem	24	3177	3177	1.0	Acinetobacter baumannii (chromosome or plasmid)
barcode12_6Gb	contig_5622	168072	169323	adeI_macrolide_antibiotic;_fluoroquinolone_antibiotic;_lincosamide_antibiotic;_carbapenem;_cephalosporin;_tetracycline_antibiotic;_rifamycin_antibiotic;_diaminopyrimidine_antibiotic;_phenicol_antibiotic;_penem	22	1251	1251	1.0	Acinetobacter baumannii (chromosome or plasmid)
barcode12_6Gb	contig_5622	522603	523536	ADC-30_cephalosporin	18	933	933	1.0	Acinetobacter baumannii (chromosome or plasmid)
barcode12_6Gb	contig_5652	789191	790304	vanT gene in vanG cluster_glycopeptide_antibiotic	13	1113	1113	1.0	
barcode12_6Gb	contig_5652	984596	987737	adeF_fluoroquinolone_antibiotic;_tetracycline_antibiotic	11	3141	3141	1.0	
barcode12_6Gb	contig_5652	1086782	1088114	vanW gene in vanI cluster_glycopeptide_antibiotic	14	1332	1332	1.0	
barcode12_6Gb	contig_5676	7371	8643	mdeA_fluoroquinolone_antibiotic;_aminoglycoside_antibiotic;_penam;_tetracycline_antibiotic;_disinfecting_agents_and_antiseptics	4	1272	1272	1.0	
barcode12_6Gb	contig_5727	20803	21148	qacG_disinfecting_agents_and_antiseptics	9	345	345	1.0	
barcode12_6Gb	contig_5731	6828	7158	qacG_disinfecting_agents_and_antiseptics	6	330	330	1.0	
barcode12_6Gb	contig_5754	7050	7614	vanY gene in vanA cluster_glycopeptide_antibiotic	10	564	564	1.0	
barcode12_6Gb	contig_5780	44384	46304	tet(O)_tetracycline_antibiotic	52	1920	1920	1.0	Unknown taxonomy (chromosome or plasmid)
barcode12_6Gb	contig_5794	16820	18014	Enterobacter cloacae acrA_fluoroquinolone_antibiotic;_cephalosporin;_glycylcycline;_penam;_tetracycline_antibiotic;_rifamycin_antibiotic;_phenicol_antibiotic;_disinfecting_agents_and_antiseptics	8	1194	1194	1.0	Enterobacter roggenkampii (chromosome)
barcode12_6Gb	contig_5895	33545	34730	Escherichia coli EF-Tu mutants conferring resistance to Pulvomycin_elfamycin_antibiotic	20	1185	1185	1.0	Unknown taxonomy (chromosome or plasmid)
barcode12_6Gb	contig_5895	54690	55875	Escherichia coli EF-Tu mutants conferring resistance to Pulvomycin_elfamycin_antibiotic	17	1185	1185	1.0	Unknown taxonomy (chromosome)
barcode12_6Gb	contig_5920	369699	372855	adeF_fluoroquinolone_antibiotic;_tetracycline_antibiotic	11	3156	3156	1.0	
barcode12_6Gb	contig_5953	943308	943563	rsmA_fluoroquinolone_antibiotic;_diaminopyrimidine_antibiotic;_phenicol_antibiotic	7	255	255	1.0	
barcode12_6Gb	contig_5959	10991	12176	Escherichia coli EF-Tu mutants conferring resistance to Pulvomycin_elfamycin_antibiotic	40	1185	1185	1.0	Enterobacter (chromosome or plasmid)
barcode12_6Gb	contig_5959	162904	164296	Escherichia coli UhpT with mutation conferring resistance to fosfomycin_phosphonic_acid_antibiotic	25	1392	1392	1.0	Enterobacter kobei (chromosome or plasmid)
barcode12_6Gb	contig_5967	3986	4619	CRP_macrolide_antibiotic;_fluoroquinolone_antibiotic;_penam	13	633	633	1.0	Enterobacter (chromosome or plasmid)
barcode12_6Gb	contig_5967	27759	28944	Escherichia coli EF-Tu mutants conferring resistance to Pulvomycin_elfamycin_antibiotic	13	1185	1185	1.0	Unknown taxonomy (chromosome or plasmid)
barcode12_6Gb	contig_6005	21784	22648	aadS_aminoglycoside_antibiotic	30	864	864	1.0	Unknown taxonomy (chromosome or plasmid)
barcode12_6Gb	contig_6005	23890	24691	ErmF_macrolide_antibiotic;_lincosamide_antibiotic;_streptogramin_antibiotic;_streptogramin_A_antibiotic;_streptogramin_B_antibiotic	41	801	801	1.0	Unknown taxonomy (chromosome or plasmid)
barcode12_6Gb	contig_6112	9853	10273	marA_fluoroquinolone_antibiotic;_monobactam;_carbapenem;_cephalosporin;_glycylcycline;_cephamycin;_penam;_tetracycline_antibiotic;_rifamycin_antibiotic;_phenicol_antibiotic;_penem;_disinfecting_agents_and_antiseptics	8	420	420	1.0	Unknown taxonomy (chromosome or plasmid)
barcode12_6Gb	contig_6127	46069	46258	rsmA_fluoroquinolone_antibiotic;_diaminopyrimidine_antibiotic;_phenicol_antibiotic	9	189	189	1.0	
barcode12_6Gb	contig_6367	18314	19547	mdtM_fluoroquinolone_antibiotic;_lincosamide_antibiotic;_nucleoside_antibiotic;_phenicol_antibiotic;_disinfecting_agents_and_antiseptics	8	1233	1233	1.0	Escherichia coli (chromosome or plasmid)
barcode12_6Gb	contig_6403	19186	19687	emrR_fluoroquinolone_antibiotic	6	501	501	1.0	Citrobacter (chromosome)
barcode12_6Gb	contig_6403	19816	20989	emrA_fluoroquinolone_antibiotic	6	1173	1173	1.0	Citrobacter portucalensis (no genomic info)
barcode12_6Gb	contig_6403	21005	22544	emrB_fluoroquinolone_antibiotic	8	1539	1539	1.0	Citrobacter portucalensis (chromosome)
barcode12_6Gb	contig_6403	28928	29114	rsmA_fluoroquinolone_antibiotic;_diaminopyrimidine_antibiotic;_phenicol_antibiotic	7	186	186	1.0	Citrobacter (chromosome or plasmid)
barcode12_6Gb	contig_6417	25279	25609	Klebsiella pneumoniae KpnF_macrolide_antibiotic;_aminoglycoside_antibiotic;_cephalosporin;_tetracycline_antibiotic;_peptide_antibiotic;_rifamycin_antibiotic;_disinfecting_agents_and_antiseptics	8	330	330	1.0	Unknown taxonomy (chromosome or plasmid)
barcode12_6Gb	contig_6417	25595	25961	Klebsiella pneumoniae KpnE_macrolide_antibiotic;_aminoglycoside_antibiotic;_cephalosporin;_tetracycline_antibiotic;_peptide_antibiotic;_rifamycin_antibiotic;_disinfecting_agents_and_antiseptics	8	366	366	1.0	Unknown taxonomy (chromosome or plasmid)
barcode12_6Gb	contig_6449	14801	15458	QnrS1_fluoroquinolone_antibiotic	14	657	657	1.0	Unknown taxonomy (chromosome or plasmid)
barcode12_6Gb	contig_6449	20098	20974	CTX-M-15_cephalosporin;_penam	9	876	876	1.0	Unknown taxonomy (chromosome or plasmid)
barcode12_6Gb	contig_6452	58220	61370	adeF_fluoroquinolone_antibiotic;_tetracycline_antibiotic	45	3150	3150	1.0	Aeromonas caviae (chromosome or plasmid)
barcode12_6Gb	contig_6455	9751	11227	msrE_macrolide_antibiotic;_streptogramin_antibiotic	59	1476	1476	1.0	Unknown taxonomy (chromosome or plasmid)
barcode12_6Gb	contig_6455	11282	12167	mphE_macrolide_antibiotic	74	885	885	1.0	Unknown taxonomy (chromosome or plasmid)
barcode12_6Gb	contig_6455	38382	39309	PER-2_monobactam;_carbapenem;_cephalosporin;_penam;_penem	46	927	927	1.0	Unknown taxonomy (plasmid)
barcode12_6Gb	contig_6455	47562	48186	tetR_tetracycline_antibiotic	49	624	624	1.0	Unknown taxonomy (chromosome or plasmid)
barcode12_6Gb	contig_6455	48267	49473	tet(B)_tetracycline_antibiotic	50	1206	1206	1.0	Unknown taxonomy (chromosome or plasmid)
barcode12_6Gb	contig_6455	55793	56246	arr-3_rifamycin_antibiotic	71	453	453	1.0	Unknown taxonomy (chromosome or plasmid)
barcode12_6Gb	contig_6455	56351	56939	AAC(6')-Ib9_aminoglycoside_antibiotic	76	588	588	1.0	Unknown taxonomy (chromosome or plasmid)
barcode12_6Gb	contig_6455	57107	57455	qacEdelta1_disinfecting_agents_and_antiseptics	85	348	348	1.0	Unknown taxonomy (chromosome or plasmid)
barcode12_6Gb	contig_6455	57448	58288	sul1_sulfonamide_antibiotic	90	840	840	1.0	Unknown taxonomy (chromosome or plasmid)
barcode12_6Gb	contig_6457	690	1470	APH(3')-VIa_aminoglycoside_antibiotic	13	780	780	1.0	Unknown taxonomy (chromosome or plasmid)
barcode12_6Gb	contig_6458	12575	13355	APH(3')-VIa_aminoglycoside_antibiotic	87	780	780	1.0	Unknown taxonomy (chromosome or plasmid)
barcode12_6Gb	contig_6484	67547	69101	vanW gene in vanI cluster_glycopeptide_antibiotic	11	1554	1554	1.0	
barcode12_6Gb	contig_6567	562882	564085	vanT gene in vanG cluster_glycopeptide_antibiotic	23	1203	1203	1.0	
barcode12_6Gb	contig_6567	634752	636246	vanW gene in vanI cluster_glycopeptide_antibiotic	19	1494	1494	1.0	
barcode12_6Gb	contig_6567	1564122	1564686	lnuC_lincosamide_antibiotic	47	564	564	1.0	Unknown taxonomy (chromosome or plasmid)
barcode12_6Gb	contig_6567	2400902	2404055	adeF_fluoroquinolone_antibiotic;_tetracycline_antibiotic	15	3153	3153	1.0	
barcode12_6Gb	contig_6567	2472216	2472780	lnuC_lincosamide_antibiotic	32	564	564	1.0	Unknown taxonomy (chromosome or plasmid)
barcode12_6Gb	contig_6570	4567	6052	lsaE_lincosamide_antibiotic;_streptogramin_antibiotic;_pleuromutilin_antibiotic	7	1485	1485	1.0	Streptococcus (chromosome or plasmid)
barcode12_6Gb	contig_6570	6105	6909	lnuB_lincosamide_antibiotic	7	804	804	1.0	Unknown taxonomy (chromosome or plasmid)
barcode12_6Gb	contig_6619	3747	4557	vanY gene in vanB cluster_glycopeptide_antibiotic	3	810	810	1.0	
barcode12_6Gb	contig_6629	108999	109425	FosA2_phosphonic_acid_antibiotic	8	426	426	1.0	Enterobacter (chromosome)
barcode12_6Gb	contig_679	10880	12356	msrE_macrolide_antibiotic;_streptogramin_antibiotic	134	1476	1476	1.0	Unknown taxonomy (chromosome or plasmid)
barcode12_6Gb	contig_679	12411	13296	mphE_macrolide_antibiotic	172	885	885	1.0	Unknown taxonomy (chromosome or plasmid)
barcode12_6Gb	contig_679	19416	20892	msrE_macrolide_antibiotic;_streptogramin_antibiotic	87	1476	1476	1.0	Unknown taxonomy (chromosome or plasmid)
barcode12_6Gb	contig_679	20947	21832	mphE_macrolide_antibiotic	74	885	885	1.0	Unknown taxonomy (chromosome or plasmid)
barcode12_6Gb	contig_679	23998	24841	OXA-58_carbapenem;_penam	38	843	843	1.0	Unknown taxonomy (chromosome or plasmid)
barcode12_6Gb	contig_6793	2742	3399	QnrS2_fluoroquinolone_antibiotic	25	657	657	1.0	Unknown taxonomy (chromosome or plasmid)
barcode12_6Gb	contig_680	27881	29357	msrE_macrolide_antibiotic;_streptogramin_antibiotic	155	1476	1476	1.0	Unknown taxonomy (chromosome or plasmid)
barcode12_6Gb	contig_680	29412	30297	mphE_macrolide_antibiotic	171	885	885	1.0	Unknown taxonomy (chromosome or plasmid)
barcode12_6Gb	contig_6802	14525	17651	adeF_fluoroquinolone_antibiotic;_tetracycline_antibiotic	4	3126	3126	1.0	
barcode12_6Gb	contig_6822	12039	12501	H-NS_macrolide_antibiotic;_fluoroquinolone_antibiotic;_cephalosporin;_cephamycin;_penam;_tetracycline_antibiotic	6	462	462	1.0	Enterobacter (chromosome)
barcode12_6Gb	contig_6996	12241	13057	sul2_sulfonamide_antibiotic	28	816	816	1.0	Unknown taxonomy (chromosome or plasmid)
barcode12_6Gb	contig_6998	152684	153020	qacG_disinfecting_agents_and_antiseptics	22	336	336	1.0	
barcode12_6Gb	contig_7146	22397	22760	Klebsiella pneumoniae KpnE_macrolide_antibiotic;_aminoglycoside_antibiotic;_cephalosporin;_tetracycline_antibiotic;_peptide_antibiotic;_rifamycin_antibiotic;_disinfecting_agents_and_antiseptics	7	363	363	1.0	Enterobacter (chromosome)
barcode12_6Gb	contig_7146	22746	23076	Klebsiella pneumoniae KpnF_macrolide_antibiotic;_aminoglycoside_antibiotic;_cephalosporin;_tetracycline_antibiotic;_peptide_antibiotic;_rifamycin_antibiotic;_disinfecting_agents_and_antiseptics	7	330	330	1.0	Enterobacter (chromosome)
barcode12_6Gb	contig_7190	6637	7441	APH(3'')-Ib_aminoglycoside_antibiotic	42	804	804	1.0	Unknown taxonomy (chromosome or plasmid)
barcode12_6Gb	contig_7190	7440	8277	APH(6)-Id_aminoglycoside_antibiotic	54	837	837	1.0	Unknown taxonomy (chromosome or plasmid)
barcode12_6Gb	contig_7299	6814	8002	tet(39)_tetracycline_antibiotic	37	1188	1188	1.0	Unknown taxonomy (plasmid)
barcode12_6Gb	contig_7342	4638	5520	KPC-2_monobactam;_carbapenem;_cephalosporin;_penam	92	882	882	1.0	Unknown taxonomy (chromosome or plasmid)
barcode12_6Gb	contig_7344	23598	24990	Escherichia coli UhpT with mutation conferring resistance to fosfomycin_phosphonic_acid_antibiotic	12	1392	1392	1.0	Citrobacter (chromosome or plasmid)
barcode12_6Gb	contig_7391	14464	15508	tet(M)_tetracycline_antibiotic	11	1044	1044	1.0	Unknown taxonomy (chromosome or plasmid)
barcode12_6Gb	contig_7431	48936	49695	APH(3'')-Ib_aminoglycoside_antibiotic	7	759	759	1.0	Unknown taxonomy (chromosome or plasmid)
barcode12_6Gb	contig_7502	6814	7618	APH(3'')-Ib_aminoglycoside_antibiotic	19	804	804	1.0	Unknown taxonomy (chromosome or plasmid)
barcode12_6Gb	contig_7502	7617	8577	APH(6)-Id_aminoglycoside_antibiotic	24	960	960	1.0	Escherichia coli (chromosome or plasmid)
barcode12_6Gb	contig_7525	15501	15756	rsmA_fluoroquinolone_antibiotic;_diaminopyrimidine_antibiotic;_phenicol_antibiotic	33	255	255	1.0	
barcode12_6Gb	contig_753	25333	25699	qacG_disinfecting_agents_and_antiseptics	243	366	366	1.0	Acinetobacter johnsonii (chromosome)
barcode12_6Gb	contig_760	74284	74890	AAC(6')-Ib9_aminoglycoside_antibiotic	27	606	606	1.0	Unknown taxonomy (chromosome or plasmid)
barcode12_6Gb	contig_760	74971	75748	aadA_aminoglycoside_antibiotic	30	777	777	1.0	Unknown taxonomy (chromosome or plasmid)
barcode12_6Gb	contig_760	75807	76632	OXA-9_penam	15	825	825	1.0	Unknown taxonomy (chromosome or plasmid)
barcode12_6Gb	contig_760	77331	78192	TEM-1_monobactam;_cephalosporin;_penam;_penem	31	861	861	1.0	Unknown taxonomy (chromosome or plasmid)
barcode12_6Gb	contig_760	79152	80037	mphE_macrolide_antibiotic	93	885	885	1.0	Unknown taxonomy (chromosome or plasmid)
barcode12_6Gb	contig_760	80092	81568	msrE_macrolide_antibiotic;_streptogramin_antibiotic	94	1476	1476	1.0	Unknown taxonomy (chromosome or plasmid)
barcode12_6Gb	contig_760	88292	89108	sul2_sulfonamide_antibiotic	56	816	816	1.0	Unknown taxonomy (chromosome or plasmid)
barcode12_6Gb	contig_760	91059	92274	floR_phenicol_antibiotic	34	1215	1215	1.0	Unknown taxonomy (chromosome or plasmid)
barcode12_6Gb	contig_7619	104780	106424	YojI_peptide_antibiotic	6	1644	1644	1.0	Escherichia coli (chromosome or plasmid)
barcode12_6Gb	contig_7619	134649	137277	Escherichia coli gyrA conferring resistance to fluoroquinolones_fluoroquinolone_antibiotic	7	2628	2628	1.0	Unknown taxonomy (chromosome or plasmid)
barcode12_6Gb	contig_7619	148875	150234	Escherichia coli GlpT with mutation conferring resistance to fosfomycin_phosphonic_acid_antibiotic	8	1359	1359	1.0	Unknown taxonomy (chromosome or plasmid)
barcode12_6Gb	contig_7619	164937	165906	PmrF_peptide_antibiotic	12	969	969	1.0	Escherichia coli (chromosome or plasmid)
barcode12_6Gb	contig_7619	168775	170428	ArnT_peptide_antibiotic	18	1653	1653	1.0	Unknown taxonomy (chromosome or plasmid)
barcode12_6Gb	contig_7631	8442	9078	CRP_macrolide_antibiotic;_fluoroquinolone_antibiotic;_penam	3	636	636	1.0	Citrobacter (chromosome)
barcode12_6Gb	contig_7634	19508	21986	vanT gene in vanG cluster_glycopeptide_antibiotic	20	2478	2478	1.0	
barcode12_6Gb	contig_768	10432	11245	NDM-1_carbapenem;_cephalosporin;_cephamycin;_penam	16	813	813	1.0	Unknown taxonomy (chromosome or plasmid)
barcode12_6Gb	contig_7715	166147	166825	kdpE_aminoglycoside_antibiotic	9	678	678	1.0	Unknown taxonomy (chromosome or plasmid)
barcode12_6Gb	contig_7727	2	1583	mdtA_aminocoumarin_antibiotic	3	1581	1581	1.0	Unknown taxonomy (chromosome or plasmid)
barcode12_6Gb	contig_773	9859	10720	TEM-1_monobactam;_cephalosporin;_penam;_penem	37	861	861	1.0	Unknown taxonomy (chromosome or plasmid)
barcode12_6Gb	contig_773	10861	11722	AAC(3)-IIe_aminoglycoside_antibiotic	34	861	861	1.0	Unknown taxonomy (chromosome or plasmid)
barcode12_6Gb	contig_779	24698	26174	msrE_macrolide_antibiotic;_streptogramin_antibiotic	195	1476	1476	1.0	Unknown taxonomy (chromosome or plasmid)
barcode12_6Gb	contig_779	26229	27114	mphE_macrolide_antibiotic	204	885	885	1.0	Unknown taxonomy (chromosome or plasmid)
barcode12_6Gb	contig_7897	300	1071	tet(O)_tetracycline_antibiotic	50	771	771	1.0	Unknown taxonomy (chromosome or plasmid)
barcode12_6Gb	contig_7897	1088	2222	tet(O)_tetracycline_antibiotic	55	1134	1134	1.0	Unknown taxonomy (chromosome or plasmid)
barcode12_6Gb	contig_7925	8939	9374	Escherichia coli AcrAB-TolC with MarR mutations conferring resistance to ciprofloxacin and tetracycline_fluoroquinolone_antibiotic;_cephalosporin;_glycylcycline;_penam;_tetracycline_antibiotic;_rifamycin_antibiotic;_phenicol_antibiotic;_disinfecting_agents_and_antiseptics	9	435	435	1.0	Unknown taxonomy (chromosome or plasmid)
barcode12_6Gb	contig_7925	9393	9777	marA_fluoroquinolone_antibiotic;_monobactam;_carbapenem;_cephalosporin;_glycylcycline;_cephamycin;_penam;_tetracycline_antibiotic;_rifamycin_antibiotic;_phenicol_antibiotic;_penem;_disinfecting_agents_and_antiseptics	9	384	384	1.0	Unknown taxonomy (chromosome or plasmid)
barcode12_6Gb	contig_7956	226	1054	OXA-253_carbapenem;_penam	55	828	828	1.0	Acinetobacter baumannii (chromosome)
barcode12_6Gb	contig_7967	4812	5628	sul2_sulfonamide_antibiotic	15	816	816	1.0	Unknown taxonomy (chromosome or plasmid)
barcode12_6Gb	contig_7967	6872	7220	qacEdelta1_disinfecting_agents_and_antiseptics	6	348	348	1.0	Unknown taxonomy (chromosome or plasmid)
barcode12_6Gb	contig_8038	14055	14310	rsmA_fluoroquinolone_antibiotic;_diaminopyrimidine_antibiotic;_phenicol_antibiotic	3	255	255	1.0	
barcode12_6Gb	contig_809	8498	9278	APH(3')-VIa_aminoglycoside_antibiotic	74	780	780	1.0	Unknown taxonomy (chromosome or plasmid)
barcode12_6Gb	contig_817	48458	48713	rsmA_fluoroquinolone_antibiotic;_diaminopyrimidine_antibiotic;_phenicol_antibiotic	20	255	255	1.0	
barcode12_6Gb	contig_8219	23222	24407	Escherichia coli EF-Tu mutants conferring resistance to Pulvomycin_elfamycin_antibiotic	12	1185	1185	1.0	Citrobacter (chromosome or plasmid)
barcode12_6Gb	contig_8227	94079	95069	vanH gene in vanB cluster_glycopeptide_antibiotic	19	990	990	1.0	
barcode12_6Gb	contig_8230	31527	32016	nimJ_nitroimidazole_antibiotic	9	489	489	1.0	
barcode12_6Gb	contig_8231	9691	10498	vanW gene in vanI cluster_glycopeptide_antibiotic	4	807	807	1.0	
barcode12_6Gb	contig_8235	23178	24693	aadT_macrolide_antibiotic;_tetracycline_antibiotic;_disinfecting_agents_and_antiseptics	36	1515	1515	1.0	
barcode12_6Gb	contig_8367	11709	13158	adeH_fluoroquinolone_antibiotic;_tetracycline_antibiotic	12	1449	1449	1.0	Acinetobacter baumannii (chromosome or plasmid)
barcode12_6Gb	contig_8367	13170	14553	adeF_fluoroquinolone_antibiotic;_tetracycline_antibiotic	12	1383	1383	1.0	Acinetobacter baumannii (chromosome or plasmid)
barcode12_6Gb	contig_8367	14611	16351	adeF_fluoroquinolone_antibiotic;_tetracycline_antibiotic	10	1740	1740	1.0	Acinetobacter baumannii (chromosome or plasmid)
barcode12_6Gb	contig_8367	16357	17578	adeG_fluoroquinolone_antibiotic;_tetracycline_antibiotic	9	1221	1221	1.0	Acinetobacter baumannii (chromosome or plasmid)
barcode12_6Gb	contig_8367	17793	18807	adeL_fluoroquinolone_antibiotic;_tetracycline_antibiotic	11	1014	1014	1.0	Acinetobacter baumannii (chromosome or plasmid)
barcode12_6Gb	contig_8367	22115	22445	abeS_macrolide_antibiotic;_aminocoumarin_antibiotic	15	330	330	1.0	Acinetobacter baumannii (chromosome or plasmid)
barcode12_6Gb	contig_8367	275099	276578	Acinetobacter baumannii AmvA_macrolide_antibiotic;_disinfecting_agents_and_antiseptics	8	1479	1479	1.0	Acinetobacter baumannii (chromosome or plasmid)
barcode12_6Gb	contig_8367	382908	383562	adeN_macrolide_antibiotic;_fluoroquinolone_antibiotic;_lincosamide_antibiotic;_carbapenem;_cephalosporin;_tetracycline_antibiotic;_rifamycin_antibiotic;_diaminopyrimidine_antibiotic;_phenicol_antibiotic;_penem	17	654	654	1.0	Acinetobacter baumannii (chromosome or plasmid)
barcode12_6Gb	contig_8375	2711	3449	ErmB_macrolide_antibiotic;_lincosamide_antibiotic;_streptogramin_antibiotic;_streptogramin_A_antibiotic;_streptogramin_B_antibiotic	13	738	738	1.0	Unknown taxonomy (chromosome or plasmid)
barcode12_6Gb	contig_8417	43721	44057	qacG_disinfecting_agents_and_antiseptics	9	336	336	1.0	
barcode12_6Gb	contig_8460	21854	22715	TEM-1_monobactam;_cephalosporin;_penam;_penem	27	861	861	1.0	Unknown taxonomy (chromosome or plasmid)
barcode12_6Gb	contig_8460	27686	28547	AAC(3)-IId_aminoglycoside_antibiotic	11	861	861	1.0	Unknown taxonomy (chromosome or plasmid)
barcode12_6Gb	contig_8525	4151	5339	tet(39)_tetracycline_antibiotic	19	1188	1188	1.0	Unknown taxonomy (plasmid)
barcode12_6Gb	contig_8549	820	1243	vanY gene in vanB cluster_glycopeptide_antibiotic	2	423	423	1.0	
barcode12_6Gb	contig_860	7766	8111	qacG_disinfecting_agents_and_antiseptics	40	345	345	1.0	Unknown taxonomy (chromosome or plasmid)
barcode12_6Gb	contig_8793	12349	13165	sul2_sulfonamide_antibiotic	25	816	816	1.0	Unknown taxonomy (chromosome or plasmid)
barcode12_6Gb	contig_8827	5495	7421	tet(Q)_tetracycline_antibiotic	61	1926	1926	1.0	Unknown taxonomy (chromosome)
barcode12_6Gb	contig_884	9197	10673	msrE_macrolide_antibiotic;_streptogramin_antibiotic	188	1476	1476	1.0	Unknown taxonomy (chromosome or plasmid)
barcode12_6Gb	contig_884	10728	11613	mphE_macrolide_antibiotic	189	885	885	1.0	Unknown taxonomy (chromosome or plasmid)
barcode12_6Gb	contig_9173	4598	4952	Escherichia coli AcrAB-TolC with MarR mutations conferring resistance to ciprofloxacin and tetracycline_fluoroquinolone_antibiotic;_cephalosporin;_glycylcycline;_penam;_tetracycline_antibiotic;_rifamycin_antibiotic;_phenicol_antibiotic;_disinfecting_agents_and_antiseptics	3	354	354	1.0	Citrobacter freundii (chromosome)
barcode12_6Gb	contig_9173	4970	5354	marA_fluoroquinolone_antibiotic;_monobactam;_carbapenem;_cephalosporin;_glycylcycline;_cephamycin;_penam;_tetracycline_antibiotic;_rifamycin_antibiotic;_phenicol_antibiotic;_penem;_disinfecting_agents_and_antiseptics	3	384	384	1.0	Citrobacter freundii (chromosome)
barcode12_6Gb	contig_9293	65799	66624	OXA-441_carbapenem;_penam	3	825	825	1.0	Acinetobacter baumannii (chromosome or plasmid)
barcode12_6Gb	contig_9356	9820	10804	vanH gene in vanO cluster_glycopeptide_antibiotic	3	984	984	1.0	
barcode12_6Gb	contig_9399	42035	42410	ramA_fluoroquinolone_antibiotic;_monobactam;_carbapenem;_cephalosporin;_glycylcycline;_cephamycin;_penam;_tetracycline_antibiotic;_rifamycin_antibiotic;_phenicol_antibiotic;_penem;_disinfecting_agents_and_antiseptics	13	375	375	1.0	Enterobacter (chromosome)
barcode12_6Gb	contig_947	34879	37411	vanT gene in vanG cluster_glycopeptide_antibiotic	102	2532	2532	1.0	
barcode12_6Gb	contig_9472	4906	6721	vanW gene in vanI cluster_glycopeptide_antibiotic	3	1815	1815	1.0	
barcode12_6Gb	contig_948	69	828	APH(3'')-Ib_aminoglycoside_antibiotic	2	759	759	1.0	Unknown taxonomy (chromosome or plasmid)
barcode12_6Gb	contig_948	1890	2751	TEM-1_monobactam;_cephalosporin;_penam;_penem	28	861	861	1.0	Unknown taxonomy (chromosome or plasmid)
barcode12_6Gb	contig_948	3450	4275	OXA-9_penam	7	825	825	1.0	Unknown taxonomy (chromosome or plasmid)
barcode12_6Gb	contig_948	4334	5123	aadA_aminoglycoside_antibiotic	24	789	789	1.0	Unknown taxonomy (chromosome or plasmid)
barcode12_6Gb	contig_948	6211	6811	AAC(6')-Ib-cr6_fluoroquinolone_antibiotic;_aminoglycoside_antibiotic	39	600	600	1.0	Unknown taxonomy (chromosome or plasmid)
barcode12_6Gb	contig_949	1593	2808	floR_phenicol_antibiotic	15	1215	1215	1.0	Unknown taxonomy (chromosome or plasmid)
barcode12_6Gb	contig_9545	21030	21768	ErmB_macrolide_antibiotic;_lincosamide_antibiotic;_streptogramin_antibiotic;_streptogramin_A_antibiotic;_streptogramin_B_antibiotic	26	738	738	1.0	Unknown taxonomy (chromosome or plasmid)
barcode12_6Gb	contig_955	170	1103	APH(3'')-Ib_aminoglycoside_antibiotic	7	933	933	1.0	Unknown taxonomy (chromosome or plasmid)
barcode12_6Gb	contig_962	107394	108183	ANT(3'')-IIa_aminoglycoside_antibiotic	19	789	789	1.0	Acinetobacter baumannii (chromosome or plasmid)
barcode12_6Gb	contig_9682	1256	2420	vanT gene in vanG cluster_glycopeptide_antibiotic	5	1164	1164	1.0	
barcode12_6Gb	contig_969	3108	4308	tet(A)_tetracycline_antibiotic	14	1200	1200	1.0	Unknown taxonomy (chromosome or plasmid)
barcode12_6Gb	contig_9739	15263	16304	vanG_glycopeptide_antibiotic	6	1041	1041	1.0	
barcode12_6Gb	contig_9739	16300	17053	vanXY gene in vanG cluster_glycopeptide_antibiotic	7	753	753	1.0	
barcode12_6Gb	contig_9739	17039	19121	vanT gene in vanG cluster_glycopeptide_antibiotic	6	2082	2082	1.0	
barcode12_6Gb	contig_9919	3532	3787	rsmA_fluoroquinolone_antibiotic;_diaminopyrimidine_antibiotic;_phenicol_antibiotic	26	255	255	1.0	
barcode12_6Gb	contig_9920	3549	3804	rsmA_fluoroquinolone_antibiotic;_diaminopyrimidine_antibiotic;_phenicol_antibiotic	16	255	255	1.0	
barcode12_6Gb	contig_9936	7397	8567	Escherichia coli acrA_fluoroquinolone_antibiotic;_cephalosporin;_glycylcycline;_penam;_tetracycline_antibiotic;_rifamycin_antibiotic;_phenicol_antibiotic;_disinfecting_agents_and_antiseptics	3	1170	1170	1.0	Citrobacter portucalensis (chromosome or plasmid)
barcode12_6Gb	contig_9937	56516	59666	acrB_fluoroquinolone_antibiotic;_cephalosporin;_glycylcycline;_penam;_tetracycline_antibiotic;_rifamycin_antibiotic;_phenicol_antibiotic;_disinfecting_agents_and_antiseptics	11	3150	3150	1.0	Citrobacter (chromosome or plasmid)
barcode12_6Gb	contig_9937	59688	60882	Escherichia coli acrA_fluoroquinolone_antibiotic;_cephalosporin;_glycylcycline;_penam;_tetracycline_antibiotic;_rifamycin_antibiotic;_phenicol_antibiotic;_disinfecting_agents_and_antiseptics	12	1194	1194	1.0	Citrobacter portucalensis (chromosome or plasmid)
barcode12_6Gb	contig_9961	1541	2174	catB3_phenicol_antibiotic	7	633	633	1.0	Unknown taxonomy (chromosome or plasmid)
barcode12_6Gb	contig_9961	2332	3181	aadA16_aminoglycoside_antibiotic	7	849	849	1.0	Unknown taxonomy (chromosome or plasmid)
barcode12_6Gb	contig_9994	35509	36751	mdtM_fluoroquinolone_antibiotic;_lincosamide_antibiotic;_nucleoside_antibiotic;_phenicol_antibiotic;_disinfecting_agents_and_antiseptics	11	1242	1242	1.0	
barcode12_6Gb	contig_9994	196684	197632	leuO_nucleoside_antibiotic;_disinfecting_agents_and_antiseptics	13	948	948	1.0	Citrobacter (chromosome)
barcode12_9Gb	contig_10019	12	876	GES-2_carbapenem;_cephalosporin;_penam	8	864	864	1.0	Unknown taxonomy (chromosome or plasmid)
barcode12_9Gb	contig_10019	949	1408	AAC(6')-Il_aminoglycoside_antibiotic	11	459	459	1.0	Unknown taxonomy (chromosome or plasmid)
barcode12_9Gb	contig_1007	20695	21334	CRP_macrolide_antibiotic;_fluoroquinolone_antibiotic;_penam	14	639	639	1.0	
barcode12_9Gb	contig_1007	50330	50525	rsmA_fluoroquinolone_antibiotic;_diaminopyrimidine_antibiotic;_phenicol_antibiotic	1	195	195	1.0	
barcode12_9Gb	contig_10074	60155	60686	emrR_fluoroquinolone_antibiotic	12	531	531	1.0	Enterobacter (chromosome)
barcode12_9Gb	contig_10074	62002	63550	emrB_fluoroquinolone_antibiotic	11	1548	1548	1.0	Enterobacter roggenkampii (chromosome or plasmid)
barcode12_9Gb	contig_10074	70512	70698	rsmA_fluoroquinolone_antibiotic;_diaminopyrimidine_antibiotic;_phenicol_antibiotic	13	186	186	1.0	Enterobacter (chromosome or plasmid)
barcode12_9Gb	contig_10081	15294	15684	FosH_phosphonic_acid_antibiotic	2	390	390	1.0	
barcode12_9Gb	contig_10106	236	1034	aadA7_aminoglycoside_antibiotic	5	798	798	1.0	Unknown taxonomy (chromosome or plasmid)
barcode12_9Gb	contig_10139	15908	16703	vanY gene in vanB cluster_glycopeptide_antibiotic	8	795	795	1.0	
barcode12_9Gb	contig_10207	44898	45231	qacJ_disinfecting_agents_and_antiseptics	11	333	333	1.0	
barcode12_9Gb	contig_10297	38191	39583	Escherichia coli UhpT with mutation conferring resistance to fosfomycin_phosphonic_acid_antibiotic	28	1392	1392	1.0	Enterobacter kobei (chromosome or plasmid)
barcode12_9Gb	contig_10297	190310	191495	Escherichia coli EF-Tu mutants conferring resistance to Pulvomycin_elfamycin_antibiotic	46	1185	1185	1.0	Enterobacter (chromosome or plasmid)
barcode12_9Gb	contig_10353	26943	28044	vanG_glycopeptide_antibiotic	24	1101	1101	1.0	Enterobacter kobei (chromosome)
barcode12_9Gb	contig_10433	16527	17076	vanY gene in vanM cluster_glycopeptide_antibiotic	34	549	549	1.0	
barcode12_9Gb	contig_10547	16135	16873	ErmB_macrolide_antibiotic;_lincosamide_antibiotic;_streptogramin_antibiotic;_streptogramin_A_antibiotic;_streptogramin_B_antibiotic	32	738	738	1.0	Unknown taxonomy (chromosome or plasmid)
barcode12_9Gb	contig_10614	10678	13939	adeF_fluoroquinolone_antibiotic;_tetracycline_antibiotic	6	3261	3261	1.0	
barcode12_9Gb	contig_10647	169	1036	tet(W)_tetracycline_antibiotic	23	867	867	1.0	Unknown taxonomy (chromosome or plasmid)
barcode12_9Gb	contig_10647	1008	2088	tet(W)_tetracycline_antibiotic	31	1080	1080	1.0	Unknown taxonomy (chromosome or plasmid)
barcode12_9Gb	contig_10647	3819	5040	tet(40)_tetracycline_antibiotic	18	1221	1221	1.0	Unknown taxonomy (chromosome)
barcode12_9Gb	contig_10648	652	2572	tet(W)_tetracycline_antibiotic	31	1920	1920	1.0	Unknown taxonomy (chromosome or plasmid)
barcode12_9Gb	contig_10701	25599	26793	Escherichia coli acrA_fluoroquinolone_antibiotic;_cephalosporin;_glycylcycline;_penam;_tetracycline_antibiotic;_rifamycin_antibiotic;_phenicol_antibiotic;_disinfecting_agents_and_antiseptics	14	1194	1194	1.0	Citrobacter portucalensis (chromosome or plasmid)
barcode12_9Gb	contig_10701	26815	29965	acrB_fluoroquinolone_antibiotic;_cephalosporin;_glycylcycline;_penam;_tetracycline_antibiotic;_rifamycin_antibiotic;_phenicol_antibiotic;_disinfecting_agents_and_antiseptics	11	3150	3150	1.0	Citrobacter (chromosome or plasmid)
barcode12_9Gb	contig_10710	140	1250	vanT gene in vanG cluster_glycopeptide_antibiotic	6	1110	1110	1.0	
barcode12_9Gb	contig_10800	2588	3410	bacA_peptide_antibiotic	6	822	822	1.0	
barcode12_9Gb	contig_10862	717	1263	vanY gene in vanB cluster_glycopeptide_antibiotic	5	546	546	1.0	Roseburia hominis (no genomic info)
barcode12_9Gb	contig_10914	9630	10128	vanY gene in vanB cluster_glycopeptide_antibiotic	5	498	498	1.0	
barcode12_9Gb	contig_10923	60974	61958	vanH gene in vanO cluster_glycopeptide_antibiotic	4	984	984	1.0	
barcode12_9Gb	contig_11075	997	2812	vanW gene in vanI cluster_glycopeptide_antibiotic	4	1815	1815	1.0	
barcode12_9Gb	contig_11079	675	1170	nimA_nitroimidazole_antibiotic	3	495	495	1.0	
barcode12_9Gb	contig_11279	6322	6616	vanY gene in vanM cluster_glycopeptide_antibiotic	21	294	294	1.0	
barcode12_9Gb	contig_11285	3035	3494	AAC(6')-Il_aminoglycoside_antibiotic	71	459	459	1.0	Unknown taxonomy (chromosome or plasmid)
barcode12_9Gb	contig_11285	3567	4431	GES-5_carbapenem;_cephalosporin;_penam	82	864	864	1.0	Unknown taxonomy (chromosome or plasmid)
barcode12_9Gb	contig_11285	5407	6271	GES-1_carbapenem;_cephalosporin;_penam	71	864	864	1.0	Unknown taxonomy (chromosome or plasmid)
barcode12_9Gb	contig_11285	6492	6840	qacEdelta1_disinfecting_agents_and_antiseptics	84	348	348	1.0	Unknown taxonomy (chromosome or plasmid)
barcode12_9Gb	contig_11285	6833	7673	sul1_sulfonamide_antibiotic	98	840	840	1.0	Unknown taxonomy (chromosome or plasmid)
barcode12_9Gb	contig_11292	2373	4743	LptD_carbapenem;_peptide_antibiotic;_aminocoumarin_antibiotic;_rifamycin_antibiotic	6	2370	2370	1.0	Raoultella planticola (chromosome)
barcode12_9Gb	contig_11331	4277	5141	aadS_aminoglycoside_antibiotic	28	864	864	1.0	Unknown taxonomy (chromosome or plasmid)
barcode12_9Gb	contig_11331	5340	6141	ErmF_macrolide_antibiotic;_lincosamide_antibiotic;_streptogramin_antibiotic;_streptogramin_A_antibiotic;_streptogramin_B_antibiotic	23	801	801	1.0	Unknown taxonomy (chromosome or plasmid)
barcode12_9Gb	contig_11331	7684	8485	ErmF_macrolide_antibiotic;_lincosamide_antibiotic;_streptogramin_antibiotic;_streptogramin_A_antibiotic;_streptogramin_B_antibiotic	31	801	801	1.0	Unknown taxonomy (chromosome or plasmid)
barcode12_9Gb	contig_11384	7802	8948	CMY-2_carbapenem;_cephalosporin;_cephamycin;_penam	8	1146	1146	1.0	Unknown taxonomy (chromosome or plasmid)
barcode12_9Gb	contig_11398	11716	12043	Escherichia coli soxS with mutation conferring antibiotic resistance_fluoroquinolone_antibiotic;_monobactam;_carbapenem;_cephalosporin;_glycylcycline;_cephamycin;_penam;_tetracycline_antibiotic;_rifamycin_antibiotic;_phenicol_antibiotic;_penem;_disinfecting_agents_and_antiseptics	9	327	327	1.0	
barcode12_9Gb	contig_11403	6070	7990	tet(W)_tetracycline_antibiotic	33	1920	1920	1.0	Unknown taxonomy (chromosome or plasmid)
barcode12_9Gb	contig_11421	66884	68030	MIR-17_monobactam;_cephalosporin	9	1146	1146	1.0	Enterobacter roggenkampii (chromosome)
barcode12_9Gb	contig_11453	1312	2191	CTX-M-15_cephalosporin;_penam	4	879	879	1.0	Unknown taxonomy (chromosome or plasmid)
barcode12_9Gb	contig_11474	2503	4423	tet(O)_tetracycline_antibiotic	80	1920	1920	1.0	Unknown taxonomy (chromosome or plasmid)
barcode12_9Gb	contig_1151	22250	22715	AAC(3)-Ia_aminoglycoside_antibiotic	41	465	465	1.0	Unknown taxonomy (chromosome or plasmid)
barcode12_9Gb	contig_11617	22796	25274	vanT gene in vanG cluster_glycopeptide_antibiotic	30	2478	2478	1.0	
barcode12_9Gb	contig_11654	924	1341	vanY gene in vanB cluster_glycopeptide_antibiotic	3	417	417	1.0	
barcode12_9Gb	contig_11660	15391	16207	RSD2-2_carbapenem;_cephalosporin	9	816	816	1.0	
barcode12_9Gb	contig_11660	17930	18746	sul2_sulfonamide_antibiotic	12	816	816	1.0	Unknown taxonomy (chromosome or plasmid)
barcode12_9Gb	contig_11660	23054	23513	AAC(6')-Il_aminoglycoside_antibiotic	14	459	459	1.0	Unknown taxonomy (chromosome or plasmid)
barcode12_9Gb	contig_11711	42608	43571	leuO_nucleoside_antibiotic;_disinfecting_agents_and_antiseptics	13	963	963	1.0	Enterobacter (chromosome)
barcode12_9Gb	contig_11711	49735	51502	Haemophilus influenzae PBP3 conferring resistance to beta-lactam antibiotics_cephalosporin;_cephamycin;_penam	7	1767	1767	1.0	Enterobacter roggenkampii (chromosome or plasmid)
barcode12_9Gb	contig_11774	16600	18967	LptD_carbapenem;_peptide_antibiotic;_aminocoumarin_antibiotic;_rifamycin_antibiotic	6	2367	2367	1.0	Klebsiella michiganensis (chromosome)
barcode12_9Gb	contig_11884	2235	3984	msbA_nitroimidazole_antibiotic	10	1749	1749	1.0	Enterobacter (chromosome)
barcode12_9Gb	contig_1195	77814	78678	sul4_sulfonamide_antibiotic	17	864	864	1.0	Unknown taxonomy (chromosome or plasmid)
barcode12_9Gb	contig_1195	79237	80038	OXA-101_cephalosporin;_penam	24	801	801	1.0	Unknown taxonomy (chromosome or plasmid)
barcode12_9Gb	contig_1195	80113	80893	aadA_aminoglycoside_antibiotic	43	780	780	1.0	Unknown taxonomy (chromosome or plasmid)
barcode12_9Gb	contig_1195	87731	88931	tet(A)_tetracycline_antibiotic	27	1200	1200	1.0	Unknown taxonomy (chromosome or plasmid)
barcode12_9Gb	contig_1195	93909	94746	APH(6)-Id_aminoglycoside_antibiotic	49	837	837	1.0	Unknown taxonomy (chromosome or plasmid)
barcode12_9Gb	contig_1195	94745	95549	APH(3'')-Ib_aminoglycoside_antibiotic	50	804	804	1.0	Unknown taxonomy (chromosome or plasmid)
barcode12_9Gb	contig_1195	228964	229825	TEM-1_monobactam;_cephalosporin;_penam;_penem	46	861	861	1.0	Unknown taxonomy (chromosome or plasmid)
barcode12_9Gb	contig_1195	234796	235657	AAC(3)-IId_aminoglycoside_antibiotic	22	861	861	1.0	Unknown taxonomy (chromosome or plasmid)
barcode12_9Gb	contig_1195	237911	238511	AAC(6')-Ib-cr6_fluoroquinolone_antibiotic;_aminoglycoside_antibiotic	57	600	600	1.0	Unknown taxonomy (chromosome or plasmid)
barcode12_9Gb	contig_1195	238641	239472	OXA-1_cephalosporin;_penam	65	831	831	1.0	Unknown taxonomy (chromosome or plasmid)
barcode12_9Gb	contig_1195	239609	240242	catB3_phenicol_antibiotic	59	633	633	1.0	Unknown taxonomy (chromosome or plasmid)
barcode12_9Gb	contig_1195	240326	240779	arr-3_rifamycin_antibiotic	47	453	453	1.0	Unknown taxonomy (chromosome or plasmid)
barcode12_9Gb	contig_1195	241001	241349	qacEdelta1_disinfecting_agents_and_antiseptics	54	348	348	1.0	Unknown taxonomy (chromosome or plasmid)
barcode12_9Gb	contig_1195	241342	242182	sul1_sulfonamide_antibiotic	50	840	840	1.0	Unknown taxonomy (chromosome or plasmid)
barcode12_9Gb	contig_11964	1940	3911	tet(O)_tetracycline_antibiotic	25	1971	1971	1.0	
barcode12_9Gb	contig_11996	2260	3016	ArnT_peptide_antibiotic	9	756	756	1.0	Klebsiella (chromosome)
barcode12_9Gb	contig_1200	8902	10546	MCR-5.1_peptide_antibiotic	10	1644	1644	1.0	Unknown taxonomy (chromosome or plasmid)
barcode12_9Gb	contig_12000	95566	96457	CblA-1_cephalosporin	5	891	891	1.0	Phocaeicola dorei (no genomic info)
barcode12_9Gb	contig_1207	1607	2264	QnrVC4_fluoroquinolone_antibiotic	50	657	657	1.0	Unknown taxonomy (chromosome or plasmid)
barcode12_9Gb	contig_1207	2346	2985	AAC(6')-Ib9_aminoglycoside_antibiotic	45	639	639	1.0	Unknown taxonomy (chromosome or plasmid)
barcode12_9Gb	contig_1207	3199	4459	cmlA5_phenicol_antibiotic	36	1260	1260	1.0	Unknown taxonomy (chromosome or plasmid)
barcode12_9Gb	contig_1207	4577	5477	VEB-1_monobactam;_cephalosporin	30	900	900	1.0	Unknown taxonomy (chromosome or plasmid)
barcode12_9Gb	contig_1207	5621	6155	ANT(2'')-Ia_aminoglycoside_antibiotic	33	534	534	1.0	Unknown taxonomy (chromosome or plasmid)
barcode12_9Gb	contig_1211	3128	4010	KPC-2_monobactam;_carbapenem;_cephalosporin;_penam	600	882	882	1.0	Unknown taxonomy (chromosome or plasmid)
barcode12_9Gb	contig_12124	1506	1863	qacEdelta1_disinfecting_agents_and_antiseptics	40	357	357	1.0	Unknown taxonomy (chromosome or plasmid)
barcode12_9Gb	contig_12124	1856	2696	sul1_sulfonamide_antibiotic	57	840	840	1.0	Unknown taxonomy (chromosome or plasmid)
barcode12_9Gb	contig_1218	10519	11419	VEB-3_monobactam;_cephalosporin	10	900	900	1.0	Unknown taxonomy (chromosome or plasmid)
barcode12_9Gb	contig_1218	14132	14972	sul1_sulfonamide_antibiotic	28	840	840	1.0	Unknown taxonomy (chromosome or plasmid)
barcode12_9Gb	contig_1218	15000	15780	aadA_aminoglycoside_antibiotic	32	780	780	1.0	Unknown taxonomy (chromosome or plasmid)
barcode12_9Gb	contig_1218	15861	16461	AAC(6')-Ib9_aminoglycoside_antibiotic	29	600	600	1.0	Unknown taxonomy (chromosome or plasmid)
barcode12_9Gb	contig_1219	64163	64823	catA1_phenicol_antibiotic	8	660	660	1.0	Unknown taxonomy (chromosome or plasmid)
barcode12_9Gb	contig_1219	66936	67797	TEM-1_monobactam;_cephalosporin;_penam;_penem	46	861	861	1.0	Unknown taxonomy (chromosome or plasmid)
barcode12_9Gb	contig_1219	68455	69235	aadA_aminoglycoside_antibiotic	25	780	780	1.0	Unknown taxonomy (chromosome or plasmid)
barcode12_9Gb	contig_1219	69698	70157	AAC(6')-Il_aminoglycoside_antibiotic	11	459	459	1.0	Unknown taxonomy (chromosome or plasmid)
barcode12_9Gb	contig_1219	71536	72397	SHV-12_carbapenem;_cephalosporin;_penam	11	861	861	1.0	Unknown taxonomy (chromosome or plasmid)
barcode12_9Gb	contig_1225	2775	4251	msrE_macrolide_antibiotic;_streptogramin_antibiotic	75	1476	1476	1.0	Unknown taxonomy (chromosome or plasmid)
barcode12_9Gb	contig_1225	4306	5191	mphE_macrolide_antibiotic	72	885	885	1.0	Unknown taxonomy (chromosome or plasmid)
barcode12_9Gb	contig_1225	7064	8093	tet(C)_tetracycline_antibiotic	38	1029	1029	1.0	Unknown taxonomy (chromosome or plasmid)
barcode12_9Gb	contig_12280	9145	10282	tet(X)_glycylcycline;_tetracycline_antibiotic	25	1137	1137	1.0	Unknown taxonomy (chromosome or plasmid)
barcode12_9Gb	contig_12280	11019	12945	tet(Q)_tetracycline_antibiotic	12	1926	1926	1.0	Unknown taxonomy (chromosome)
barcode12_9Gb	contig_12351	1043	2498	vanW gene in vanI cluster_glycopeptide_antibiotic	5	1455	1455	1.0	
barcode12_9Gb	contig_12364	31839	32694	ErmX_macrolide_antibiotic;_lincosamide_antibiotic;_streptogramin_antibiotic;_streptogramin_A_antibiotic;_streptogramin_B_antibiotic	7	855	855	1.0	Unknown taxonomy (chromosome or plasmid)
barcode12_9Gb	contig_12365	15573	16461	vanW gene in vanG cluster_glycopeptide_antibiotic	6	888	888	1.0	
barcode12_9Gb	contig_12417	8281	8470	rsmA_fluoroquinolone_antibiotic;_diaminopyrimidine_antibiotic;_phenicol_antibiotic	6	189	189	1.0	
barcode12_9Gb	contig_12433	6376	7603	mdtG_phosphonic_acid_antibiotic	7	1227	1227	1.0	Unknown taxonomy (chromosome or plasmid)
barcode12_9Gb	contig_12433	16233	17442	mdtH_fluoroquinolone_antibiotic	9	1209	1209	1.0	Unknown taxonomy (chromosome or plasmid)
barcode12_9Gb	contig_12531	65297	68411	acrD_aminoglycoside_antibiotic	19	3114	3114	1.0	Enterobacter (chromosome)
barcode12_9Gb	contig_12620	2408	2843	vanW gene in vanG cluster_glycopeptide_antibiotic	3	435	435	1.0	
barcode12_9Gb	contig_1268	4558	5419	SHV-5_carbapenem;_cephalosporin;_penam	23	861	861	1.0	Unknown taxonomy (chromosome or plasmid)
barcode12_9Gb	contig_12847	195434	195809	ramA_fluoroquinolone_antibiotic;_monobactam;_carbapenem;_cephalosporin;_glycylcycline;_cephamycin;_penam;_tetracycline_antibiotic;_rifamycin_antibiotic;_phenicol_antibiotic;_penem;_disinfecting_agents_and_antiseptics	21	375	375	1.0	Enterobacter kobei (no genomic info)
barcode12_9Gb	contig_12847	324112	325306	Enterobacter cloacae acrA_fluoroquinolone_antibiotic;_cephalosporin;_glycylcycline;_penam;_tetracycline_antibiotic;_rifamycin_antibiotic;_phenicol_antibiotic;_disinfecting_agents_and_antiseptics	21	1194	1194	1.0	Enterobacter (chromosome)
barcode12_9Gb	contig_12847	325328	328475	acrB_fluoroquinolone_antibiotic;_cephalosporin;_glycylcycline;_penam;_tetracycline_antibiotic;_rifamycin_antibiotic;_phenicol_antibiotic;_disinfecting_agents_and_antiseptics	28	3147	3147	1.0	Unknown taxonomy (chromosome)
barcode12_9Gb	contig_12880	7232	8420	tet(39)_tetracycline_antibiotic	28	1188	1188	1.0	Unknown taxonomy (plasmid)
barcode12_9Gb	contig_12921	2919	4050	vanT gene in vanG cluster_glycopeptide_antibiotic	4	1131	1131	1.0	
barcode12_9Gb	contig_1294	59	665	AAC(6')-Ib9_aminoglycoside_antibiotic	11	606	606	1.0	Unknown taxonomy (chromosome or plasmid)
barcode12_9Gb	contig_12974	5372	5717	qacG_disinfecting_agents_and_antiseptics	8	345	345	1.0	Unknown taxonomy (chromosome or plasmid)
barcode12_9Gb	contig_13	316721	318716	lmrD_lincosamide_antibiotic	9	1995	1995	1.0	
barcode12_9Gb	contig_13	976665	977412	vanY gene in vanG cluster_glycopeptide_antibiotic	10	747	747	1.0	
barcode12_9Gb	contig_13	1136986	1137316	qacG_disinfecting_agents_and_antiseptics	17	330	330	1.0	
barcode12_9Gb	contig_1300	649	1888	Mrx_macrolide_antibiotic	204	1239	1239	1.0	Unknown taxonomy (chromosome or plasmid)
barcode12_9Gb	contig_1300	5963	6803	sul1_sulfonamide_antibiotic	100	840	840	1.0	Unknown taxonomy (chromosome or plasmid)
barcode12_9Gb	contig_1300	6796	7144	qacEdelta1_disinfecting_agents_and_antiseptics	87	348	348	1.0	Unknown taxonomy (chromosome or plasmid)
barcode12_9Gb	contig_1300	7307	8087	aadA2_aminoglycoside_antibiotic	69	780	780	1.0	Unknown taxonomy (chromosome or plasmid)
barcode12_9Gb	contig_1300	8506	9004	dfrA12_diaminopyrimidine_antibiotic	60	498	498	1.0	Unknown taxonomy (chromosome or plasmid)
barcode12_9Gb	contig_1300	16209	16989	APH(3')-VIa_aminoglycoside_antibiotic	104	780	780	1.0	Unknown taxonomy (chromosome or plasmid)
barcode12_9Gb	contig_1300	25092	25956	GES-1_carbapenem;_cephalosporin;_penam	50	864	864	1.0	Unknown taxonomy (chromosome or plasmid)
barcode12_9Gb	contig_1300	25997	26648	AAC(6')-Ib9_aminoglycoside_antibiotic	49	651	651	1.0	Unknown taxonomy (chromosome or plasmid)
barcode12_9Gb	contig_1300	26729	27557	OXA-2_carbapenem;_cephalosporin;_penam	28	828	828	1.0	Unknown taxonomy (chromosome or plasmid)
barcode12_9Gb	contig_1300	28720	29572	sul1_sulfonamide_antibiotic	17	852	852	1.0	Unknown taxonomy (chromosome or plasmid)
barcode12_9Gb	contig_13104	102053	103436	mdeA_fluoroquinolone_antibiotic;_aminoglycoside_antibiotic;_penam;_tetracycline_antibiotic;_disinfecting_agents_and_antiseptics	5	1383	1383	1.0	
barcode12_9Gb	contig_1312	34	877	TEM-214_monobactam;_cephalosporin;_penam;_penem	20	843	843	1.0	Escherichia coli (chromosome or plasmid)
barcode12_9Gb	contig_1312	3717	4617	VEB-9_monobactam;_cephalosporin	13	900	900	1.0	Unknown taxonomy (chromosome or plasmid)
barcode12_9Gb	contig_1312	8618	9191	AAC(6')-Ian_aminoglycoside_antibiotic	9	573	573	1.0	Unknown taxonomy (chromosome or plasmid)
barcode12_9Gb	contig_1312	11638	12454	sul2_sulfonamide_antibiotic	76	816	816	1.0	Unknown taxonomy (chromosome or plasmid)
barcode12_9Gb	contig_13136	360925	361684	vanY gene in vanB cluster_glycopeptide_antibiotic	5	759	759	1.0	
barcode12_9Gb	contig_13191	144	924	APH(3')-VIa_aminoglycoside_antibiotic	90	780	780	1.0	Unknown taxonomy (chromosome or plasmid)
barcode12_9Gb	contig_1322	12427	13309	KPC-2_monobactam;_carbapenem;_cephalosporin;_penam	330	882	882	1.0	Unknown taxonomy (chromosome or plasmid)
barcode12_9Gb	contig_13233	895	2080	Escherichia coli EF-Tu mutants conferring resistance to Pulvomycin_elfamycin_antibiotic	134	1185	1185	1.0	Aeromonas caviae (chromosome or plasmid)
barcode12_9Gb	contig_13233	20104	21289	Escherichia coli EF-Tu mutants conferring resistance to Pulvomycin_elfamycin_antibiotic	129	1185	1185	1.0	Aeromonas caviae (chromosome or plasmid)
barcode12_9Gb	contig_1327	6561	7401	sul1_sulfonamide_antibiotic	80	840	840	1.0	Unknown taxonomy (chromosome or plasmid)
barcode12_9Gb	contig_1327	7394	7742	qacEdelta1_disinfecting_agents_and_antiseptics	74	348	348	1.0	Unknown taxonomy (chromosome or plasmid)
barcode12_9Gb	contig_1327	8491	9271	aadA_aminoglycoside_antibiotic	56	780	780	1.0	Unknown taxonomy (chromosome or plasmid)
barcode12_9Gb	contig_1327	9431	10088	QnrVC1_fluoroquinolone_antibiotic	53	657	657	1.0	Unknown taxonomy (chromosome or plasmid)
barcode12_9Gb	contig_13271	6340	7078	vanW gene in vanI cluster_glycopeptide_antibiotic	4	738	738	1.0	
barcode12_9Gb	contig_1330	3285	3942	QnrVC1_fluoroquinolone_antibiotic	32	657	657	1.0	Unknown taxonomy (chromosome or plasmid)
barcode12_9Gb	contig_1330	4100	4574	dfrA31_diaminopyrimidine_antibiotic	21	474	474	1.0	Vibrio (chromosome or plasmid)
barcode12_9Gb	contig_1331	8242	9127	mphE_macrolide_antibiotic	61	885	885	1.0	Unknown taxonomy (chromosome or plasmid)
barcode12_9Gb	contig_1331	9182	10658	msrE_macrolide_antibiotic;_streptogramin_antibiotic	53	1476	1476	1.0	Unknown taxonomy (chromosome or plasmid)
barcode12_9Gb	contig_13334	5377	5872	dfrF_diaminopyrimidine_antibiotic	17	495	495	1.0	Unknown taxonomy (chromosome or plasmid)
barcode12_9Gb	contig_1336	1	1069	tet(C)_tetracycline_antibiotic	14	1068	1068	1.0	Unknown taxonomy (chromosome or plasmid)
barcode12_9Gb	contig_1337	11141	11672	emrR_fluoroquinolone_antibiotic	13	531	531	1.0	Klebsiella michiganensis (chromosome)
barcode12_9Gb	contig_1337	11803	12976	Klebsiella pneumoniae KpnG_macrolide_antibiotic;_fluoroquinolone_antibiotic;_aminoglycoside_antibiotic;_carbapenem;_cephalosporin;_penam;_peptide_antibiotic;_penem	14	1173	1173	1.0	Klebsiella michiganensis (chromosome)
barcode12_9Gb	contig_1337	12991	14500	Klebsiella pneumoniae KpnH_macrolide_antibiotic;_fluoroquinolone_antibiotic;_aminoglycoside_antibiotic;_carbapenem;_cephalosporin;_penam;_peptide_antibiotic;_penem	12	1509	1509	1.0	Klebsiella michiganensis (chromosome or plasmid)
barcode12_9Gb	contig_1337	22540	22726	rsmA_fluoroquinolone_antibiotic;_diaminopyrimidine_antibiotic;_phenicol_antibiotic	8	186	186	1.0	Unknown taxonomy (chromosome or plasmid)
barcode12_9Gb	contig_13497	35083	35296	vanU gene in vanG cluster_glycopeptide_antibiotic	18	213	213	1.0	
barcode12_9Gb	contig_1351	2938	3778	sul1_sulfonamide_antibiotic	85	840	840	1.0	Unknown taxonomy (chromosome or plasmid)
barcode12_9Gb	contig_1351	3771	4119	qacEdelta1_disinfecting_agents_and_antiseptics	62	348	348	1.0	Unknown taxonomy (chromosome or plasmid)
barcode12_9Gb	contig_1351	5509	6109	AAC(6')-Ib9_aminoglycoside_antibiotic	53	600	600	1.0	Unknown taxonomy (chromosome or plasmid)
barcode12_9Gb	contig_13529	13935	14751	sul2_sulfonamide_antibiotic	28	816	816	1.0	Unknown taxonomy (chromosome or plasmid)
barcode12_9Gb	contig_13529	15995	16343	qacEdelta1_disinfecting_agents_and_antiseptics	15	348	348	1.0	Unknown taxonomy (chromosome or plasmid)
barcode12_9Gb	contig_13529	16506	17286	aadA_aminoglycoside_antibiotic	30	780	780	1.0	Unknown taxonomy (chromosome or plasmid)
barcode12_9Gb	contig_13529	17390	17864	dfrA1_diaminopyrimidine_antibiotic	18	474	474	1.0	Unknown taxonomy (chromosome or plasmid)
barcode12_9Gb	contig_1354	2181	2961	APH(3')-VIa_aminoglycoside_antibiotic	44	780	780	1.0	Unknown taxonomy (chromosome or plasmid)
barcode12_9Gb	contig_1355	3985	4798	NDM-1_carbapenem;_cephalosporin;_cephamycin;_penam	52	813	813	1.0	Unknown taxonomy (chromosome or plasmid)
barcode12_9Gb	contig_1355	6075	6855	APH(3')-VIa_aminoglycoside_antibiotic	34	780	780	1.0	Unknown taxonomy (chromosome or plasmid)
barcode12_9Gb	contig_13591	7326	7512	rsmA_fluoroquinolone_antibiotic;_diaminopyrimidine_antibiotic;_phenicol_antibiotic	14	186	186	1.0	Citrobacter (chromosome or plasmid)
barcode12_9Gb	contig_13591	14011	15550	emrB_fluoroquinolone_antibiotic	17	1539	1539	1.0	Citrobacter portucalensis (chromosome)
barcode12_9Gb	contig_13591	15566	16739	emrA_fluoroquinolone_antibiotic	13	1173	1173	1.0	Citrobacter portucalensis (no genomic info)
barcode12_9Gb	contig_13591	16868	17399	emrR_fluoroquinolone_antibiotic	14	531	531	1.0	Citrobacter freundii (chromosome)
barcode12_9Gb	contig_1365	12309	13149	sul1_sulfonamide_antibiotic	124	840	840	1.0	Unknown taxonomy (chromosome or plasmid)
barcode12_9Gb	contig_1365	13142	13490	qacEdelta1_disinfecting_agents_and_antiseptics	116	348	348	1.0	Unknown taxonomy (chromosome or plasmid)
barcode12_9Gb	contig_1365	13658	14246	AAC(6')-Ib9_aminoglycoside_antibiotic	97	588	588	1.0	Unknown taxonomy (chromosome or plasmid)
barcode12_9Gb	contig_1365	14351	14804	arr-3_rifamycin_antibiotic	84	453	453	1.0	Unknown taxonomy (chromosome or plasmid)
barcode12_9Gb	contig_1366	2758	3598	sul1_sulfonamide_antibiotic	43	840	840	1.0	Unknown taxonomy (chromosome or plasmid)
barcode12_9Gb	contig_1366	3591	3939	qacEdelta1_disinfecting_agents_and_antiseptics	40	348	348	1.0	Unknown taxonomy (chromosome or plasmid)
barcode12_9Gb	contig_1366	5199	6027	OXA-2_carbapenem;_cephalosporin;_penam	42	828	828	1.0	Unknown taxonomy (chromosome or plasmid)
barcode12_9Gb	contig_1366	6108	6759	AAC(6')-Ib9_aminoglycoside_antibiotic	57	651	651	1.0	Unknown taxonomy (chromosome or plasmid)
barcode12_9Gb	contig_1366	6800	7664	GES-1_carbapenem;_cephalosporin;_penam	52	864	864	1.0	Unknown taxonomy (chromosome or plasmid)
barcode12_9Gb	contig_13670	6710	7526	vanW gene in vanI cluster_glycopeptide_antibiotic	2	816	816	1.0	
barcode12_9Gb	contig_13670	7485	8292	vanW gene in vanI cluster_glycopeptide_antibiotic	2	807	807	1.0	
barcode12_9Gb	contig_1373	84	900	APH(3')-Ia_aminoglycoside_antibiotic	50	816	816	1.0	Unknown taxonomy (chromosome or plasmid)
barcode12_9Gb	contig_1373	6748	7309	dfrA23_diaminopyrimidine_antibiotic	11	561	561	1.0	Unknown taxonomy (chromosome or plasmid)
barcode12_9Gb	contig_1373	10446	11286	sul1_sulfonamide_antibiotic	49	840	840	1.0	Unknown taxonomy (chromosome or plasmid)
barcode12_9Gb	contig_1373	11279	11627	qacEdelta1_disinfecting_agents_and_antiseptics	44	348	348	1.0	Unknown taxonomy (chromosome or plasmid)
barcode12_9Gb	contig_1373	11790	12606	aadA_aminoglycoside_antibiotic	58	816	816	1.0	Unknown taxonomy (chromosome or plasmid)
barcode12_9Gb	contig_1373	12598	13399	OXA-10_cephalosporin;_penam	48	801	801	1.0	Unknown taxonomy (chromosome or plasmid)
barcode12_9Gb	contig_1373	13663	14923	cmlA5_phenicol_antibiotic	32	1260	1260	1.0	Unknown taxonomy (chromosome or plasmid)
barcode12_9Gb	contig_1373	15243	15696	arr-2_rifamycin_antibiotic	23	453	453	1.0	Unknown taxonomy (chromosome or plasmid)
barcode12_9Gb	contig_1373	15780	16314	ANT(2'')-Ia_aminoglycoside_antibiotic	30	534	534	1.0	Unknown taxonomy (chromosome or plasmid)
barcode12_9Gb	contig_1375	9320	10157	APH(6)-Id_aminoglycoside_antibiotic	47	837	837	1.0	Unknown taxonomy (chromosome or plasmid)
barcode12_9Gb	contig_1375	30712	31552	sul1_sulfonamide_antibiotic	17	840	840	1.0	Unknown taxonomy (chromosome or plasmid)
barcode12_9Gb	contig_1376	887	1793	mphA_macrolide_antibiotic	225	906	906	1.0	Unknown taxonomy (chromosome or plasmid)
barcode12_9Gb	contig_1376	1789	3028	Mrx_macrolide_antibiotic	222	1239	1239	1.0	Unknown taxonomy (chromosome or plasmid)
barcode12_9Gb	contig_1376	7103	7943	sul1_sulfonamide_antibiotic	83	840	840	1.0	Unknown taxonomy (chromosome or plasmid)
barcode12_9Gb	contig_1376	7936	8284	qacEdelta1_disinfecting_agents_and_antiseptics	71	348	348	1.0	Unknown taxonomy (chromosome or plasmid)
barcode12_9Gb	contig_1376	8400	9246	aadA6_aminoglycoside_antibiotic	35	846	846	1.0	Unknown taxonomy (chromosome or plasmid)
barcode12_9Gb	contig_1376	9357	9690	qacJ_disinfecting_agents_and_antiseptics	32	333	333	1.0	Unknown taxonomy (chromosome or plasmid)
barcode12_9Gb	contig_1376	9819	10647	OXA-2_carbapenem;_cephalosporin;_penam	44	828	828	1.0	Unknown taxonomy (chromosome or plasmid)
barcode12_9Gb	contig_1376	10716	11250	ANT(2'')-Ia_aminoglycoside_antibiotic	39	534	534	1.0	Unknown taxonomy (chromosome or plasmid)
barcode12_9Gb	contig_1376	11898	12432	ANT(2'')-Ia_aminoglycoside_antibiotic	34	534	534	1.0	Unknown taxonomy (chromosome or plasmid)
barcode12_9Gb	contig_1376	12489	13023	ANT(2'')-Ia_aminoglycoside_antibiotic	35	534	534	1.0	Unknown taxonomy (chromosome or plasmid)
barcode12_9Gb	contig_1376	15874	16384	dfrA8_diaminopyrimidine_antibiotic	18	510	510	1.0	Unknown taxonomy (chromosome or plasmid)
barcode12_9Gb	contig_1376	23010	23670	catA1_phenicol_antibiotic	16	660	660	1.0	Unknown taxonomy (chromosome or plasmid)
barcode12_9Gb	contig_13838	8330	8780	vanY gene in vanG cluster_glycopeptide_antibiotic	3	450	450	1.0	
barcode12_9Gb	contig_13891	8278	8641	Klebsiella pneumoniae KpnE_macrolide_antibiotic;_aminoglycoside_antibiotic;_cephalosporin;_tetracycline_antibiotic;_peptide_antibiotic;_rifamycin_antibiotic;_disinfecting_agents_and_antiseptics	5	363	363	1.0	Citrobacter portucalensis (chromosome)
barcode12_9Gb	contig_1391	1720	2476	TEM-216_monobactam;_cephalosporin;_penam;_penem	18	756	756	1.0	Unknown taxonomy (chromosome or plasmid)
barcode12_9Gb	contig_1397	82875	84642	Haemophilus influenzae PBP3 conferring resistance to beta-lactam antibiotics_cephalosporin;_cephamycin;_penam	28	1767	1767	1.0	Enterobacter kobei (chromosome or plasmid)
barcode12_9Gb	contig_1397	90804	91827	leuO_nucleoside_antibiotic;_disinfecting_agents_and_antiseptics	15	1023	1023	1.0	Enterobacter kobei (chromosome)
barcode12_9Gb	contig_1397	283146	283572	FosA2_phosphonic_acid_antibiotic	14	426	426	1.0	Enterobacter kobei (chromosome)
barcode12_9Gb	contig_1397	432070	433216	ACT-87_carbapenem;_cephalosporin;_cephamycin;_penam	26	1146	1146	1.0	Enterobacter kobei (chromosome)
barcode12_9Gb	contig_13977	5889	6237	qacEdelta1_disinfecting_agents_and_antiseptics	19	348	348	1.0	Unknown taxonomy (chromosome or plasmid)
barcode12_9Gb	contig_13977	6442	7231	aadA5_aminoglycoside_antibiotic	18	789	789	1.0	Unknown taxonomy (chromosome or plasmid)
barcode12_9Gb	contig_13977	7361	7961	dfrA17_diaminopyrimidine_antibiotic	9	600	600	1.0	Unknown taxonomy (chromosome or plasmid)
barcode12_9Gb	contig_1398	7645	9289	eptA_peptide_antibiotic	20	1644	1644	1.0	Escherichia coli (chromosome or plasmid)
barcode12_9Gb	contig_1398	51511	52645	EC-14_cephalosporin	11	1134	1134	1.0	Escherichia coli (chromosome or plasmid)
barcode12_9Gb	contig_1398	234408	235641	mdtM_fluoroquinolone_antibiotic;_lincosamide_antibiotic;_nucleoside_antibiotic;_phenicol_antibiotic;_disinfecting_agents_and_antiseptics	8	1233	1233	1.0	Unknown taxonomy (chromosome or plasmid)
barcode12_9Gb	contig_1398	405037	405982	leuO_nucleoside_antibiotic;_disinfecting_agents_and_antiseptics	16	945	945	1.0	Unknown taxonomy (chromosome or plasmid)
barcode12_9Gb	contig_1398	412082	413849	Haemophilus influenzae PBP3 conferring resistance to beta-lactam antibiotics_cephalosporin;_cephamycin;_penam	18	1767	1767	1.0	Unknown taxonomy (chromosome or plasmid)
barcode12_9Gb	contig_13988	9712	10948	vanW gene in vanI cluster_glycopeptide_antibiotic	4	1236	1236	1.0	
barcode12_9Gb	contig_14178	29237	30422	Escherichia coli EF-Tu mutants conferring resistance to Pulvomycin_elfamycin_antibiotic	34	1185	1185	1.0	Enterobacter kobei (chromosome or plasmid)
barcode12_9Gb	contig_14178	53561	54194	CRP_macrolide_antibiotic;_fluoroquinolone_antibiotic;_penam	20	633	633	1.0	Enterobacter (chromosome or plasmid)
barcode12_9Gb	contig_14178	128629	130285	ArnT_peptide_antibiotic	18	1656	1656	1.0	Enterobacter kobei (chromosome)
barcode12_9Gb	contig_14178	133159	134143	PmrF_peptide_antibiotic	20	984	984	1.0	
barcode12_9Gb	contig_1424	778	1684	mphA_macrolide_antibiotic	210	906	906	1.0	Unknown taxonomy (chromosome or plasmid)
barcode12_9Gb	contig_1424	1680	2919	Mrx_macrolide_antibiotic	207	1239	1239	1.0	Unknown taxonomy (chromosome or plasmid)
barcode12_9Gb	contig_14296	3905	4988	vanT gene in vanG cluster_glycopeptide_antibiotic	4	1083	1083	1.0	
barcode12_9Gb	contig_1431	38899	39154	rsmA_fluoroquinolone_antibiotic;_diaminopyrimidine_antibiotic;_phenicol_antibiotic	292	255	255	1.0	
barcode12_9Gb	contig_14310	3043	3607	vanY gene in vanM cluster_glycopeptide_antibiotic	3	564	564	1.0	
barcode12_9Gb	contig_1432	67078	67333	rsmA_fluoroquinolone_antibiotic;_diaminopyrimidine_antibiotic;_phenicol_antibiotic	377	255	255	1.0	
barcode12_9Gb	contig_14500	25700	26696	vanH gene in vanO cluster_glycopeptide_antibiotic	8	996	996	1.0	Faecalibacterium prausnitzii (no genomic info)
barcode12_9Gb	contig_14515	101574	103989	vanW gene in vanI cluster_glycopeptide_antibiotic	5	2415	2415	1.0	
barcode12_9Gb	contig_14590	15857	16352	lnuC_lincosamide_antibiotic	32	495	495	1.0	Unknown taxonomy (chromosome or plasmid)
barcode12_9Gb	contig_14832	3594	4524	vanT gene in vanG cluster_glycopeptide_antibiotic	6	930	930	1.0	
barcode12_9Gb	contig_14962	7887	9135	mdtA_aminocoumarin_antibiotic	7	1248	1248	1.0	Escherichia coli (chromosome or plasmid)
barcode12_9Gb	contig_15018	24153	25266	vanT gene in vanG cluster_glycopeptide_antibiotic	12	1113	1113	1.0	
barcode12_9Gb	contig_15158	10068	10716	vanY gene in vanB cluster_glycopeptide_antibiotic	3	648	648	1.0	
barcode12_9Gb	contig_15234	688	1813	vanT gene in vanG cluster_glycopeptide_antibiotic	5	1125	1125	1.0	
barcode12_9Gb	contig_15272	3832	4942	vanG_glycopeptide_antibiotic	4	1110	1110	1.0	
barcode12_9Gb	contig_15403	38859	39696	APH(6)-Id_aminoglycoside_antibiotic	14	837	837	1.0	Unknown taxonomy (chromosome or plasmid)
barcode12_9Gb	contig_15403	40682	41498	sul2_sulfonamide_antibiotic	34	816	816	1.0	Unknown taxonomy (chromosome or plasmid)
barcode12_9Gb	contig_15545	20986	21370	marA_fluoroquinolone_antibiotic;_monobactam;_carbapenem;_cephalosporin;_glycylcycline;_cephamycin;_penam;_tetracycline_antibiotic;_rifamycin_antibiotic;_phenicol_antibiotic;_penem;_disinfecting_agents_and_antiseptics	3	384	384	1.0	Citrobacter freundii (chromosome)
barcode12_9Gb	contig_15545	21388	21742	Escherichia coli AcrAB-TolC with MarR mutations conferring resistance to ciprofloxacin and tetracycline_fluoroquinolone_antibiotic;_cephalosporin;_glycylcycline;_penam;_tetracycline_antibiotic;_rifamycin_antibiotic;_phenicol_antibiotic;_disinfecting_agents_and_antiseptics	3	354	354	1.0	Citrobacter freundii (chromosome)
barcode12_9Gb	contig_15594	12634	13165	emrR_fluoroquinolone_antibiotic	6	531	531	1.0	Klebsiella (chromosome or plasmid)
barcode12_9Gb	contig_15594	13290	14463	Klebsiella pneumoniae KpnG_macrolide_antibiotic;_fluoroquinolone_antibiotic;_aminoglycoside_antibiotic;_carbapenem;_cephalosporin;_penam;_peptide_antibiotic;_penem	7	1173	1173	1.0	Klebsiella pneumoniae (chromosome or plasmid)
barcode12_9Gb	contig_15594	14788	16018	Klebsiella pneumoniae KpnH_macrolide_antibiotic;_fluoroquinolone_antibiotic;_aminoglycoside_antibiotic;_carbapenem;_cephalosporin;_penam;_peptide_antibiotic;_penem	9	1230	1230	1.0	Klebsiella pneumoniae (chromosome or plasmid)
barcode12_9Gb	contig_15594	23881	24067	rsmA_fluoroquinolone_antibiotic;_diaminopyrimidine_antibiotic;_phenicol_antibiotic	6	186	186	1.0	Unknown taxonomy (chromosome or plasmid)
barcode12_9Gb	contig_15600	15099	16092	vanW gene in vanI cluster_glycopeptide_antibiotic	4	993	993	1.0	
barcode12_9Gb	contig_15612	9504	10203	AAC(3)-IIc_aminoglycoside_antibiotic	7	699	699	1.0	Unknown taxonomy (chromosome or plasmid)
barcode12_9Gb	contig_15612	10469	11261	TEM-163_monobactam;_cephalosporin;_penam;_penem	21	792	792	1.0	Unknown taxonomy (chromosome or plasmid)
barcode12_9Gb	contig_15744	14896	15529	CRP_macrolide_antibiotic;_fluoroquinolone_antibiotic;_penam	10	633	633	1.0	Enterobacter (chromosome or plasmid)
barcode12_9Gb	contig_15876	8295	9468	vanT gene in vanG cluster_glycopeptide_antibiotic	6	1173	1173	1.0	
barcode12_9Gb	contig_15916	2230	3085	ACI-1_cephalosporin;_penam;_penem	7	855	855	1.0	
barcode12_9Gb	contig_15950	8738	9995	vanY gene in vanA cluster_glycopeptide_antibiotic	5	1257	1257	1.0	
barcode12_9Gb	contig_1598	1740	2475	tet(O)_tetracycline_antibiotic	65	735	735	1.0	Unknown taxonomy (chromosome or plasmid)
barcode12_9Gb	contig_1598	2527	3661	tet(O)_tetracycline_antibiotic	82	1134	1134	1.0	Unknown taxonomy (chromosome or plasmid)
barcode12_9Gb	contig_1599	1738	3658	tet(O)_tetracycline_antibiotic	74	1920	1920	1.0	Unknown taxonomy (chromosome or plasmid)
barcode12_9Gb	contig_16094	18215	19448	Escherichia coli mdfA_tetracycline_antibiotic;_disinfecting_agents_and_antiseptics	10	1233	1233	1.0	Citrobacter portucalensis (chromosome or plasmid)
barcode12_9Gb	contig_16116	31076	31886	RSD2-2_carbapenem;_cephalosporin	9	810	810	1.0	
barcode12_9Gb	contig_16195	79593	82719	adeF_fluoroquinolone_antibiotic;_tetracycline_antibiotic	5	3126	3126	1.0	
barcode12_9Gb	contig_16199	18917	20111	Enterobacter cloacae acrA_fluoroquinolone_antibiotic;_cephalosporin;_glycylcycline;_penam;_tetracycline_antibiotic;_rifamycin_antibiotic;_phenicol_antibiotic;_disinfecting_agents_and_antiseptics	12	1194	1194	1.0	Enterobacter roggenkampii (chromosome)
barcode12_9Gb	contig_1627	12667	13462	OXA-504_penam	119	795	795	1.0	Aeromonas caviae (chromosome)
barcode12_9Gb	contig_16315	47260	48565	Acinetobacter baumannii AbaQ_fluoroquinolone_antibiotic	26	1305	1305	1.0	
barcode12_9Gb	contig_16328	19423	20938	aadT_macrolide_antibiotic;_tetracycline_antibiotic;_disinfecting_agents_and_antiseptics	27	1515	1515	1.0	
barcode12_9Gb	contig_16342	9605	11081	msrE_macrolide_antibiotic;_streptogramin_antibiotic	198	1476	1476	1.0	Unknown taxonomy (chromosome or plasmid)
barcode12_9Gb	contig_16342	11136	12021	mphE_macrolide_antibiotic	228	885	885	1.0	Unknown taxonomy (chromosome or plasmid)
barcode12_9Gb	contig_16396	4486	5326	sul1_sulfonamide_antibiotic	31	840	840	1.0	Unknown taxonomy (chromosome or plasmid)
barcode12_9Gb	contig_16396	10271	11198	PER-3_monobactam;_carbapenem;_cephalosporin;_penam;_penem	11	927	927	1.0	Unknown taxonomy (chromosome or plasmid)
barcode12_9Gb	contig_16398	2297	3482	tet(D)_tetracycline_antibiotic	10	1185	1185	1.0	Unknown taxonomy (chromosome or plasmid)
barcode12_9Gb	contig_16402	7135	7975	sul1_sulfonamide_antibiotic	53	840	840	1.0	Unknown taxonomy (chromosome or plasmid)
barcode12_9Gb	contig_16402	7968	8316	qacEdelta1_disinfecting_agents_and_antiseptics	48	348	348	1.0	Unknown taxonomy (chromosome or plasmid)
barcode12_9Gb	contig_16402	9548	10379	aadA7_aminoglycoside_antibiotic	16	831	831	1.0	Salmonella enterica (chromosome or plasmid)
barcode12_9Gb	contig_16402	10865	11198	qacL_disinfecting_agents_and_antiseptics	31	333	333	1.0	Unknown taxonomy (chromosome or plasmid)
barcode12_9Gb	contig_16402	11442	12024	AAC(6')-IIc_aminoglycoside_antibiotic	26	582	582	1.0	Unknown taxonomy (chromosome or plasmid)
barcode12_9Gb	contig_16402	12163	13027	GES-5_carbapenem;_cephalosporin;_penam	29	864	864	1.0	Unknown taxonomy (chromosome or plasmid)
barcode12_9Gb	contig_16461	703	1909	Mef(En2)_macrolide_antibiotic;_lincosamide_antibiotic	7	1206	1206	1.0	Unknown taxonomy (chromosome)
barcode12_9Gb	contig_16474	1368	2742	cpxA_aminoglycoside_antibiotic;_aminocoumarin_antibiotic	16	1374	1374	1.0	Unknown taxonomy (chromosome or plasmid)
barcode12_9Gb	contig_16476	5600	8714	adeF_fluoroquinolone_antibiotic;_tetracycline_antibiotic	23	3114	3114	1.0	Enterobacter kobei (chromosome)
barcode12_9Gb	contig_16477	3968	5153	Escherichia coli EF-Tu mutants conferring resistance to Pulvomycin_elfamycin_antibiotic	12	1185	1185	1.0	Citrobacter (chromosome or plasmid)
barcode12_9Gb	contig_16480	9144	10071	PER-2_monobactam;_carbapenem;_cephalosporin;_penam;_penem	49	927	927	1.0	Unknown taxonomy (plasmid)
barcode12_9Gb	contig_16480	18324	18948	tetR_tetracycline_antibiotic	58	624	624	1.0	Unknown taxonomy (chromosome or plasmid)
barcode12_9Gb	contig_16480	19029	20235	tet(B)_tetracycline_antibiotic	61	1206	1206	1.0	Unknown taxonomy (chromosome or plasmid)
barcode12_9Gb	contig_16485	11916	12744	OXA-253_carbapenem;_penam	75	828	828	1.0	Acinetobacter baumannii (chromosome)
barcode12_9Gb	contig_16495	139	1024	mphE_macrolide_antibiotic	86	885	885	1.0	Unknown taxonomy (chromosome or plasmid)
barcode12_9Gb	contig_16495	1079	2555	msrE_macrolide_antibiotic;_streptogramin_antibiotic	131	1476	1476	1.0	Unknown taxonomy (chromosome or plasmid)
barcode12_9Gb	contig_16499	935	1796	AAC(3)-IIe_aminoglycoside_antibiotic	9	861	861	1.0	Unknown taxonomy (chromosome or plasmid)
barcode12_9Gb	contig_16499	2283	2928	QnrB19_fluoroquinolone_antibiotic	80	645	645	1.0	Unknown taxonomy (chromosome or plasmid)
barcode12_9Gb	contig_16530	17623	18418	APH(3')-IIIa_aminoglycoside_antibiotic	12	795	795	1.0	Unknown taxonomy (chromosome or plasmid)
barcode12_9Gb	contig_16612	4330	5641	Acinetobacter baumannii AbaQ_fluoroquinolone_antibiotic	6	1311	1311	1.0	Acinetobacter lwoffii (chromosome)
barcode12_9Gb	contig_16657	10889	11714	OXA-644_carbapenem;_penam	455	825	825	1.0	Acinetobacter johnsonii (chromosome)
barcode12_9Gb	contig_16662	1192	2074	KPC-2_monobactam;_carbapenem;_cephalosporin;_penam	112	882	882	1.0	Unknown taxonomy (chromosome or plasmid)
barcode12_9Gb	contig_16685	495	1377	KPC-2_monobactam;_carbapenem;_cephalosporin;_penam	170	882	882	1.0	Unknown taxonomy (chromosome or plasmid)
barcode12_9Gb	contig_16685	3792	4572	APH(3')-VIa_aminoglycoside_antibiotic	162	780	780	1.0	Unknown taxonomy (chromosome or plasmid)
barcode12_9Gb	contig_16713	19114	20632	vanW gene in vanI cluster_glycopeptide_antibiotic	7	1518	1518	1.0	
barcode12_9Gb	contig_16769	144148	144793	vanW gene in vanI cluster_glycopeptide_antibiotic	7	645	645	1.0	
barcode12_9Gb	contig_16803	14817	15852	vanW gene in vanI cluster_glycopeptide_antibiotic	3	1035	1035	1.0	
barcode12_9Gb	contig_16829	3688	4021	qacL_disinfecting_agents_and_antiseptics	19	333	333	1.0	Unknown taxonomy (chromosome or plasmid)
barcode12_9Gb	contig_16835	138571	140320	msbA_nitroimidazole_antibiotic	15	1749	1749	1.0	Unknown taxonomy (chromosome)
barcode12_9Gb	contig_16839	33757	35311	vanW gene in vanI cluster_glycopeptide_antibiotic	3	1554	1554	1.0	
barcode12_9Gb	contig_16852	33620	34733	vanT gene in vanG cluster_glycopeptide_antibiotic	26	1113	1113	1.0	
barcode12_9Gb	contig_16896	3435	4254	bacA_peptide_antibiotic	8	819	819	1.0	Escherichia coli (no genomic info)
barcode12_9Gb	contig_16914	36523	37177	adeN_macrolide_antibiotic;_fluoroquinolone_antibiotic;_lincosamide_antibiotic;_carbapenem;_cephalosporin;_tetracycline_antibiotic;_rifamycin_antibiotic;_diaminopyrimidine_antibiotic;_phenicol_antibiotic;_penem	17	654	654	1.0	Acinetobacter baumannii (chromosome or plasmid)
barcode12_9Gb	contig_17013	25100	25295	rsmA_fluoroquinolone_antibiotic;_diaminopyrimidine_antibiotic;_phenicol_antibiotic	3	195	195	1.0	
barcode12_9Gb	contig_17041	9778	10501	baeR_aminoglycoside_antibiotic;_aminocoumarin_antibiotic	11	723	723	1.0	Citrobacter freundii (chromosome)
barcode12_9Gb	contig_17075	1681	1936	rsmA_fluoroquinolone_antibiotic;_diaminopyrimidine_antibiotic;_phenicol_antibiotic	5	255	255	1.0	
barcode12_9Gb	contig_17076	2011	2266	rsmA_fluoroquinolone_antibiotic;_diaminopyrimidine_antibiotic;_phenicol_antibiotic	17	255	255	1.0	
barcode12_9Gb	contig_17154	2437	3277	sul1_sulfonamide_antibiotic	82	840	840	1.0	Unknown taxonomy (chromosome or plasmid)
barcode12_9Gb	contig_17154	3270	3618	qacEdelta1_disinfecting_agents_and_antiseptics	68	348	348	1.0	Unknown taxonomy (chromosome or plasmid)
barcode12_9Gb	contig_17154	3733	4267	ANT(2'')-Ia_aminoglycoside_antibiotic	65	534	534	1.0	Unknown taxonomy (chromosome or plasmid)
barcode12_9Gb	contig_17154	4389	5253	GES-1_carbapenem;_cephalosporin;_penam	76	864	864	1.0	Unknown taxonomy (chromosome or plasmid)
barcode12_9Gb	contig_17154	5326	5785	AAC(6')-Il_aminoglycoside_antibiotic	76	459	459	1.0	Unknown taxonomy (chromosome or plasmid)
barcode12_9Gb	contig_17154	16591	17431	sul1_sulfonamide_antibiotic	60	840	840	1.0	Unknown taxonomy (chromosome or plasmid)
barcode12_9Gb	contig_17154	17424	17772	qacEdelta1_disinfecting_agents_and_antiseptics	40	348	348	1.0	Unknown taxonomy (chromosome or plasmid)
barcode12_9Gb	contig_17186	2907	3564	QnrS2_fluoroquinolone_antibiotic	45	657	657	1.0	Unknown taxonomy (chromosome or plasmid)
barcode12_9Gb	contig_17213	5260	5695	Escherichia coli AcrAB-TolC with MarR mutations conferring resistance to ciprofloxacin and tetracycline_fluoroquinolone_antibiotic;_cephalosporin;_glycylcycline;_penam;_tetracycline_antibiotic;_rifamycin_antibiotic;_phenicol_antibiotic;_disinfecting_agents_and_antiseptics	9	435	435	1.0	Unknown taxonomy (chromosome or plasmid)
barcode12_9Gb	contig_17213	5714	6098	marA_fluoroquinolone_antibiotic;_monobactam;_carbapenem;_cephalosporin;_glycylcycline;_cephamycin;_penam;_tetracycline_antibiotic;_rifamycin_antibiotic;_phenicol_antibiotic;_penem;_disinfecting_agents_and_antiseptics	10	384	384	1.0	Unknown taxonomy (chromosome or plasmid)
barcode12_9Gb	contig_17310	1299	1956	QnrS1_fluoroquinolone_antibiotic	10	657	657	1.0	Unknown taxonomy (chromosome or plasmid)
barcode12_9Gb	contig_17310	6596	7472	CTX-M-15_cephalosporin;_penam	8	876	876	1.0	Unknown taxonomy (chromosome or plasmid)
barcode12_9Gb	contig_17340	12555	13686	vanT gene in vanG cluster_glycopeptide_antibiotic	10	1131	1131	1.0	
barcode12_9Gb	contig_17364	36185	36440	rsmA_fluoroquinolone_antibiotic;_diaminopyrimidine_antibiotic;_phenicol_antibiotic	7	255	255	1.0	
barcode12_9Gb	contig_17374	6488	6833	qacG_disinfecting_agents_and_antiseptics	6	345	345	1.0	Acinetobacter (no genomic info)
barcode12_9Gb	contig_17403	31876	33580	vanW gene in vanI cluster_glycopeptide_antibiotic	11	1704	1704	1.0	
barcode12_9Gb	contig_17413	15271	16312	vanG_glycopeptide_antibiotic	7	1041	1041	1.0	
barcode12_9Gb	contig_17413	16308	17061	vanXY gene in vanG cluster_glycopeptide_antibiotic	7	753	753	1.0	
barcode12_9Gb	contig_17413	17047	19129	vanT gene in vanG cluster_glycopeptide_antibiotic	6	2082	2082	1.0	
barcode12_9Gb	contig_17414	9514	9859	qacG_disinfecting_agents_and_antiseptics	26	345	345	1.0	Unknown taxonomy (chromosome or plasmid)
barcode12_9Gb	contig_17468	20141	21374	Escherichia coli mdfA_tetracycline_antibiotic;_disinfecting_agents_and_antiseptics	4	1233	1233	1.0	Escherichia coli (chromosome or plasmid)
barcode12_9Gb	contig_17545	36319	36664	qacG_disinfecting_agents_and_antiseptics	29	345	345	1.0	Unknown taxonomy (chromosome or plasmid)
barcode12_9Gb	contig_17569	37477	38125	Escherichia coli AcrAB-TolC with AcrR mutation conferring resistance to ciprofloxacin, tetracycline, and ceftazidime_fluoroquinolone_antibiotic;_cephalosporin;_glycylcycline;_penam;_tetracycline_antibiotic;_rifamycin_antibiotic;_phenicol_antibiotic;_disinfecting_agents_and_antiseptics	18	648	648	1.0	Unknown taxonomy (chromosome or plasmid)
barcode12_9Gb	contig_17569	38266	39460	Escherichia coli acrA_fluoroquinolone_antibiotic;_cephalosporin;_glycylcycline;_penam;_tetracycline_antibiotic;_rifamycin_antibiotic;_phenicol_antibiotic;_disinfecting_agents_and_antiseptics	18	1194	1194	1.0	Unknown taxonomy (chromosome or plasmid)
barcode12_9Gb	contig_17569	39482	42632	acrB_fluoroquinolone_antibiotic;_cephalosporin;_glycylcycline;_penam;_tetracycline_antibiotic;_rifamycin_antibiotic;_phenicol_antibiotic;_disinfecting_agents_and_antiseptics	15	3150	3150	1.0	Unknown taxonomy (chromosome or plasmid)
barcode12_9Gb	contig_17569	125093	126188	vanG_glycopeptide_antibiotic	9	1095	1095	1.0	Unknown taxonomy (chromosome or plasmid)
barcode12_9Gb	contig_1827	14602	15463	TEM-1_monobactam;_cephalosporin;_penam;_penem	54	861	861	1.0	Unknown taxonomy (chromosome or plasmid)
barcode12_9Gb	contig_1827	15604	16465	AAC(3)-IIe_aminoglycoside_antibiotic	38	861	861	1.0	Unknown taxonomy (chromosome or plasmid)
barcode12_9Gb	contig_1953	14433	15771	qacG_disinfecting_agents_and_antiseptics	10	1338	1338	1.0	
barcode12_9Gb	contig_1993	73796	74474	kdpE_aminoglycoside_antibiotic	10	678	678	1.0	Unknown taxonomy (chromosome or plasmid)
barcode12_9Gb	contig_1994	4906	5938	mdtN_nucleoside_antibiotic;_disinfecting_agents_and_antiseptics	18	1032	1032	1.0	Escherichia coli (chromosome or plasmid)
barcode12_9Gb	contig_1994	5937	7989	mdtO_nucleoside_antibiotic;_disinfecting_agents_and_antiseptics	21	2052	2052	1.0	Escherichia coli (chromosome or plasmid)
barcode12_9Gb	contig_1994	7985	9452	mdtP_nucleoside_antibiotic;_disinfecting_agents_and_antiseptics	20	1467	1467	1.0	Unknown taxonomy (chromosome or plasmid)
barcode12_9Gb	contig_1994	30750	31215	Escherichia coli soxR with mutation conferring antibiotic resistance_fluoroquinolone_antibiotic;_cephalosporin;_glycylcycline;_penam;_tetracycline_antibiotic;_rifamycin_antibiotic;_phenicol_antibiotic;_disinfecting_agents_and_antiseptics	23	465	465	1.0	Unknown taxonomy (chromosome or plasmid)
barcode12_9Gb	contig_1994	31300	31624	Escherichia coli soxS with mutation conferring antibiotic resistance_fluoroquinolone_antibiotic;_monobactam;_carbapenem;_cephalosporin;_glycylcycline;_cephamycin;_penam;_tetracycline_antibiotic;_rifamycin_antibiotic;_phenicol_antibiotic;_penem;_disinfecting_agents_and_antiseptics	22	324	324	1.0	Unknown taxonomy (chromosome or plasmid)
barcode12_9Gb	contig_1994	130504	131689	Escherichia coli EF-Tu mutants conferring resistance to Pulvomycin_elfamycin_antibiotic	24	1185	1185	1.0	Unknown taxonomy (chromosome or plasmid)
barcode12_9Gb	contig_1999	5290	5488	rsmA_fluoroquinolone_antibiotic;_diaminopyrimidine_antibiotic;_phenicol_antibiotic	22	198	198	1.0	
barcode12_9Gb	contig_2001	147476	148442	CfxA3_cephamycin	37	966	966	1.0	Unknown taxonomy (chromosome or plasmid)
barcode12_9Gb	contig_2017	22421	25532	adeB_glycylcycline;_tetracycline_antibiotic	9	3111	3111	1.0	Acinetobacter baumannii (no genomic info)
barcode12_9Gb	contig_2019	42331	43057	vanY gene in vanB cluster_glycopeptide_antibiotic	12	726	726	1.0	Roseburia hominis (no genomic info)
barcode12_9Gb	contig_2027	165665	166067	FosA8_phosphonic_acid_antibiotic	85	402	402	1.0	Aeromonas caviae (chromosome or plasmid)
barcode12_9Gb	contig_2138	44066	44909	OXA-58_carbapenem;_penam	41	843	843	1.0	Unknown taxonomy (chromosome or plasmid)
barcode12_9Gb	contig_2167	75736	77128	Escherichia coli UhpT with mutation conferring resistance to fosfomycin_phosphonic_acid_antibiotic	9	1392	1392	1.0	Citrobacter (chromosome or plasmid)
barcode12_9Gb	contig_2180	229669	230200	emrR_fluoroquinolone_antibiotic	17	531	531	1.0	Enterobacter kobei (chromosome or plasmid)
barcode12_9Gb	contig_2180	230326	231499	emrA_fluoroquinolone_antibiotic	15	1173	1173	1.0	
barcode12_9Gb	contig_2180	231515	233063	emrB_fluoroquinolone_antibiotic	16	1548	1548	1.0	Enterobacter kobei (chromosome or plasmid)
barcode12_9Gb	contig_2180	240104	240290	rsmA_fluoroquinolone_antibiotic;_diaminopyrimidine_antibiotic;_phenicol_antibiotic	26	186	186	1.0	Enterobacter (chromosome or plasmid)
barcode12_9Gb	contig_2182	74381	75755	cpxA_aminoglycoside_antibiotic;_aminocoumarin_antibiotic	11	1374	1374	1.0	
barcode12_9Gb	contig_2186	18801	19986	Escherichia coli EF-Tu mutants conferring resistance to Pulvomycin_elfamycin_antibiotic	12	1185	1185	1.0	Klebsiella michiganensis (chromosome or plasmid)
barcode12_9Gb	contig_2195	31536	32721	Escherichia coli EF-Tu mutants conferring resistance to Pulvomycin_elfamycin_antibiotic	17	1185	1185	1.0	Citrobacter (chromosome or plasmid)
barcode12_9Gb	contig_2207	72952	74035	vanG_glycopeptide_antibiotic	12	1083	1083	1.0	Enterobacter (chromosome)
barcode12_9Gb	contig_2208	20058	21204	CMY-129_cephamycin	10	1146	1146	1.0	Citrobacter (chromosome or plasmid)
barcode12_9Gb	contig_2208	212055	213297	mdtM_fluoroquinolone_antibiotic;_lincosamide_antibiotic;_nucleoside_antibiotic;_phenicol_antibiotic;_disinfecting_agents_and_antiseptics	11	1242	1242	1.0	
barcode12_9Gb	contig_2208	372191	373139	leuO_nucleoside_antibiotic;_disinfecting_agents_and_antiseptics	15	948	948	1.0	Citrobacter (chromosome)
barcode12_9Gb	contig_2209	4239	5424	Escherichia coli EF-Tu mutants conferring resistance to Pulvomycin_elfamycin_antibiotic	8	1185	1185	1.0	Klebsiella (chromosome or plasmid)
barcode12_9Gb	contig_2233	4881	6855	tet(Q)_tetracycline_antibiotic	40	1974	1974	1.0	Unknown taxonomy (chromosome)
barcode12_9Gb	contig_2235	2	494	tet(Q)_tetracycline_antibiotic	8	492	492	1.0	Unknown taxonomy (chromosome)
barcode12_9Gb	contig_2238	1835	3761	tet(Q)_tetracycline_antibiotic	60	1926	1926	1.0	Unknown taxonomy (chromosome)
barcode12_9Gb	contig_2239	1890	2667	tet(Q)_tetracycline_antibiotic	31	777	777	1.0	Unknown taxonomy (chromosome)
barcode12_9Gb	contig_2262	7979	8309	qacG_disinfecting_agents_and_antiseptics	8	330	330	1.0	
barcode12_9Gb	contig_2315	2050	2878	OXA-253_carbapenem;_penam	76	828	828	1.0	Acinetobacter baumannii (chromosome)
barcode12_9Gb	contig_2379	125	1010	mphE_macrolide_antibiotic	57	885	885	1.0	Unknown taxonomy (chromosome or plasmid)
barcode12_9Gb	contig_2379	1065	2541	msrE_macrolide_antibiotic;_streptogramin_antibiotic	76	1476	1476	1.0	Unknown taxonomy (chromosome or plasmid)
barcode12_9Gb	contig_2390	2780	3608	OXA-253_carbapenem;_penam	140	828	828	1.0	Acinetobacter baumannii (chromosome)
barcode12_9Gb	contig_2391	139	925	mphE_macrolide_antibiotic	4	786	786	1.0	Unknown taxonomy (chromosome or plasmid)
barcode12_9Gb	contig_2394	133	1018	mphE_macrolide_antibiotic	18	885	885	1.0	Unknown taxonomy (chromosome or plasmid)
barcode12_9Gb	contig_2394	1073	2549	msrE_macrolide_antibiotic;_streptogramin_antibiotic	14	1476	1476	1.0	Unknown taxonomy (chromosome or plasmid)
barcode12_9Gb	contig_2413	532	1375	OXA-58_carbapenem;_penam	31	843	843	1.0	Unknown taxonomy (chromosome or plasmid)
barcode12_9Gb	contig_2413	7713	9189	msrE_macrolide_antibiotic;_streptogramin_antibiotic	257	1476	1476	1.0	Unknown taxonomy (chromosome or plasmid)
barcode12_9Gb	contig_2413	9244	10129	mphE_macrolide_antibiotic	262	885	885	1.0	Unknown taxonomy (chromosome or plasmid)
barcode12_9Gb	contig_2415	10474	11950	msrE_macrolide_antibiotic;_streptogramin_antibiotic	152	1476	1476	1.0	Unknown taxonomy (chromosome or plasmid)
barcode12_9Gb	contig_2415	12005	12890	mphE_macrolide_antibiotic	113	885	885	1.0	Unknown taxonomy (chromosome or plasmid)
barcode12_9Gb	contig_2416	9398	10874	msrE_macrolide_antibiotic;_streptogramin_antibiotic	204	1476	1476	1.0	Unknown taxonomy (chromosome or plasmid)
barcode12_9Gb	contig_2416	10929	11814	mphE_macrolide_antibiotic	246	885	885	1.0	Unknown taxonomy (chromosome or plasmid)
barcode12_9Gb	contig_2424	1593	2808	floR_phenicol_antibiotic	25	1215	1215	1.0	Unknown taxonomy (chromosome or plasmid)
barcode12_9Gb	contig_2426	3045	3645	AAC(6')-Ib-cr6_fluoroquinolone_antibiotic;_aminoglycoside_antibiotic	31	600	600	1.0	Unknown taxonomy (chromosome or plasmid)
barcode12_9Gb	contig_2426	5859	6636	aadA_aminoglycoside_antibiotic	28	777	777	1.0	Unknown taxonomy (chromosome or plasmid)
barcode12_9Gb	contig_2426	6695	7520	OXA-9_penam	16	825	825	1.0	Unknown taxonomy (chromosome or plasmid)
barcode12_9Gb	contig_2426	8219	9080	TEM-1_monobactam;_cephalosporin;_penam;_penem	52	861	861	1.0	Unknown taxonomy (chromosome or plasmid)
barcode12_9Gb	contig_2426	12256	13531	tet(A)_tetracycline_antibiotic	18	1275	1275	1.0	Unknown taxonomy (chromosome or plasmid)
barcode12_9Gb	contig_2428	2618	3806	tet(39)_tetracycline_antibiotic	49	1188	1188	1.0	Unknown taxonomy (plasmid)
barcode12_9Gb	contig_2439	14037	14382	qacG_disinfecting_agents_and_antiseptics	49	345	345	1.0	Unknown taxonomy (chromosome or plasmid)
barcode12_9Gb	contig_2441	923	1808	mphE_macrolide_antibiotic	85	885	885	1.0	Unknown taxonomy (chromosome or plasmid)
barcode12_9Gb	contig_2441	1863	3339	msrE_macrolide_antibiotic;_streptogramin_antibiotic	99	1476	1476	1.0	Unknown taxonomy (chromosome or plasmid)
barcode12_9Gb	contig_2441	9532	10348	sul2_sulfonamide_antibiotic	74	816	816	1.0	Unknown taxonomy (chromosome or plasmid)
barcode12_9Gb	contig_2441	12299	13514	floR_phenicol_antibiotic	37	1215	1215	1.0	Unknown taxonomy (chromosome or plasmid)
barcode12_9Gb	contig_2478	868	1708	sul1_sulfonamide_antibiotic	61	840	840	1.0	Unknown taxonomy (chromosome or plasmid)
barcode12_9Gb	contig_2478	1701	2049	qacEdelta1_disinfecting_agents_and_antiseptics	59	348	348	1.0	Unknown taxonomy (chromosome or plasmid)
barcode12_9Gb	contig_2478	2164	2698	ANT(2'')-Ia_aminoglycoside_antibiotic	66	534	534	1.0	Unknown taxonomy (chromosome or plasmid)
barcode12_9Gb	contig_2478	2820	3684	GES-1_carbapenem;_cephalosporin;_penam	83	864	864	1.0	Unknown taxonomy (chromosome or plasmid)
barcode12_9Gb	contig_2478	17935	18751	APH(3')-Ia_aminoglycoside_antibiotic	73	816	816	1.0	Unknown taxonomy (chromosome or plasmid)
barcode12_9Gb	contig_2479	38230	38614	marA_fluoroquinolone_antibiotic;_monobactam;_carbapenem;_cephalosporin;_glycylcycline;_cephamycin;_penam;_tetracycline_antibiotic;_rifamycin_antibiotic;_phenicol_antibiotic;_penem;_disinfecting_agents_and_antiseptics	2	384	384	1.0	Citrobacter (chromosome)
barcode12_9Gb	contig_2479	38632	39067	Escherichia coli AcrAB-TolC with MarR mutations conferring resistance to ciprofloxacin and tetracycline_fluoroquinolone_antibiotic;_cephalosporin;_glycylcycline;_penam;_tetracycline_antibiotic;_rifamycin_antibiotic;_phenicol_antibiotic;_disinfecting_agents_and_antiseptics	2	435	435	1.0	Citrobacter freundii (chromosome)
barcode12_9Gb	contig_2509	9401	11009	tet(O/W)_tetracycline_antibiotic	14	1608	1608	1.0	Eggerthella lenta (chromosome or plasmid)
barcode12_9Gb	contig_2713	5121	6312	tet(C)_tetracycline_antibiotic	32	1191	1191	1.0	Unknown taxonomy (chromosome or plasmid)
barcode12_9Gb	contig_2713	7818	9009	tet(C)_tetracycline_antibiotic	21	1191	1191	1.0	Unknown taxonomy (chromosome or plasmid)
barcode12_9Gb	contig_2713	10553	11393	sul1_sulfonamide_antibiotic	39	840	840	1.0	Unknown taxonomy (chromosome or plasmid)
barcode12_9Gb	contig_2793	67568	68369	OXA-10_cephalosporin;_penam	17	801	801	1.0	Unknown taxonomy (chromosome or plasmid)
barcode12_9Gb	contig_2795	488530	488965	Escherichia coli AcrAB-TolC with MarR mutations conferring resistance to ciprofloxacin and tetracycline_fluoroquinolone_antibiotic;_cephalosporin;_glycylcycline;_penam;_tetracycline_antibiotic;_rifamycin_antibiotic;_phenicol_antibiotic;_disinfecting_agents_and_antiseptics	10	435	435	1.0	Enterobacter (chromosome)
barcode12_9Gb	contig_2795	488984	489365	marA_fluoroquinolone_antibiotic;_monobactam;_carbapenem;_cephalosporin;_glycylcycline;_cephamycin;_penam;_tetracycline_antibiotic;_rifamycin_antibiotic;_phenicol_antibiotic;_penem;_disinfecting_agents_and_antiseptics	8	381	381	1.0	Enterobacter (chromosome or plasmid)
barcode12_9Gb	contig_2795	650771	653924	oqxB_fluoroquinolone_antibiotic;_glycylcycline;_tetracycline_antibiotic;_diaminopyrimidine_antibiotic;_nitrofuran_antibiotic	19	3153	3153	1.0	Enterobacter kobei (chromosome)
barcode12_9Gb	contig_2795	653948	655124	oqxA_fluoroquinolone_antibiotic;_glycylcycline;_tetracycline_antibiotic;_diaminopyrimidine_antibiotic;_nitrofuran_antibiotic	17	1176	1176	1.0	Enterobacter kobei (chromosome)
barcode12_9Gb	contig_2795	683064	683394	Klebsiella pneumoniae KpnF_macrolide_antibiotic;_aminoglycoside_antibiotic;_cephalosporin;_tetracycline_antibiotic;_peptide_antibiotic;_rifamycin_antibiotic;_disinfecting_agents_and_antiseptics	18	330	330	1.0	Enterobacter kobei (chromosome)
barcode12_9Gb	contig_2795	683380	683743	Klebsiella pneumoniae KpnE_macrolide_antibiotic;_aminoglycoside_antibiotic;_cephalosporin;_tetracycline_antibiotic;_peptide_antibiotic;_rifamycin_antibiotic;_disinfecting_agents_and_antiseptics	17	363	363	1.0	Enterobacter kobei (chromosome)
barcode12_9Gb	contig_2795	1147922	1149671	msbA_nitroimidazole_antibiotic	19	1749	1749	1.0	Enterobacter kobei (chromosome)
barcode12_9Gb	contig_2795	1248569	1249802	Escherichia coli mdfA_tetracycline_antibiotic;_disinfecting_agents_and_antiseptics	25	1233	1233	1.0	
barcode12_9Gb	contig_2812	16898	17243	qacJ_disinfecting_agents_and_antiseptics	5	345	345	1.0	Unknown taxonomy (chromosome or plasmid)
barcode12_9Gb	contig_2838	5684	6869	Escherichia coli EF-Tu mutants conferring resistance to Pulvomycin_elfamycin_antibiotic	26	1185	1185	1.0	Enterobacter (chromosome or plasmid)
barcode12_9Gb	contig_2844	4769	5114	qacG_disinfecting_agents_and_antiseptics	8	345	345	1.0	Unknown taxonomy (chromosome or plasmid)
barcode12_9Gb	contig_2847	117099	117444	qacG_disinfecting_agents_and_antiseptics	12	345	345	1.0	
barcode12_9Gb	contig_295	8259	9096	APH(6)-Id_aminoglycoside_antibiotic	84	837	837	1.0	Unknown taxonomy (chromosome or plasmid)
barcode12_9Gb	contig_3013	7442	8264	bacA_peptide_antibiotic	26	822	822	1.0	Unknown taxonomy (chromosome or plasmid)
barcode12_9Gb	contig_3013	30646	32135	TolC_macrolide_antibiotic;_fluoroquinolone_antibiotic;_aminoglycoside_antibiotic;_carbapenem;_cephalosporin;_glycylcycline;_cephamycin;_penam;_tetracycline_antibiotic;_peptide_antibiotic;_aminocoumarin_antibiotic;_rifamycin_antibiotic;_phenicol_antibiotic;_penem;_disinfecting_agents_and_antiseptics	18	1489	1489	1.0	Unknown taxonomy (chromosome or plasmid)
barcode12_9Gb	contig_3134	139873	143029	adeF_fluoroquinolone_antibiotic;_tetracycline_antibiotic	13	3156	3156	1.0	
barcode12_9Gb	contig_3149	2125	2992	SCO-1_cephalosporin;_penam;_penem	5	867	867	1.0	Unknown taxonomy (chromosome or plasmid)
barcode12_9Gb	contig_3157	298	1114	sul2_sulfonamide_antibiotic	53	816	816	1.0	Unknown taxonomy (chromosome or plasmid)
barcode12_9Gb	contig_3157	1984	2821	APH(6)-Id_aminoglycoside_antibiotic	39	837	837	1.0	Unknown taxonomy (chromosome or plasmid)
barcode12_9Gb	contig_3157	5526	6741	floR_phenicol_antibiotic	57	1215	1215	1.0	Unknown taxonomy (chromosome or plasmid)
barcode12_9Gb	contig_3157	13656	14541	mphE_macrolide_antibiotic	58	885	885	1.0	Unknown taxonomy (chromosome or plasmid)
barcode12_9Gb	contig_3157	14596	16072	msrE_macrolide_antibiotic;_streptogramin_antibiotic	52	1476	1476	1.0	Unknown taxonomy (chromosome or plasmid)
barcode12_9Gb	contig_3158	6876	7692	sul2_sulfonamide_antibiotic	71	816	816	1.0	Unknown taxonomy (chromosome or plasmid)
barcode12_9Gb	contig_3160	4216	5032	sul2_sulfonamide_antibiotic	33	816	816	1.0	Unknown taxonomy (chromosome or plasmid)
barcode12_9Gb	contig_3170	380477	381677	tet(A)_tetracycline_antibiotic	32	1200	1200	1.0	Unknown taxonomy (chromosome or plasmid)
barcode12_9Gb	contig_3170	382754	383591	APH(6)-Id_aminoglycoside_antibiotic	40	837	837	1.0	Unknown taxonomy (chromosome or plasmid)
barcode12_9Gb	contig_3170	384454	385270	sul2_sulfonamide_antibiotic	54	816	816	1.0	Unknown taxonomy (chromosome or plasmid)
barcode12_9Gb	contig_3170	993922	994258	qacG_disinfecting_agents_and_antiseptics	22	336	336	1.0	
barcode12_9Gb	contig_3178	785548	786658	vanT gene in vanG cluster_glycopeptide_antibiotic	244	1110	1110	1.0	
barcode12_9Gb	contig_3178	1030039	1033231	adeF_fluoroquinolone_antibiotic;_tetracycline_antibiotic	261	3192	3192	1.0	
barcode12_9Gb	contig_3178	1288860	1289367	nimK_nitroimidazole_antibiotic	214	507	507	1.0	
barcode12_9Gb	contig_3178	1991374	1992610	vanW gene in vanI cluster_glycopeptide_antibiotic	235	1236	1236	1.0	
barcode12_9Gb	contig_3203	19367	20684	Acinetobacter baumannii AbaQ_fluoroquinolone_antibiotic	14	1317	1317	1.0	
barcode12_9Gb	contig_3224	32775	34410	vanW gene in vanI cluster_glycopeptide_antibiotic	7	1635	1635	1.0	
barcode12_9Gb	contig_3271	7140	7650	AAC(6')-Ib-cr3_fluoroquinolone_antibiotic;_aminoglycoside_antibiotic	9	510	510	1.0	Unknown taxonomy (chromosome or plasmid)
barcode12_9Gb	contig_3274	134	587	arr-3_rifamycin_antibiotic	19	453	453	1.0	Unknown taxonomy (chromosome or plasmid)
barcode12_9Gb	contig_3274	1442	2273	OXA-1_cephalosporin;_penam	47	831	831	1.0	Unknown taxonomy (chromosome or plasmid)
barcode12_9Gb	contig_3274	2403	3003	AAC(6')-Ib-cr6_fluoroquinolone_antibiotic;_aminoglycoside_antibiotic	47	600	600	1.0	Unknown taxonomy (chromosome or plasmid)
barcode12_9Gb	contig_3275	9044	9683	vanW gene in vanI cluster_glycopeptide_antibiotic	1	639	639	1.0	
barcode12_9Gb	contig_3463	10181	11009	OXA-253_carbapenem;_penam	4	828	828	1.0	Acinetobacter baumannii (chromosome or plasmid)
barcode12_9Gb	contig_3476	70615	70801	rsmA_fluoroquinolone_antibiotic;_diaminopyrimidine_antibiotic;_phenicol_antibiotic	12	186	186	1.0	Unknown taxonomy (chromosome or plasmid)
barcode12_9Gb	contig_3476	75608	77147	emrB_fluoroquinolone_antibiotic	18	1539	1539	1.0	Unknown taxonomy (chromosome or plasmid)
barcode12_9Gb	contig_3476	77163	78336	emrA_fluoroquinolone_antibiotic	18	1173	1173	1.0	Unknown taxonomy (chromosome or plasmid)
barcode12_9Gb	contig_3476	78462	78993	emrR_fluoroquinolone_antibiotic	16	531	531	1.0	Unknown taxonomy (chromosome or plasmid)
barcode12_9Gb	contig_3476	376279	379873	evgS_macrolide_antibiotic;_fluoroquinolone_antibiotic;_penam;_tetracycline_antibiotic	14	3594	3594	1.0	Unknown taxonomy (chromosome or plasmid)
barcode12_9Gb	contig_3476	379877	380492	evgA_macrolide_antibiotic;_fluoroquinolone_antibiotic;_penam;_tetracycline_antibiotic	12	615	615	1.0	Unknown taxonomy (chromosome or plasmid)
barcode12_9Gb	contig_3476	381015	382071	emrK_tetracycline_antibiotic	11	1056	1056	1.0	Unknown taxonomy (chromosome or plasmid)
barcode12_9Gb	contig_3476	382070	383609	emrY_tetracycline_antibiotic	10	1539	1539	1.0	Unknown taxonomy (chromosome or plasmid)
barcode12_9Gb	contig_3476	480374	482027	ArnT_peptide_antibiotic	18	1653	1653	1.0	Unknown taxonomy (chromosome or plasmid)
barcode12_9Gb	contig_3476	484895	485864	PmrF_peptide_antibiotic	15	969	969	1.0	Escherichia coli (chromosome or plasmid)
barcode12_9Gb	contig_3476	500566	501925	Escherichia coli GlpT with mutation conferring resistance to fosfomycin_phosphonic_acid_antibiotic	9	1359	1359	1.0	Unknown taxonomy (chromosome or plasmid)
barcode12_9Gb	contig_3476	513525	516153	Escherichia coli gyrA conferring resistance to fluoroquinolones_fluoroquinolone_antibiotic	9	2628	2628	1.0	Unknown taxonomy (chromosome or plasmid)
barcode12_9Gb	contig_3476	542531	544175	YojI_peptide_antibiotic	7	1644	1644	1.0	Unknown taxonomy (chromosome or plasmid)
barcode12_9Gb	contig_3476	1237407	1240599	adeF_fluoroquinolone_antibiotic;_tetracycline_antibiotic	59	3192	3192	1.0	
barcode12_9Gb	contig_3503	20522	21155	CRP_macrolide_antibiotic;_fluoroquinolone_antibiotic;_penam	21	633	633	1.0	Unknown taxonomy (chromosome or plasmid)
barcode12_9Gb	contig_3503	35947	37132	Escherichia coli EF-Tu mutants conferring resistance to Pulvomycin_elfamycin_antibiotic	24	1185	1185	1.0	Unknown taxonomy (chromosome or plasmid)
barcode12_9Gb	contig_3652	7902	8898	CfxA6_cephamycin	34	996	996	1.0	
barcode12_9Gb	contig_3767	85121	86111	vanH gene in vanB cluster_glycopeptide_antibiotic	28	990	990	1.0	
barcode12_9Gb	contig_3781	526391	528884	vanT gene in vanG cluster_glycopeptide_antibiotic	14	2493	2493	1.0	
barcode12_9Gb	contig_3890	15905	16238	qacG_disinfecting_agents_and_antiseptics	8	333	333	1.0	
barcode12_9Gb	contig_3913	71690	72950	EreB_macrolide_antibiotic	16	1260	1260	1.0	
barcode12_9Gb	contig_4006	593846	595004	vanT gene in vanG cluster_glycopeptide_antibiotic	45	1158	1158	1.0	
barcode12_9Gb	contig_4179	205500	205914	H-NS_macrolide_antibiotic;_fluoroquinolone_antibiotic;_cephalosporin;_cephamycin;_penam;_tetracycline_antibiotic	10	414	414	1.0	Unknown taxonomy (chromosome or plasmid)
barcode12_9Gb	contig_4181	14502	14835	qacJ_disinfecting_agents_and_antiseptics	7	333	333	1.0	
barcode12_9Gb	contig_4281	14186	15407	mdtG_phosphonic_acid_antibiotic	8	1221	1221	1.0	Citrobacter portucalensis (chromosome)
barcode12_9Gb	contig_431	20103	20907	APH(3'')-Ib_aminoglycoside_antibiotic	130	804	804	1.0	Unknown taxonomy (chromosome or plasmid)
barcode12_9Gb	contig_431	20906	21743	APH(6)-Id_aminoglycoside_antibiotic	123	837	837	1.0	Unknown taxonomy (chromosome or plasmid)
barcode12_9Gb	contig_431	24007	25483	msrE_macrolide_antibiotic;_streptogramin_antibiotic	250	1476	1476	1.0	Unknown taxonomy (chromosome or plasmid)
barcode12_9Gb	contig_431	25538	26423	mphE_macrolide_antibiotic	255	885	885	1.0	Unknown taxonomy (chromosome or plasmid)
barcode12_9Gb	contig_431	49690	50494	APH(3'')-Ib_aminoglycoside_antibiotic	86	804	804	1.0	Unknown taxonomy (chromosome or plasmid)
barcode12_9Gb	contig_431	50493	51330	APH(6)-Id_aminoglycoside_antibiotic	76	837	837	1.0	Unknown taxonomy (chromosome or plasmid)
barcode12_9Gb	contig_431	55175	56651	msrE_macrolide_antibiotic;_streptogramin_antibiotic	189	1476	1476	1.0	Unknown taxonomy (chromosome or plasmid)
barcode12_9Gb	contig_431	56706	57591	mphE_macrolide_antibiotic	147	885	885	1.0	Unknown taxonomy (chromosome or plasmid)
barcode12_9Gb	contig_4319	12284	13109	OXA-333_carbapenem;_penam	375	825	825	1.0	Acinetobacter johnsonii (chromosome)
barcode12_9Gb	contig_4348	715423	716533	vanT gene in vanG cluster_glycopeptide_antibiotic	78	1110	1110	1.0	
barcode12_9Gb	contig_4425	201952	203065	vanT gene in vanG cluster_glycopeptide_antibiotic	15	1113	1113	1.0	
barcode12_9Gb	contig_4425	397354	400495	adeF_fluoroquinolone_antibiotic;_tetracycline_antibiotic	14	3141	3141	1.0	
barcode12_9Gb	contig_4425	499537	500869	vanW gene in vanI cluster_glycopeptide_antibiotic	15	1332	1332	1.0	
barcode12_9Gb	contig_4425	2912198	2913575	vanW gene in vanI cluster_glycopeptide_antibiotic	16	1377	1377	1.0	
barcode12_9Gb	contig_447	12425	12884	AAC(6')-Il_aminoglycoside_antibiotic	103	459	459	1.0	Unknown taxonomy (chromosome or plasmid)
barcode12_9Gb	contig_447	12957	13821	GES-1_carbapenem;_cephalosporin;_penam	101	864	864	1.0	Unknown taxonomy (chromosome or plasmid)
barcode12_9Gb	contig_447	13953	14427	dfrA6_diaminopyrimidine_antibiotic	81	474	474	1.0	Unknown taxonomy (chromosome or plasmid)
barcode12_9Gb	contig_447	16145	16802	QnrVC1_fluoroquinolone_antibiotic	72	657	657	1.0	Unknown taxonomy (chromosome or plasmid)
barcode12_9Gb	contig_4488	50377	51628	adeI_macrolide_antibiotic;_fluoroquinolone_antibiotic;_lincosamide_antibiotic;_carbapenem;_cephalosporin;_tetracycline_antibiotic;_rifamycin_antibiotic;_diaminopyrimidine_antibiotic;_phenicol_antibiotic;_penem	26	1251	1251	1.0	Acinetobacter baumannii (chromosome or plasmid)
barcode12_9Gb	contig_4488	51640	54817	adeJ_macrolide_antibiotic;_fluoroquinolone_antibiotic;_lincosamide_antibiotic;_carbapenem;_cephalosporin;_tetracycline_antibiotic;_rifamycin_antibiotic;_diaminopyrimidine_antibiotic;_phenicol_antibiotic;_penem	29	3177	3177	1.0	Acinetobacter baumannii (chromosome or plasmid)
barcode12_9Gb	contig_4488	54816	56271	adeK_macrolide_antibiotic;_fluoroquinolone_antibiotic;_lincosamide_antibiotic;_carbapenem;_cephalosporin;_tetracycline_antibiotic;_rifamycin_antibiotic;_diaminopyrimidine_antibiotic;_phenicol_antibiotic;_penem	22	1455	1455	1.0	Acinetobacter baumannii (chromosome or plasmid)
barcode12_9Gb	contig_4491	21292	21925	CRP_macrolide_antibiotic;_fluoroquinolone_antibiotic;_penam	8	633	633	1.0	Citrobacter (chromosome)
barcode12_9Gb	contig_4493	28857	29490	CRP_macrolide_antibiotic;_fluoroquinolone_antibiotic;_penam	4	633	633	1.0	Klebsiella (chromosome)
barcode12_9Gb	contig_4494	10819	12004	Escherichia coli EF-Tu mutants conferring resistance to Pulvomycin_elfamycin_antibiotic	18	1185	1185	1.0	Enterobacter (chromosome or plasmid)
barcode12_9Gb	contig_4495	3208	4393	Escherichia coli EF-Tu mutants conferring resistance to Pulvomycin_elfamycin_antibiotic	8	1185	1185	1.0	Klebsiella pneumoniae (chromosome or plasmid)
barcode12_9Gb	contig_4495	19449	20082	CRP_macrolide_antibiotic;_fluoroquinolone_antibiotic;_penam	7	633	633	1.0	Klebsiella (chromosome)
barcode12_9Gb	contig_4501	195078	195900	bacA_peptide_antibiotic	26	822	822	1.0	
barcode12_9Gb	contig_452	669	1908	Mrx_macrolide_antibiotic	196	1239	1239	1.0	Unknown taxonomy (chromosome or plasmid)
barcode12_9Gb	contig_452	137260	138451	tet(C)_tetracycline_antibiotic	60	1191	1191	1.0	Unknown taxonomy (chromosome or plasmid)
barcode12_9Gb	contig_452	141577	142237	catA1_phenicol_antibiotic	12	660	660	1.0	Unknown taxonomy (chromosome or plasmid)
barcode12_9Gb	contig_452	148864	149374	dfrA8_diaminopyrimidine_antibiotic	13	510	510	1.0	Unknown taxonomy (chromosome or plasmid)
barcode12_9Gb	contig_452	151735	152335	AAC(6')-Ib-cr6_fluoroquinolone_antibiotic;_aminoglycoside_antibiotic	47	600	600	1.0	Unknown taxonomy (chromosome or plasmid)
barcode12_9Gb	contig_452	152465	153296	OXA-1_cephalosporin;_penam	46	831	831	1.0	Unknown taxonomy (chromosome or plasmid)
barcode12_9Gb	contig_452	153433	154066	catB3_phenicol_antibiotic	34	633	633	1.0	Unknown taxonomy (chromosome or plasmid)
barcode12_9Gb	contig_452	154150	154603	arr-3_rifamycin_antibiotic	19	453	453	1.0	Unknown taxonomy (chromosome or plasmid)
barcode12_9Gb	contig_4533	32129	33110	vanW gene in vanI cluster_glycopeptide_antibiotic	4	981	981	1.0	
barcode12_9Gb	contig_4647	36736	37921	Escherichia coli EF-Tu mutants conferring resistance to Pulvomycin_elfamycin_antibiotic	24	1185	1185	1.0	Unknown taxonomy (chromosome or plasmid)
barcode12_9Gb	contig_4647	57878	59063	Escherichia coli EF-Tu mutants conferring resistance to Pulvomycin_elfamycin_antibiotic	15	1185	1185	1.0	Unknown taxonomy (chromosome)
barcode12_9Gb	contig_4679	58781	59855	vanT gene in vanG cluster_glycopeptide_antibiotic	73	1074	1074	1.0	
barcode12_9Gb	contig_4706	138	918	APH(3')-VIa_aminoglycoside_antibiotic	61	780	780	1.0	Unknown taxonomy (chromosome or plasmid)
barcode12_9Gb	contig_4829	3220	4075	CTX-M-174_cephalosporin	1	855	855	1.0	Unknown taxonomy (chromosome or plasmid)
barcode12_9Gb	contig_4841	395556	396759	vanT gene in vanG cluster_glycopeptide_antibiotic	29	1203	1203	1.0	
barcode12_9Gb	contig_4841	466050	467544	vanW gene in vanI cluster_glycopeptide_antibiotic	24	1494	1494	1.0	
barcode12_9Gb	contig_4841	1395453	1396017	lnuC_lincosamide_antibiotic	61	564	564	1.0	Unknown taxonomy (chromosome or plasmid)
barcode12_9Gb	contig_4841	2230855	2234008	adeF_fluoroquinolone_antibiotic;_tetracycline_antibiotic	21	3153	3153	1.0	
barcode12_9Gb	contig_4841	2302179	2302743	lnuC_lincosamide_antibiotic	44	564	564	1.0	Unknown taxonomy (chromosome or plasmid)
barcode12_9Gb	contig_508	9206	10034	OXA-253_carbapenem;_penam	53	828	828	1.0	Acinetobacter baumannii (chromosome)
barcode12_9Gb	contig_5134	34	589	tet(W)_tetracycline_antibiotic	2	555	555	1.0	Unknown taxonomy (chromosome or plasmid)
barcode12_9Gb	contig_5146	19789	20671	vanW gene in vanG cluster_glycopeptide_antibiotic	463	882	882	1.0	Acinetobacter johnsonii (chromosome)
barcode12_9Gb	contig_5149	6946	7828	vanW gene in vanG cluster_glycopeptide_antibiotic	235	882	882	1.0	Acinetobacter johnsonii (chromosome)
barcode12_9Gb	contig_5159	1242	1716	dfrA6_diaminopyrimidine_antibiotic	46	474	474	1.0	Unknown taxonomy (chromosome or plasmid)
barcode12_9Gb	contig_5159	1874	2531	QnrVC1_fluoroquinolone_antibiotic	43	657	657	1.0	Unknown taxonomy (chromosome or plasmid)
barcode12_9Gb	contig_5229	1769067	1769556	nimJ_nitroimidazole_antibiotic	10	489	489	1.0	
barcode12_9Gb	contig_5308	204193	207307	acrD_aminoglycoside_antibiotic	17	3114	3114	1.0	Enterobacter (chromosome)
barcode12_9Gb	contig_5310	258964	259687	baeR_aminoglycoside_antibiotic;_aminocoumarin_antibiotic	23	723	723	1.0	Enterobacter (chromosome)
barcode12_9Gb	contig_5310	262505	265583	mdtC_aminocoumarin_antibiotic	22	3078	3078	1.0	
barcode12_9Gb	contig_5310	265583	268706	mdtB_aminocoumarin_antibiotic	17	3123	3123	1.0	
barcode12_9Gb	contig_537	1622	2513	KPC-2_monobactam;_carbapenem;_cephalosporin;_penam	191	891	891	1.0	Unknown taxonomy (chromosome or plasmid)
barcode12_9Gb	contig_5488	14648	15743	vanG_glycopeptide_antibiotic	17	1095	1095	1.0	Faecalibacterium prausnitzii (chromosome)
barcode12_9Gb	contig_550	101033	101399	qacG_disinfecting_agents_and_antiseptics	306	366	366	1.0	Acinetobacter johnsonii (chromosome)
barcode12_9Gb	contig_5748	30472	31006	Klebsiella pneumoniae KpnE_macrolide_antibiotic;_aminoglycoside_antibiotic;_cephalosporin;_tetracycline_antibiotic;_peptide_antibiotic;_rifamycin_antibiotic;_disinfecting_agents_and_antiseptics	15	534	534	1.0	Enterobacter (chromosome)
barcode12_9Gb	contig_5765	36509	37247	ErmB_macrolide_antibiotic;_lincosamide_antibiotic;_streptogramin_antibiotic;_streptogramin_A_antibiotic;_streptogramin_B_antibiotic	32	738	738	1.0	Unknown taxonomy (chromosome or plasmid)
barcode12_9Gb	contig_586	39463	39718	rsmA_fluoroquinolone_antibiotic;_diaminopyrimidine_antibiotic;_phenicol_antibiotic	7	255	255	1.0	
barcode12_9Gb	contig_5868	5082	5739	QnrS2_fluoroquinolone_antibiotic	38	657	657	1.0	Unknown taxonomy (chromosome or plasmid)
barcode12_9Gb	contig_5880	52098	52425	qacG_disinfecting_agents_and_antiseptics	17	327	327	1.0	
barcode12_9Gb	contig_5880	60545	63368	adeF_fluoroquinolone_antibiotic;_tetracycline_antibiotic	21	2823	2823	1.0	
barcode12_9Gb	contig_5974	8056	8767	vanW gene in vanG cluster_glycopeptide_antibiotic	9	711	711	1.0	
barcode12_9Gb	contig_6067	7138	7468	qacG_disinfecting_agents_and_antiseptics	10	330	330	1.0	
barcode12_9Gb	contig_6067	494476	494731	rsmA_fluoroquinolone_antibiotic;_diaminopyrimidine_antibiotic;_phenicol_antibiotic	21	255	255	1.0	
barcode12_9Gb	contig_6086	11439	12591	MOX-13_cephalosporin;_cephamycin;_penam	69	1152	1152	1.0	Aeromonas caviae (chromosome or plasmid)
barcode12_9Gb	contig_6101	33745	34582	APH(6)-Id_aminoglycoside_antibiotic	94	837	837	1.0	Unknown taxonomy (chromosome or plasmid)
barcode12_9Gb	contig_619	4260	7155	adeF_fluoroquinolone_antibiotic;_tetracycline_antibiotic	73	2895	2895	1.0	Acinetobacter (chromosome or plasmid)
barcode12_9Gb	contig_6426	10667	11231	vanY gene in vanA cluster_glycopeptide_antibiotic	11	564	564	1.0	
barcode12_9Gb	contig_6446	6814	7618	APH(3'')-Ib_aminoglycoside_antibiotic	37	804	804	1.0	Unknown taxonomy (chromosome or plasmid)
barcode12_9Gb	contig_6446	7617	8454	APH(6)-Id_aminoglycoside_antibiotic	46	837	837	1.0	Unknown taxonomy (chromosome or plasmid)
barcode12_9Gb	contig_6447	4742	5585	OXA-58_carbapenem;_penam	23	843	843	1.0	Unknown taxonomy (chromosome or plasmid)
barcode12_9Gb	contig_6447	8233	9748	aadT_macrolide_antibiotic;_tetracycline_antibiotic;_disinfecting_agents_and_antiseptics	11	1515	1515	1.0	
barcode12_9Gb	contig_6491	370994	373526	vanT gene in vanG cluster_glycopeptide_antibiotic	122	2532	2532	1.0	
barcode12_9Gb	contig_6627	17081	18242	vanT gene in vanG cluster_glycopeptide_antibiotic	13	1161	1161	1.0	
barcode12_9Gb	contig_6630	108030	108396	Klebsiella pneumoniae KpnE_macrolide_antibiotic;_aminoglycoside_antibiotic;_cephalosporin;_tetracycline_antibiotic;_peptide_antibiotic;_rifamycin_antibiotic;_disinfecting_agents_and_antiseptics	6	366	366	1.0	Unknown taxonomy (chromosome or plasmid)
barcode12_9Gb	contig_6637	10186	11182	CfxA6_cephamycin	28	996	996	1.0	
barcode12_9Gb	contig_6658	98288	100754	vanT gene in vanG cluster_glycopeptide_antibiotic	17	2466	2466	1.0	Phocaeicola (chromosome)
barcode12_9Gb	contig_6751	12231	13344	vanT gene in vanG cluster_glycopeptide_antibiotic	10	1113	1113	1.0	
barcode12_9Gb	contig_6764	2870	4088	tet(E)_tetracycline_antibiotic	11	1218	1218	1.0	Aeromonas veronii (chromosome)
barcode12_9Gb	contig_682	5198	6038	sul1_sulfonamide_antibiotic	61	840	840	1.0	Unknown taxonomy (chromosome or plasmid)
barcode12_9Gb	contig_682	6031	6379	qacEdelta1_disinfecting_agents_and_antiseptics	53	348	348	1.0	Unknown taxonomy (chromosome or plasmid)
barcode12_9Gb	contig_682	6542	7448	aadA3_aminoglycoside_antibiotic	49	906	906	1.0	Unknown taxonomy (chromosome or plasmid)
barcode12_9Gb	contig_682	10346	11174	mphA_macrolide_antibiotic	29	828	828	1.0	Unknown taxonomy (chromosome or plasmid)
barcode12_9Gb	contig_6869	1202	2717	aadT_macrolide_antibiotic;_tetracycline_antibiotic;_disinfecting_agents_and_antiseptics	22	1515	1515	1.0	
barcode12_9Gb	contig_6887	110404	110593	rsmA_fluoroquinolone_antibiotic;_diaminopyrimidine_antibiotic;_phenicol_antibiotic	12	189	189	1.0	
barcode12_9Gb	contig_6888	13113	13302	rsmA_fluoroquinolone_antibiotic;_diaminopyrimidine_antibiotic;_phenicol_antibiotic	85	189	189	1.0	
barcode12_9Gb	contig_6898	42025	42400	ramA_fluoroquinolone_antibiotic;_monobactam;_carbapenem;_cephalosporin;_glycylcycline;_cephamycin;_penam;_tetracycline_antibiotic;_rifamycin_antibiotic;_phenicol_antibiotic;_penem;_disinfecting_agents_and_antiseptics	14	375	375	1.0	Enterobacter (chromosome)
barcode12_9Gb	contig_691	86170	87316	vanT gene in vanG cluster_glycopeptide_antibiotic	6	1146	1146	1.0	
barcode12_9Gb	contig_6965	13085	16235	adeF_fluoroquinolone_antibiotic;_tetracycline_antibiotic	54	3150	3150	1.0	Aeromonas caviae (chromosome or plasmid)
barcode12_9Gb	contig_7021	26344	27325	vanY gene in vanB cluster_glycopeptide_antibiotic	9	981	981	1.0	
barcode12_9Gb	contig_7075	270481	271996	aadT_macrolide_antibiotic;_tetracycline_antibiotic;_disinfecting_agents_and_antiseptics	43	1515	1515	1.0	
barcode12_9Gb	contig_719	3040	3877	APH(6)-Id_aminoglycoside_antibiotic	95	837	837	1.0	Unknown taxonomy (chromosome or plasmid)
barcode12_9Gb	contig_719	3876	4680	APH(3'')-Ib_aminoglycoside_antibiotic	98	804	804	1.0	Unknown taxonomy (chromosome or plasmid)
barcode12_9Gb	contig_7201	6263	6587	Escherichia coli soxS with mutation conferring antibiotic resistance_fluoroquinolone_antibiotic;_monobactam;_carbapenem;_cephalosporin;_glycylcycline;_cephamycin;_penam;_tetracycline_antibiotic;_rifamycin_antibiotic;_phenicol_antibiotic;_penem;_disinfecting_agents_and_antiseptics	5	324	324	1.0	Citrobacter (chromosome)
barcode12_9Gb	contig_7263	32348	33740	Escherichia coli UhpT with mutation conferring resistance to fosfomycin_phosphonic_acid_antibiotic	12	1392	1392	1.0	Enterobacter roggenkampii (chromosome or plasmid)
barcode12_9Gb	contig_7284	15235	16942	tet(W)_tetracycline_antibiotic	32	1707	1707	1.0	Unknown taxonomy (chromosome)
barcode12_9Gb	contig_7299	24617	26837	Acinetobacter baumannii parC conferring resistance to fluoroquinolones_fluoroquinolone_antibiotic	21	2220	2220	1.0	Acinetobacter baumannii (chromosome or plasmid)
barcode12_9Gb	contig_730	25844	27320	msrE_macrolide_antibiotic;_streptogramin_antibiotic	198	1476	1476	1.0	Unknown taxonomy (chromosome or plasmid)
barcode12_9Gb	contig_730	27375	28260	mphE_macrolide_antibiotic	169	885	885	1.0	Unknown taxonomy (chromosome or plasmid)
barcode12_9Gb	contig_7316	47007	47796	ANT(3'')-IIa_aminoglycoside_antibiotic	33	789	789	1.0	Acinetobacter baumannii (chromosome or plasmid)
barcode12_9Gb	contig_7338	306572	307724	ADC-154_cephalosporin	19	1152	1152	1.0	Acinetobacter baumannii (chromosome or plasmid)
barcode12_9Gb	contig_7338	411390	412839	adeH_fluoroquinolone_antibiotic;_tetracycline_antibiotic	14	1449	1449	1.0	Acinetobacter baumannii (chromosome or plasmid)
barcode12_9Gb	contig_7338	412851	416031	adeF_fluoroquinolone_antibiotic;_tetracycline_antibiotic	13	3180	3180	1.0	Acinetobacter baumannii (chromosome or plasmid)
barcode12_9Gb	contig_7338	416037	417258	adeG_fluoroquinolone_antibiotic;_tetracycline_antibiotic	11	1221	1221	1.0	Acinetobacter baumannii (chromosome or plasmid)
barcode12_9Gb	contig_7338	417473	418487	adeL_fluoroquinolone_antibiotic;_tetracycline_antibiotic	13	1014	1014	1.0	Acinetobacter baumannii (chromosome or plasmid)
barcode12_9Gb	contig_7338	421795	422125	abeS_macrolide_antibiotic;_aminocoumarin_antibiotic	15	330	330	1.0	Acinetobacter baumannii (chromosome or plasmid)
barcode12_9Gb	contig_7352	118677	120156	Acinetobacter baumannii AmvA_macrolide_antibiotic;_disinfecting_agents_and_antiseptics	11	1479	1479	1.0	Acinetobacter baumannii (chromosome or plasmid)
barcode12_9Gb	contig_7383	13175	13589	H-NS_macrolide_antibiotic;_fluoroquinolone_antibiotic;_cephalosporin;_cephamycin;_penam;_tetracycline_antibiotic	5	414	414	1.0	Citrobacter (chromosome)
barcode12_9Gb	contig_7507	837	1617	APH(3')-VIa_aminoglycoside_antibiotic	29	780	780	1.0	Unknown taxonomy (chromosome or plasmid)
barcode12_9Gb	contig_7525	803366	804539	vanT gene in vanG cluster_glycopeptide_antibiotic	17	1173	1173	1.0	
barcode12_9Gb	contig_7525	955214	956408	vanT gene in vanG cluster_glycopeptide_antibiotic	17	1194	1194	1.0	
barcode12_9Gb	contig_7525	1498933	1502050	adeF_fluoroquinolone_antibiotic;_tetracycline_antibiotic	6	3117	3117	1.0	
barcode12_9Gb	contig_7570	9971	10751	APH(3')-VIa_aminoglycoside_antibiotic	134	780	780	1.0	Unknown taxonomy (chromosome or plasmid)
barcode12_9Gb	contig_7612	2551	3379	OXA-253_carbapenem;_penam	52	828	828	1.0	Acinetobacter baumannii (chromosome)
barcode12_9Gb	contig_763	48010	49759	msbA_nitroimidazole_antibiotic	7	1749	1749	1.0	Citrobacter portucalensis (chromosome)
barcode12_9Gb	contig_7704	11806	12625	bacA_peptide_antibiotic	5	819	819	1.0	Escherichia coli (chromosome)
barcode12_9Gb	contig_7717	8643	11820	adeF_fluoroquinolone_antibiotic;_tetracycline_antibiotic	63	3177	3177	1.0	Unknown taxonomy (chromosome)
barcode12_9Gb	contig_774	1457	2645	tet(39)_tetracycline_antibiotic	41	1188	1188	1.0	Unknown taxonomy (plasmid)
barcode12_9Gb	contig_7747	2883	3723	sul1_sulfonamide_antibiotic	49	840	840	1.0	Unknown taxonomy (chromosome or plasmid)
barcode12_9Gb	contig_7747	3716	4064	qacEdelta1_disinfecting_agents_and_antiseptics	53	348	348	1.0	Unknown taxonomy (chromosome or plasmid)
barcode12_9Gb	contig_7747	4286	4739	arr-3_rifamycin_antibiotic	52	453	453	1.0	Unknown taxonomy (chromosome or plasmid)
barcode12_9Gb	contig_7747	4823	5456	catB3_phenicol_antibiotic	62	633	633	1.0	Unknown taxonomy (chromosome or plasmid)
barcode12_9Gb	contig_7747	5593	6424	OXA-1_cephalosporin;_penam	70	831	831	1.0	Unknown taxonomy (chromosome or plasmid)
barcode12_9Gb	contig_7747	6554	7154	AAC(6')-Ib-cr6_fluoroquinolone_antibiotic;_aminoglycoside_antibiotic	62	600	600	1.0	Unknown taxonomy (chromosome or plasmid)
barcode12_9Gb	contig_7779	25467	28644	adeF_fluoroquinolone_antibiotic;_tetracycline_antibiotic	14	3177	3177	1.0	
barcode12_9Gb	contig_7896	114656	114986	qacG_disinfecting_agents_and_antiseptics	4	330	330	1.0	
barcode12_9Gb	contig_7905	3298	4501	vanT gene in vanG cluster_glycopeptide_antibiotic	12	1203	1203	1.0	Faecalibacterium prausnitzii (chromosome)
barcode12_9Gb	contig_7952	86548	86854	Escherichia coli emrE_macrolide_antibiotic	8	306	306	1.0	Unknown taxonomy (chromosome or plasmid)
barcode12_9Gb	contig_7990	160871	161858	vanH gene in vanO cluster_glycopeptide_antibiotic	50	987	987	1.0	
barcode12_9Gb	contig_7998	43373	44531	mdtE_macrolide_antibiotic;_fluoroquinolone_antibiotic;_penam	15	1158	1158	1.0	Unknown taxonomy (chromosome)
barcode12_9Gb	contig_7998	44555	47669	mdtF_macrolide_antibiotic;_fluoroquinolone_antibiotic;_penam	15	3114	3114	1.0	Escherichia coli (chromosome)
barcode12_9Gb	contig_7998	48031	48760	gadW_macrolide_antibiotic;_fluoroquinolone_antibiotic;_penam	18	729	729	1.0	Escherichia coli (chromosome)
barcode12_9Gb	contig_7998	49127	49952	gadX_macrolide_antibiotic;_fluoroquinolone_antibiotic;_penam	21	825	825	1.0	Unknown taxonomy (chromosome)
barcode12_9Gb	contig_8018	6353	7532	vanT gene in vanG cluster_glycopeptide_antibiotic	3	1179	1179	1.0	
barcode12_9Gb	contig_806	1864	2533	vanY gene in vanB cluster_glycopeptide_antibiotic	4	669	669	1.0	
barcode12_9Gb	contig_8071	252289	253843	vanW gene in vanI cluster_glycopeptide_antibiotic	13	1554	1554	1.0	
barcode12_9Gb	contig_8071	349072	350557	lsaE_lincosamide_antibiotic;_streptogramin_antibiotic;_pleuromutilin_antibiotic	9	1485	1485	1.0	Streptococcus (chromosome or plasmid)
barcode12_9Gb	contig_8071	350610	351414	lnuB_lincosamide_antibiotic	8	804	804	1.0	Unknown taxonomy (chromosome or plasmid)
barcode12_9Gb	contig_808	5238	6426	tet(39)_tetracycline_antibiotic	52	1188	1188	1.0	Unknown taxonomy (plasmid)
barcode12_9Gb	contig_8102	59650	59974	Escherichia coli soxS with mutation conferring antibiotic resistance_fluoroquinolone_antibiotic;_monobactam;_carbapenem;_cephalosporin;_glycylcycline;_cephamycin;_penam;_tetracycline_antibiotic;_rifamycin_antibiotic;_phenicol_antibiotic;_penem;_disinfecting_agents_and_antiseptics	18	324	324	1.0	Citrobacter (chromosome)
barcode12_9Gb	contig_8114	21300	24402	adeF_fluoroquinolone_antibiotic;_tetracycline_antibiotic	9	3102	3102	1.0	Phocaeicola vulgatus (chromosome)
barcode12_9Gb	contig_8192	6083	6947	APH(3'')-Ib_aminoglycoside_antibiotic	46	864	864	1.0	Unknown taxonomy (chromosome or plasmid)
barcode12_9Gb	contig_8192	6946	7783	APH(6)-Id_aminoglycoside_antibiotic	59	837	837	1.0	Unknown taxonomy (chromosome or plasmid)
barcode12_9Gb	contig_821	272	1460	tet(39)_tetracycline_antibiotic	33	1188	1188	1.0	Unknown taxonomy (plasmid)
barcode12_9Gb	contig_8279	8279	9134	ErmX_macrolide_antibiotic;_lincosamide_antibiotic;_streptogramin_antibiotic;_streptogramin_A_antibiotic;_streptogramin_B_antibiotic	7	855	855	1.0	Unknown taxonomy (chromosome or plasmid)
barcode12_9Gb	contig_8287	315351	317826	vanT gene in vanG cluster_glycopeptide_antibiotic	14	2475	2475	1.0	
barcode12_9Gb	contig_8326	175702	177049	abeM_fluoroquinolone_antibiotic;_disinfecting_agents_and_antiseptics	15	1347	1347	1.0	Acinetobacter baumannii (chromosome or plasmid)
barcode12_9Gb	contig_8326	217427	218528	LpsB_peptide_antibiotic	22	1101	1101	1.0	Acinetobacter baumannii (chromosome or plasmid)
barcode12_9Gb	contig_8345	1492	1966	dfrA6_diaminopyrimidine_antibiotic	26	474	474	1.0	Unknown taxonomy (chromosome or plasmid)
barcode12_9Gb	contig_8345	2797	3454	QnrVC1_fluoroquinolone_antibiotic	29	657	657	1.0	Unknown taxonomy (chromosome or plasmid)
barcode12_9Gb	contig_8365	32053	33220	ugd_peptide_antibiotic	7	1167	1167	1.0	Escherichia coli (chromosome or plasmid)
barcode12_9Gb	contig_8529	11868	12123	rsmA_fluoroquinolone_antibiotic;_diaminopyrimidine_antibiotic;_phenicol_antibiotic	4	255	255	1.0	
barcode12_9Gb	contig_8543	579318	580437	vanT gene in vanG cluster_glycopeptide_antibiotic	17	1119	1119	1.0	
barcode12_9Gb	contig_8822	6119	8039	tet(O)_tetracycline_antibiotic	59	1920	1920	1.0	Unknown taxonomy (chromosome or plasmid)
barcode12_9Gb	contig_8822	8090	9329	tet(40)_tetracycline_antibiotic	9	1239	1239	1.0	Faecalibacterium prausnitzii (chromosome)
barcode12_9Gb	contig_8914	58568	58994	FosA2_phosphonic_acid_antibiotic	10	426	426	1.0	Enterobacter (chromosome)
barcode12_9Gb	contig_9	1492481	1493228	vanY gene in vanG cluster_glycopeptide_antibiotic	9	747	747	1.0	
barcode12_9Gb	contig_9	2167306	2169301	lmrD_lincosamide_antibiotic	15	1995	1995	1.0	
barcode12_9Gb	contig_9009	8041	9547	vanT gene in vanG cluster_glycopeptide_antibiotic	24	1506	1506	1.0	
barcode12_9Gb	contig_9040	68650	68986	qacG_disinfecting_agents_and_antiseptics	10	336	336	1.0	
barcode12_9Gb	contig_9048	9270	10380	vanG_glycopeptide_antibiotic	7	1110	1110	1.0	
barcode12_9Gb	contig_9135	12482	12737	rsmA_fluoroquinolone_antibiotic;_diaminopyrimidine_antibiotic;_phenicol_antibiotic	56	255	255	1.0	
barcode12_9Gb	contig_9212	14811	16089	Acinetobacter baumannii AbaQ_fluoroquinolone_antibiotic	7	1278	1278	1.0	
barcode12_9Gb	contig_9238	10797	11931	CMY-70_cephamycin	7	1134	1134	1.0	Citrobacter freundii (chromosome)
barcode12_9Gb	contig_9249	15504	17160	ArnT_peptide_antibiotic	16	1656	1656	1.0	Enterobacter roggenkampii (chromosome)
barcode12_9Gb	contig_9249	20034	21018	PmrF_peptide_antibiotic	19	984	984	1.0	
barcode12_9Gb	contig_9306	4600	4945	qacJ_disinfecting_agents_and_antiseptics	7	345	345	1.0	Unknown taxonomy (chromosome or plasmid)
barcode12_9Gb	contig_9306	5061	5907	aadA11_aminoglycoside_antibiotic	9	846	846	1.0	Unknown taxonomy (chromosome or plasmid)
barcode12_9Gb	contig_9340	22603	23428	OXA-441_carbapenem;_penam	6	825	825	1.0	Acinetobacter baumannii (chromosome or plasmid)
barcode12_9Gb	contig_9458	25317	26118	ErmF_macrolide_antibiotic;_lincosamide_antibiotic;_streptogramin_antibiotic;_streptogramin_A_antibiotic;_streptogramin_B_antibiotic	36	801	801	1.0	Unknown taxonomy (chromosome or plasmid)
barcode12_9Gb	contig_9504	9289	10132	OXA-58_carbapenem;_penam	24	843	843	1.0	Unknown taxonomy (chromosome or plasmid)
barcode12_9Gb	contig_9585	125277	126582	Acinetobacter baumannii AbaQ_fluoroquinolone_antibiotic	11	1305	1305	1.0	Acinetobacter baumannii (chromosome or plasmid)
barcode12_9Gb	contig_9585	185343	186813	adeC_glycylcycline;_tetracycline_antibiotic	7	1470	1470	1.0	Acinetobacter baumannii (chromosome or plasmid)
barcode12_9Gb	contig_9668	2271	2895	tetR_tetracycline_antibiotic	12	624	624	1.0	Unknown taxonomy (chromosome or plasmid)
barcode12_9Gb	contig_9668	2976	4182	tet(B)_tetracycline_antibiotic	12	1206	1206	1.0	Unknown taxonomy (chromosome or plasmid)
barcode12_9Gb	contig_9685	371296	372295	vanH gene in vanB cluster_glycopeptide_antibiotic	11	999	999	1.0	
barcode12_9Gb	contig_9699	121954	123160	Mef(En2)_macrolide_antibiotic;_lincosamide_antibiotic	15	1206	1206	1.0	Unknown taxonomy (chromosome)
barcode12_9Gb	contig_9821	6721	9826	AcrF_fluoroquinolone_antibiotic;_cephalosporin;_cephamycin;_penam	14	3105	3105	1.0	Unknown taxonomy (chromosome or plasmid)
barcode12_9Gb	contig_9821	9837	10995	AcrE_fluoroquinolone_antibiotic;_cephalosporin;_cephamycin;_penam	11	1158	1158	1.0	Unknown taxonomy (chromosome or plasmid)
barcode12_9Gb	contig_9821	11393	12056	AcrS_fluoroquinolone_antibiotic;_cephalosporin;_glycylcycline;_cephamycin;_penam;_tetracycline_antibiotic;_rifamycin_antibiotic;_phenicol_antibiotic;_disinfecting_agents_and_antiseptics	11	663	663	1.0	Unknown taxonomy (chromosome or plasmid)
barcode12_9Gb	contig_9822	9710	9890	vanY gene in vanB cluster_glycopeptide_antibiotic	6	180	180	1.0	
barcode12_9Gb	contig_9951	4556	6476	tet(W)_tetracycline_antibiotic	27	1920	1920	1.0	Unknown taxonomy (chromosome or plasmid)
barcode12_9Gb	contig_9953	404	2324	tet(W)_tetracycline_antibiotic	26	1920	1920	1.0	Unknown taxonomy (chromosome or plasmid)
barcode13_03Gb	contig_100	62182	63673	OpmH_disinfecting_agents_and_antiseptics	10	1491	1491	1.0	Pseudomonas aeruginosa (chromosome)
barcode13_03Gb	contig_100	84234	84546	Pseudomonas aeruginosa emrE_aminoglycoside_antibiotic	2	312	312	1.0	Pseudomonas aeruginosa (chromosome)
barcode13_03Gb	contig_101	55998	56676	Pseudomonas aeruginosa CpxR_macrolide_antibiotic;_fluoroquinolone_antibiotic;_monobactam;_aminoglycoside_antibiotic;_carbapenem;_cephalosporin;_cephamycin;_penam;_tetracycline_antibiotic;_peptide_antibiotic;_aminocoumarin_antibiotic;_diaminopyrimidine_antibiotic;_sulfonamide_antibiotic;_phenicol_antibiotic;_penem	8	678	678	1.0	Pseudomonas aeruginosa (chromosome or plasmid)
barcode13_03Gb	contig_102	25355	26975	opmE_macrolide_antibiotic;_carbapenem;_tetracycline_antibiotic;_diaminopyrimidine_antibiotic;_phenicol_antibiotic;_disinfecting_agents_and_antiseptics	3	1620	1620	1.0	Pseudomonas aeruginosa (chromosome or plasmid)
barcode13_03Gb	contig_102	26971	30133	mexQ_macrolide_antibiotic;_carbapenem;_tetracycline_antibiotic;_diaminopyrimidine_antibiotic;_phenicol_antibiotic;_disinfecting_agents_and_antiseptics	3	3162	3162	1.0	Pseudomonas aeruginosa (chromosome or plasmid)
barcode13_03Gb	contig_102	30129	31287	mexP_macrolide_antibiotic;_carbapenem;_tetracycline_antibiotic;_diaminopyrimidine_antibiotic;_phenicol_antibiotic;_disinfecting_agents_and_antiseptics	3	1158	1158	1.0	Pseudomonas aeruginosa (chromosome or plasmid)
barcode13_03Gb	contig_102	69505	71494	arnA_peptide_antibiotic	5	1989	1989	1.0	Pseudomonas aeruginosa (chromosome or plasmid)
barcode13_03Gb	contig_102	72374	74024	ArnT_peptide_antibiotic	5	1650	1650	1.0	Pseudomonas aeruginosa (chromosome or plasmid)
barcode13_03Gb	contig_102	94042	94681	nalD_macrolide_antibiotic;_fluoroquinolone_antibiotic;_monobactam;_carbapenem;_cephalosporin;_cephamycin;_penam;_tetracycline_antibiotic;_peptide_antibiotic;_aminocoumarin_antibiotic;_diaminopyrimidine_antibiotic;_sulfonamide_antibiotic;_phenicol_antibiotic;_penem	5	639	639	1.0	Pseudomonas aeruginosa (chromosome or plasmid)
barcode13_03Gb	contig_109	173391	174544	TriA_disinfecting_agents_and_antiseptics	5	1153	1153	1.0	Pseudomonas aeruginosa (chromosome)
barcode13_03Gb	contig_109	174539	175610	TriB_disinfecting_agents_and_antiseptics	4	1071	1071	1.0	Pseudomonas aeruginosa (chromosome)
barcode13_03Gb	contig_111	20504	21176	cprR_peptide_antibiotic	8	672	672	1.0	Pseudomonas aeruginosa (chromosome or plasmid)
barcode13_03Gb	contig_111	21172	22468	cprS_peptide_antibiotic	6	1296	1296	1.0	Pseudomonas aeruginosa (chromosome or plasmid)
barcode13_03Gb	contig_112	19178	22355	adeF_fluoroquinolone_antibiotic;_tetracycline_antibiotic	7	3177	3177	1.0	Unknown taxonomy (chromosome)
barcode13_03Gb	contig_117	56846	57668	vanW gene in vanG cluster_glycopeptide_antibiotic	4	822	822	1.0	Pseudomonas aeruginosa (chromosome or plasmid)
barcode13_03Gb	contig_125	28134	28842	ParR_macrolide_antibiotic;_fluoroquinolone_antibiotic;_monobactam;_aminoglycoside_antibiotic;_carbapenem;_cephalosporin;_cephamycin;_penam;_tetracycline_antibiotic;_phenicol_antibiotic;_penem;_disinfecting_agents_and_antiseptics	8	708	708	1.0	Pseudomonas aeruginosa (chromosome or plasmid)
barcode13_03Gb	contig_125	28842	30129	ParS_macrolide_antibiotic;_fluoroquinolone_antibiotic;_monobactam;_aminoglycoside_antibiotic;_carbapenem;_cephalosporin;_cephamycin;_penam;_tetracycline_antibiotic;_phenicol_antibiotic;_penem;_disinfecting_agents_and_antiseptics	8	1287	1287	1.0	Pseudomonas aeruginosa (chromosome or plasmid)
barcode13_03Gb	contig_128	7958	8144	rsmA_fluoroquinolone_antibiotic;_diaminopyrimidine_antibiotic;_phenicol_antibiotic	4	186	186	1.0	Pseudomonas (chromosome or plasmid)
barcode13_03Gb	contig_129	4634	4820	rsmA_fluoroquinolone_antibiotic;_diaminopyrimidine_antibiotic;_phenicol_antibiotic	5	186	186	1.0	Unknown taxonomy (chromosome or plasmid)
barcode13_03Gb	contig_15	243464	244286	bacA_peptide_antibiotic	10	822	822	1.0	Salmonella enterica (chromosome or plasmid)
barcode13_03Gb	contig_15	463641	464826	Escherichia coli EF-Tu mutants conferring resistance to Pulvomycin_elfamycin_antibiotic	10	1185	1185	1.0	Salmonella enterica (chromosome or plasmid)
barcode13_03Gb	contig_15	843048	844440	Escherichia coli UhpT with mutation conferring resistance to fosfomycin_phosphonic_acid_antibiotic	9	1392	1392	1.0	Salmonella enterica (chromosome)
barcode13_03Gb	contig_16	742	1915	emrA_fluoroquinolone_antibiotic	8	1173	1173	1.0	Salmonella enterica (chromosome or plasmid)
barcode13_03Gb	contig_16	2041	2572	emrR_fluoroquinolone_antibiotic	8	531	531	1.0	Salmonella enterica (chromosome or plasmid)
barcode13_03Gb	contig_17	70788	71466	kdpE_aminoglycoside_antibiotic	6	678	678	1.0	Salmonella enterica (chromosome)
barcode13_03Gb	contig_17	297762	298416	Escherichia coli AcrAB-TolC with AcrR mutation conferring resistance to ciprofloxacin, tetracycline, and ceftazidime_fluoroquinolone_antibiotic;_cephalosporin;_glycylcycline;_penam;_tetracycline_antibiotic;_rifamycin_antibiotic;_phenicol_antibiotic;_disinfecting_agents_and_antiseptics	10	654	654	1.0	Unknown taxonomy (chromosome)
barcode13_03Gb	contig_17	298557	299751	Escherichia coli acrA_fluoroquinolone_antibiotic;_cephalosporin;_glycylcycline;_penam;_tetracycline_antibiotic;_rifamycin_antibiotic;_phenicol_antibiotic;_disinfecting_agents_and_antiseptics	11	1194	1194	1.0	Salmonella enterica (chromosome)
barcode13_03Gb	contig_17	397267	398380	vanG_glycopeptide_antibiotic	8	1113	1113	1.0	Salmonella enterica (chromosome)
barcode13_03Gb	contig_17	430553	431018	golS_monobactam;_carbapenem;_cephalosporin;_cephamycin;_penam;_phenicol_antibiotic;_penem	12	465	465	1.0	Salmonella enterica (chromosome)
barcode13_03Gb	contig_17	433594	434821	mdsA_monobactam;_carbapenem;_cephalosporin;_cephamycin;_penam;_phenicol_antibiotic;_penem	13	1227	1227	1.0	Salmonella enterica (chromosome)
barcode13_03Gb	contig_17	435570	437985	adeF_fluoroquinolone_antibiotic;_tetracycline_antibiotic	12	2415	2415	1.0	Salmonella enterica (chromosome)
barcode13_03Gb	contig_17	438001	439459	mdsC_monobactam;_carbapenem;_cephalosporin;_cephamycin;_penam;_phenicol_antibiotic;_penem	9	1458	1458	1.0	Salmonella enterica (chromosome)
barcode13_03Gb	contig_19	114169	117283	acrD_aminoglycoside_antibiotic	8	3114	3114	1.0	Salmonella enterica (chromosome)
barcode13_03Gb	contig_19	300066	301713	ArnT_peptide_antibiotic	14	1647	1647	1.0	Salmonella enterica (chromosome)
barcode13_03Gb	contig_19	304584	305568	PmrF_peptide_antibiotic	12	984	984	1.0	Salmonella enterica (chromosome)
barcode13_03Gb	contig_20	88824	90018	PDC-3_monobactam;_carbapenem;_cephalosporin;_cephamycin;_penam	7	1194	1194	1.0	Pseudomonas aeruginosa (chromosome or plasmid)
barcode13_03Gb	contig_20	102373	103180	APH(3')-IIb_aminoglycoside_antibiotic	5	807	807	1.0	Pseudomonas aeruginosa (chromosome or plasmid)
barcode13_03Gb	contig_20	119889	121098	bcr-1_bicyclomycin-like_antibiotic	9	1209	1209	1.0	Pseudomonas aeruginosa (chromosome or plasmid)
barcode13_03Gb	contig_20	240787	241234	MexG_fluoroquinolone_antibiotic;_tetracycline_antibiotic;_disinfecting_agents_and_antiseptics	5	447	447	1.0	Pseudomonas (chromosome)
barcode13_03Gb	contig_20	423426	424092	basR_peptide_antibiotic	5	666	666	1.0	Pseudomonas (chromosome or plasmid)
barcode13_03Gb	contig_20	424115	425549	basS_peptide_antibiotic	5	1434	1434	1.0	Pseudomonas aeruginosa (chromosome or plasmid)
barcode13_03Gb	contig_21	51880	52519	Pseudomonas aeruginosa catB7_phenicol_antibiotic	2	639	639	1.0	Pseudomonas aeruginosa (chromosome or plasmid)
barcode13_03Gb	contig_29	124363	125308	leuO_nucleoside_antibiotic;_disinfecting_agents_and_antiseptics	9	945	945	1.0	Escherichia coli (chromosome or plasmid)
barcode13_03Gb	contig_29	131408	133175	Haemophilus influenzae PBP3 conferring resistance to beta-lactam antibiotics_cephalosporin;_cephamycin;_penam	12	1767	1767	1.0	Unknown taxonomy (chromosome or plasmid)
barcode13_03Gb	contig_29	411803	412898	vanG_glycopeptide_antibiotic	15	1095	1095	1.0	Unknown taxonomy (chromosome or plasmid)
barcode13_03Gb	contig_29	494585	497735	acrB_fluoroquinolone_antibiotic;_cephalosporin;_glycylcycline;_penam;_tetracycline_antibiotic;_rifamycin_antibiotic;_phenicol_antibiotic;_disinfecting_agents_and_antiseptics	7	3150	3150	1.0	Escherichia coli (chromosome or plasmid)
barcode13_03Gb	contig_29	497757	498951	Escherichia coli acrA_fluoroquinolone_antibiotic;_cephalosporin;_glycylcycline;_penam;_tetracycline_antibiotic;_rifamycin_antibiotic;_phenicol_antibiotic;_disinfecting_agents_and_antiseptics	9	1194	1194	1.0	Unknown taxonomy (chromosome or plasmid)
barcode13_03Gb	contig_29	499092	499740	Escherichia coli AcrAB-TolC with AcrR mutation conferring resistance to ciprofloxacin, tetracycline, and ceftazidime_fluoroquinolone_antibiotic;_cephalosporin;_glycylcycline;_penam;_tetracycline_antibiotic;_rifamycin_antibiotic;_phenicol_antibiotic;_disinfecting_agents_and_antiseptics	11	648	648	1.0	Escherichia coli (chromosome or plasmid)
barcode13_03Gb	contig_29	711785	712463	kdpE_aminoglycoside_antibiotic	10	678	678	1.0	Unknown taxonomy (chromosome or plasmid)
barcode13_03Gb	contig_29	875279	876512	Escherichia coli mdfA_tetracycline_antibiotic;_disinfecting_agents_and_antiseptics	21	1233	1233	1.0	Unknown taxonomy (chromosome or plasmid)
barcode13_03Gb	contig_29	886332	887565	Escherichia coli mdfA_tetracycline_antibiotic;_disinfecting_agents_and_antiseptics	32	1233	1233	1.0	Unknown taxonomy (chromosome or plasmid)
barcode13_03Gb	contig_29	979292	981041	msbA_nitroimidazole_antibiotic	5	1749	1749	1.0	Escherichia coli (chromosome)
barcode13_03Gb	contig_29	1213706	1214933	mdtG_phosphonic_acid_antibiotic	7	1227	1227	1.0	Unknown taxonomy (chromosome or plasmid)
barcode13_03Gb	contig_29	1223564	1224773	mdtH_fluoroquinolone_antibiotic	11	1209	1209	1.0	Unknown taxonomy (chromosome or plasmid)
barcode13_03Gb	contig_29	1404494	1404908	H-NS_macrolide_antibiotic;_fluoroquinolone_antibiotic;_cephalosporin;_cephamycin;_penam;_tetracycline_antibiotic	10	414	414	1.0	Unknown taxonomy (chromosome or plasmid)
barcode13_03Gb	contig_29	1747306	1747741	Escherichia coli AcrAB-TolC with MarR mutations conferring resistance to ciprofloxacin and tetracycline_fluoroquinolone_antibiotic;_cephalosporin;_glycylcycline;_penam;_tetracycline_antibiotic;_rifamycin_antibiotic;_phenicol_antibiotic;_disinfecting_agents_and_antiseptics	19	435	435	1.0	Unknown taxonomy (chromosome or plasmid)
barcode13_03Gb	contig_29	1747760	1748144	marA_fluoroquinolone_antibiotic;_monobactam;_carbapenem;_cephalosporin;_glycylcycline;_cephamycin;_penam;_tetracycline_antibiotic;_rifamycin_antibiotic;_phenicol_antibiotic;_penem;_disinfecting_agents_and_antiseptics	18	384	384	1.0	Unknown taxonomy (chromosome or plasmid)
barcode13_03Gb	contig_29	1808383	1808713	Klebsiella pneumoniae KpnF_macrolide_antibiotic;_aminoglycoside_antibiotic;_cephalosporin;_tetracycline_antibiotic;_peptide_antibiotic;_rifamycin_antibiotic;_disinfecting_agents_and_antiseptics	8	330	330	1.0	Unknown taxonomy (chromosome or plasmid)
barcode13_03Gb	contig_29	1808699	1809065	Klebsiella pneumoniae KpnE_macrolide_antibiotic;_aminoglycoside_antibiotic;_cephalosporin;_tetracycline_antibiotic;_peptide_antibiotic;_rifamycin_antibiotic;_disinfecting_agents_and_antiseptics	8	366	366	1.0	Unknown taxonomy (chromosome or plasmid)
barcode13_03Gb	contig_29	2259015	2260182	ugd_peptide_antibiotic	6	1167	1167	1.0	Escherichia coli (chromosome or plasmid)
barcode13_03Gb	contig_29	2311436	2312804	mdtA_aminocoumarin_antibiotic	8	1368	1368	1.0	Unknown taxonomy (chromosome or plasmid)
barcode13_03Gb	contig_29	2312803	2315926	mdtB_aminocoumarin_antibiotic	10	3123	3123	1.0	Unknown taxonomy (chromosome or plasmid)
barcode13_03Gb	contig_29	2315926	2319004	mdtC_aminocoumarin_antibiotic	11	3078	3078	1.0	Unknown taxonomy (chromosome or plasmid)
barcode13_03Gb	contig_29	2321816	2322539	baeR_aminoglycoside_antibiotic;_aminocoumarin_antibiotic	11	723	723	1.0	Unknown taxonomy (chromosome or plasmid)
barcode13_03Gb	contig_29	2462181	2463825	YojI_peptide_antibiotic	8	1644	1644	1.0	Unknown taxonomy (chromosome or plasmid)
barcode13_03Gb	contig_3	287021	288518	lsaA_lincosamide_antibiotic;_streptogramin_antibiotic;_streptogramin_A_antibiotic;_streptogramin_B_antibiotic;_pleuromutilin_antibiotic	23	1497	1497	1.0	Enterococcus faecalis (chromosome)
barcode13_03Gb	contig_3	363238	363949	vanY gene in vanB cluster_glycopeptide_antibiotic	10	711	711	1.0	Enterococcus faecalis (chromosome)
barcode13_03Gb	contig_3	833975	836132	IreK_cephalosporin	6	2157	2157	1.0	
barcode13_03Gb	contig_3	1083560	1085279	efrA_macrolide_antibiotic;_fluoroquinolone_antibiotic;_rifamycin_antibiotic	10	1719	1719	1.0	Enterococcus faecalis (chromosome)
barcode13_03Gb	contig_3	1502648	1503764	vanT gene in vanG cluster_glycopeptide_antibiotic	13	1116	1116	1.0	Enterococcus faecalis (chromosome)
barcode13_03Gb	contig_3	1759474	1760629	emeA_disinfecting_agents_and_antiseptics	6	1155	1155	1.0	
barcode13_03Gb	contig_3	2260545	2261040	dfrE_diaminopyrimidine_antibiotic	9	495	495	1.0	Enterococcus faecalis (chromosome)
barcode13_03Gb	contig_32	82928	83849	mphK_macrolide_antibiotic	15	921	921	1.0	Bacillus subtilis (chromosome)
barcode13_03Gb	contig_32	96037	97471	lmrB_lincosamide_antibiotic;_nucleoside_antibiotic	14	1434	1434	1.0	Bacillus subtilis (chromosome)
barcode13_03Gb	contig_32	325324	326494	vanT gene in vanG cluster_glycopeptide_antibiotic	10	1170	1170	1.0	Bacillus subtilis (chromosome)
barcode13_03Gb	contig_32	400087	401716	vmlR_lincosamide_antibiotic;_streptogramin_antibiotic;_streptogramin_A_antibiotic;_streptogramin_B_antibiotic;_nucleoside_antibiotic;_pleuromutilin_antibiotic	12	1629	1629	1.0	Bacillus subtilis (chromosome)
barcode13_03Gb	contig_32	697366	699937	Bacillus subtilis mprF_peptide_antibiotic	10	2571	2571	1.0	Bacillus subtilis (chromosome)
barcode13_03Gb	contig_32	1156128	1156467	ykkC_aminoglycoside_antibiotic;_tetracycline_antibiotic;_phenicol_antibiotic	12	339	339	1.0	Bacillus subtilis (chromosome)
barcode13_03Gb	contig_32	1156466	1156784	ykkD_aminoglycoside_antibiotic;_tetracycline_antibiotic;_phenicol_antibiotic	11	318	318	1.0	Bacillus subtilis (chromosome)
barcode13_03Gb	contig_32	1643242	1643599	qacJ_disinfecting_agents_and_antiseptics	11	357	357	1.0	Bacillus subtilis (chromosome)
barcode13_03Gb	contig_32	1643609	1643927	qacG_disinfecting_agents_and_antiseptics	11	318	318	1.0	Bacillus subtilis (chromosome)
barcode13_03Gb	contig_32	1673933	1675118	vanT gene in vanG cluster_glycopeptide_antibiotic	10	1185	1185	1.0	Bacillus subtilis (chromosome)
barcode13_03Gb	contig_32	1690010	1690433	FosBx1_phosphonic_acid_antibiotic	12	423	423	1.0	Bacillus subtilis (chromosome)
barcode13_03Gb	contig_32	1858303	1859215	vanW gene in vanI cluster_glycopeptide_antibiotic	6	912	912	1.0	Bacillus subtilis (chromosome)
barcode13_03Gb	contig_32	1867054	1867969	BcI_cephalosporin;_penem	9	915	915	1.0	Bacillus subtilis (chromosome)
barcode13_03Gb	contig_33	6068	7037	PmrF_peptide_antibiotic	10	969	969	1.0	Unknown taxonomy (chromosome or plasmid)
barcode13_03Gb	contig_33	9905	11558	ArnT_peptide_antibiotic	8	1653	1653	1.0	Unknown taxonomy (chromosome or plasmid)
barcode13_03Gb	contig_33	109435	110974	emrY_tetracycline_antibiotic	10	1539	1539	1.0	Unknown taxonomy (chromosome or plasmid)
barcode13_03Gb	contig_33	110973	112029	emrK_tetracycline_antibiotic	10	1056	1056	1.0	Unknown taxonomy (chromosome or plasmid)
barcode13_03Gb	contig_33	112552	113167	evgA_macrolide_antibiotic;_fluoroquinolone_antibiotic;_penam;_tetracycline_antibiotic	10	615	615	1.0	Unknown taxonomy (chromosome or plasmid)
barcode13_03Gb	contig_33	208255	211369	acrD_aminoglycoside_antibiotic	11	3114	3114	1.0	Escherichia coli (chromosome or plasmid)
barcode13_03Gb	contig_33	436236	436422	rsmA_fluoroquinolone_antibiotic;_diaminopyrimidine_antibiotic;_phenicol_antibiotic	10	186	186	1.0	Unknown taxonomy (chromosome or plasmid)
barcode13_03Gb	contig_33	809661	811150	TolC_macrolide_antibiotic;_fluoroquinolone_antibiotic;_aminoglycoside_antibiotic;_carbapenem;_cephalosporin;_glycylcycline;_cephamycin;_penam;_tetracycline_antibiotic;_peptide_antibiotic;_aminocoumarin_antibiotic;_rifamycin_antibiotic;_phenicol_antibiotic;_penem;_disinfecting_agents_and_antiseptics	9	1489	1489	1.0	Unknown taxonomy (chromosome or plasmid)
barcode13_03Gb	contig_33	833550	834372	bacA_peptide_antibiotic	11	822	822	1.0	Unknown taxonomy (chromosome or plasmid)
barcode13_03Gb	contig_33	1044142	1044805	AcrS_fluoroquinolone_antibiotic;_cephalosporin;_glycylcycline;_cephamycin;_penam;_tetracycline_antibiotic;_rifamycin_antibiotic;_phenicol_antibiotic;_disinfecting_agents_and_antiseptics	14	663	663	1.0	Unknown taxonomy (chromosome or plasmid)
barcode13_03Gb	contig_33	1045203	1046361	AcrE_fluoroquinolone_antibiotic;_cephalosporin;_cephamycin;_penam	9	1158	1158	1.0	Unknown taxonomy (chromosome or plasmid)
barcode13_03Gb	contig_33	1046372	1049477	AcrF_fluoroquinolone_antibiotic;_cephalosporin;_cephamycin;_penam	11	3105	3105	1.0	Unknown taxonomy (chromosome or plasmid)
barcode13_03Gb	contig_34	233941	234385	mgrA_fluoroquinolone_antibiotic;_cephalosporin;_penam;_tetracycline_antibiotic;_peptide_antibiotic;_disinfecting_agents_and_antiseptics	11	444	444	1.0	Unknown taxonomy (chromosome)
barcode13_03Gb	contig_34	242035	243202	Staphylococcus aureus norA_fluoroquinolone_antibiotic	13	1167	1167	1.0	Staphylococcus aureus (chromosome)
barcode13_03Gb	contig_34	918137	919493	arlS_fluoroquinolone_antibiotic;_disinfecting_agents_and_antiseptics	15	1356	1356	1.0	Staphylococcus aureus (chromosome)
barcode13_03Gb	contig_34	919489	920149	arlR_fluoroquinolone_antibiotic;_disinfecting_agents_and_antiseptics	13	660	660	1.0	Staphylococcus aureus (chromosome)
barcode13_03Gb	contig_34	966217	967738	norC_fluoroquinolone_antibiotic;_disinfecting_agents_and_antiseptics	5	1521	1521	1.0	Staphylococcus aureus (chromosome)
barcode13_03Gb	contig_34	996121	996967	PC1 beta-lactamase (blaZ)_penam	13	846	846	1.0	Staphylococcus aureus (chromosome or plasmid)
barcode13_03Gb	contig_34	1552895	1554044	vanT gene in vanG cluster_glycopeptide_antibiotic	11	1149	1149	1.0	Staphylococcus aureus (chromosome or plasmid)
barcode13_03Gb	contig_34	1561716	1564446	kdpD_aminoglycoside_antibiotic	12	2730	2730	1.0	Staphylococcus aureus (chromosome or plasmid)
barcode13_03Gb	contig_34	1660324	1661770	Staphylococcus aureus LmrS_macrolide_antibiotic;_aminoglycoside_antibiotic;_oxazolidinone_antibiotic;_diaminopyrimidine_antibiotic;_phenicol_antibiotic	15	1446	1446	1.0	Staphylococcus aureus (chromosome)
barcode13_03Gb	contig_34	1662089	1662563	sepA_disinfecting_agents_and_antiseptics	15	474	474	1.0	Staphylococcus aureus (chromosome)
barcode13_03Gb	contig_34	1662661	1664005	sdrM_fluoroquinolone_antibiotic;_disinfecting_agents_and_antiseptics	17	1344	1344	1.0	Staphylococcus aureus (chromosome)
barcode13_03Gb	contig_34	1809937	1810357	Staphylococcus aureus FosB_phosphonic_acid_antibiotic	9	420	420	1.0	Staphylococcus aureus (chromosome)
barcode13_03Gb	contig_34	1930250	1931651	norC_fluoroquinolone_antibiotic;_disinfecting_agents_and_antiseptics	12	1401	1401	1.0	
barcode13_03Gb	contig_34	2315111	2316500	norC_fluoroquinolone_antibiotic;_disinfecting_agents_and_antiseptics	10	1389	1389	1.0	Staphylococcus aureus (chromosome or plasmid)
barcode13_03Gb	contig_34	2353249	2354608	tet(38)_tetracycline_antibiotic	16	1359	1359	1.0	Staphylococcus aureus (no genomic info)
barcode13_03Gb	contig_34	2582579	2582999	mepR_glycylcycline;_tetracycline_antibiotic	14	420	420	1.0	Staphylococcus aureus (chromosome or plasmid)
barcode13_03Gb	contig_34	2583105	2584461	mepA_glycylcycline;_tetracycline_antibiotic	14	1356	1356	1.0	Staphylococcus aureus (chromosome or plasmid)
barcode13_03Gb	contig_35	57005	57647	nalC_macrolide_antibiotic;_fluoroquinolone_antibiotic;_monobactam;_carbapenem;_cephalosporin;_cephamycin;_penam;_tetracycline_antibiotic;_peptide_antibiotic;_aminocoumarin_antibiotic;_diaminopyrimidine_antibiotic;_sulfonamide_antibiotic;_phenicol_antibiotic;_penem	6	642	642	1.0	Pseudomonas aeruginosa (chromosome or plasmid)
barcode13_03Gb	contig_37	2527	2971	MexR_macrolide_antibiotic;_fluoroquinolone_antibiotic;_monobactam;_carbapenem;_cephalosporin;_cephamycin;_penam;_tetracycline_antibiotic;_peptide_antibiotic;_aminocoumarin_antibiotic;_diaminopyrimidine_antibiotic;_sulfonamide_antibiotic;_phenicol_antibiotic;_penem	8	444	444	1.0	Pseudomonas (chromosome or plasmid)
barcode13_03Gb	contig_37	3245	4397	MexA_macrolide_antibiotic;_fluoroquinolone_antibiotic;_monobactam;_carbapenem;_cephalosporin;_cephamycin;_penam;_tetracycline_antibiotic;_peptide_antibiotic;_aminocoumarin_antibiotic;_diaminopyrimidine_antibiotic;_sulfonamide_antibiotic;_phenicol_antibiotic;_penem	6	1152	1152	1.0	Pseudomonas (chromosome or plasmid)
barcode13_03Gb	contig_37	4412	7553	MexB_macrolide_antibiotic;_fluoroquinolone_antibiotic;_monobactam;_carbapenem;_cephalosporin;_cephamycin;_penam;_tetracycline_antibiotic;_peptide_antibiotic;_aminocoumarin_antibiotic;_diaminopyrimidine_antibiotic;_sulfonamide_antibiotic;_phenicol_antibiotic;_penem	7	3141	3141	1.0	Pseudomonas aeruginosa (chromosome or plasmid)
barcode13_03Gb	contig_37	7554	9012	OprM_macrolide_antibiotic;_fluoroquinolone_antibiotic;_monobactam;_aminoglycoside_antibiotic;_carbapenem;_cephalosporin;_cephamycin;_penam;_tetracycline_antibiotic;_peptide_antibiotic;_aminocoumarin_antibiotic;_diaminopyrimidine_antibiotic;_sulfonamide_antibiotic;_phenicol_antibiotic;_penem;_disinfecting_agents_and_antiseptics	6	1458	1458	1.0	Pseudomonas (chromosome or plasmid)
barcode13_03Gb	contig_38	17593	20773	MuxB_macrolide_antibiotic;_monobactam;_tetracycline_antibiotic;_aminocoumarin_antibiotic	3	3180	3180	1.0	Pseudomonas aeruginosa (chromosome or plasmid)
barcode13_03Gb	contig_4	419825	421226	norB_fluoroquinolone_antibiotic	12	1401	1401	1.0	Listeria monocytogenes (chromosome or plasmid)
barcode13_03Gb	contig_4	1583434	1584541	vanT gene in vanG cluster_glycopeptide_antibiotic	8	1107	1107	1.0	Listeria monocytogenes (chromosome or plasmid)
barcode13_03Gb	contig_4	1615315	1616887	lin_lincosamide_antibiotic	10	1572	1572	1.0	Listeria monocytogenes (chromosome or plasmid)
barcode13_03Gb	contig_4	2399216	2401814	Listeria monocytogenes mprF_peptide_antibiotic	16	2598	2598	1.0	Listeria monocytogenes (chromosome or plasmid)
barcode13_03Gb	contig_4	2406022	2406424	FosX_phosphonic_acid_antibiotic	14	402	402	1.0	Listeria monocytogenes (chromosome or plasmid)
barcode13_03Gb	contig_4	2570270	2571095	vanY gene in vanM cluster_glycopeptide_antibiotic	8	825	825	1.0	Listeria monocytogenes (chromosome or plasmid)
barcode13_03Gb	contig_41	19619	21038	OprN_fluoroquinolone_antibiotic;_diaminopyrimidine_antibiotic;_phenicol_antibiotic	5	1419	1419	1.0	Pseudomonas aeruginosa (chromosome or plasmid)
barcode13_03Gb	contig_41	24245	25490	MexE_fluoroquinolone_antibiotic;_diaminopyrimidine_antibiotic;_phenicol_antibiotic	4	1245	1245	1.0	Pseudomonas aeruginosa (chromosome or plasmid)
barcode13_03Gb	contig_41	26854	27874	MexS_fluoroquinolone_antibiotic;_diaminopyrimidine_antibiotic;_phenicol_antibiotic	7	1020	1020	1.0	Pseudomonas aeruginosa (chromosome or plasmid)
barcode13_03Gb	contig_5	41582	42767	Escherichia coli EF-Tu mutants conferring resistance to Pulvomycin_elfamycin_antibiotic	9	1185	1185	1.0	Unknown taxonomy (chromosome or plasmid)
barcode13_03Gb	contig_5	57557	58190	CRP_macrolide_antibiotic;_fluoroquinolone_antibiotic;_penam	10	633	633	1.0	Unknown taxonomy (chromosome or plasmid)
barcode13_03Gb	contig_5	197070	198228	mdtE_macrolide_antibiotic;_fluoroquinolone_antibiotic;_penam	19	1158	1158	1.0	Unknown taxonomy (chromosome)
barcode13_03Gb	contig_5	198252	201366	mdtF_macrolide_antibiotic;_fluoroquinolone_antibiotic;_penam	17	3114	3114	1.0	Unknown taxonomy (chromosome)
barcode13_03Gb	contig_5	201728	202457	gadW_macrolide_antibiotic;_fluoroquinolone_antibiotic;_penam	15	729	729	1.0	Escherichia coli (chromosome)
barcode13_03Gb	contig_5	202824	203649	gadX_macrolide_antibiotic;_fluoroquinolone_antibiotic;_penam	13	825	825	1.0	Unknown taxonomy (chromosome)
barcode13_03Gb	contig_5	700932	702306	cpxA_aminoglycoside_antibiotic;_aminocoumarin_antibiotic	17	1374	1374	1.0	Unknown taxonomy (chromosome or plasmid)
barcode13_03Gb	contig_5	773188	774373	Escherichia coli EF-Tu mutants conferring resistance to Pulvomycin_elfamycin_antibiotic	8	1185	1185	1.0	Unknown taxonomy (chromosome or plasmid)
barcode13_03Gb	contig_5	874410	874734	Escherichia coli soxS with mutation conferring antibiotic resistance_fluoroquinolone_antibiotic;_monobactam;_carbapenem;_cephalosporin;_glycylcycline;_cephamycin;_penam;_tetracycline_antibiotic;_rifamycin_antibiotic;_phenicol_antibiotic;_penem;_disinfecting_agents_and_antiseptics	9	324	324	1.0	Unknown taxonomy (chromosome or plasmid)
barcode13_03Gb	contig_5	874819	875284	Escherichia coli soxR with mutation conferring antibiotic resistance_fluoroquinolone_antibiotic;_cephalosporin;_glycylcycline;_penam;_tetracycline_antibiotic;_rifamycin_antibiotic;_phenicol_antibiotic;_disinfecting_agents_and_antiseptics	10	465	465	1.0	Unknown taxonomy (chromosome or plasmid)
barcode13_03Gb	contig_5	896809	898276	mdtP_nucleoside_antibiotic;_disinfecting_agents_and_antiseptics	7	1467	1467	1.0	Unknown taxonomy (chromosome or plasmid)
barcode13_03Gb	contig_5	898272	900324	mdtO_nucleoside_antibiotic;_disinfecting_agents_and_antiseptics	7	2052	2052	1.0	Unknown taxonomy (chromosome or plasmid)
barcode13_03Gb	contig_5	900323	901355	mdtN_nucleoside_antibiotic;_disinfecting_agents_and_antiseptics	7	1032	1032	1.0	Unknown taxonomy (chromosome or plasmid)
barcode13_03Gb	contig_5	931193	932837	eptA_peptide_antibiotic	7	1644	1644	1.0	Unknown taxonomy (chromosome or plasmid)
barcode13_03Gb	contig_5	965466	966600	Escherichia coli ampC beta-lactamase_cephalosporin;_penam	7	1134	1134	1.0	Unknown taxonomy (chromosome or plasmid)
barcode13_03Gb	contig_5	1166334	1167567	mdtM_fluoroquinolone_antibiotic;_lincosamide_antibiotic;_nucleoside_antibiotic;_phenicol_antibiotic;_disinfecting_agents_and_antiseptics	11	1233	1233	1.0	Unknown taxonomy (chromosome or plasmid)
barcode13_03Gb	contig_51	38443	38914	Pseudomonas aeruginosa soxR_fluoroquinolone_antibiotic;_cephalosporin;_glycylcycline;_penam;_tetracycline_antibiotic;_rifamycin_antibiotic;_phenicol_antibiotic;_disinfecting_agents_and_antiseptics	7	471	471	1.0	Pseudomonas aeruginosa (chromosome or plasmid)
barcode13_03Gb	contig_52	760785	761907	vanT gene in vanG cluster_glycopeptide_antibiotic	15	1122	1122	1.0	
barcode13_03Gb	contig_6	218038	218446	FosA_phosphonic_acid_antibiotic	4	408	408	1.0	Pseudomonas aeruginosa (chromosome or plasmid)
barcode13_03Gb	contig_66	23143	23578	Escherichia coli AcrAB-TolC with MarR mutations conferring resistance to ciprofloxacin and tetracycline_fluoroquinolone_antibiotic;_cephalosporin;_glycylcycline;_penam;_tetracycline_antibiotic;_rifamycin_antibiotic;_phenicol_antibiotic;_disinfecting_agents_and_antiseptics	12	435	435	1.0	Salmonella enterica (chromosome)
barcode13_03Gb	contig_66	23597	23981	marA_fluoroquinolone_antibiotic;_monobactam;_carbapenem;_cephalosporin;_glycylcycline;_cephamycin;_penam;_tetracycline_antibiotic;_rifamycin_antibiotic;_phenicol_antibiotic;_penem;_disinfecting_agents_and_antiseptics	13	384	384	1.0	Salmonella enterica (chromosome)
barcode13_03Gb	contig_66	60141	60423	Klebsiella pneumoniae KpnF_macrolide_antibiotic;_aminoglycoside_antibiotic;_cephalosporin;_tetracycline_antibiotic;_peptide_antibiotic;_rifamycin_antibiotic;_disinfecting_agents_and_antiseptics	8	282	282	1.0	Salmonella enterica (chromosome)
barcode13_03Gb	contig_66	603225	604866	msbA_nitroimidazole_antibiotic	6	1641	1641	1.0	Salmonella enterica (chromosome)
barcode13_03Gb	contig_74	163120	163843	baeR_aminoglycoside_antibiotic;_aminocoumarin_antibiotic	9	723	723	1.0	Salmonella enterica (chromosome)
barcode13_03Gb	contig_74	166650	169731	mdtC_aminocoumarin_antibiotic	13	3081	3081	1.0	
barcode13_03Gb	contig_74	169731	172854	mdtB_aminocoumarin_antibiotic	14	3123	3123	1.0	
barcode13_03Gb	contig_74	338069	338792	sdiA_fluoroquinolone_antibiotic;_cephalosporin;_glycylcycline;_penam;_tetracycline_antibiotic;_rifamycin_antibiotic;_phenicol_antibiotic;_disinfecting_agents_and_antiseptics	8	723	723	1.0	Salmonella enterica (chromosome or plasmid)
barcode13_03Gb	contig_74	674314	674752	AAC(6')-Iaa_aminoglycoside_antibiotic	12	438	438	1.0	Salmonella enterica (chromosome or plasmid)
barcode13_03Gb	contig_8	318689	319874	Escherichia coli EF-Tu mutants conferring resistance to Pulvomycin_elfamycin_antibiotic	9	1185	1185	1.0	Salmonella enterica (chromosome or plasmid)
barcode13_03Gb	contig_8	461338	461662	Escherichia coli soxS with mutation conferring antibiotic resistance_fluoroquinolone_antibiotic;_monobactam;_carbapenem;_cephalosporin;_glycylcycline;_cephamycin;_penam;_tetracycline_antibiotic;_rifamycin_antibiotic;_phenicol_antibiotic;_penem;_disinfecting_agents_and_antiseptics	9	324	324	1.0	Salmonella enterica (chromosome)
barcode13_03Gb	contig_8	461748	462207	Escherichia coli soxR with mutation conferring antibiotic resistance_fluoroquinolone_antibiotic;_cephalosporin;_glycylcycline;_penam;_tetracycline_antibiotic;_rifamycin_antibiotic;_phenicol_antibiotic;_disinfecting_agents_and_antiseptics	10	459	459	1.0	Salmonella enterica (chromosome)
barcode13_03Gb	contig_8	952869	954636	Haemophilus influenzae PBP3 conferring resistance to beta-lactam antibiotics_cephalosporin;_cephamycin;_penam	7	1767	1767	1.0	Salmonella enterica (chromosome)
barcode13_03Gb	contig_80	68781	69414	MexZ_macrolide_antibiotic;_fluoroquinolone_antibiotic;_aminoglycoside_antibiotic;_carbapenem;_cephalosporin;_cephamycin;_penam;_tetracycline_antibiotic;_phenicol_antibiotic;_disinfecting_agents_and_antiseptics	8	633	633	1.0	Pseudomonas aeruginosa (chromosome)
barcode13_03Gb	contig_81	17196	18429	Escherichia coli mdfA_tetracycline_antibiotic;_disinfecting_agents_and_antiseptics	8	1233	1233	1.0	Salmonella enterica (chromosome)
barcode13_03Gb	contig_83	60863	61562	OXA-50_cephalosporin;_penam	4	699	699	1.0	Pseudomonas aeruginosa (chromosome)
barcode13_03Gb	contig_84	74353	74692	YajC_fluoroquinolone_antibiotic;_cephalosporin;_glycylcycline;_penam;_tetracycline_antibiotic;_oxazolidinone_antibiotic;_glycopeptide_antibiotic;_rifamycin_antibiotic;_phenicol_antibiotic;_disinfecting_agents_and_antiseptics	11	339	339	1.0	Pseudomonas aeruginosa (chromosome)
barcode13_03Gb	contig_89	58193	59351	mexM_phenicol_antibiotic	6	1158	1158	1.0	Pseudomonas aeruginosa (chromosome)
barcode13_03Gb	contig_89	59347	62458	mexN_phenicol_antibiotic	8	3111	3111	1.0	Pseudomonas aeruginosa (chromosome)
barcode13_03Gb	contig_93	5228	6050	vanY gene in vanG cluster_glycopeptide_antibiotic	5	822	822	1.0	Bacillus subtilis (chromosome)
barcode13_05Gb	contig_1	98474	99395	mphK_macrolide_antibiotic	19	921	921	1.0	Bacillus subtilis (chromosome)
barcode13_05Gb	contig_1	111583	113017	lmrB_lincosamide_antibiotic;_nucleoside_antibiotic	13	1434	1434	1.0	Bacillus subtilis (chromosome)
barcode13_05Gb	contig_1	340834	342004	vanT gene in vanG cluster_glycopeptide_antibiotic	14	1170	1170	1.0	Bacillus subtilis (chromosome)
barcode13_05Gb	contig_1	415579	417208	vmlR_lincosamide_antibiotic;_streptogramin_antibiotic;_streptogramin_A_antibiotic;_streptogramin_B_antibiotic;_nucleoside_antibiotic;_pleuromutilin_antibiotic	14	1629	1629	1.0	Bacillus subtilis (chromosome)
barcode13_05Gb	contig_1	712851	715422	Bacillus subtilis mprF_peptide_antibiotic	12	2571	2571	1.0	Bacillus subtilis (chromosome)
barcode13_05Gb	contig_1	1171585	1171924	ykkC_aminoglycoside_antibiotic;_tetracycline_antibiotic;_phenicol_antibiotic	13	339	339	1.0	Bacillus subtilis (chromosome)
barcode13_05Gb	contig_1	1171923	1172241	ykkD_aminoglycoside_antibiotic;_tetracycline_antibiotic;_phenicol_antibiotic	13	318	318	1.0	Bacillus subtilis (chromosome)
barcode13_05Gb	contig_1	1658642	1658999	qacJ_disinfecting_agents_and_antiseptics	16	357	357	1.0	Bacillus subtilis (chromosome)
barcode13_05Gb	contig_1	1659009	1659327	qacG_disinfecting_agents_and_antiseptics	16	318	318	1.0	Bacillus subtilis (chromosome)
barcode13_05Gb	contig_1	1689332	1690517	vanT gene in vanG cluster_glycopeptide_antibiotic	6	1185	1185	1.0	Bacillus subtilis (chromosome)
barcode13_05Gb	contig_1	1705409	1705832	FosBx1_phosphonic_acid_antibiotic	14	423	423	1.0	Bacillus subtilis (chromosome)
barcode13_05Gb	contig_1	1873690	1874602	vanW gene in vanI cluster_glycopeptide_antibiotic	11	912	912	1.0	Bacillus subtilis (chromosome)
barcode13_05Gb	contig_1	1882439	1883354	BcI_cephalosporin;_penem	13	915	915	1.0	Bacillus subtilis (chromosome)
barcode13_05Gb	contig_1	1964116	1964938	vanY gene in vanG cluster_glycopeptide_antibiotic	11	822	822	1.0	Bacillus subtilis (chromosome)
barcode13_05Gb	contig_11	692070	693177	vanT gene in vanG cluster_glycopeptide_antibiotic	19	1107	1107	1.0	Listeria monocytogenes (chromosome or plasmid)
barcode13_05Gb	contig_11	723951	725523	lin_lincosamide_antibiotic	19	1572	1572	1.0	Listeria monocytogenes (chromosome or plasmid)
barcode13_05Gb	contig_12	203186	204473	ParS_macrolide_antibiotic;_fluoroquinolone_antibiotic;_monobactam;_aminoglycoside_antibiotic;_carbapenem;_cephalosporin;_cephamycin;_penam;_tetracycline_antibiotic;_phenicol_antibiotic;_penem;_disinfecting_agents_and_antiseptics	6	1287	1287	1.0	Pseudomonas aeruginosa (chromosome or plasmid)
barcode13_05Gb	contig_13	18722	19400	Pseudomonas aeruginosa CpxR_macrolide_antibiotic;_fluoroquinolone_antibiotic;_monobactam;_aminoglycoside_antibiotic;_carbapenem;_cephalosporin;_cephamycin;_penam;_tetracycline_antibiotic;_peptide_antibiotic;_aminocoumarin_antibiotic;_diaminopyrimidine_antibiotic;_sulfonamide_antibiotic;_phenicol_antibiotic;_penem	12	678	678	1.0	Pseudomonas aeruginosa (chromosome or plasmid)
barcode13_05Gb	contig_13	156273	157569	cprS_peptide_antibiotic	7	1296	1296	1.0	Pseudomonas aeruginosa (chromosome or plasmid)
barcode13_05Gb	contig_13	157565	158237	cprR_peptide_antibiotic	5	672	672	1.0	Pseudomonas aeruginosa (chromosome or plasmid)
barcode13_05Gb	contig_15	37222	37861	MexL_macrolide_antibiotic;_tetracycline_antibiotic;_disinfecting_agents_and_antiseptics	7	639	639	1.0	Pseudomonas aeruginosa (chromosome or plasmid)
barcode13_05Gb	contig_15	37956	39060	MexJ_macrolide_antibiotic;_tetracycline_antibiotic;_disinfecting_agents_and_antiseptics	6	1104	1104	1.0	Pseudomonas aeruginosa (chromosome or plasmid)
barcode13_05Gb	contig_15	39064	42142	MexK_macrolide_antibiotic;_tetracycline_antibiotic;_disinfecting_agents_and_antiseptics	5	3078	3078	1.0	Pseudomonas aeruginosa (chromosome or plasmid)
barcode13_05Gb	contig_15	80843	83672	adeF_fluoroquinolone_antibiotic;_tetracycline_antibiotic	11	2829	2829	1.0	Pseudomonas aeruginosa (chromosome)
barcode13_05Gb	contig_15	204058	204697	nalD_macrolide_antibiotic;_fluoroquinolone_antibiotic;_monobactam;_carbapenem;_cephalosporin;_cephamycin;_penam;_tetracycline_antibiotic;_peptide_antibiotic;_aminocoumarin_antibiotic;_diaminopyrimidine_antibiotic;_sulfonamide_antibiotic;_phenicol_antibiotic;_penem	7	639	639	1.0	Pseudomonas aeruginosa (chromosome or plasmid)
barcode13_05Gb	contig_15	224668	226318	ArnT_peptide_antibiotic	14	1650	1650	1.0	Pseudomonas aeruginosa (chromosome or plasmid)
barcode13_05Gb	contig_15	227198	229187	arnA_peptide_antibiotic	10	1989	1989	1.0	Pseudomonas aeruginosa (chromosome or plasmid)
barcode13_05Gb	contig_15	268553	271715	mexQ_macrolide_antibiotic;_carbapenem;_tetracycline_antibiotic;_diaminopyrimidine_antibiotic;_phenicol_antibiotic;_disinfecting_agents_and_antiseptics	5	3162	3162	1.0	Pseudomonas aeruginosa (chromosome or plasmid)
barcode13_05Gb	contig_15	271711	273331	opmE_macrolide_antibiotic;_carbapenem;_tetracycline_antibiotic;_diaminopyrimidine_antibiotic;_phenicol_antibiotic;_disinfecting_agents_and_antiseptics	10	1620	1620	1.0	Pseudomonas aeruginosa (chromosome or plasmid)
barcode13_05Gb	contig_17	13524	14313	OXA-486_penam	4	789	789	1.0	Pseudomonas aeruginosa (chromosome)
barcode13_05Gb	contig_17	247656	248809	TriA_disinfecting_agents_and_antiseptics	8	1153	1153	1.0	Pseudomonas aeruginosa (chromosome)
barcode13_05Gb	contig_17	248804	249875	TriB_disinfecting_agents_and_antiseptics	5	1071	1071	1.0	Pseudomonas aeruginosa (chromosome)
barcode13_05Gb	contig_17	249871	252919	TriC_disinfecting_agents_and_antiseptics	3	3048	3048	1.0	Pseudomonas aeruginosa (chromosome)
barcode13_05Gb	contig_2	31463	32648	Escherichia coli EF-Tu mutants conferring resistance to Pulvomycin_elfamycin_antibiotic	21	1185	1185	1.0	Unknown taxonomy (chromosome or plasmid)
barcode13_05Gb	contig_2	47438	48071	CRP_macrolide_antibiotic;_fluoroquinolone_antibiotic;_penam	14	633	633	1.0	Unknown taxonomy (chromosome or plasmid)
barcode13_05Gb	contig_2	186948	188106	mdtE_macrolide_antibiotic;_fluoroquinolone_antibiotic;_penam	14	1158	1158	1.0	Unknown taxonomy (chromosome)
barcode13_05Gb	contig_2	188130	191244	mdtF_macrolide_antibiotic;_fluoroquinolone_antibiotic;_penam	17	3114	3114	1.0	Unknown taxonomy (chromosome)
barcode13_05Gb	contig_2	191606	192335	gadW_macrolide_antibiotic;_fluoroquinolone_antibiotic;_penam	17	729	729	1.0	Escherichia coli (chromosome)
barcode13_05Gb	contig_2	192702	193527	gadX_macrolide_antibiotic;_fluoroquinolone_antibiotic;_penam	16	825	825	1.0	Unknown taxonomy (chromosome)
barcode13_05Gb	contig_2	690788	692162	cpxA_aminoglycoside_antibiotic;_aminocoumarin_antibiotic	16	1374	1374	1.0	Unknown taxonomy (chromosome or plasmid)
barcode13_05Gb	contig_2	763044	764229	Escherichia coli EF-Tu mutants conferring resistance to Pulvomycin_elfamycin_antibiotic	14	1185	1185	1.0	Unknown taxonomy (chromosome or plasmid)
barcode13_05Gb	contig_2	864258	864582	Escherichia coli soxS with mutation conferring antibiotic resistance_fluoroquinolone_antibiotic;_monobactam;_carbapenem;_cephalosporin;_glycylcycline;_cephamycin;_penam;_tetracycline_antibiotic;_rifamycin_antibiotic;_phenicol_antibiotic;_penem;_disinfecting_agents_and_antiseptics	16	324	324	1.0	Unknown taxonomy (chromosome or plasmid)
barcode13_05Gb	contig_2	864667	865132	Escherichia coli soxR with mutation conferring antibiotic resistance_fluoroquinolone_antibiotic;_cephalosporin;_glycylcycline;_penam;_tetracycline_antibiotic;_rifamycin_antibiotic;_phenicol_antibiotic;_disinfecting_agents_and_antiseptics	17	465	465	1.0	Unknown taxonomy (chromosome or plasmid)
barcode13_05Gb	contig_2	886650	888117	mdtP_nucleoside_antibiotic;_disinfecting_agents_and_antiseptics	18	1467	1467	1.0	Unknown taxonomy (chromosome or plasmid)
barcode13_05Gb	contig_2	888113	890165	mdtO_nucleoside_antibiotic;_disinfecting_agents_and_antiseptics	15	2052	2052	1.0	Unknown taxonomy (chromosome or plasmid)
barcode13_05Gb	contig_2	890164	891196	mdtN_nucleoside_antibiotic;_disinfecting_agents_and_antiseptics	16	1032	1032	1.0	Unknown taxonomy (chromosome or plasmid)
barcode13_05Gb	contig_2	921033	922677	eptA_peptide_antibiotic	14	1644	1644	1.0	Unknown taxonomy (chromosome or plasmid)
barcode13_05Gb	contig_2	955306	956440	Escherichia coli ampC beta-lactamase_cephalosporin;_penam	19	1134	1134	1.0	Unknown taxonomy (chromosome or plasmid)
barcode13_05Gb	contig_2	1156141	1157374	mdtM_fluoroquinolone_antibiotic;_lincosamide_antibiotic;_nucleoside_antibiotic;_phenicol_antibiotic;_disinfecting_agents_and_antiseptics	18	1233	1233	1.0	Unknown taxonomy (chromosome or plasmid)
barcode13_05Gb	contig_2	1303688	1304633	leuO_nucleoside_antibiotic;_disinfecting_agents_and_antiseptics	18	945	945	1.0	Escherichia coli (chromosome or plasmid)
barcode13_05Gb	contig_2	1310733	1312500	Haemophilus influenzae PBP3 conferring resistance to beta-lactam antibiotics_cephalosporin;_cephamycin;_penam	17	1767	1767	1.0	Unknown taxonomy (chromosome or plasmid)
barcode13_05Gb	contig_2	1591125	1592220	vanG_glycopeptide_antibiotic	9	1095	1095	1.0	Unknown taxonomy (chromosome or plasmid)
barcode13_05Gb	contig_2	1673900	1677050	acrB_fluoroquinolone_antibiotic;_cephalosporin;_glycylcycline;_penam;_tetracycline_antibiotic;_rifamycin_antibiotic;_phenicol_antibiotic;_disinfecting_agents_and_antiseptics	16	3150	3150	1.0	Escherichia coli (chromosome or plasmid)
barcode13_05Gb	contig_2	1677072	1678266	Escherichia coli acrA_fluoroquinolone_antibiotic;_cephalosporin;_glycylcycline;_penam;_tetracycline_antibiotic;_rifamycin_antibiotic;_phenicol_antibiotic;_disinfecting_agents_and_antiseptics	17	1194	1194	1.0	Unknown taxonomy (chromosome or plasmid)
barcode13_05Gb	contig_2	1678407	1679055	Escherichia coli AcrAB-TolC with AcrR mutation conferring resistance to ciprofloxacin, tetracycline, and ceftazidime_fluoroquinolone_antibiotic;_cephalosporin;_glycylcycline;_penam;_tetracycline_antibiotic;_rifamycin_antibiotic;_phenicol_antibiotic;_disinfecting_agents_and_antiseptics	16	648	648	1.0	Escherichia coli (chromosome or plasmid)
barcode13_05Gb	contig_2	1891091	1891769	kdpE_aminoglycoside_antibiotic	12	678	678	1.0	Unknown taxonomy (chromosome or plasmid)
barcode13_05Gb	contig_2	2054583	2055816	Escherichia coli mdfA_tetracycline_antibiotic;_disinfecting_agents_and_antiseptics	28	1233	1233	1.0	Unknown taxonomy (chromosome or plasmid)
barcode13_05Gb	contig_2	2065636	2066869	Escherichia coli mdfA_tetracycline_antibiotic;_disinfecting_agents_and_antiseptics	37	1233	1233	1.0	Unknown taxonomy (chromosome or plasmid)
barcode13_05Gb	contig_2	2158594	2160343	msbA_nitroimidazole_antibiotic	13	1749	1749	1.0	Escherichia coli (chromosome)
barcode13_05Gb	contig_2	2393008	2394235	mdtG_phosphonic_acid_antibiotic	17	1227	1227	1.0	Unknown taxonomy (chromosome or plasmid)
barcode13_05Gb	contig_2	2402863	2404072	mdtH_fluoroquinolone_antibiotic	11	1209	1209	1.0	Unknown taxonomy (chromosome or plasmid)
barcode13_05Gb	contig_2	2583791	2584205	H-NS_macrolide_antibiotic;_fluoroquinolone_antibiotic;_cephalosporin;_cephamycin;_penam;_tetracycline_antibiotic	8	414	414	1.0	Unknown taxonomy (chromosome or plasmid)
barcode13_05Gb	contig_2	2926573	2927008	Escherichia coli AcrAB-TolC with MarR mutations conferring resistance to ciprofloxacin and tetracycline_fluoroquinolone_antibiotic;_cephalosporin;_glycylcycline;_penam;_tetracycline_antibiotic;_rifamycin_antibiotic;_phenicol_antibiotic;_disinfecting_agents_and_antiseptics	15	435	435	1.0	Unknown taxonomy (chromosome or plasmid)
barcode13_05Gb	contig_2	2927027	2927411	marA_fluoroquinolone_antibiotic;_monobactam;_carbapenem;_cephalosporin;_glycylcycline;_cephamycin;_penam;_tetracycline_antibiotic;_rifamycin_antibiotic;_phenicol_antibiotic;_penem;_disinfecting_agents_and_antiseptics	16	384	384	1.0	Unknown taxonomy (chromosome or plasmid)
barcode13_05Gb	contig_2	2987648	2987978	Klebsiella pneumoniae KpnF_macrolide_antibiotic;_aminoglycoside_antibiotic;_cephalosporin;_tetracycline_antibiotic;_peptide_antibiotic;_rifamycin_antibiotic;_disinfecting_agents_and_antiseptics	11	330	330	1.0	Unknown taxonomy (chromosome or plasmid)
barcode13_05Gb	contig_2	2987964	2988330	Klebsiella pneumoniae KpnE_macrolide_antibiotic;_aminoglycoside_antibiotic;_cephalosporin;_tetracycline_antibiotic;_peptide_antibiotic;_rifamycin_antibiotic;_disinfecting_agents_and_antiseptics	9	366	366	1.0	Unknown taxonomy (chromosome or plasmid)
barcode13_05Gb	contig_2	3438281	3439448	ugd_peptide_antibiotic	20	1167	1167	1.0	Escherichia coli (chromosome or plasmid)
barcode13_05Gb	contig_2	3490701	3492069	mdtA_aminocoumarin_antibiotic	18	1368	1368	1.0	Unknown taxonomy (chromosome or plasmid)
barcode13_05Gb	contig_2	3492068	3495191	mdtB_aminocoumarin_antibiotic	16	3123	3123	1.0	Unknown taxonomy (chromosome or plasmid)
barcode13_05Gb	contig_2	3495191	3498269	mdtC_aminocoumarin_antibiotic	9	3078	3078	1.0	Unknown taxonomy (chromosome or plasmid)
barcode13_05Gb	contig_2	3501081	3501804	baeR_aminoglycoside_antibiotic;_aminocoumarin_antibiotic	6	723	723	1.0	Unknown taxonomy (chromosome or plasmid)
barcode13_05Gb	contig_2	3641446	3643090	YojI_peptide_antibiotic	18	1644	1644	1.0	Unknown taxonomy (chromosome or plasmid)
barcode13_05Gb	contig_2	3701544	3702513	PmrF_peptide_antibiotic	22	969	969	1.0	Unknown taxonomy (chromosome or plasmid)
barcode13_05Gb	contig_2	3705381	3707034	ArnT_peptide_antibiotic	26	1653	1653	1.0	Unknown taxonomy (chromosome or plasmid)
barcode13_05Gb	contig_2	3804909	3806448	emrY_tetracycline_antibiotic	24	1539	1539	1.0	Unknown taxonomy (chromosome or plasmid)
barcode13_05Gb	contig_2	3806447	3807503	emrK_tetracycline_antibiotic	22	1056	1056	1.0	Unknown taxonomy (chromosome or plasmid)
barcode13_05Gb	contig_2	3808026	3808641	evgA_macrolide_antibiotic;_fluoroquinolone_antibiotic;_penam;_tetracycline_antibiotic	21	615	615	1.0	Unknown taxonomy (chromosome or plasmid)
barcode13_05Gb	contig_2	3808645	3812239	evgS_macrolide_antibiotic;_fluoroquinolone_antibiotic;_penam;_tetracycline_antibiotic	14	3594	3594	1.0	Unknown taxonomy (chromosome or plasmid)
barcode13_05Gb	contig_2	3903727	3906841	acrD_aminoglycoside_antibiotic	17	3114	3114	1.0	Escherichia coli (chromosome or plasmid)
barcode13_05Gb	contig_2	4131699	4131885	rsmA_fluoroquinolone_antibiotic;_diaminopyrimidine_antibiotic;_phenicol_antibiotic	15	186	186	1.0	Unknown taxonomy (chromosome or plasmid)
barcode13_05Gb	contig_2	4505123	4506612	TolC_macrolide_antibiotic;_fluoroquinolone_antibiotic;_aminoglycoside_antibiotic;_carbapenem;_cephalosporin;_glycylcycline;_cephamycin;_penam;_tetracycline_antibiotic;_peptide_antibiotic;_aminocoumarin_antibiotic;_rifamycin_antibiotic;_phenicol_antibiotic;_penem;_disinfecting_agents_and_antiseptics	18	1489	1489	1.0	Unknown taxonomy (chromosome or plasmid)
barcode13_05Gb	contig_2	4528988	4529810	bacA_peptide_antibiotic	16	822	822	1.0	Unknown taxonomy (chromosome or plasmid)
barcode13_05Gb	contig_2	4739575	4740238	AcrS_fluoroquinolone_antibiotic;_cephalosporin;_glycylcycline;_cephamycin;_penam;_tetracycline_antibiotic;_rifamycin_antibiotic;_phenicol_antibiotic;_disinfecting_agents_and_antiseptics	10	663	663	1.0	Unknown taxonomy (chromosome or plasmid)
barcode13_05Gb	contig_2	4740636	4741794	AcrE_fluoroquinolone_antibiotic;_cephalosporin;_cephamycin;_penam	9	1158	1158	1.0	Unknown taxonomy (chromosome or plasmid)
barcode13_05Gb	contig_20	109254	110688	basS_peptide_antibiotic	17	1434	1434	1.0	Pseudomonas aeruginosa (chromosome or plasmid)
barcode13_05Gb	contig_20	110711	111377	basR_peptide_antibiotic	16	666	666	1.0	Pseudomonas (chromosome or plasmid)
barcode13_05Gb	contig_20	331091	331655	Type B NfxB_macrolide_antibiotic;_fluoroquinolone_antibiotic;_aminoglycoside_antibiotic;_cephalosporin;_penam;_tetracycline_antibiotic;_aminocoumarin_antibiotic;_diaminopyrimidine_antibiotic;_phenicol_antibiotic	5	564	564	1.0	Pseudomonas aeruginosa (chromosome or plasmid)
barcode13_05Gb	contig_20	331914	332979	MexC_macrolide_antibiotic;_fluoroquinolone_antibiotic;_aminoglycoside_antibiotic;_cephalosporin;_penam;_tetracycline_antibiotic;_aminocoumarin_antibiotic;_diaminopyrimidine_antibiotic;_phenicol_antibiotic	6	1065	1065	1.0	Pseudomonas aeruginosa (chromosome or plasmid)
barcode13_05Gb	contig_20	333006	336138	MexD_macrolide_antibiotic;_fluoroquinolone_antibiotic;_aminoglycoside_antibiotic;_cephalosporin;_penam;_tetracycline_antibiotic;_aminocoumarin_antibiotic;_diaminopyrimidine_antibiotic;_phenicol_antibiotic	5	3132	3132	1.0	Pseudomonas aeruginosa (chromosome or plasmid)
barcode13_05Gb	contig_20	336143	337583	OprJ_macrolide_antibiotic;_fluoroquinolone_antibiotic;_aminoglycoside_antibiotic;_cephalosporin;_penam;_tetracycline_antibiotic;_aminocoumarin_antibiotic;_diaminopyrimidine_antibiotic;_phenicol_antibiotic	9	1440	1440	1.0	Pseudomonas aeruginosa (chromosome or plasmid)
barcode13_05Gb	contig_21	226581	227025	MexR_macrolide_antibiotic;_fluoroquinolone_antibiotic;_monobactam;_carbapenem;_cephalosporin;_cephamycin;_penam;_tetracycline_antibiotic;_peptide_antibiotic;_aminocoumarin_antibiotic;_diaminopyrimidine_antibiotic;_sulfonamide_antibiotic;_phenicol_antibiotic;_penem	6	444	444	1.0	Pseudomonas (chromosome or plasmid)
barcode13_05Gb	contig_21	227299	228451	MexA_macrolide_antibiotic;_fluoroquinolone_antibiotic;_monobactam;_carbapenem;_cephalosporin;_cephamycin;_penam;_tetracycline_antibiotic;_peptide_antibiotic;_aminocoumarin_antibiotic;_diaminopyrimidine_antibiotic;_sulfonamide_antibiotic;_phenicol_antibiotic;_penem	7	1152	1152	1.0	Pseudomonas (chromosome or plasmid)
barcode13_05Gb	contig_21	228466	231607	MexB_macrolide_antibiotic;_fluoroquinolone_antibiotic;_monobactam;_carbapenem;_cephalosporin;_cephamycin;_penam;_tetracycline_antibiotic;_peptide_antibiotic;_aminocoumarin_antibiotic;_diaminopyrimidine_antibiotic;_sulfonamide_antibiotic;_phenicol_antibiotic;_penem	7	3141	3141	1.0	Pseudomonas aeruginosa (chromosome or plasmid)
barcode13_05Gb	contig_21	231608	233066	OprM_macrolide_antibiotic;_fluoroquinolone_antibiotic;_monobactam;_aminoglycoside_antibiotic;_carbapenem;_cephalosporin;_cephamycin;_penam;_tetracycline_antibiotic;_peptide_antibiotic;_aminocoumarin_antibiotic;_diaminopyrimidine_antibiotic;_sulfonamide_antibiotic;_phenicol_antibiotic;_penem;_disinfecting_agents_and_antiseptics	15	1458	1458	1.0	Pseudomonas (chromosome or plasmid)
barcode13_05Gb	contig_21	554580	556044	OpmD_fluoroquinolone_antibiotic;_tetracycline_antibiotic;_disinfecting_agents_and_antiseptics	4	1464	1464	1.0	Pseudomonas aeruginosa (chromosome)
barcode13_05Gb	contig_21	556040	559130	MexI_fluoroquinolone_antibiotic;_tetracycline_antibiotic;_disinfecting_agents_and_antiseptics	5	3090	3090	1.0	Pseudomonas aeruginosa (chromosome)
barcode13_05Gb	contig_21	559142	560255	MexH_fluoroquinolone_antibiotic;_tetracycline_antibiotic;_disinfecting_agents_and_antiseptics	7	1113	1113	1.0	Pseudomonas aeruginosa (chromosome)
barcode13_05Gb	contig_21	560262	560709	MexG_fluoroquinolone_antibiotic;_tetracycline_antibiotic;_disinfecting_agents_and_antiseptics	7	447	447	1.0	Pseudomonas (chromosome)
barcode13_05Gb	contig_21	680382	681591	bcr-1_bicyclomycin-like_antibiotic	12	1209	1209	1.0	Pseudomonas aeruginosa (chromosome or plasmid)
barcode13_05Gb	contig_21	698294	699101	APH(3')-IIb_aminoglycoside_antibiotic	7	807	807	1.0	Pseudomonas aeruginosa (chromosome or plasmid)
barcode13_05Gb	contig_21	711456	712650	PDC-3_monobactam;_carbapenem;_cephalosporin;_cephamycin;_penam	10	1194	1194	1.0	Pseudomonas aeruginosa (chromosome or plasmid)
barcode13_05Gb	contig_23	150254	150893	Pseudomonas aeruginosa catB7_phenicol_antibiotic	6	639	639	1.0	Pseudomonas aeruginosa (chromosome or plasmid)
barcode13_05Gb	contig_23	194366	194873	vanW gene in vanG cluster_glycopeptide_antibiotic	4	507	507	1.0	Pseudomonas aeruginosa (chromosome or plasmid)
barcode13_05Gb	contig_30	335102	336224	vanT gene in vanG cluster_glycopeptide_antibiotic	22	1122	1122	1.0	
barcode13_05Gb	contig_31	278474	279971	lsaA_lincosamide_antibiotic;_streptogramin_antibiotic;_streptogramin_A_antibiotic;_streptogramin_B_antibiotic;_pleuromutilin_antibiotic	23	1497	1497	1.0	Enterococcus faecalis (chromosome)
barcode13_05Gb	contig_31	354691	355402	vanY gene in vanB cluster_glycopeptide_antibiotic	27	711	711	1.0	Enterococcus faecalis (chromosome)
barcode13_05Gb	contig_31	825424	827581	IreK_cephalosporin	19	2157	2157	1.0	
barcode13_05Gb	contig_31	1075007	1076726	efrA_macrolide_antibiotic;_fluoroquinolone_antibiotic;_rifamycin_antibiotic	22	1719	1719	1.0	Enterococcus faecalis (chromosome)
barcode13_05Gb	contig_31	1494090	1495206	vanT gene in vanG cluster_glycopeptide_antibiotic	20	1116	1116	1.0	Enterococcus faecalis (chromosome)
barcode13_05Gb	contig_31	1750903	1752058	emeA_disinfecting_agents_and_antiseptics	17	1155	1155	1.0	
barcode13_05Gb	contig_31	2251910	2252405	dfrE_diaminopyrimidine_antibiotic	17	495	495	1.0	Enterococcus faecalis (chromosome)
barcode13_05Gb	contig_32	443358	444759	norB_fluoroquinolone_antibiotic	17	1401	1401	1.0	Listeria monocytogenes (chromosome or plasmid)
barcode13_05Gb	contig_34	18539	19988	OpmH_disinfecting_agents_and_antiseptics	11	1449	1449	1.0	Pseudomonas aeruginosa (chromosome)
barcode13_05Gb	contig_36	255883	256291	FosA_phosphonic_acid_antibiotic	4	408	408	1.0	Pseudomonas aeruginosa (chromosome or plasmid)
barcode13_05Gb	contig_36	464978	465980	vanH gene in vanB cluster_glycopeptide_antibiotic	6	1002	1002	1.0	Pseudomonas aeruginosa (no genomic info)
barcode13_05Gb	contig_37	16847	17978	MexV_macrolide_antibiotic;_fluoroquinolone_antibiotic;_tetracycline_antibiotic;_phenicol_antibiotic;_disinfecting_agents_and_antiseptics	3	1131	1131	1.0	Pseudomonas aeruginosa (chromosome or plasmid)
barcode13_05Gb	contig_37	18029	21086	MexW_macrolide_antibiotic;_fluoroquinolone_antibiotic;_tetracycline_antibiotic;_phenicol_antibiotic;_disinfecting_agents_and_antiseptics	5	3057	3057	1.0	Pseudomonas aeruginosa (chromosome or plasmid)
barcode13_05Gb	contig_4	72019	72490	Pseudomonas aeruginosa soxR_fluoroquinolone_antibiotic;_cephalosporin;_glycylcycline;_penam;_tetracycline_antibiotic;_rifamycin_antibiotic;_phenicol_antibiotic;_disinfecting_agents_and_antiseptics	7	471	471	1.0	Pseudomonas aeruginosa (chromosome or plasmid)
barcode13_05Gb	contig_40	106246	106879	MexZ_macrolide_antibiotic;_fluoroquinolone_antibiotic;_aminoglycoside_antibiotic;_carbapenem;_cephalosporin;_cephamycin;_penam;_tetracycline_antibiotic;_phenicol_antibiotic;_disinfecting_agents_and_antiseptics	18	633	633	1.0	Pseudomonas aeruginosa (chromosome)
barcode13_05Gb	contig_40	108249	111387	mexY_macrolide_antibiotic;_fluoroquinolone_antibiotic;_aminoglycoside_antibiotic;_carbapenem;_cephalosporin;_cephamycin;_penam;_tetracycline_antibiotic;_phenicol_antibiotic;_disinfecting_agents_and_antiseptics	12	3138	3138	1.0	Pseudomonas aeruginosa (chromosome)
barcode13_05Gb	contig_41	4120	4453	Pseudomonas aeruginosa emrE_aminoglycoside_antibiotic	5	333	333	1.0	Pseudomonas aeruginosa (chromosome)
barcode13_05Gb	contig_42	63166	66277	mexN_phenicol_antibiotic	10	3111	3111	1.0	Pseudomonas aeruginosa (chromosome)
barcode13_05Gb	contig_42	66273	67431	mexM_phenicol_antibiotic	12	1158	1158	1.0	Pseudomonas aeruginosa (chromosome)
barcode13_05Gb	contig_45	127060	128080	MexS_fluoroquinolone_antibiotic;_diaminopyrimidine_antibiotic;_phenicol_antibiotic	6	1020	1020	1.0	Pseudomonas aeruginosa (chromosome or plasmid)
barcode13_05Gb	contig_45	128300	129215	MexT_fluoroquinolone_antibiotic;_diaminopyrimidine_antibiotic;_phenicol_antibiotic	7	915	915	1.0	Pseudomonas aeruginosa (chromosome or plasmid)
barcode13_05Gb	contig_45	129445	130690	MexE_fluoroquinolone_antibiotic;_diaminopyrimidine_antibiotic;_phenicol_antibiotic	7	1245	1245	1.0	Pseudomonas aeruginosa (chromosome or plasmid)
barcode13_05Gb	contig_45	130711	135445	adeF_fluoroquinolone_antibiotic;_tetracycline_antibiotic	5	4734	4734	1.0	Pseudomonas aeruginosa (chromosome or plasmid)
barcode13_05Gb	contig_45	166990	168490	OpmB_macrolide_antibiotic;_monobactam;_tetracycline_antibiotic;_aminocoumarin_antibiotic	5	1500	1500	1.0	Pseudomonas aeruginosa (chromosome or plasmid)
barcode13_05Gb	contig_45	168486	171597	MuxC_macrolide_antibiotic;_monobactam;_tetracycline_antibiotic;_aminocoumarin_antibiotic	5	3111	3111	1.0	Pseudomonas aeruginosa (chromosome or plasmid)
barcode13_05Gb	contig_45	171593	174488	MuxB_macrolide_antibiotic;_monobactam;_tetracycline_antibiotic;_aminocoumarin_antibiotic	4	2895	2895	1.0	Pseudomonas aeruginosa (chromosome or plasmid)
barcode13_05Gb	contig_45	174722	176003	MuxA_macrolide_antibiotic;_monobactam;_tetracycline_antibiotic;_aminocoumarin_antibiotic	5	1281	1281	1.0	Pseudomonas aeruginosa (chromosome or plasmid)
barcode13_05Gb	contig_5	14470	15655	Escherichia coli EF-Tu mutants conferring resistance to Pulvomycin_elfamycin_antibiotic	10	1185	1185	1.0	Salmonella enterica (chromosome or plasmid)
barcode13_05Gb	contig_5	31808	32441	CRP_macrolide_antibiotic;_fluoroquinolone_antibiotic;_penam	14	633	633	1.0	Salmonella enterica (chromosome)
barcode13_05Gb	contig_5	393788	395180	Escherichia coli UhpT with mutation conferring resistance to fosfomycin_phosphonic_acid_antibiotic	6	1392	1392	1.0	Salmonella enterica (chromosome)
barcode13_05Gb	contig_5	669385	670759	cpxA_aminoglycoside_antibiotic;_aminocoumarin_antibiotic	12	1374	1374	1.0	Salmonella enterica (no genomic info)
barcode13_05Gb	contig_5	762767	763952	Escherichia coli EF-Tu mutants conferring resistance to Pulvomycin_elfamycin_antibiotic	15	1185	1185	1.0	Salmonella enterica (chromosome or plasmid)
barcode13_05Gb	contig_5	905408	905732	Escherichia coli soxS with mutation conferring antibiotic resistance_fluoroquinolone_antibiotic;_monobactam;_carbapenem;_cephalosporin;_glycylcycline;_cephamycin;_penam;_tetracycline_antibiotic;_rifamycin_antibiotic;_phenicol_antibiotic;_penem;_disinfecting_agents_and_antiseptics	10	324	324	1.0	Salmonella enterica (chromosome)
barcode13_05Gb	contig_5	905818	906277	Escherichia coli soxR with mutation conferring antibiotic resistance_fluoroquinolone_antibiotic;_cephalosporin;_glycylcycline;_penam;_tetracycline_antibiotic;_rifamycin_antibiotic;_phenicol_antibiotic;_disinfecting_agents_and_antiseptics	13	459	459	1.0	Salmonella enterica (chromosome)
barcode13_05Gb	contig_5	1146520	1147762	mdtM_fluoroquinolone_antibiotic;_lincosamide_antibiotic;_nucleoside_antibiotic;_phenicol_antibiotic;_disinfecting_agents_and_antiseptics	15	1242	1242	1.0	
barcode13_05Gb	contig_5	1396889	1398656	Haemophilus influenzae PBP3 conferring resistance to beta-lactam antibiotics_cephalosporin;_cephamycin;_penam	18	1767	1767	1.0	Salmonella enterica (chromosome)
barcode13_05Gb	contig_5	1697301	1698759	mdsC_monobactam;_carbapenem;_cephalosporin;_cephamycin;_penam;_phenicol_antibiotic;_penem	26	1458	1458	1.0	Salmonella enterica (chromosome)
barcode13_05Gb	contig_5	1698775	1701190	adeF_fluoroquinolone_antibiotic;_tetracycline_antibiotic	22	2415	2415	1.0	Salmonella enterica (chromosome)
barcode13_05Gb	contig_5	1701939	1703166	mdsA_monobactam;_carbapenem;_cephalosporin;_cephamycin;_penam;_phenicol_antibiotic;_penem	15	1227	1227	1.0	Salmonella enterica (chromosome)
barcode13_05Gb	contig_5	1705742	1706207	golS_monobactam;_carbapenem;_cephalosporin;_cephamycin;_penam;_phenicol_antibiotic;_penem	17	465	465	1.0	Salmonella enterica (chromosome)
barcode13_05Gb	contig_5	1738377	1739490	vanG_glycopeptide_antibiotic	12	1113	1113	1.0	Salmonella enterica (chromosome)
barcode13_05Gb	contig_5	1833825	1836975	acrB_fluoroquinolone_antibiotic;_cephalosporin;_glycylcycline;_penam;_tetracycline_antibiotic;_rifamycin_antibiotic;_phenicol_antibiotic;_disinfecting_agents_and_antiseptics	14	3150	3150	1.0	Salmonella enterica (chromosome)
barcode13_05Gb	contig_5	1836997	1838191	Escherichia coli acrA_fluoroquinolone_antibiotic;_cephalosporin;_glycylcycline;_penam;_tetracycline_antibiotic;_rifamycin_antibiotic;_phenicol_antibiotic;_disinfecting_agents_and_antiseptics	13	1194	1194	1.0	Salmonella enterica (chromosome)
barcode13_05Gb	contig_5	1838332	1838986	Escherichia coli AcrAB-TolC with AcrR mutation conferring resistance to ciprofloxacin, tetracycline, and ceftazidime_fluoroquinolone_antibiotic;_cephalosporin;_glycylcycline;_penam;_tetracycline_antibiotic;_rifamycin_antibiotic;_phenicol_antibiotic;_disinfecting_agents_and_antiseptics	16	654	654	1.0	Unknown taxonomy (chromosome)
barcode13_05Gb	contig_5	2065265	2065943	kdpE_aminoglycoside_antibiotic	10	678	678	1.0	Salmonella enterica (chromosome)
barcode13_05Gb	contig_5	2221836	2223069	Escherichia coli mdfA_tetracycline_antibiotic;_disinfecting_agents_and_antiseptics	13	1233	1233	1.0	Salmonella enterica (chromosome)
barcode13_05Gb	contig_5	2311446	2313195	msbA_nitroimidazole_antibiotic	18	1749	1749	1.0	Salmonella enterica (chromosome)
barcode13_05Gb	contig_5	2855837	2856119	Klebsiella pneumoniae KpnF_macrolide_antibiotic;_aminoglycoside_antibiotic;_cephalosporin;_tetracycline_antibiotic;_peptide_antibiotic;_rifamycin_antibiotic;_disinfecting_agents_and_antiseptics	10	282	282	1.0	Salmonella enterica (chromosome)
barcode13_05Gb	contig_5	2892273	2892657	marA_fluoroquinolone_antibiotic;_monobactam;_carbapenem;_cephalosporin;_glycylcycline;_cephamycin;_penam;_tetracycline_antibiotic;_rifamycin_antibiotic;_phenicol_antibiotic;_penem;_disinfecting_agents_and_antiseptics	21	384	384	1.0	Salmonella enterica (chromosome)
barcode13_05Gb	contig_5	2892676	2893111	Escherichia coli AcrAB-TolC with MarR mutations conferring resistance to ciprofloxacin and tetracycline_fluoroquinolone_antibiotic;_cephalosporin;_glycylcycline;_penam;_tetracycline_antibiotic;_rifamycin_antibiotic;_phenicol_antibiotic;_disinfecting_agents_and_antiseptics	21	435	435	1.0	Salmonella enterica (chromosome)
barcode13_05Gb	contig_5	2990530	2990968	AAC(6')-Iaa_aminoglycoside_antibiotic	11	438	438	1.0	Salmonella enterica (chromosome or plasmid)
barcode13_05Gb	contig_5	3326428	3327151	sdiA_fluoroquinolone_antibiotic;_cephalosporin;_glycylcycline;_penam;_tetracycline_antibiotic;_rifamycin_antibiotic;_phenicol_antibiotic;_disinfecting_agents_and_antiseptics	9	723	723	1.0	Salmonella enterica (chromosome or plasmid)
barcode13_05Gb	contig_5	3492328	3495451	mdtB_aminocoumarin_antibiotic	11	3123	3123	1.0	
barcode13_05Gb	contig_5	3501340	3502063	baeR_aminoglycoside_antibiotic;_aminocoumarin_antibiotic	12	723	723	1.0	Salmonella enterica (chromosome)
barcode13_05Gb	contig_5	3682184	3683168	PmrF_peptide_antibiotic	10	984	984	1.0	Salmonella enterica (chromosome)
barcode13_05Gb	contig_5	3686038	3687685	ArnT_peptide_antibiotic	13	1647	1647	1.0	Salmonella enterica (chromosome)
barcode13_05Gb	contig_5	3870458	3873572	acrD_aminoglycoside_antibiotic	16	3114	3114	1.0	Salmonella enterica (chromosome)
barcode13_05Gb	contig_5	4175809	4176340	emrR_fluoroquinolone_antibiotic	13	531	531	1.0	Salmonella enterica (chromosome or plasmid)
barcode13_05Gb	contig_5	4176466	4177639	emrA_fluoroquinolone_antibiotic	15	1173	1173	1.0	Salmonella enterica (chromosome or plasmid)
barcode13_05Gb	contig_5	4177655	4178930	Klebsiella pneumoniae KpnH_macrolide_antibiotic;_fluoroquinolone_antibiotic;_aminoglycoside_antibiotic;_carbapenem;_cephalosporin;_penam;_peptide_antibiotic;_penem	17	1275	1275	1.0	Salmonella enterica (chromosome or plasmid)
barcode13_05Gb	contig_5	4185367	4185553	rsmA_fluoroquinolone_antibiotic;_diaminopyrimidine_antibiotic;_phenicol_antibiotic	17	186	186	1.0	Unknown taxonomy (chromosome or plasmid)
barcode13_05Gb	contig_5	4552737	4553559	bacA_peptide_antibiotic	11	822	822	1.0	Salmonella enterica (chromosome or plasmid)
barcode13_05Gb	contig_50	10982	11624	nalC_macrolide_antibiotic;_fluoroquinolone_antibiotic;_monobactam;_carbapenem;_cephalosporin;_cephamycin;_penam;_tetracycline_antibiotic;_peptide_antibiotic;_aminocoumarin_antibiotic;_diaminopyrimidine_antibiotic;_sulfonamide_antibiotic;_phenicol_antibiotic;_penem	6	642	642	1.0	Pseudomonas aeruginosa (chromosome or plasmid)
barcode13_05Gb	contig_6	5664	6003	YajC_fluoroquinolone_antibiotic;_cephalosporin;_glycylcycline;_penam;_tetracycline_antibiotic;_oxazolidinone_antibiotic;_glycopeptide_antibiotic;_rifamycin_antibiotic;_phenicol_antibiotic;_disinfecting_agents_and_antiseptics	5	339	339	1.0	Pseudomonas aeruginosa (chromosome)
barcode13_05Gb	contig_7	376050	377199	vanT gene in vanG cluster_glycopeptide_antibiotic	22	1149	1149	1.0	Staphylococcus aureus (chromosome or plasmid)
barcode13_05Gb	contig_7	384871	387601	kdpD_aminoglycoside_antibiotic	22	2730	2730	1.0	Staphylococcus aureus (chromosome or plasmid)
barcode13_05Gb	contig_7	483479	484925	Staphylococcus aureus LmrS_macrolide_antibiotic;_aminoglycoside_antibiotic;_oxazolidinone_antibiotic;_diaminopyrimidine_antibiotic;_phenicol_antibiotic	23	1446	1446	1.0	Staphylococcus aureus (chromosome)
barcode13_05Gb	contig_7	485244	485718	sepA_disinfecting_agents_and_antiseptics	22	474	474	1.0	Staphylococcus aureus (chromosome)
barcode13_05Gb	contig_7	485816	487160	sdrM_fluoroquinolone_antibiotic;_disinfecting_agents_and_antiseptics	21	1344	1344	1.0	Staphylococcus aureus (chromosome)
barcode13_05Gb	contig_7	633092	633512	Staphylococcus aureus FosB_phosphonic_acid_antibiotic	19	420	420	1.0	Staphylococcus aureus (chromosome)
barcode13_05Gb	contig_7	753405	754806	norC_fluoroquinolone_antibiotic;_disinfecting_agents_and_antiseptics	16	1401	1401	1.0	
barcode13_05Gb	contig_7	1138257	1139646	norC_fluoroquinolone_antibiotic;_disinfecting_agents_and_antiseptics	21	1389	1389	1.0	Staphylococcus aureus (chromosome or plasmid)
barcode13_05Gb	contig_7	1176395	1177754	tet(38)_tetracycline_antibiotic	18	1359	1359	1.0	Staphylococcus aureus (no genomic info)
barcode13_05Gb	contig_7	1405724	1406144	mepR_glycylcycline;_tetracycline_antibiotic	19	420	420	1.0	Staphylococcus aureus (chromosome or plasmid)
barcode13_05Gb	contig_7	1406250	1407606	mepA_glycylcycline;_tetracycline_antibiotic	20	1356	1356	1.0	Staphylococcus aureus (chromosome or plasmid)
barcode13_05Gb	contig_7	1775812	1776256	mgrA_fluoroquinolone_antibiotic;_cephalosporin;_penam;_tetracycline_antibiotic;_peptide_antibiotic;_disinfecting_agents_and_antiseptics	14	444	444	1.0	Unknown taxonomy (chromosome)
barcode13_05Gb	contig_7	1783906	1785073	Staphylococcus aureus norA_fluoroquinolone_antibiotic	18	1167	1167	1.0	Staphylococcus aureus (chromosome)
barcode13_05Gb	contig_7	2460006	2461362	arlS_fluoroquinolone_antibiotic;_disinfecting_agents_and_antiseptics	19	1356	1356	1.0	Staphylococcus aureus (chromosome)
barcode13_05Gb	contig_7	2461358	2462018	arlR_fluoroquinolone_antibiotic;_disinfecting_agents_and_antiseptics	19	660	660	1.0	Staphylococcus aureus (chromosome)
barcode13_05Gb	contig_7	2508086	2509607	norC_fluoroquinolone_antibiotic;_disinfecting_agents_and_antiseptics	16	1521	1521	1.0	Staphylococcus aureus (chromosome)
barcode13_05Gb	contig_7	2537991	2538837	PC1 beta-lactamase (blaZ)_penam	23	846	846	1.0	Staphylococcus aureus (chromosome or plasmid)
barcode13_05Gb	contig_8	397518	398343	vanY gene in vanM cluster_glycopeptide_antibiotic	14	825	825	1.0	Listeria monocytogenes (chromosome or plasmid)
barcode13_05Gb	contig_8	562187	562589	FosX_phosphonic_acid_antibiotic	20	402	402	1.0	Listeria monocytogenes (chromosome or plasmid)
barcode13_05Gb	contig_8	566797	569395	Listeria monocytogenes mprF_peptide_antibiotic	18	2598	2598	1.0	Listeria monocytogenes (chromosome or plasmid)
barcode13_1Gb	contig_1	423073	424474	norB_fluoroquinolone_antibiotic	44	1401	1401	1.0	Listeria monocytogenes (chromosome or plasmid)
barcode13_1Gb	contig_1	1586672	1587779	vanT gene in vanG cluster_glycopeptide_antibiotic	28	1107	1107	1.0	Listeria monocytogenes (chromosome or plasmid)
barcode13_1Gb	contig_1	1618554	1620126	lin_lincosamide_antibiotic	28	1572	1572	1.0	Listeria monocytogenes (chromosome or plasmid)
barcode13_1Gb	contig_1	2402377	2404975	Listeria monocytogenes mprF_peptide_antibiotic	47	2598	2598	1.0	Listeria monocytogenes (chromosome or plasmid)
barcode13_1Gb	contig_1	2409183	2409585	FosX_phosphonic_acid_antibiotic	50	402	402	1.0	Listeria monocytogenes (chromosome or plasmid)
barcode13_1Gb	contig_1	2573429	2574254	vanY gene in vanM cluster_glycopeptide_antibiotic	45	825	825	1.0	Listeria monocytogenes (chromosome or plasmid)
barcode13_1Gb	contig_11	184575	185931	mepA_glycylcycline;_tetracycline_antibiotic	47	1356	1356	1.0	Staphylococcus aureus (chromosome or plasmid)
barcode13_1Gb	contig_11	186037	186457	mepR_glycylcycline;_tetracycline_antibiotic	45	420	420	1.0	Staphylococcus aureus (chromosome or plasmid)
barcode13_1Gb	contig_11	414427	415786	tet(38)_tetracycline_antibiotic	42	1359	1359	1.0	Staphylococcus aureus (no genomic info)
barcode13_1Gb	contig_11	452535	453924	norC_fluoroquinolone_antibiotic;_disinfecting_agents_and_antiseptics	39	1389	1389	1.0	Staphylococcus aureus (chromosome or plasmid)
barcode13_1Gb	contig_11	837376	838777	norC_fluoroquinolone_antibiotic;_disinfecting_agents_and_antiseptics	39	1401	1401	1.0	
barcode13_1Gb	contig_11	958670	959090	Staphylococcus aureus FosB_phosphonic_acid_antibiotic	37	420	420	1.0	Staphylococcus aureus (chromosome)
barcode13_1Gb	contig_11	1105022	1106366	sdrM_fluoroquinolone_antibiotic;_disinfecting_agents_and_antiseptics	46	1344	1344	1.0	Staphylococcus aureus (chromosome)
barcode13_1Gb	contig_11	1106464	1106938	sepA_disinfecting_agents_and_antiseptics	43	474	474	1.0	Staphylococcus aureus (chromosome)
barcode13_1Gb	contig_11	1107257	1108703	Staphylococcus aureus LmrS_macrolide_antibiotic;_aminoglycoside_antibiotic;_oxazolidinone_antibiotic;_diaminopyrimidine_antibiotic;_phenicol_antibiotic	48	1446	1446	1.0	Staphylococcus aureus (chromosome)
barcode13_1Gb	contig_11	1204581	1207311	kdpD_aminoglycoside_antibiotic	50	2730	2730	1.0	Staphylococcus aureus (chromosome or plasmid)
barcode13_1Gb	contig_11	1214983	1216132	vanT gene in vanG cluster_glycopeptide_antibiotic	35	1149	1149	1.0	Staphylococcus aureus (chromosome or plasmid)
barcode13_1Gb	contig_11	1772057	1772903	PC1 beta-lactamase (blaZ)_penam	33	846	846	1.0	Staphylococcus aureus (chromosome or plasmid)
barcode13_1Gb	contig_11	1801287	1802808	norC_fluoroquinolone_antibiotic;_disinfecting_agents_and_antiseptics	31	1521	1521	1.0	Staphylococcus aureus (chromosome)
barcode13_1Gb	contig_11	1848876	1849536	arlR_fluoroquinolone_antibiotic;_disinfecting_agents_and_antiseptics	42	660	660	1.0	Staphylococcus aureus (chromosome)
barcode13_1Gb	contig_11	1849532	1850888	arlS_fluoroquinolone_antibiotic;_disinfecting_agents_and_antiseptics	40	1356	1356	1.0	Staphylococcus aureus (chromosome)
barcode13_1Gb	contig_11	2525820	2526987	Staphylococcus aureus norA_fluoroquinolone_antibiotic	42	1167	1167	1.0	Staphylococcus aureus (chromosome)
barcode13_1Gb	contig_11	2534637	2535081	mgrA_fluoroquinolone_antibiotic;_cephalosporin;_penam;_tetracycline_antibiotic;_peptide_antibiotic;_disinfecting_agents_and_antiseptics	37	444	444	1.0	Unknown taxonomy (chromosome)
barcode13_1Gb	contig_14	760768	761890	vanT gene in vanG cluster_glycopeptide_antibiotic	52	1122	1122	1.0	
barcode13_1Gb	contig_23	2066235	2067057	vanY gene in vanG cluster_glycopeptide_antibiotic	29	822	822	1.0	Bacillus subtilis (chromosome)
barcode13_1Gb	contig_23	2147816	2148731	BcI_cephalosporin;_penem	34	915	915	1.0	Bacillus subtilis (chromosome)
barcode13_1Gb	contig_23	2156568	2157480	vanW gene in vanI cluster_glycopeptide_antibiotic	26	912	912	1.0	Bacillus subtilis (chromosome)
barcode13_1Gb	contig_23	2325337	2325760	FosBx1_phosphonic_acid_antibiotic	21	423	423	1.0	Bacillus subtilis (chromosome)
barcode13_1Gb	contig_23	2340651	2341836	vanT gene in vanG cluster_glycopeptide_antibiotic	23	1185	1185	1.0	Bacillus subtilis (chromosome)
barcode13_1Gb	contig_23	2371842	2372160	qacG_disinfecting_agents_and_antiseptics	26	318	318	1.0	Bacillus subtilis (chromosome)
barcode13_1Gb	contig_23	2372170	2372527	qacJ_disinfecting_agents_and_antiseptics	25	357	357	1.0	Bacillus subtilis (chromosome)
barcode13_1Gb	contig_23	2858927	2859245	ykkD_aminoglycoside_antibiotic;_tetracycline_antibiotic;_phenicol_antibiotic	39	318	318	1.0	Bacillus subtilis (chromosome)
barcode13_1Gb	contig_23	2859244	2859583	ykkC_aminoglycoside_antibiotic;_tetracycline_antibiotic;_phenicol_antibiotic	38	339	339	1.0	Bacillus subtilis (chromosome)
barcode13_1Gb	contig_23	3315747	3318318	Bacillus subtilis mprF_peptide_antibiotic	31	2571	2571	1.0	Bacillus subtilis (chromosome)
barcode13_1Gb	contig_23	3613960	3615589	vmlR_lincosamide_antibiotic;_streptogramin_antibiotic;_streptogramin_A_antibiotic;_streptogramin_B_antibiotic;_nucleoside_antibiotic;_pleuromutilin_antibiotic	39	1629	1629	1.0	Bacillus subtilis (chromosome)
barcode13_1Gb	contig_23	3689165	3690335	vanT gene in vanG cluster_glycopeptide_antibiotic	34	1170	1170	1.0	Bacillus subtilis (chromosome)
barcode13_1Gb	contig_23	3918154	3919588	lmrB_lincosamide_antibiotic;_nucleoside_antibiotic	37	1434	1434	1.0	Bacillus subtilis (chromosome)
barcode13_1Gb	contig_23	3931776	3932697	mphK_macrolide_antibiotic	37	921	921	1.0	Bacillus subtilis (chromosome)
barcode13_1Gb	contig_24	78949	80245	cprS_peptide_antibiotic	17	1296	1296	1.0	Pseudomonas aeruginosa (chromosome or plasmid)
barcode13_1Gb	contig_24	80241	80913	cprR_peptide_antibiotic	20	672	672	1.0	Pseudomonas aeruginosa (chromosome or plasmid)
barcode13_1Gb	contig_24	886796	888077	MuxA_macrolide_antibiotic;_monobactam;_tetracycline_antibiotic;_aminocoumarin_antibiotic	20	1281	1281	1.0	Pseudomonas aeruginosa (chromosome or plasmid)
barcode13_1Gb	contig_24	888073	891205	MuxB_macrolide_antibiotic;_monobactam;_tetracycline_antibiotic;_aminocoumarin_antibiotic	13	3132	3132	1.0	Pseudomonas aeruginosa (chromosome or plasmid)
barcode13_1Gb	contig_24	891201	894312	MuxC_macrolide_antibiotic;_monobactam;_tetracycline_antibiotic;_aminocoumarin_antibiotic	22	3111	3111	1.0	Pseudomonas aeruginosa (chromosome or plasmid)
barcode13_1Gb	contig_24	894308	895808	OpmB_macrolide_antibiotic;_monobactam;_tetracycline_antibiotic;_aminocoumarin_antibiotic	20	1500	1500	1.0	Pseudomonas aeruginosa (chromosome or plasmid)
barcode13_1Gb	contig_24	927477	928896	OprN_fluoroquinolone_antibiotic;_diaminopyrimidine_antibiotic;_phenicol_antibiotic	11	1419	1419	1.0	Pseudomonas aeruginosa (chromosome or plasmid)
barcode13_1Gb	contig_24	928892	932081	MexF_fluoroquinolone_antibiotic;_diaminopyrimidine_antibiotic;_phenicol_antibiotic	9	3189	3189	1.0	Pseudomonas aeruginosa (chromosome or plasmid)
barcode13_1Gb	contig_24	932102	933347	MexE_fluoroquinolone_antibiotic;_diaminopyrimidine_antibiotic;_phenicol_antibiotic	10	1245	1245	1.0	Pseudomonas aeruginosa (chromosome or plasmid)
barcode13_1Gb	contig_24	933577	934492	MexT_fluoroquinolone_antibiotic;_diaminopyrimidine_antibiotic;_phenicol_antibiotic	14	915	915	1.0	Pseudomonas aeruginosa (chromosome or plasmid)
barcode13_1Gb	contig_24	934712	935732	MexS_fluoroquinolone_antibiotic;_diaminopyrimidine_antibiotic;_phenicol_antibiotic	16	1020	1020	1.0	Pseudomonas aeruginosa (chromosome or plasmid)
barcode13_1Gb	contig_24	1295773	1296244	Pseudomonas aeruginosa soxR_fluoroquinolone_antibiotic;_cephalosporin;_glycylcycline;_penam;_tetracycline_antibiotic;_rifamycin_antibiotic;_phenicol_antibiotic;_disinfecting_agents_and_antiseptics	16	471	471	1.0	Pseudomonas aeruginosa (chromosome or plasmid)
barcode13_1Gb	contig_24	1607077	1607710	MexZ_macrolide_antibiotic;_fluoroquinolone_antibiotic;_aminoglycoside_antibiotic;_carbapenem;_cephalosporin;_cephamycin;_penam;_tetracycline_antibiotic;_phenicol_antibiotic;_disinfecting_agents_and_antiseptics	14	633	633	1.0	Pseudomonas aeruginosa (chromosome)
barcode13_1Gb	contig_24	1609080	1612218	mexY_macrolide_antibiotic;_fluoroquinolone_antibiotic;_aminoglycoside_antibiotic;_carbapenem;_cephalosporin;_cephamycin;_penam;_tetracycline_antibiotic;_phenicol_antibiotic;_disinfecting_agents_and_antiseptics	14	3138	3138	1.0	Pseudomonas aeruginosa (chromosome)
barcode13_1Gb	contig_24	1919554	1920262	ParR_macrolide_antibiotic;_fluoroquinolone_antibiotic;_monobactam;_aminoglycoside_antibiotic;_carbapenem;_cephalosporin;_cephamycin;_penam;_tetracycline_antibiotic;_phenicol_antibiotic;_penem;_disinfecting_agents_and_antiseptics	18	708	708	1.0	Pseudomonas aeruginosa (chromosome or plasmid)
barcode13_1Gb	contig_24	1920262	1921549	ParS_macrolide_antibiotic;_fluoroquinolone_antibiotic;_monobactam;_aminoglycoside_antibiotic;_carbapenem;_cephalosporin;_cephamycin;_penam;_tetracycline_antibiotic;_phenicol_antibiotic;_penem;_disinfecting_agents_and_antiseptics	17	1287	1287	1.0	Pseudomonas aeruginosa (chromosome or plasmid)
barcode13_1Gb	contig_24	2305048	2308159	mexN_phenicol_antibiotic	22	3111	3111	1.0	Pseudomonas aeruginosa (chromosome)
barcode13_1Gb	contig_24	2308155	2309313	mexM_phenicol_antibiotic	25	1158	1158	1.0	Pseudomonas aeruginosa (chromosome)
barcode13_1Gb	contig_24	2376986	2378420	PmpM_fluoroquinolone_antibiotic;_aminoglycoside_antibiotic;_disinfecting_agents_and_antiseptics	22	1434	1434	1.0	Pseudomonas aeruginosa (chromosome)
barcode13_1Gb	contig_24	2639931	2640339	FosA_phosphonic_acid_antibiotic	15	408	408	1.0	Pseudomonas aeruginosa (chromosome or plasmid)
barcode13_1Gb	contig_24	2849012	2850002	vanH gene in vanB cluster_glycopeptide_antibiotic	14	990	990	1.0	Pseudomonas aeruginosa (no genomic info)
barcode13_1Gb	contig_24	2870820	2871006	rsmA_fluoroquinolone_antibiotic;_diaminopyrimidine_antibiotic;_phenicol_antibiotic	21	186	186	1.0	Pseudomonas (chromosome or plasmid)
barcode13_1Gb	contig_24	3044230	3045052	vanW gene in vanG cluster_glycopeptide_antibiotic	14	822	822	1.0	Pseudomonas aeruginosa (chromosome or plasmid)
barcode13_1Gb	contig_24	3088205	3088844	Pseudomonas aeruginosa catB7_phenicol_antibiotic	13	639	639	1.0	Pseudomonas aeruginosa (chromosome or plasmid)
barcode13_1Gb	contig_24	3255881	3257012	MexV_macrolide_antibiotic;_fluoroquinolone_antibiotic;_tetracycline_antibiotic;_phenicol_antibiotic;_disinfecting_agents_and_antiseptics	10	1131	1131	1.0	Pseudomonas aeruginosa (chromosome or plasmid)
barcode13_1Gb	contig_24	3257062	3260119	MexW_macrolide_antibiotic;_fluoroquinolone_antibiotic;_tetracycline_antibiotic;_phenicol_antibiotic;_disinfecting_agents_and_antiseptics	12	3057	3057	1.0	Pseudomonas aeruginosa (chromosome or plasmid)
barcode13_1Gb	contig_24	3606713	3608153	OprJ_macrolide_antibiotic;_fluoroquinolone_antibiotic;_aminoglycoside_antibiotic;_cephalosporin;_penam;_tetracycline_antibiotic;_aminocoumarin_antibiotic;_diaminopyrimidine_antibiotic;_phenicol_antibiotic	15	1440	1440	1.0	Pseudomonas aeruginosa (chromosome or plasmid)
barcode13_1Gb	contig_24	3608158	3611290	MexD_macrolide_antibiotic;_fluoroquinolone_antibiotic;_aminoglycoside_antibiotic;_cephalosporin;_penam;_tetracycline_antibiotic;_aminocoumarin_antibiotic;_diaminopyrimidine_antibiotic;_phenicol_antibiotic	16	3132	3132	1.0	Pseudomonas aeruginosa (chromosome or plasmid)
barcode13_1Gb	contig_24	3611317	3612382	MexC_macrolide_antibiotic;_fluoroquinolone_antibiotic;_aminoglycoside_antibiotic;_cephalosporin;_penam;_tetracycline_antibiotic;_aminocoumarin_antibiotic;_diaminopyrimidine_antibiotic;_phenicol_antibiotic	20	1065	1065	1.0	Pseudomonas aeruginosa (chromosome or plasmid)
barcode13_1Gb	contig_24	3612641	3613205	Type B NfxB_macrolide_antibiotic;_fluoroquinolone_antibiotic;_aminoglycoside_antibiotic;_cephalosporin;_penam;_tetracycline_antibiotic;_aminocoumarin_antibiotic;_diaminopyrimidine_antibiotic;_phenicol_antibiotic	20	564	564	1.0	Pseudomonas aeruginosa (chromosome or plasmid)
barcode13_1Gb	contig_24	3832868	3833534	basR_peptide_antibiotic	16	666	666	1.0	Pseudomonas (chromosome or plasmid)
barcode13_1Gb	contig_24	3833557	3834991	basS_peptide_antibiotic	19	1434	1434	1.0	Pseudomonas aeruginosa (chromosome or plasmid)
barcode13_1Gb	contig_24	4061063	4062512	OpmH_disinfecting_agents_and_antiseptics	8	1449	1449	1.0	Pseudomonas aeruginosa (chromosome)
barcode13_1Gb	contig_24	4083063	4083396	Pseudomonas aeruginosa emrE_aminoglycoside_antibiotic	16	333	333	1.0	Pseudomonas aeruginosa (chromosome)
barcode13_1Gb	contig_24	4693560	4694349	OXA-486_penam	16	789	789	1.0	Pseudomonas aeruginosa (chromosome)
barcode13_1Gb	contig_24	4927681	4928834	TriA_disinfecting_agents_and_antiseptics	9	1153	1153	1.0	Pseudomonas aeruginosa (chromosome)
barcode13_1Gb	contig_24	4928829	4929900	TriB_disinfecting_agents_and_antiseptics	12	1071	1071	1.0	Pseudomonas aeruginosa (chromosome)
barcode13_1Gb	contig_24	4929896	4932944	TriC_disinfecting_agents_and_antiseptics	14	3048	3048	1.0	Pseudomonas aeruginosa (chromosome)
barcode13_1Gb	contig_24	5215994	5216438	MexR_macrolide_antibiotic;_fluoroquinolone_antibiotic;_monobactam;_carbapenem;_cephalosporin;_cephamycin;_penam;_tetracycline_antibiotic;_peptide_antibiotic;_aminocoumarin_antibiotic;_diaminopyrimidine_antibiotic;_sulfonamide_antibiotic;_phenicol_antibiotic;_penem	16	444	444	1.0	Pseudomonas (chromosome or plasmid)
barcode13_1Gb	contig_24	5216712	5217864	MexA_macrolide_antibiotic;_fluoroquinolone_antibiotic;_monobactam;_carbapenem;_cephalosporin;_cephamycin;_penam;_tetracycline_antibiotic;_peptide_antibiotic;_aminocoumarin_antibiotic;_diaminopyrimidine_antibiotic;_sulfonamide_antibiotic;_phenicol_antibiotic;_penem	19	1152	1152	1.0	Pseudomonas (chromosome or plasmid)
barcode13_1Gb	contig_24	5217879	5221020	MexB_macrolide_antibiotic;_fluoroquinolone_antibiotic;_monobactam;_carbapenem;_cephalosporin;_cephamycin;_penam;_tetracycline_antibiotic;_peptide_antibiotic;_aminocoumarin_antibiotic;_diaminopyrimidine_antibiotic;_sulfonamide_antibiotic;_phenicol_antibiotic;_penem	13	3141	3141	1.0	Pseudomonas aeruginosa (chromosome or plasmid)
barcode13_1Gb	contig_24	5221021	5222479	OprM_macrolide_antibiotic;_fluoroquinolone_antibiotic;_monobactam;_aminoglycoside_antibiotic;_carbapenem;_cephalosporin;_cephamycin;_penam;_tetracycline_antibiotic;_peptide_antibiotic;_aminocoumarin_antibiotic;_diaminopyrimidine_antibiotic;_sulfonamide_antibiotic;_phenicol_antibiotic;_penem;_disinfecting_agents_and_antiseptics	16	1458	1458	1.0	Pseudomonas (chromosome or plasmid)
barcode13_1Gb	contig_24	5543983	5545447	OpmD_fluoroquinolone_antibiotic;_tetracycline_antibiotic;_disinfecting_agents_and_antiseptics	8	1464	1464	1.0	Pseudomonas aeruginosa (chromosome)
barcode13_1Gb	contig_24	5545443	5548533	MexI_fluoroquinolone_antibiotic;_tetracycline_antibiotic;_disinfecting_agents_and_antiseptics	11	3090	3090	1.0	Pseudomonas aeruginosa (chromosome)
barcode13_1Gb	contig_24	5548545	5549658	MexH_fluoroquinolone_antibiotic;_tetracycline_antibiotic;_disinfecting_agents_and_antiseptics	16	1113	1113	1.0	Pseudomonas aeruginosa (chromosome)
barcode13_1Gb	contig_24	5549665	5550112	MexG_fluoroquinolone_antibiotic;_tetracycline_antibiotic;_disinfecting_agents_and_antiseptics	18	447	447	1.0	Pseudomonas (chromosome)
barcode13_1Gb	contig_24	5669776	5670985	bcr-1_bicyclomycin-like_antibiotic	17	1209	1209	1.0	Pseudomonas aeruginosa (chromosome or plasmid)
barcode13_1Gb	contig_24	5687688	5688495	APH(3')-IIb_aminoglycoside_antibiotic	14	807	807	1.0	Pseudomonas aeruginosa (chromosome or plasmid)
barcode13_1Gb	contig_24	5700850	5702044	PDC-3_monobactam;_carbapenem;_cephalosporin;_cephamycin;_penam	23	1194	1194	1.0	Pseudomonas aeruginosa (chromosome or plasmid)
barcode13_1Gb	contig_24	6022701	6023040	YajC_fluoroquinolone_antibiotic;_cephalosporin;_glycylcycline;_penam;_tetracycline_antibiotic;_oxazolidinone_antibiotic;_glycopeptide_antibiotic;_rifamycin_antibiotic;_phenicol_antibiotic;_disinfecting_agents_and_antiseptics	24	339	339	1.0	Pseudomonas aeruginosa (chromosome)
barcode13_1Gb	contig_24	6134888	6135530	nalC_macrolide_antibiotic;_fluoroquinolone_antibiotic;_monobactam;_carbapenem;_cephalosporin;_cephamycin;_penam;_tetracycline_antibiotic;_peptide_antibiotic;_aminocoumarin_antibiotic;_diaminopyrimidine_antibiotic;_sulfonamide_antibiotic;_phenicol_antibiotic;_penem	10	642	642	1.0	Pseudomonas aeruginosa (chromosome or plasmid)
barcode13_1Gb	contig_24	6180939	6181578	MexL_macrolide_antibiotic;_tetracycline_antibiotic;_disinfecting_agents_and_antiseptics	16	639	639	1.0	Pseudomonas aeruginosa (chromosome or plasmid)
barcode13_1Gb	contig_24	6181673	6182777	MexJ_macrolide_antibiotic;_tetracycline_antibiotic;_disinfecting_agents_and_antiseptics	16	1104	1104	1.0	Pseudomonas aeruginosa (chromosome or plasmid)
barcode13_1Gb	contig_24	6182781	6185859	MexK_macrolide_antibiotic;_tetracycline_antibiotic;_disinfecting_agents_and_antiseptics	19	3078	3078	1.0	Pseudomonas aeruginosa (chromosome or plasmid)
barcode13_1Gb	contig_24	6224561	6227738	adeF_fluoroquinolone_antibiotic;_tetracycline_antibiotic	21	3177	3177	1.0	Unknown taxonomy (chromosome)
barcode13_1Gb	contig_24	6347778	6348417	nalD_macrolide_antibiotic;_fluoroquinolone_antibiotic;_monobactam;_carbapenem;_cephalosporin;_cephamycin;_penam;_tetracycline_antibiotic;_peptide_antibiotic;_aminocoumarin_antibiotic;_diaminopyrimidine_antibiotic;_sulfonamide_antibiotic;_phenicol_antibiotic;_penem	16	639	639	1.0	Pseudomonas aeruginosa (chromosome or plasmid)
barcode13_1Gb	contig_24	6368388	6370038	ArnT_peptide_antibiotic	14	1650	1650	1.0	Pseudomonas aeruginosa (chromosome or plasmid)
barcode13_1Gb	contig_24	6370918	6372907	arnA_peptide_antibiotic	18	1989	1989	1.0	Pseudomonas aeruginosa (chromosome or plasmid)
barcode13_1Gb	contig_24	6411111	6412269	mexP_macrolide_antibiotic;_carbapenem;_tetracycline_antibiotic;_diaminopyrimidine_antibiotic;_phenicol_antibiotic;_disinfecting_agents_and_antiseptics	13	1158	1158	1.0	Pseudomonas aeruginosa (chromosome or plasmid)
barcode13_1Gb	contig_24	6412265	6415427	mexQ_macrolide_antibiotic;_carbapenem;_tetracycline_antibiotic;_diaminopyrimidine_antibiotic;_phenicol_antibiotic;_disinfecting_agents_and_antiseptics	14	3162	3162	1.0	Pseudomonas aeruginosa (chromosome or plasmid)
barcode13_1Gb	contig_24	6415423	6416944	opmE_macrolide_antibiotic;_carbapenem;_tetracycline_antibiotic;_diaminopyrimidine_antibiotic;_phenicol_antibiotic;_disinfecting_agents_and_antiseptics	15	1521	1521	1.0	Pseudomonas aeruginosa (chromosome or plasmid)
barcode13_1Gb	contig_24	6733604	6734282	Pseudomonas aeruginosa CpxR_macrolide_antibiotic;_fluoroquinolone_antibiotic;_monobactam;_aminoglycoside_antibiotic;_carbapenem;_cephalosporin;_cephamycin;_penam;_tetracycline_antibiotic;_peptide_antibiotic;_aminocoumarin_antibiotic;_diaminopyrimidine_antibiotic;_sulfonamide_antibiotic;_phenicol_antibiotic;_penem	13	678	678	1.0	Pseudomonas aeruginosa (chromosome or plasmid)
barcode13_1Gb	contig_34	3085	4318	Escherichia coli mdfA_tetracycline_antibiotic;_disinfecting_agents_and_antiseptics	102	1233	1233	1.0	Unknown taxonomy (chromosome or plasmid)
barcode13_1Gb	contig_34	14138	15371	Escherichia coli mdfA_tetracycline_antibiotic;_disinfecting_agents_and_antiseptics	81	1233	1233	1.0	Unknown taxonomy (chromosome or plasmid)
barcode13_1Gb	contig_34	178185	178863	kdpE_aminoglycoside_antibiotic	26	678	678	1.0	Unknown taxonomy (chromosome or plasmid)
barcode13_1Gb	contig_34	390899	391547	Escherichia coli AcrAB-TolC with AcrR mutation conferring resistance to ciprofloxacin, tetracycline, and ceftazidime_fluoroquinolone_antibiotic;_cephalosporin;_glycylcycline;_penam;_tetracycline_antibiotic;_rifamycin_antibiotic;_phenicol_antibiotic;_disinfecting_agents_and_antiseptics	42	648	648	1.0	Escherichia coli (chromosome or plasmid)
barcode13_1Gb	contig_34	391688	392882	Escherichia coli acrA_fluoroquinolone_antibiotic;_cephalosporin;_glycylcycline;_penam;_tetracycline_antibiotic;_rifamycin_antibiotic;_phenicol_antibiotic;_disinfecting_agents_and_antiseptics	39	1194	1194	1.0	Unknown taxonomy (chromosome or plasmid)
barcode13_1Gb	contig_34	392904	396054	acrB_fluoroquinolone_antibiotic;_cephalosporin;_glycylcycline;_penam;_tetracycline_antibiotic;_rifamycin_antibiotic;_phenicol_antibiotic;_disinfecting_agents_and_antiseptics	34	3150	3150	1.0	Escherichia coli (chromosome or plasmid)
barcode13_1Gb	contig_34	477734	478829	vanG_glycopeptide_antibiotic	21	1095	1095	1.0	Unknown taxonomy (chromosome or plasmid)
barcode13_1Gb	contig_34	757455	759222	Haemophilus influenzae PBP3 conferring resistance to beta-lactam antibiotics_cephalosporin;_cephamycin;_penam	33	1767	1767	1.0	Unknown taxonomy (chromosome or plasmid)
barcode13_1Gb	contig_34	765322	766267	leuO_nucleoside_antibiotic;_disinfecting_agents_and_antiseptics	36	945	945	1.0	Escherichia coli (chromosome or plasmid)
barcode13_1Gb	contig_34	912582	913815	mdtM_fluoroquinolone_antibiotic;_lincosamide_antibiotic;_nucleoside_antibiotic;_phenicol_antibiotic;_disinfecting_agents_and_antiseptics	34	1233	1233	1.0	Unknown taxonomy (chromosome or plasmid)
barcode13_1Gb	contig_34	1113515	1114649	Escherichia coli ampC beta-lactamase_cephalosporin;_penam	36	1134	1134	1.0	Unknown taxonomy (chromosome or plasmid)
barcode13_1Gb	contig_34	1147278	1148922	eptA_peptide_antibiotic	24	1644	1644	1.0	Unknown taxonomy (chromosome or plasmid)
barcode13_1Gb	contig_34	1178759	1179791	mdtN_nucleoside_antibiotic;_disinfecting_agents_and_antiseptics	36	1032	1032	1.0	Unknown taxonomy (chromosome or plasmid)
barcode13_1Gb	contig_34	1179790	1181842	mdtO_nucleoside_antibiotic;_disinfecting_agents_and_antiseptics	38	2052	2052	1.0	Unknown taxonomy (chromosome or plasmid)
barcode13_1Gb	contig_34	1181838	1183305	mdtP_nucleoside_antibiotic;_disinfecting_agents_and_antiseptics	40	1467	1467	1.0	Unknown taxonomy (chromosome or plasmid)
barcode13_1Gb	contig_34	1204823	1205288	Escherichia coli soxR with mutation conferring antibiotic resistance_fluoroquinolone_antibiotic;_cephalosporin;_glycylcycline;_penam;_tetracycline_antibiotic;_rifamycin_antibiotic;_phenicol_antibiotic;_disinfecting_agents_and_antiseptics	33	465	465	1.0	Unknown taxonomy (chromosome or plasmid)
barcode13_1Gb	contig_34	1205373	1205697	Escherichia coli soxS with mutation conferring antibiotic resistance_fluoroquinolone_antibiotic;_monobactam;_carbapenem;_cephalosporin;_glycylcycline;_cephamycin;_penam;_tetracycline_antibiotic;_rifamycin_antibiotic;_phenicol_antibiotic;_penem;_disinfecting_agents_and_antiseptics	30	324	324	1.0	Unknown taxonomy (chromosome or plasmid)
barcode13_1Gb	contig_34	1305726	1306911	Escherichia coli EF-Tu mutants conferring resistance to Pulvomycin_elfamycin_antibiotic	28	1185	1185	1.0	Unknown taxonomy (chromosome or plasmid)
barcode13_1Gb	contig_34	1377793	1379167	cpxA_aminoglycoside_antibiotic;_aminocoumarin_antibiotic	44	1374	1374	1.0	Unknown taxonomy (chromosome or plasmid)
barcode13_1Gb	contig_34	1876426	1877251	gadX_macrolide_antibiotic;_fluoroquinolone_antibiotic;_penam	24	825	825	1.0	Unknown taxonomy (chromosome)
barcode13_1Gb	contig_34	1877618	1878347	gadW_macrolide_antibiotic;_fluoroquinolone_antibiotic;_penam	26	729	729	1.0	Escherichia coli (chromosome)
barcode13_1Gb	contig_34	1878709	1881823	mdtF_macrolide_antibiotic;_fluoroquinolone_antibiotic;_penam	25	3114	3114	1.0	Unknown taxonomy (chromosome)
barcode13_1Gb	contig_34	1881847	1883005	mdtE_macrolide_antibiotic;_fluoroquinolone_antibiotic;_penam	30	1158	1158	1.0	Unknown taxonomy (chromosome)
barcode13_1Gb	contig_34	2021882	2022515	CRP_macrolide_antibiotic;_fluoroquinolone_antibiotic;_penam	25	633	633	1.0	Unknown taxonomy (chromosome or plasmid)
barcode13_1Gb	contig_34	2037305	2038490	Escherichia coli EF-Tu mutants conferring resistance to Pulvomycin_elfamycin_antibiotic	40	1185	1185	1.0	Unknown taxonomy (chromosome or plasmid)
barcode13_1Gb	contig_34	2090498	2093603	AcrF_fluoroquinolone_antibiotic;_cephalosporin;_cephamycin;_penam	34	3105	3105	1.0	Unknown taxonomy (chromosome or plasmid)
barcode13_1Gb	contig_34	2093614	2094772	AcrE_fluoroquinolone_antibiotic;_cephalosporin;_cephamycin;_penam	28	1158	1158	1.0	Unknown taxonomy (chromosome or plasmid)
barcode13_1Gb	contig_34	2095170	2095833	AcrS_fluoroquinolone_antibiotic;_cephalosporin;_glycylcycline;_cephamycin;_penam;_tetracycline_antibiotic;_rifamycin_antibiotic;_phenicol_antibiotic;_disinfecting_agents_and_antiseptics	28	663	663	1.0	Unknown taxonomy (chromosome or plasmid)
barcode13_1Gb	contig_34	2305598	2306420	bacA_peptide_antibiotic	27	822	822	1.0	Unknown taxonomy (chromosome or plasmid)
barcode13_1Gb	contig_34	2328797	2330286	TolC_macrolide_antibiotic;_fluoroquinolone_antibiotic;_aminoglycoside_antibiotic;_carbapenem;_cephalosporin;_glycylcycline;_cephamycin;_penam;_tetracycline_antibiotic;_peptide_antibiotic;_aminocoumarin_antibiotic;_rifamycin_antibiotic;_phenicol_antibiotic;_penem;_disinfecting_agents_and_antiseptics	39	1489	1489	1.0	Unknown taxonomy (chromosome or plasmid)
barcode13_1Gb	contig_34	2703521	2703707	rsmA_fluoroquinolone_antibiotic;_diaminopyrimidine_antibiotic;_phenicol_antibiotic	35	186	186	1.0	Unknown taxonomy (chromosome or plasmid)
barcode13_1Gb	contig_34	2928567	2931681	acrD_aminoglycoside_antibiotic	30	3114	3114	1.0	Escherichia coli (chromosome or plasmid)
barcode13_1Gb	contig_34	3023169	3026763	evgS_macrolide_antibiotic;_fluoroquinolone_antibiotic;_penam;_tetracycline_antibiotic	20	3594	3594	1.0	Unknown taxonomy (chromosome or plasmid)
barcode13_1Gb	contig_34	3026767	3027382	evgA_macrolide_antibiotic;_fluoroquinolone_antibiotic;_penam;_tetracycline_antibiotic	28	615	615	1.0	Unknown taxonomy (chromosome or plasmid)
barcode13_1Gb	contig_34	3027905	3028961	emrK_tetracycline_antibiotic	34	1056	1056	1.0	Unknown taxonomy (chromosome or plasmid)
barcode13_1Gb	contig_34	3028960	3030499	emrY_tetracycline_antibiotic	34	1539	1539	1.0	Unknown taxonomy (chromosome or plasmid)
barcode13_1Gb	contig_34	3128374	3130027	ArnT_peptide_antibiotic	32	1653	1653	1.0	Unknown taxonomy (chromosome or plasmid)
barcode13_1Gb	contig_34	3132895	3133864	PmrF_peptide_antibiotic	34	969	969	1.0	Unknown taxonomy (chromosome or plasmid)
barcode13_1Gb	contig_34	3192318	3193962	YojI_peptide_antibiotic	40	1644	1644	1.0	Unknown taxonomy (chromosome or plasmid)
barcode13_1Gb	contig_34	3333603	3334326	baeR_aminoglycoside_antibiotic;_aminocoumarin_antibiotic	34	723	723	1.0	Unknown taxonomy (chromosome or plasmid)
barcode13_1Gb	contig_34	3337138	3340216	mdtC_aminocoumarin_antibiotic	31	3078	3078	1.0	Unknown taxonomy (chromosome or plasmid)
barcode13_1Gb	contig_34	3340216	3343339	mdtB_aminocoumarin_antibiotic	32	3123	3123	1.0	Unknown taxonomy (chromosome or plasmid)
barcode13_1Gb	contig_34	3343338	3344706	mdtA_aminocoumarin_antibiotic	35	1368	1368	1.0	Unknown taxonomy (chromosome or plasmid)
barcode13_1Gb	contig_34	3395960	3397127	ugd_peptide_antibiotic	30	1167	1167	1.0	Escherichia coli (chromosome or plasmid)
barcode13_1Gb	contig_34	3847079	3847445	Klebsiella pneumoniae KpnE_macrolide_antibiotic;_aminoglycoside_antibiotic;_cephalosporin;_tetracycline_antibiotic;_peptide_antibiotic;_rifamycin_antibiotic;_disinfecting_agents_and_antiseptics	21	366	366	1.0	Unknown taxonomy (chromosome or plasmid)
barcode13_1Gb	contig_34	3847431	3847761	Klebsiella pneumoniae KpnF_macrolide_antibiotic;_aminoglycoside_antibiotic;_cephalosporin;_tetracycline_antibiotic;_peptide_antibiotic;_rifamycin_antibiotic;_disinfecting_agents_and_antiseptics	20	330	330	1.0	Unknown taxonomy (chromosome or plasmid)
barcode13_1Gb	contig_34	3907999	3908383	marA_fluoroquinolone_antibiotic;_monobactam;_carbapenem;_cephalosporin;_glycylcycline;_cephamycin;_penam;_tetracycline_antibiotic;_rifamycin_antibiotic;_phenicol_antibiotic;_penem;_disinfecting_agents_and_antiseptics	32	384	384	1.0	Unknown taxonomy (chromosome or plasmid)
barcode13_1Gb	contig_34	3908402	3908837	Escherichia coli AcrAB-TolC with MarR mutations conferring resistance to ciprofloxacin and tetracycline_fluoroquinolone_antibiotic;_cephalosporin;_glycylcycline;_penam;_tetracycline_antibiotic;_rifamycin_antibiotic;_phenicol_antibiotic;_disinfecting_agents_and_antiseptics	29	435	435	1.0	Unknown taxonomy (chromosome or plasmid)
barcode13_1Gb	contig_34	4251205	4251619	H-NS_macrolide_antibiotic;_fluoroquinolone_antibiotic;_cephalosporin;_cephamycin;_penam;_tetracycline_antibiotic	29	414	414	1.0	Unknown taxonomy (chromosome or plasmid)
barcode13_1Gb	contig_34	4431338	4432547	mdtH_fluoroquinolone_antibiotic	31	1209	1209	1.0	Unknown taxonomy (chromosome or plasmid)
barcode13_1Gb	contig_34	4441175	4442402	mdtG_phosphonic_acid_antibiotic	27	1227	1227	1.0	Unknown taxonomy (chromosome or plasmid)
barcode13_1Gb	contig_34	4675067	4676816	msbA_nitroimidazole_antibiotic	28	1749	1749	1.0	Escherichia coli (chromosome)
barcode13_1Gb	contig_39	259959	261144	Escherichia coli EF-Tu mutants conferring resistance to Pulvomycin_elfamycin_antibiotic	28	1185	1185	1.0	Salmonella enterica (chromosome or plasmid)
barcode13_1Gb	contig_39	402592	402916	Escherichia coli soxS with mutation conferring antibiotic resistance_fluoroquinolone_antibiotic;_monobactam;_carbapenem;_cephalosporin;_glycylcycline;_cephamycin;_penam;_tetracycline_antibiotic;_rifamycin_antibiotic;_phenicol_antibiotic;_penem;_disinfecting_agents_and_antiseptics	30	324	324	1.0	Salmonella enterica (chromosome)
barcode13_1Gb	contig_39	403002	403461	Escherichia coli soxR with mutation conferring antibiotic resistance_fluoroquinolone_antibiotic;_cephalosporin;_glycylcycline;_penam;_tetracycline_antibiotic;_rifamycin_antibiotic;_phenicol_antibiotic;_disinfecting_agents_and_antiseptics	33	459	459	1.0	Salmonella enterica (chromosome)
barcode13_1Gb	contig_39	643699	644941	mdtM_fluoroquinolone_antibiotic;_lincosamide_antibiotic;_nucleoside_antibiotic;_phenicol_antibiotic;_disinfecting_agents_and_antiseptics	29	1242	1242	1.0	
barcode13_1Gb	contig_39	894066	895833	Haemophilus influenzae PBP3 conferring resistance to beta-lactam antibiotics_cephalosporin;_cephamycin;_penam	23	1767	1767	1.0	Salmonella enterica (chromosome)
barcode13_1Gb	contig_39	1194464	1195922	mdsC_monobactam;_carbapenem;_cephalosporin;_cephamycin;_penam;_phenicol_antibiotic;_penem	27	1458	1458	1.0	Salmonella enterica (chromosome)
barcode13_1Gb	contig_39	1195938	1198353	adeF_fluoroquinolone_antibiotic;_tetracycline_antibiotic	28	2415	2415	1.0	Salmonella enterica (chromosome)
barcode13_1Gb	contig_39	1199102	1200329	mdsA_monobactam;_carbapenem;_cephalosporin;_cephamycin;_penam;_phenicol_antibiotic;_penem	26	1227	1227	1.0	Salmonella enterica (chromosome)
barcode13_1Gb	contig_39	1202905	1203370	golS_monobactam;_carbapenem;_cephalosporin;_cephamycin;_penam;_phenicol_antibiotic;_penem	39	465	465	1.0	Salmonella enterica (chromosome)
barcode13_1Gb	contig_39	1235543	1236656	vanG_glycopeptide_antibiotic	27	1113	1113	1.0	Salmonella enterica (chromosome)
barcode13_1Gb	contig_39	1334168	1335362	Escherichia coli acrA_fluoroquinolone_antibiotic;_cephalosporin;_glycylcycline;_penam;_tetracycline_antibiotic;_rifamycin_antibiotic;_phenicol_antibiotic;_disinfecting_agents_and_antiseptics	36	1194	1194	1.0	Salmonella enterica (chromosome)
barcode13_1Gb	contig_39	1335503	1336157	Escherichia coli AcrAB-TolC with AcrR mutation conferring resistance to ciprofloxacin, tetracycline, and ceftazidime_fluoroquinolone_antibiotic;_cephalosporin;_glycylcycline;_penam;_tetracycline_antibiotic;_rifamycin_antibiotic;_phenicol_antibiotic;_disinfecting_agents_and_antiseptics	36	654	654	1.0	Unknown taxonomy (chromosome)
barcode13_1Gb	contig_39	1562434	1563112	kdpE_aminoglycoside_antibiotic	28	678	678	1.0	Salmonella enterica (chromosome)
barcode13_1Gb	contig_39	1718999	1720232	Escherichia coli mdfA_tetracycline_antibiotic;_disinfecting_agents_and_antiseptics	30	1233	1233	1.0	Salmonella enterica (chromosome)
barcode13_1Gb	contig_39	1808611	1810360	msbA_nitroimidazole_antibiotic	29	1749	1749	1.0	Salmonella enterica (chromosome)
barcode13_1Gb	contig_39	2352980	2353262	Klebsiella pneumoniae KpnF_macrolide_antibiotic;_aminoglycoside_antibiotic;_cephalosporin;_tetracycline_antibiotic;_peptide_antibiotic;_rifamycin_antibiotic;_disinfecting_agents_and_antiseptics	17	282	282	1.0	Salmonella enterica (chromosome)
barcode13_1Gb	contig_39	2389416	2389800	marA_fluoroquinolone_antibiotic;_monobactam;_carbapenem;_cephalosporin;_glycylcycline;_cephamycin;_penam;_tetracycline_antibiotic;_rifamycin_antibiotic;_phenicol_antibiotic;_penem;_disinfecting_agents_and_antiseptics	29	384	384	1.0	Salmonella enterica (chromosome)
barcode13_1Gb	contig_39	2389819	2390254	Escherichia coli AcrAB-TolC with MarR mutations conferring resistance to ciprofloxacin and tetracycline_fluoroquinolone_antibiotic;_cephalosporin;_glycylcycline;_penam;_tetracycline_antibiotic;_rifamycin_antibiotic;_phenicol_antibiotic;_disinfecting_agents_and_antiseptics	29	435	435	1.0	Salmonella enterica (chromosome)
barcode13_1Gb	contig_39	2487672	2488110	AAC(6')-Iaa_aminoglycoside_antibiotic	20	438	438	1.0	Salmonella enterica (chromosome or plasmid)
barcode13_1Gb	contig_39	2823566	2824289	sdiA_fluoroquinolone_antibiotic;_cephalosporin;_glycylcycline;_penam;_tetracycline_antibiotic;_rifamycin_antibiotic;_phenicol_antibiotic;_disinfecting_agents_and_antiseptics	24	723	723	1.0	Salmonella enterica (chromosome or plasmid)
barcode13_1Gb	contig_39	2877565	2878990	MdtK_fluoroquinolone_antibiotic	20	1425	1425	1.0	Salmonella enterica (chromosome or plasmid)
barcode13_1Gb	contig_39	2940712	2941879	ugd_peptide_antibiotic	26	1167	1167	1.0	
barcode13_1Gb	contig_39	2989451	2992574	mdtB_aminocoumarin_antibiotic	26	3123	3123	1.0	
barcode13_1Gb	contig_39	2992574	2995655	mdtC_aminocoumarin_antibiotic	23	3081	3081	1.0	
barcode13_1Gb	contig_39	2998462	2999185	baeR_aminoglycoside_antibiotic;_aminocoumarin_antibiotic	25	723	723	1.0	Salmonella enterica (chromosome)
barcode13_1Gb	contig_39	3162791	3164150	Escherichia coli GlpT with mutation conferring resistance to fosfomycin_phosphonic_acid_antibiotic	23	1359	1359	1.0	Salmonella enterica (chromosome)
barcode13_1Gb	contig_39	3179300	3180284	PmrF_peptide_antibiotic	34	984	984	1.0	Salmonella enterica (chromosome)
barcode13_1Gb	contig_39	3183154	3184801	ArnT_peptide_antibiotic	41	1647	1647	1.0	Salmonella enterica (chromosome)
barcode13_1Gb	contig_39	3367570	3370684	acrD_aminoglycoside_antibiotic	36	3114	3114	1.0	Salmonella enterica (chromosome)
barcode13_1Gb	contig_39	3672917	3673448	emrR_fluoroquinolone_antibiotic	30	531	531	1.0	Salmonella enterica (chromosome or plasmid)
barcode13_1Gb	contig_39	3673574	3674747	emrA_fluoroquinolone_antibiotic	31	1173	1173	1.0	Salmonella enterica (chromosome or plasmid)
barcode13_1Gb	contig_39	3674763	3676302	emrB_fluoroquinolone_antibiotic	35	1539	1539	1.0	Salmonella enterica (chromosome or plasmid)
barcode13_1Gb	contig_39	3682474	3682660	rsmA_fluoroquinolone_antibiotic;_diaminopyrimidine_antibiotic;_phenicol_antibiotic	35	186	186	1.0	Unknown taxonomy (chromosome or plasmid)
barcode13_1Gb	contig_39	4049838	4050660	bacA_peptide_antibiotic	31	822	822	1.0	Salmonella enterica (chromosome or plasmid)
barcode13_1Gb	contig_39	4269937	4271122	Escherichia coli EF-Tu mutants conferring resistance to Pulvomycin_elfamycin_antibiotic	29	1185	1185	1.0	Salmonella enterica (chromosome or plasmid)
barcode13_1Gb	contig_39	4287274	4287907	CRP_macrolide_antibiotic;_fluoroquinolone_antibiotic;_penam	31	633	633	1.0	Salmonella enterica (chromosome)
barcode13_1Gb	contig_4	290979	292476	lsaA_lincosamide_antibiotic;_streptogramin_antibiotic;_streptogramin_A_antibiotic;_streptogramin_B_antibiotic;_pleuromutilin_antibiotic	56	1497	1497	1.0	Enterococcus faecalis (chromosome)
barcode13_1Gb	contig_4	367196	367907	vanY gene in vanB cluster_glycopeptide_antibiotic	48	711	711	1.0	Enterococcus faecalis (chromosome)
barcode13_1Gb	contig_4	837930	840087	IreK_cephalosporin	39	2157	2157	1.0	
barcode13_1Gb	contig_4	1087512	1089231	efrA_macrolide_antibiotic;_fluoroquinolone_antibiotic;_rifamycin_antibiotic	37	1719	1719	1.0	Enterococcus faecalis (chromosome)
barcode13_1Gb	contig_4	1506594	1507710	vanT gene in vanG cluster_glycopeptide_antibiotic	40	1116	1116	1.0	Enterococcus faecalis (chromosome)
barcode13_1Gb	contig_4	1763407	1764562	emeA_disinfecting_agents_and_antiseptics	33	1155	1155	1.0	
barcode13_1Gb	contig_4	2264411	2264906	dfrE_diaminopyrimidine_antibiotic	26	495	495	1.0	Enterococcus faecalis (chromosome)
barcode13_3Gb	contig_1	113982	114903	mphK_macrolide_antibiotic	105	921	921	1.0	Bacillus subtilis (chromosome)
barcode13_3Gb	contig_1	127091	128525	lmrB_lincosamide_antibiotic;_nucleoside_antibiotic	92	1434	1434	1.0	Bacillus subtilis (chromosome)
barcode13_3Gb	contig_1	356343	357513	vanT gene in vanG cluster_glycopeptide_antibiotic	107	1170	1170	1.0	Bacillus subtilis (chromosome)
barcode13_3Gb	contig_1	431089	432718	vmlR_lincosamide_antibiotic;_streptogramin_antibiotic;_streptogramin_A_antibiotic;_streptogramin_B_antibiotic;_nucleoside_antibiotic;_pleuromutilin_antibiotic	88	1629	1629	1.0	Bacillus subtilis (chromosome)
barcode13_3Gb	contig_1	728361	730932	Bacillus subtilis mprF_peptide_antibiotic	96	2571	2571	1.0	Bacillus subtilis (chromosome)
barcode13_3Gb	contig_1	1187095	1187434	ykkC_aminoglycoside_antibiotic;_tetracycline_antibiotic;_phenicol_antibiotic	82	339	339	1.0	Bacillus subtilis (chromosome)
barcode13_3Gb	contig_1	1187433	1187751	ykkD_aminoglycoside_antibiotic;_tetracycline_antibiotic;_phenicol_antibiotic	84	318	318	1.0	Bacillus subtilis (chromosome)
barcode13_3Gb	contig_1	1674151	1674508	qacJ_disinfecting_agents_and_antiseptics	80	357	357	1.0	Bacillus subtilis (chromosome)
barcode13_3Gb	contig_1	1674518	1674836	qacG_disinfecting_agents_and_antiseptics	83	318	318	1.0	Bacillus subtilis (chromosome)
barcode13_3Gb	contig_1	1704842	1706027	vanT gene in vanG cluster_glycopeptide_antibiotic	59	1185	1185	1.0	Bacillus subtilis (chromosome)
barcode13_3Gb	contig_1	1720918	1721341	FosBx1_phosphonic_acid_antibiotic	99	423	423	1.0	Bacillus subtilis (chromosome)
barcode13_3Gb	contig_1	1889198	1890110	vanW gene in vanI cluster_glycopeptide_antibiotic	69	912	912	1.0	Bacillus subtilis (chromosome)
barcode13_3Gb	contig_1	1897947	1898862	BcI_cephalosporin;_penem	81	915	915	1.0	Bacillus subtilis (chromosome)
barcode13_3Gb	contig_1	1979621	1980443	vanY gene in vanG cluster_glycopeptide_antibiotic	70	822	822	1.0	Bacillus subtilis (chromosome)
barcode13_3Gb	contig_134	88449	88863	H-NS_macrolide_antibiotic;_fluoroquinolone_antibiotic;_cephalosporin;_cephamycin;_penam;_tetracycline_antibiotic	96	414	414	1.0	Unknown taxonomy (chromosome or plasmid)
barcode13_3Gb	contig_134	431231	431666	Escherichia coli AcrAB-TolC with MarR mutations conferring resistance to ciprofloxacin and tetracycline_fluoroquinolone_antibiotic;_cephalosporin;_glycylcycline;_penam;_tetracycline_antibiotic;_rifamycin_antibiotic;_phenicol_antibiotic;_disinfecting_agents_and_antiseptics	81	435	435	1.0	Unknown taxonomy (chromosome or plasmid)
barcode13_3Gb	contig_134	431685	432069	marA_fluoroquinolone_antibiotic;_monobactam;_carbapenem;_cephalosporin;_glycylcycline;_cephamycin;_penam;_tetracycline_antibiotic;_rifamycin_antibiotic;_phenicol_antibiotic;_penem;_disinfecting_agents_and_antiseptics	84	384	384	1.0	Unknown taxonomy (chromosome or plasmid)
barcode13_3Gb	contig_134	492307	492637	Klebsiella pneumoniae KpnF_macrolide_antibiotic;_aminoglycoside_antibiotic;_cephalosporin;_tetracycline_antibiotic;_peptide_antibiotic;_rifamycin_antibiotic;_disinfecting_agents_and_antiseptics	73	330	330	1.0	Unknown taxonomy (chromosome or plasmid)
barcode13_3Gb	contig_134	492623	492989	Klebsiella pneumoniae KpnE_macrolide_antibiotic;_aminoglycoside_antibiotic;_cephalosporin;_tetracycline_antibiotic;_peptide_antibiotic;_rifamycin_antibiotic;_disinfecting_agents_and_antiseptics	71	366	366	1.0	Unknown taxonomy (chromosome or plasmid)
barcode13_3Gb	contig_134	942941	944108	ugd_peptide_antibiotic	95	1167	1167	1.0	Escherichia coli (chromosome or plasmid)
barcode13_3Gb	contig_134	995361	996729	mdtA_aminocoumarin_antibiotic	96	1368	1368	1.0	Unknown taxonomy (chromosome or plasmid)
barcode13_3Gb	contig_134	996728	999851	mdtB_aminocoumarin_antibiotic	86	3123	3123	1.0	Unknown taxonomy (chromosome or plasmid)
barcode13_3Gb	contig_134	999851	1002929	mdtC_aminocoumarin_antibiotic	94	3078	3078	1.0	Unknown taxonomy (chromosome or plasmid)
barcode13_3Gb	contig_134	1005741	1006464	baeR_aminoglycoside_antibiotic;_aminocoumarin_antibiotic	86	723	723	1.0	Unknown taxonomy (chromosome or plasmid)
barcode13_3Gb	contig_134	1146105	1147749	YojI_peptide_antibiotic	99	1644	1644	1.0	Unknown taxonomy (chromosome or plasmid)
barcode13_3Gb	contig_134	1206203	1207172	PmrF_peptide_antibiotic	90	969	969	1.0	Unknown taxonomy (chromosome or plasmid)
barcode13_3Gb	contig_134	1210040	1211693	ArnT_peptide_antibiotic	103	1653	1653	1.0	Unknown taxonomy (chromosome or plasmid)
barcode13_3Gb	contig_134	1309568	1311107	emrY_tetracycline_antibiotic	114	1539	1539	1.0	Unknown taxonomy (chromosome or plasmid)
barcode13_3Gb	contig_134	1311106	1312162	emrK_tetracycline_antibiotic	106	1056	1056	1.0	Unknown taxonomy (chromosome or plasmid)
barcode13_3Gb	contig_134	1312685	1313300	evgA_macrolide_antibiotic;_fluoroquinolone_antibiotic;_penam;_tetracycline_antibiotic	106	615	615	1.0	Unknown taxonomy (chromosome or plasmid)
barcode13_3Gb	contig_134	1313304	1316898	evgS_macrolide_antibiotic;_fluoroquinolone_antibiotic;_penam;_tetracycline_antibiotic	91	3594	3594	1.0	Unknown taxonomy (chromosome or plasmid)
barcode13_3Gb	contig_134	1408386	1411500	acrD_aminoglycoside_antibiotic	94	3114	3114	1.0	Escherichia coli (chromosome or plasmid)
barcode13_3Gb	contig_134	1636360	1636546	rsmA_fluoroquinolone_antibiotic;_diaminopyrimidine_antibiotic;_phenicol_antibiotic	109	186	186	1.0	Unknown taxonomy (chromosome or plasmid)
barcode13_3Gb	contig_134	2009784	2011273	TolC_macrolide_antibiotic;_fluoroquinolone_antibiotic;_aminoglycoside_antibiotic;_carbapenem;_cephalosporin;_glycylcycline;_cephamycin;_penam;_tetracycline_antibiotic;_peptide_antibiotic;_aminocoumarin_antibiotic;_rifamycin_antibiotic;_phenicol_antibiotic;_penem;_disinfecting_agents_and_antiseptics	103	1489	1489	1.0	Unknown taxonomy (chromosome or plasmid)
barcode13_3Gb	contig_134	2033649	2034471	bacA_peptide_antibiotic	96	822	822	1.0	Unknown taxonomy (chromosome or plasmid)
barcode13_3Gb	contig_134	2244235	2244898	AcrS_fluoroquinolone_antibiotic;_cephalosporin;_glycylcycline;_cephamycin;_penam;_tetracycline_antibiotic;_rifamycin_antibiotic;_phenicol_antibiotic;_disinfecting_agents_and_antiseptics	88	663	663	1.0	Unknown taxonomy (chromosome or plasmid)
barcode13_3Gb	contig_134	2245296	2246454	AcrE_fluoroquinolone_antibiotic;_cephalosporin;_cephamycin;_penam	88	1158	1158	1.0	Unknown taxonomy (chromosome or plasmid)
barcode13_3Gb	contig_134	2246465	2249570	AcrF_fluoroquinolone_antibiotic;_cephalosporin;_cephamycin;_penam	94	3105	3105	1.0	Unknown taxonomy (chromosome or plasmid)
barcode13_3Gb	contig_134	2301578	2302763	Escherichia coli EF-Tu mutants conferring resistance to Pulvomycin_elfamycin_antibiotic	94	1185	1185	1.0	Unknown taxonomy (chromosome or plasmid)
barcode13_3Gb	contig_134	2317553	2318186	CRP_macrolide_antibiotic;_fluoroquinolone_antibiotic;_penam	86	633	633	1.0	Unknown taxonomy (chromosome or plasmid)
barcode13_3Gb	contig_134	2457063	2458221	mdtE_macrolide_antibiotic;_fluoroquinolone_antibiotic;_penam	119	1158	1158	1.0	Unknown taxonomy (chromosome)
barcode13_3Gb	contig_134	2458245	2461359	mdtF_macrolide_antibiotic;_fluoroquinolone_antibiotic;_penam	115	3114	3114	1.0	Unknown taxonomy (chromosome)
barcode13_3Gb	contig_134	2461721	2462450	gadW_macrolide_antibiotic;_fluoroquinolone_antibiotic;_penam	109	729	729	1.0	Escherichia coli (chromosome)
barcode13_3Gb	contig_134	2462817	2463642	gadX_macrolide_antibiotic;_fluoroquinolone_antibiotic;_penam	99	825	825	1.0	Unknown taxonomy (chromosome)
barcode13_3Gb	contig_134	2960901	2962275	cpxA_aminoglycoside_antibiotic;_aminocoumarin_antibiotic	124	1374	1374	1.0	Unknown taxonomy (chromosome or plasmid)
barcode13_3Gb	contig_134	3033157	3034342	Escherichia coli EF-Tu mutants conferring resistance to Pulvomycin_elfamycin_antibiotic	95	1185	1185	1.0	Unknown taxonomy (chromosome or plasmid)
barcode13_3Gb	contig_134	3134371	3134695	Escherichia coli soxS with mutation conferring antibiotic resistance_fluoroquinolone_antibiotic;_monobactam;_carbapenem;_cephalosporin;_glycylcycline;_cephamycin;_penam;_tetracycline_antibiotic;_rifamycin_antibiotic;_phenicol_antibiotic;_penem;_disinfecting_agents_and_antiseptics	99	324	324	1.0	Unknown taxonomy (chromosome or plasmid)
barcode13_3Gb	contig_134	3134780	3135245	Escherichia coli soxR with mutation conferring antibiotic resistance_fluoroquinolone_antibiotic;_cephalosporin;_glycylcycline;_penam;_tetracycline_antibiotic;_rifamycin_antibiotic;_phenicol_antibiotic;_disinfecting_agents_and_antiseptics	93	465	465	1.0	Unknown taxonomy (chromosome or plasmid)
barcode13_3Gb	contig_134	3156762	3158229	mdtP_nucleoside_antibiotic;_disinfecting_agents_and_antiseptics	98	1467	1467	1.0	Unknown taxonomy (chromosome or plasmid)
barcode13_3Gb	contig_134	3158225	3160277	mdtO_nucleoside_antibiotic;_disinfecting_agents_and_antiseptics	92	2052	2052	1.0	Unknown taxonomy (chromosome or plasmid)
barcode13_3Gb	contig_134	3160276	3161308	mdtN_nucleoside_antibiotic;_disinfecting_agents_and_antiseptics	86	1032	1032	1.0	Unknown taxonomy (chromosome or plasmid)
barcode13_3Gb	contig_134	3191145	3192789	eptA_peptide_antibiotic	96	1644	1644	1.0	Unknown taxonomy (chromosome or plasmid)
barcode13_3Gb	contig_134	3225418	3226552	Escherichia coli ampC beta-lactamase_cephalosporin;_penam	88	1134	1134	1.0	Unknown taxonomy (chromosome or plasmid)
barcode13_3Gb	contig_134	3426252	3427485	mdtM_fluoroquinolone_antibiotic;_lincosamide_antibiotic;_nucleoside_antibiotic;_phenicol_antibiotic;_disinfecting_agents_and_antiseptics	101	1233	1233	1.0	Unknown taxonomy (chromosome or plasmid)
barcode13_3Gb	contig_134	3573800	3574745	leuO_nucleoside_antibiotic;_disinfecting_agents_and_antiseptics	86	945	945	1.0	Escherichia coli (chromosome or plasmid)
barcode13_3Gb	contig_134	3580845	3582612	Haemophilus influenzae PBP3 conferring resistance to beta-lactam antibiotics_cephalosporin;_cephamycin;_penam	91	1767	1767	1.0	Unknown taxonomy (chromosome or plasmid)
barcode13_3Gb	contig_134	3861238	3862333	vanG_glycopeptide_antibiotic	84	1095	1095	1.0	Unknown taxonomy (chromosome or plasmid)
barcode13_3Gb	contig_134	3944013	3947163	acrB_fluoroquinolone_antibiotic;_cephalosporin;_glycylcycline;_penam;_tetracycline_antibiotic;_rifamycin_antibiotic;_phenicol_antibiotic;_disinfecting_agents_and_antiseptics	97	3150	3150	1.0	Escherichia coli (chromosome or plasmid)
barcode13_3Gb	contig_134	3947185	3948379	Escherichia coli acrA_fluoroquinolone_antibiotic;_cephalosporin;_glycylcycline;_penam;_tetracycline_antibiotic;_rifamycin_antibiotic;_phenicol_antibiotic;_disinfecting_agents_and_antiseptics	109	1194	1194	1.0	Unknown taxonomy (chromosome or plasmid)
barcode13_3Gb	contig_134	3948520	3949168	Escherichia coli AcrAB-TolC with AcrR mutation conferring resistance to ciprofloxacin, tetracycline, and ceftazidime_fluoroquinolone_antibiotic;_cephalosporin;_glycylcycline;_penam;_tetracycline_antibiotic;_rifamycin_antibiotic;_phenicol_antibiotic;_disinfecting_agents_and_antiseptics	105	648	648	1.0	Escherichia coli (chromosome or plasmid)
barcode13_3Gb	contig_134	4161202	4161880	kdpE_aminoglycoside_antibiotic	79	678	678	1.0	Unknown taxonomy (chromosome or plasmid)
barcode13_3Gb	contig_134	4324694	4325927	Escherichia coli mdfA_tetracycline_antibiotic;_disinfecting_agents_and_antiseptics	196	1233	1233	1.0	Unknown taxonomy (chromosome or plasmid)
barcode13_3Gb	contig_134	4335747	4336980	Escherichia coli mdfA_tetracycline_antibiotic;_disinfecting_agents_and_antiseptics	277	1233	1233	1.0	Unknown taxonomy (chromosome or plasmid)
barcode13_3Gb	contig_134	4428705	4430454	msbA_nitroimidazole_antibiotic	87	1749	1749	1.0	Escherichia coli (chromosome)
barcode13_3Gb	contig_134	4663119	4664346	mdtG_phosphonic_acid_antibiotic	96	1227	1227	1.0	Unknown taxonomy (chromosome or plasmid)
barcode13_3Gb	contig_134	4672974	4674183	mdtH_fluoroquinolone_antibiotic	103	1209	1209	1.0	Unknown taxonomy (chromosome or plasmid)
barcode13_3Gb	contig_137	1150392	1151514	vanT gene in vanG cluster_glycopeptide_antibiotic	157	1122	1122	1.0	
barcode13_3Gb	contig_157	184575	185931	mepA_glycylcycline;_tetracycline_antibiotic	127	1356	1356	1.0	Staphylococcus aureus (chromosome or plasmid)
barcode13_3Gb	contig_157	186037	186457	mepR_glycylcycline;_tetracycline_antibiotic	122	420	420	1.0	Staphylococcus aureus (chromosome or plasmid)
barcode13_3Gb	contig_157	414427	415786	tet(38)_tetracycline_antibiotic	134	1359	1359	1.0	Staphylococcus aureus (no genomic info)
barcode13_3Gb	contig_157	452535	453924	norC_fluoroquinolone_antibiotic;_disinfecting_agents_and_antiseptics	120	1389	1389	1.0	Staphylococcus aureus (chromosome or plasmid)
barcode13_3Gb	contig_157	837376	838777	norC_fluoroquinolone_antibiotic;_disinfecting_agents_and_antiseptics	115	1401	1401	1.0	
barcode13_3Gb	contig_157	958670	959090	Staphylococcus aureus FosB_phosphonic_acid_antibiotic	130	420	420	1.0	Staphylococcus aureus (chromosome)
barcode13_3Gb	contig_157	1105022	1106366	sdrM_fluoroquinolone_antibiotic;_disinfecting_agents_and_antiseptics	134	1344	1344	1.0	Staphylococcus aureus (chromosome)
barcode13_3Gb	contig_157	1106464	1106938	sepA_disinfecting_agents_and_antiseptics	134	474	474	1.0	Staphylococcus aureus (chromosome)
barcode13_3Gb	contig_157	1107257	1108703	Staphylococcus aureus LmrS_macrolide_antibiotic;_aminoglycoside_antibiotic;_oxazolidinone_antibiotic;_diaminopyrimidine_antibiotic;_phenicol_antibiotic	140	1446	1446	1.0	Staphylococcus aureus (chromosome)
barcode13_3Gb	contig_157	1204581	1207311	kdpD_aminoglycoside_antibiotic	138	2730	2730	1.0	Staphylococcus aureus (chromosome or plasmid)
barcode13_3Gb	contig_157	1214983	1216132	vanT gene in vanG cluster_glycopeptide_antibiotic	115	1149	1149	1.0	Staphylococcus aureus (chromosome or plasmid)
barcode13_3Gb	contig_157	1772057	1772903	PC1 beta-lactamase (blaZ)_penam	93	846	846	1.0	Staphylococcus aureus (chromosome or plasmid)
barcode13_3Gb	contig_157	1801287	1802808	norC_fluoroquinolone_antibiotic;_disinfecting_agents_and_antiseptics	104	1521	1521	1.0	Staphylococcus aureus (chromosome)
barcode13_3Gb	contig_157	1848876	1849536	arlR_fluoroquinolone_antibiotic;_disinfecting_agents_and_antiseptics	111	660	660	1.0	Staphylococcus aureus (chromosome)
barcode13_3Gb	contig_157	1849532	1850888	arlS_fluoroquinolone_antibiotic;_disinfecting_agents_and_antiseptics	107	1356	1356	1.0	Staphylococcus aureus (chromosome)
barcode13_3Gb	contig_157	2525820	2526987	Staphylococcus aureus norA_fluoroquinolone_antibiotic	111	1167	1167	1.0	Staphylococcus aureus (chromosome)
barcode13_3Gb	contig_157	2534637	2535081	mgrA_fluoroquinolone_antibiotic;_cephalosporin;_penam;_tetracycline_antibiotic;_peptide_antibiotic;_disinfecting_agents_and_antiseptics	126	444	444	1.0	Unknown taxonomy (chromosome)
barcode13_3Gb	contig_233	123384	124092	ParR_macrolide_antibiotic;_fluoroquinolone_antibiotic;_monobactam;_aminoglycoside_antibiotic;_carbapenem;_cephalosporin;_cephamycin;_penam;_tetracycline_antibiotic;_phenicol_antibiotic;_penem;_disinfecting_agents_and_antiseptics	41	708	708	1.0	Pseudomonas aeruginosa (chromosome or plasmid)
barcode13_3Gb	contig_233	124092	125379	ParS_macrolide_antibiotic;_fluoroquinolone_antibiotic;_monobactam;_aminoglycoside_antibiotic;_carbapenem;_cephalosporin;_cephamycin;_penam;_tetracycline_antibiotic;_phenicol_antibiotic;_penem;_disinfecting_agents_and_antiseptics	45	1287	1287	1.0	Pseudomonas aeruginosa (chromosome or plasmid)
barcode13_3Gb	contig_233	508878	511989	mexN_phenicol_antibiotic	46	3111	3111	1.0	Pseudomonas aeruginosa (chromosome)
barcode13_3Gb	contig_233	511985	513143	mexM_phenicol_antibiotic	52	1158	1158	1.0	Pseudomonas aeruginosa (chromosome)
barcode13_3Gb	contig_233	580816	582250	PmpM_fluoroquinolone_antibiotic;_aminoglycoside_antibiotic;_disinfecting_agents_and_antiseptics	51	1434	1434	1.0	Pseudomonas aeruginosa (chromosome)
barcode13_3Gb	contig_233	843762	844170	FosA_phosphonic_acid_antibiotic	51	408	408	1.0	Pseudomonas aeruginosa (chromosome or plasmid)
barcode13_3Gb	contig_233	1052843	1053833	vanH gene in vanB cluster_glycopeptide_antibiotic	49	990	990	1.0	Pseudomonas aeruginosa (no genomic info)
barcode13_3Gb	contig_233	1074651	1074837	rsmA_fluoroquinolone_antibiotic;_diaminopyrimidine_antibiotic;_phenicol_antibiotic	46	186	186	1.0	Pseudomonas (chromosome or plasmid)
barcode13_3Gb	contig_233	1248060	1248882	vanW gene in vanG cluster_glycopeptide_antibiotic	29	822	822	1.0	Pseudomonas aeruginosa (chromosome or plasmid)
barcode13_3Gb	contig_233	1292035	1292674	Pseudomonas aeruginosa catB7_phenicol_antibiotic	35	639	639	1.0	Pseudomonas aeruginosa (chromosome or plasmid)
barcode13_3Gb	contig_233	1459712	1460843	MexV_macrolide_antibiotic;_fluoroquinolone_antibiotic;_tetracycline_antibiotic;_phenicol_antibiotic;_disinfecting_agents_and_antiseptics	37	1131	1131	1.0	Pseudomonas aeruginosa (chromosome or plasmid)
barcode13_3Gb	contig_233	1460893	1463950	MexW_macrolide_antibiotic;_fluoroquinolone_antibiotic;_tetracycline_antibiotic;_phenicol_antibiotic;_disinfecting_agents_and_antiseptics	38	3057	3057	1.0	Pseudomonas aeruginosa (chromosome or plasmid)
barcode13_3Gb	contig_233	1810544	1811984	OprJ_macrolide_antibiotic;_fluoroquinolone_antibiotic;_aminoglycoside_antibiotic;_cephalosporin;_penam;_tetracycline_antibiotic;_aminocoumarin_antibiotic;_diaminopyrimidine_antibiotic;_phenicol_antibiotic	45	1440	1440	1.0	Pseudomonas aeruginosa (chromosome or plasmid)
barcode13_3Gb	contig_233	1811989	1815121	MexD_macrolide_antibiotic;_fluoroquinolone_antibiotic;_aminoglycoside_antibiotic;_cephalosporin;_penam;_tetracycline_antibiotic;_aminocoumarin_antibiotic;_diaminopyrimidine_antibiotic;_phenicol_antibiotic	48	3132	3132	1.0	Pseudomonas aeruginosa (chromosome or plasmid)
barcode13_3Gb	contig_233	1815148	1816213	MexC_macrolide_antibiotic;_fluoroquinolone_antibiotic;_aminoglycoside_antibiotic;_cephalosporin;_penam;_tetracycline_antibiotic;_aminocoumarin_antibiotic;_diaminopyrimidine_antibiotic;_phenicol_antibiotic	53	1065	1065	1.0	Pseudomonas aeruginosa (chromosome or plasmid)
barcode13_3Gb	contig_233	1816472	1817036	Type B NfxB_macrolide_antibiotic;_fluoroquinolone_antibiotic;_aminoglycoside_antibiotic;_cephalosporin;_penam;_tetracycline_antibiotic;_aminocoumarin_antibiotic;_diaminopyrimidine_antibiotic;_phenicol_antibiotic	52	564	564	1.0	Pseudomonas aeruginosa (chromosome or plasmid)
barcode13_3Gb	contig_233	2036699	2037365	basR_peptide_antibiotic	50	666	666	1.0	Pseudomonas (chromosome or plasmid)
barcode13_3Gb	contig_233	2037388	2038822	basS_peptide_antibiotic	52	1434	1434	1.0	Pseudomonas aeruginosa (chromosome or plasmid)
barcode13_3Gb	contig_233	2264894	2266343	OpmH_disinfecting_agents_and_antiseptics	45	1449	1449	1.0	Pseudomonas aeruginosa (chromosome)
barcode13_3Gb	contig_233	2286894	2287227	Pseudomonas aeruginosa emrE_aminoglycoside_antibiotic	42	333	333	1.0	Pseudomonas aeruginosa (chromosome)
barcode13_3Gb	contig_233	2897394	2898183	OXA-486_penam	50	789	789	1.0	Pseudomonas aeruginosa (chromosome)
barcode13_3Gb	contig_233	3131515	3132668	TriA_disinfecting_agents_and_antiseptics	41	1153	1153	1.0	Pseudomonas aeruginosa (chromosome)
barcode13_3Gb	contig_233	3132663	3133734	TriB_disinfecting_agents_and_antiseptics	43	1071	1071	1.0	Pseudomonas aeruginosa (chromosome)
barcode13_3Gb	contig_233	3133730	3136778	TriC_disinfecting_agents_and_antiseptics	45	3048	3048	1.0	Pseudomonas aeruginosa (chromosome)
barcode13_3Gb	contig_233	3419828	3420272	MexR_macrolide_antibiotic;_fluoroquinolone_antibiotic;_monobactam;_carbapenem;_cephalosporin;_cephamycin;_penam;_tetracycline_antibiotic;_peptide_antibiotic;_aminocoumarin_antibiotic;_diaminopyrimidine_antibiotic;_sulfonamide_antibiotic;_phenicol_antibiotic;_penem	40	444	444	1.0	Pseudomonas (chromosome or plasmid)
barcode13_3Gb	contig_233	3420546	3421698	MexA_macrolide_antibiotic;_fluoroquinolone_antibiotic;_monobactam;_carbapenem;_cephalosporin;_cephamycin;_penam;_tetracycline_antibiotic;_peptide_antibiotic;_aminocoumarin_antibiotic;_diaminopyrimidine_antibiotic;_sulfonamide_antibiotic;_phenicol_antibiotic;_penem	45	1152	1152	1.0	Pseudomonas (chromosome or plasmid)
barcode13_3Gb	contig_233	3421713	3424854	MexB_macrolide_antibiotic;_fluoroquinolone_antibiotic;_monobactam;_carbapenem;_cephalosporin;_cephamycin;_penam;_tetracycline_antibiotic;_peptide_antibiotic;_aminocoumarin_antibiotic;_diaminopyrimidine_antibiotic;_sulfonamide_antibiotic;_phenicol_antibiotic;_penem	53	3141	3141	1.0	Pseudomonas aeruginosa (chromosome or plasmid)
barcode13_3Gb	contig_233	3424855	3426313	OprM_macrolide_antibiotic;_fluoroquinolone_antibiotic;_monobactam;_aminoglycoside_antibiotic;_carbapenem;_cephalosporin;_cephamycin;_penam;_tetracycline_antibiotic;_peptide_antibiotic;_aminocoumarin_antibiotic;_diaminopyrimidine_antibiotic;_sulfonamide_antibiotic;_phenicol_antibiotic;_penem;_disinfecting_agents_and_antiseptics	50	1458	1458	1.0	Pseudomonas (chromosome or plasmid)
barcode13_3Gb	contig_233	3747819	3749283	OpmD_fluoroquinolone_antibiotic;_tetracycline_antibiotic;_disinfecting_agents_and_antiseptics	44	1464	1464	1.0	Pseudomonas aeruginosa (chromosome)
barcode13_3Gb	contig_233	3749279	3752369	MexI_fluoroquinolone_antibiotic;_tetracycline_antibiotic;_disinfecting_agents_and_antiseptics	46	3090	3090	1.0	Pseudomonas aeruginosa (chromosome)
barcode13_3Gb	contig_233	3752381	3753494	MexH_fluoroquinolone_antibiotic;_tetracycline_antibiotic;_disinfecting_agents_and_antiseptics	54	1113	1113	1.0	Pseudomonas aeruginosa (chromosome)
barcode13_3Gb	contig_233	3753501	3753948	MexG_fluoroquinolone_antibiotic;_tetracycline_antibiotic;_disinfecting_agents_and_antiseptics	55	447	447	1.0	Pseudomonas (chromosome)
barcode13_3Gb	contig_233	3873612	3874821	bcr-1_bicyclomycin-like_antibiotic	46	1209	1209	1.0	Pseudomonas aeruginosa (chromosome or plasmid)
barcode13_3Gb	contig_233	3891524	3892331	APH(3')-IIb_aminoglycoside_antibiotic	52	807	807	1.0	Pseudomonas aeruginosa (chromosome or plasmid)
barcode13_3Gb	contig_233	3904686	3905880	PDC-3_monobactam;_carbapenem;_cephalosporin;_cephamycin;_penam	48	1194	1194	1.0	Pseudomonas aeruginosa (chromosome or plasmid)
barcode13_3Gb	contig_233	4226544	4226883	YajC_fluoroquinolone_antibiotic;_cephalosporin;_glycylcycline;_penam;_tetracycline_antibiotic;_oxazolidinone_antibiotic;_glycopeptide_antibiotic;_rifamycin_antibiotic;_phenicol_antibiotic;_disinfecting_agents_and_antiseptics	49	339	339	1.0	Pseudomonas aeruginosa (chromosome)
barcode13_3Gb	contig_233	4338731	4339373	nalC_macrolide_antibiotic;_fluoroquinolone_antibiotic;_monobactam;_carbapenem;_cephalosporin;_cephamycin;_penam;_tetracycline_antibiotic;_peptide_antibiotic;_aminocoumarin_antibiotic;_diaminopyrimidine_antibiotic;_sulfonamide_antibiotic;_phenicol_antibiotic;_penem	57	642	642	1.0	Pseudomonas aeruginosa (chromosome or plasmid)
barcode13_3Gb	contig_233	4384782	4385421	MexL_macrolide_antibiotic;_tetracycline_antibiotic;_disinfecting_agents_and_antiseptics	45	639	639	1.0	Pseudomonas aeruginosa (chromosome or plasmid)
barcode13_3Gb	contig_233	4385516	4386620	MexJ_macrolide_antibiotic;_tetracycline_antibiotic;_disinfecting_agents_and_antiseptics	39	1104	1104	1.0	Pseudomonas aeruginosa (chromosome or plasmid)
barcode13_3Gb	contig_233	4386624	4389702	MexK_macrolide_antibiotic;_tetracycline_antibiotic;_disinfecting_agents_and_antiseptics	37	3078	3078	1.0	Pseudomonas aeruginosa (chromosome or plasmid)
barcode13_3Gb	contig_233	4428404	4431581	adeF_fluoroquinolone_antibiotic;_tetracycline_antibiotic	56	3177	3177	1.0	Unknown taxonomy (chromosome)
barcode13_3Gb	contig_233	4551621	4552260	nalD_macrolide_antibiotic;_fluoroquinolone_antibiotic;_monobactam;_carbapenem;_cephalosporin;_cephamycin;_penam;_tetracycline_antibiotic;_peptide_antibiotic;_aminocoumarin_antibiotic;_diaminopyrimidine_antibiotic;_sulfonamide_antibiotic;_phenicol_antibiotic;_penem	47	639	639	1.0	Pseudomonas aeruginosa (chromosome or plasmid)
barcode13_3Gb	contig_233	4572231	4573881	ArnT_peptide_antibiotic	45	1650	1650	1.0	Pseudomonas aeruginosa (chromosome or plasmid)
barcode13_3Gb	contig_233	4574761	4576750	arnA_peptide_antibiotic	42	1989	1989	1.0	Pseudomonas aeruginosa (chromosome or plasmid)
barcode13_3Gb	contig_233	4614955	4616113	mexP_macrolide_antibiotic;_carbapenem;_tetracycline_antibiotic;_diaminopyrimidine_antibiotic;_phenicol_antibiotic;_disinfecting_agents_and_antiseptics	50	1158	1158	1.0	Pseudomonas aeruginosa (chromosome or plasmid)
barcode13_3Gb	contig_233	4616109	4619271	mexQ_macrolide_antibiotic;_carbapenem;_tetracycline_antibiotic;_diaminopyrimidine_antibiotic;_phenicol_antibiotic;_disinfecting_agents_and_antiseptics	42	3162	3162	1.0	Pseudomonas aeruginosa (chromosome or plasmid)
barcode13_3Gb	contig_233	4619267	4620887	opmE_macrolide_antibiotic;_carbapenem;_tetracycline_antibiotic;_diaminopyrimidine_antibiotic;_phenicol_antibiotic;_disinfecting_agents_and_antiseptics	53	1620	1620	1.0	Pseudomonas aeruginosa (chromosome or plasmid)
barcode13_3Gb	contig_233	4937450	4938128	Pseudomonas aeruginosa CpxR_macrolide_antibiotic;_fluoroquinolone_antibiotic;_monobactam;_aminoglycoside_antibiotic;_carbapenem;_cephalosporin;_cephamycin;_penam;_tetracycline_antibiotic;_peptide_antibiotic;_aminocoumarin_antibiotic;_diaminopyrimidine_antibiotic;_sulfonamide_antibiotic;_phenicol_antibiotic;_penem	52	678	678	1.0	Pseudomonas aeruginosa (chromosome or plasmid)
barcode13_3Gb	contig_233	5074988	5076284	cprS_peptide_antibiotic	59	1296	1296	1.0	Pseudomonas aeruginosa (chromosome or plasmid)
barcode13_3Gb	contig_233	5076280	5076952	cprR_peptide_antibiotic	52	672	672	1.0	Pseudomonas aeruginosa (chromosome or plasmid)
barcode13_3Gb	contig_233	5882837	5884118	MuxA_macrolide_antibiotic;_monobactam;_tetracycline_antibiotic;_aminocoumarin_antibiotic	40	1281	1281	1.0	Pseudomonas aeruginosa (chromosome or plasmid)
barcode13_3Gb	contig_233	5884114	5887246	MuxB_macrolide_antibiotic;_monobactam;_tetracycline_antibiotic;_aminocoumarin_antibiotic	46	3132	3132	1.0	Pseudomonas aeruginosa (chromosome or plasmid)
barcode13_3Gb	contig_233	5887242	5890353	MuxC_macrolide_antibiotic;_monobactam;_tetracycline_antibiotic;_aminocoumarin_antibiotic	39	3111	3111	1.0	Pseudomonas aeruginosa (chromosome or plasmid)
barcode13_3Gb	contig_233	5890349	5891849	OpmB_macrolide_antibiotic;_monobactam;_tetracycline_antibiotic;_aminocoumarin_antibiotic	40	1500	1500	1.0	Pseudomonas aeruginosa (chromosome or plasmid)
barcode13_3Gb	contig_233	5923518	5924937	OprN_fluoroquinolone_antibiotic;_diaminopyrimidine_antibiotic;_phenicol_antibiotic	43	1419	1419	1.0	Pseudomonas aeruginosa (chromosome or plasmid)
barcode13_3Gb	contig_233	5924933	5928122	MexF_fluoroquinolone_antibiotic;_diaminopyrimidine_antibiotic;_phenicol_antibiotic	47	3189	3189	1.0	Pseudomonas aeruginosa (chromosome or plasmid)
barcode13_3Gb	contig_233	5928143	5929388	MexE_fluoroquinolone_antibiotic;_diaminopyrimidine_antibiotic;_phenicol_antibiotic	44	1245	1245	1.0	Pseudomonas aeruginosa (chromosome or plasmid)
barcode13_3Gb	contig_233	5929618	5930533	MexT_fluoroquinolone_antibiotic;_diaminopyrimidine_antibiotic;_phenicol_antibiotic	46	915	915	1.0	Pseudomonas aeruginosa (chromosome or plasmid)
barcode13_3Gb	contig_233	5930753	5931773	MexS_fluoroquinolone_antibiotic;_diaminopyrimidine_antibiotic;_phenicol_antibiotic	49	1020	1020	1.0	Pseudomonas aeruginosa (chromosome or plasmid)
barcode13_3Gb	contig_233	6291816	6292287	Pseudomonas aeruginosa soxR_fluoroquinolone_antibiotic;_cephalosporin;_glycylcycline;_penam;_tetracycline_antibiotic;_rifamycin_antibiotic;_phenicol_antibiotic;_disinfecting_agents_and_antiseptics	38	471	471	1.0	Pseudomonas aeruginosa (chromosome or plasmid)
barcode13_3Gb	contig_233	6603121	6603754	MexZ_macrolide_antibiotic;_fluoroquinolone_antibiotic;_aminoglycoside_antibiotic;_carbapenem;_cephalosporin;_cephamycin;_penam;_tetracycline_antibiotic;_phenicol_antibiotic;_disinfecting_agents_and_antiseptics	48	633	633	1.0	Pseudomonas aeruginosa (chromosome)
barcode13_3Gb	contig_233	6605124	6608262	mexY_macrolide_antibiotic;_fluoroquinolone_antibiotic;_aminoglycoside_antibiotic;_carbapenem;_cephalosporin;_cephamycin;_penam;_tetracycline_antibiotic;_phenicol_antibiotic;_disinfecting_agents_and_antiseptics	44	3138	3138	1.0	Pseudomonas aeruginosa (chromosome)
barcode13_3Gb	contig_24	31311	32496	Escherichia coli EF-Tu mutants conferring resistance to Pulvomycin_elfamycin_antibiotic	125	1185	1185	1.0	Salmonella enterica (chromosome or plasmid)
barcode13_3Gb	contig_24	48648	49281	CRP_macrolide_antibiotic;_fluoroquinolone_antibiotic;_penam	91	633	633	1.0	Salmonella enterica (chromosome)
barcode13_3Gb	contig_24	410619	412011	Escherichia coli UhpT with mutation conferring resistance to fosfomycin_phosphonic_acid_antibiotic	82	1392	1392	1.0	Salmonella enterica (chromosome)
barcode13_3Gb	contig_24	686203	687577	cpxA_aminoglycoside_antibiotic;_aminocoumarin_antibiotic	91	1374	1374	1.0	Salmonella enterica (no genomic info)
barcode13_3Gb	contig_24	779576	780761	Escherichia coli EF-Tu mutants conferring resistance to Pulvomycin_elfamycin_antibiotic	104	1185	1185	1.0	Salmonella enterica (chromosome or plasmid)
barcode13_3Gb	contig_24	922202	922526	Escherichia coli soxS with mutation conferring antibiotic resistance_fluoroquinolone_antibiotic;_monobactam;_carbapenem;_cephalosporin;_glycylcycline;_cephamycin;_penam;_tetracycline_antibiotic;_rifamycin_antibiotic;_phenicol_antibiotic;_penem;_disinfecting_agents_and_antiseptics	87	324	324	1.0	Salmonella enterica (chromosome)
barcode13_3Gb	contig_24	922612	923071	Escherichia coli soxR with mutation conferring antibiotic resistance_fluoroquinolone_antibiotic;_cephalosporin;_glycylcycline;_penam;_tetracycline_antibiotic;_rifamycin_antibiotic;_phenicol_antibiotic;_disinfecting_agents_and_antiseptics	89	459	459	1.0	Salmonella enterica (chromosome)
barcode13_3Gb	contig_24	1163301	1164543	mdtM_fluoroquinolone_antibiotic;_lincosamide_antibiotic;_nucleoside_antibiotic;_phenicol_antibiotic;_disinfecting_agents_and_antiseptics	89	1242	1242	1.0	
barcode13_3Gb	contig_24	1413652	1415419	Haemophilus influenzae PBP3 conferring resistance to beta-lactam antibiotics_cephalosporin;_cephamycin;_penam	79	1767	1767	1.0	Salmonella enterica (chromosome)
barcode13_3Gb	contig_24	1714018	1715476	mdsC_monobactam;_carbapenem;_cephalosporin;_cephamycin;_penam;_phenicol_antibiotic;_penem	86	1458	1458	1.0	Salmonella enterica (chromosome)
barcode13_3Gb	contig_24	1715492	1717907	adeF_fluoroquinolone_antibiotic;_tetracycline_antibiotic	88	2415	2415	1.0	Salmonella enterica (chromosome)
barcode13_3Gb	contig_24	1718656	1719883	mdsA_monobactam;_carbapenem;_cephalosporin;_cephamycin;_penam;_phenicol_antibiotic;_penem	81	1227	1227	1.0	Salmonella enterica (chromosome)
barcode13_3Gb	contig_24	1722459	1722924	golS_monobactam;_carbapenem;_cephalosporin;_cephamycin;_penam;_phenicol_antibiotic;_penem	88	465	465	1.0	Salmonella enterica (chromosome)
barcode13_3Gb	contig_24	1755092	1756205	vanG_glycopeptide_antibiotic	95	1113	1113	1.0	Salmonella enterica (chromosome)
barcode13_3Gb	contig_24	1850539	1853689	acrB_fluoroquinolone_antibiotic;_cephalosporin;_glycylcycline;_penam;_tetracycline_antibiotic;_rifamycin_antibiotic;_phenicol_antibiotic;_disinfecting_agents_and_antiseptics	69	3150	3150	1.0	Salmonella enterica (chromosome)
barcode13_3Gb	contig_24	1853711	1854905	Escherichia coli acrA_fluoroquinolone_antibiotic;_cephalosporin;_glycylcycline;_penam;_tetracycline_antibiotic;_rifamycin_antibiotic;_phenicol_antibiotic;_disinfecting_agents_and_antiseptics	78	1194	1194	1.0	Salmonella enterica (chromosome)
barcode13_3Gb	contig_24	1855046	1855700	Escherichia coli AcrAB-TolC with AcrR mutation conferring resistance to ciprofloxacin, tetracycline, and ceftazidime_fluoroquinolone_antibiotic;_cephalosporin;_glycylcycline;_penam;_tetracycline_antibiotic;_rifamycin_antibiotic;_phenicol_antibiotic;_disinfecting_agents_and_antiseptics	77	654	654	1.0	Unknown taxonomy (chromosome)
barcode13_3Gb	contig_24	2081968	2082646	kdpE_aminoglycoside_antibiotic	63	678	678	1.0	Salmonella enterica (chromosome)
barcode13_3Gb	contig_24	2238525	2239758	Escherichia coli mdfA_tetracycline_antibiotic;_disinfecting_agents_and_antiseptics	84	1233	1233	1.0	Salmonella enterica (chromosome)
barcode13_3Gb	contig_24	2328131	2329880	msbA_nitroimidazole_antibiotic	74	1749	1749	1.0	Salmonella enterica (chromosome)
barcode13_3Gb	contig_24	2872087	2872450	Klebsiella pneumoniae KpnE_macrolide_antibiotic;_aminoglycoside_antibiotic;_cephalosporin;_tetracycline_antibiotic;_peptide_antibiotic;_rifamycin_antibiotic;_disinfecting_agents_and_antiseptics	70	363	363	1.0	Salmonella enterica (chromosome)
barcode13_3Gb	contig_24	2872484	2872766	Klebsiella pneumoniae KpnF_macrolide_antibiotic;_aminoglycoside_antibiotic;_cephalosporin;_tetracycline_antibiotic;_peptide_antibiotic;_rifamycin_antibiotic;_disinfecting_agents_and_antiseptics	69	282	282	1.0	Salmonella enterica (chromosome)
barcode13_3Gb	contig_24	2908919	2909303	marA_fluoroquinolone_antibiotic;_monobactam;_carbapenem;_cephalosporin;_glycylcycline;_cephamycin;_penam;_tetracycline_antibiotic;_rifamycin_antibiotic;_phenicol_antibiotic;_penem;_disinfecting_agents_and_antiseptics	84	384	384	1.0	Salmonella enterica (chromosome)
barcode13_3Gb	contig_24	2909322	2909757	Escherichia coli AcrAB-TolC with MarR mutations conferring resistance to ciprofloxacin and tetracycline_fluoroquinolone_antibiotic;_cephalosporin;_glycylcycline;_penam;_tetracycline_antibiotic;_rifamycin_antibiotic;_phenicol_antibiotic;_disinfecting_agents_and_antiseptics	81	435	435	1.0	Salmonella enterica (chromosome)
barcode13_3Gb	contig_24	3007173	3007611	AAC(6')-Iaa_aminoglycoside_antibiotic	82	438	438	1.0	Salmonella enterica (chromosome or plasmid)
barcode13_3Gb	contig_24	3343048	3343771	sdiA_fluoroquinolone_antibiotic;_cephalosporin;_glycylcycline;_penam;_tetracycline_antibiotic;_rifamycin_antibiotic;_phenicol_antibiotic;_disinfecting_agents_and_antiseptics	91	723	723	1.0	Salmonella enterica (chromosome or plasmid)
barcode13_3Gb	contig_24	3397041	3398466	MdtK_fluoroquinolone_antibiotic	75	1425	1425	1.0	Salmonella enterica (chromosome or plasmid)
barcode13_3Gb	contig_24	3460185	3461352	ugd_peptide_antibiotic	80	1167	1167	1.0	
barcode13_3Gb	contig_24	3508923	3512046	mdtB_aminocoumarin_antibiotic	91	3123	3123	1.0	
barcode13_3Gb	contig_24	3512046	3515127	mdtC_aminocoumarin_antibiotic	95	3081	3081	1.0	
barcode13_3Gb	contig_24	3517934	3518657	baeR_aminoglycoside_antibiotic;_aminocoumarin_antibiotic	93	723	723	1.0	Salmonella enterica (chromosome)
barcode13_3Gb	contig_24	3682254	3683613	Escherichia coli GlpT with mutation conferring resistance to fosfomycin_phosphonic_acid_antibiotic	76	1359	1359	1.0	Salmonella enterica (chromosome)
barcode13_3Gb	contig_24	3698762	3699746	PmrF_peptide_antibiotic	93	984	984	1.0	Salmonella enterica (chromosome)
barcode13_3Gb	contig_24	3702616	3704263	ArnT_peptide_antibiotic	97	1647	1647	1.0	Salmonella enterica (chromosome)
barcode13_3Gb	contig_24	3887023	3890137	acrD_aminoglycoside_antibiotic	93	3114	3114	1.0	Salmonella enterica (chromosome)
barcode13_3Gb	contig_24	4192358	4192889	emrR_fluoroquinolone_antibiotic	94	531	531	1.0	Salmonella enterica (chromosome or plasmid)
barcode13_3Gb	contig_24	4193015	4194188	emrA_fluoroquinolone_antibiotic	93	1173	1173	1.0	Salmonella enterica (chromosome or plasmid)
barcode13_3Gb	contig_24	4194204	4195743	emrB_fluoroquinolone_antibiotic	90	1539	1539	1.0	Salmonella enterica (chromosome or plasmid)
barcode13_3Gb	contig_24	4201915	4202101	rsmA_fluoroquinolone_antibiotic;_diaminopyrimidine_antibiotic;_phenicol_antibiotic	79	186	186	1.0	Unknown taxonomy (chromosome or plasmid)
barcode13_3Gb	contig_24	4569271	4570093	bacA_peptide_antibiotic	92	822	822	1.0	Salmonella enterica (chromosome or plasmid)
barcode13_3Gb	contig_88	421854	423255	norB_fluoroquinolone_antibiotic	143	1401	1401	1.0	Listeria monocytogenes (chromosome or plasmid)
barcode13_3Gb	contig_88	1585452	1586559	vanT gene in vanG cluster_glycopeptide_antibiotic	109	1107	1107	1.0	Listeria monocytogenes (chromosome or plasmid)
barcode13_3Gb	contig_88	1617333	1618905	lin_lincosamide_antibiotic	103	1572	1572	1.0	Listeria monocytogenes (chromosome or plasmid)
barcode13_3Gb	contig_88	2401156	2403754	Listeria monocytogenes mprF_peptide_antibiotic	130	2598	2598	1.0	Listeria monocytogenes (chromosome or plasmid)
barcode13_3Gb	contig_88	2407962	2408364	FosX_phosphonic_acid_antibiotic	121	402	402	1.0	Listeria monocytogenes (chromosome or plasmid)
barcode13_3Gb	contig_88	2572208	2573033	vanY gene in vanM cluster_glycopeptide_antibiotic	121	825	825	1.0	Listeria monocytogenes (chromosome or plasmid)
barcode13_3Gb	contig_90	292071	293568	lsaA_lincosamide_antibiotic;_streptogramin_antibiotic;_streptogramin_A_antibiotic;_streptogramin_B_antibiotic;_pleuromutilin_antibiotic	145	1497	1497	1.0	Enterococcus faecalis (chromosome)
barcode13_3Gb	contig_90	368287	368998	vanY gene in vanB cluster_glycopeptide_antibiotic	150	711	711	1.0	Enterococcus faecalis (chromosome)
barcode13_3Gb	contig_90	839021	841178	IreK_cephalosporin	148	2157	2157	1.0	
barcode13_3Gb	contig_90	1088603	1090322	efrA_macrolide_antibiotic;_fluoroquinolone_antibiotic;_rifamycin_antibiotic	141	1719	1719	1.0	Enterococcus faecalis (chromosome)
barcode13_3Gb	contig_90	1507684	1508800	vanT gene in vanG cluster_glycopeptide_antibiotic	109	1116	1116	1.0	Enterococcus faecalis (chromosome)
barcode13_3Gb	contig_90	1764497	1765652	emeA_disinfecting_agents_and_antiseptics	83	1155	1155	1.0	
barcode13_3Gb	contig_90	2265499	2265994	dfrE_diaminopyrimidine_antibiotic	84	495	495	1.0	Enterococcus faecalis (chromosome)
barcode13_9Gb	contig_111	447997	448330	Pseudomonas aeruginosa emrE_aminoglycoside_antibiotic	105	333	333	1.0	Pseudomonas aeruginosa (chromosome)
barcode13_9Gb	contig_111	468881	470330	OpmH_disinfecting_agents_and_antiseptics	115	1449	1449	1.0	Pseudomonas aeruginosa (chromosome)
barcode13_9Gb	contig_111	696402	697836	basS_peptide_antibiotic	127	1434	1434	1.0	Pseudomonas aeruginosa (chromosome or plasmid)
barcode13_9Gb	contig_111	697859	698525	basR_peptide_antibiotic	126	666	666	1.0	Pseudomonas (chromosome or plasmid)
barcode13_9Gb	contig_111	918188	918752	Type B NfxB_macrolide_antibiotic;_fluoroquinolone_antibiotic;_aminoglycoside_antibiotic;_cephalosporin;_penam;_tetracycline_antibiotic;_aminocoumarin_antibiotic;_diaminopyrimidine_antibiotic;_phenicol_antibiotic	132	564	564	1.0	Pseudomonas aeruginosa (chromosome or plasmid)
barcode13_9Gb	contig_111	919011	920076	MexC_macrolide_antibiotic;_fluoroquinolone_antibiotic;_aminoglycoside_antibiotic;_cephalosporin;_penam;_tetracycline_antibiotic;_aminocoumarin_antibiotic;_diaminopyrimidine_antibiotic;_phenicol_antibiotic	134	1065	1065	1.0	Pseudomonas aeruginosa (chromosome or plasmid)
barcode13_9Gb	contig_111	920103	923235	MexD_macrolide_antibiotic;_fluoroquinolone_antibiotic;_aminoglycoside_antibiotic;_cephalosporin;_penam;_tetracycline_antibiotic;_aminocoumarin_antibiotic;_diaminopyrimidine_antibiotic;_phenicol_antibiotic	128	3132	3132	1.0	Pseudomonas aeruginosa (chromosome or plasmid)
barcode13_9Gb	contig_111	923240	924680	OprJ_macrolide_antibiotic;_fluoroquinolone_antibiotic;_aminoglycoside_antibiotic;_cephalosporin;_penam;_tetracycline_antibiotic;_aminocoumarin_antibiotic;_diaminopyrimidine_antibiotic;_phenicol_antibiotic	124	1440	1440	1.0	Pseudomonas aeruginosa (chromosome or plasmid)
barcode13_9Gb	contig_111	1271274	1274331	MexW_macrolide_antibiotic;_fluoroquinolone_antibiotic;_tetracycline_antibiotic;_phenicol_antibiotic;_disinfecting_agents_and_antiseptics	98	3057	3057	1.0	Pseudomonas aeruginosa (chromosome or plasmid)
barcode13_9Gb	contig_111	1274381	1275512	MexV_macrolide_antibiotic;_fluoroquinolone_antibiotic;_tetracycline_antibiotic;_phenicol_antibiotic;_disinfecting_agents_and_antiseptics	101	1131	1131	1.0	Pseudomonas aeruginosa (chromosome or plasmid)
barcode13_9Gb	contig_111	1442550	1443189	Pseudomonas aeruginosa catB7_phenicol_antibiotic	96	639	639	1.0	Pseudomonas aeruginosa (chromosome or plasmid)
barcode13_9Gb	contig_111	1486342	1487164	vanW gene in vanG cluster_glycopeptide_antibiotic	96	822	822	1.0	Pseudomonas aeruginosa (chromosome or plasmid)
barcode13_9Gb	contig_111	1660387	1660573	rsmA_fluoroquinolone_antibiotic;_diaminopyrimidine_antibiotic;_phenicol_antibiotic	117	186	186	1.0	Pseudomonas (chromosome or plasmid)
barcode13_9Gb	contig_111	1681391	1682381	vanH gene in vanB cluster_glycopeptide_antibiotic	113	990	990	1.0	Pseudomonas aeruginosa (no genomic info)
barcode13_9Gb	contig_111	1891054	1891462	FosA_phosphonic_acid_antibiotic	109	408	408	1.0	Pseudomonas aeruginosa (chromosome or plasmid)
barcode13_9Gb	contig_111	2152973	2154407	PmpM_fluoroquinolone_antibiotic;_aminoglycoside_antibiotic;_disinfecting_agents_and_antiseptics	116	1434	1434	1.0	Pseudomonas aeruginosa (chromosome)
barcode13_9Gb	contig_111	2222080	2223238	mexM_phenicol_antibiotic	135	1158	1158	1.0	Pseudomonas aeruginosa (chromosome)
barcode13_9Gb	contig_111	2223234	2226345	mexN_phenicol_antibiotic	131	3111	3111	1.0	Pseudomonas aeruginosa (chromosome)
barcode13_9Gb	contig_111	2609844	2611131	ParS_macrolide_antibiotic;_fluoroquinolone_antibiotic;_monobactam;_aminoglycoside_antibiotic;_carbapenem;_cephalosporin;_cephamycin;_penam;_tetracycline_antibiotic;_phenicol_antibiotic;_penem;_disinfecting_agents_and_antiseptics	110	1287	1287	1.0	Pseudomonas aeruginosa (chromosome or plasmid)
barcode13_9Gb	contig_111	2611131	2611839	ParR_macrolide_antibiotic;_fluoroquinolone_antibiotic;_monobactam;_aminoglycoside_antibiotic;_carbapenem;_cephalosporin;_cephamycin;_penam;_tetracycline_antibiotic;_phenicol_antibiotic;_penem;_disinfecting_agents_and_antiseptics	104	708	708	1.0	Pseudomonas aeruginosa (chromosome or plasmid)
barcode13_9Gb	contig_111	2919176	2922314	mexY_macrolide_antibiotic;_fluoroquinolone_antibiotic;_aminoglycoside_antibiotic;_carbapenem;_cephalosporin;_cephamycin;_penam;_tetracycline_antibiotic;_phenicol_antibiotic;_disinfecting_agents_and_antiseptics	112	3138	3138	1.0	Pseudomonas aeruginosa (chromosome)
barcode13_9Gb	contig_111	2923684	2924317	MexZ_macrolide_antibiotic;_fluoroquinolone_antibiotic;_aminoglycoside_antibiotic;_carbapenem;_cephalosporin;_cephamycin;_penam;_tetracycline_antibiotic;_phenicol_antibiotic;_disinfecting_agents_and_antiseptics	130	633	633	1.0	Pseudomonas aeruginosa (chromosome)
barcode13_9Gb	contig_111	3235150	3235621	Pseudomonas aeruginosa soxR_fluoroquinolone_antibiotic;_cephalosporin;_glycylcycline;_penam;_tetracycline_antibiotic;_rifamycin_antibiotic;_phenicol_antibiotic;_disinfecting_agents_and_antiseptics	116	471	471	1.0	Pseudomonas aeruginosa (chromosome or plasmid)
barcode13_9Gb	contig_111	3595664	3596684	MexS_fluoroquinolone_antibiotic;_diaminopyrimidine_antibiotic;_phenicol_antibiotic	117	1020	1020	1.0	Pseudomonas aeruginosa (chromosome or plasmid)
barcode13_9Gb	contig_111	3596904	3597819	MexT_fluoroquinolone_antibiotic;_diaminopyrimidine_antibiotic;_phenicol_antibiotic	117	915	915	1.0	Pseudomonas aeruginosa (chromosome or plasmid)
barcode13_9Gb	contig_111	3598049	3599294	MexE_fluoroquinolone_antibiotic;_diaminopyrimidine_antibiotic;_phenicol_antibiotic	111	1245	1245	1.0	Pseudomonas aeruginosa (chromosome or plasmid)
barcode13_9Gb	contig_111	3599315	3602504	MexF_fluoroquinolone_antibiotic;_diaminopyrimidine_antibiotic;_phenicol_antibiotic	112	3189	3189	1.0	Pseudomonas aeruginosa (chromosome or plasmid)
barcode13_9Gb	contig_111	3602500	3603919	OprN_fluoroquinolone_antibiotic;_diaminopyrimidine_antibiotic;_phenicol_antibiotic	114	1419	1419	1.0	Pseudomonas aeruginosa (chromosome or plasmid)
barcode13_9Gb	contig_111	3635588	3637088	OpmB_macrolide_antibiotic;_monobactam;_tetracycline_antibiotic;_aminocoumarin_antibiotic	103	1500	1500	1.0	Pseudomonas aeruginosa (chromosome or plasmid)
barcode13_9Gb	contig_111	3637084	3640195	MuxC_macrolide_antibiotic;_monobactam;_tetracycline_antibiotic;_aminocoumarin_antibiotic	110	3111	3111	1.0	Pseudomonas aeruginosa (chromosome or plasmid)
barcode13_9Gb	contig_111	3640191	3643323	MuxB_macrolide_antibiotic;_monobactam;_tetracycline_antibiotic;_aminocoumarin_antibiotic	108	3132	3132	1.0	Pseudomonas aeruginosa (chromosome or plasmid)
barcode13_9Gb	contig_111	3643319	3644600	MuxA_macrolide_antibiotic;_monobactam;_tetracycline_antibiotic;_aminocoumarin_antibiotic	104	1281	1281	1.0	Pseudomonas aeruginosa (chromosome or plasmid)
barcode13_9Gb	contig_111	4450485	4451157	cprR_peptide_antibiotic	113	672	672	1.0	Pseudomonas aeruginosa (chromosome or plasmid)
barcode13_9Gb	contig_111	4451153	4452449	cprS_peptide_antibiotic	119	1296	1296	1.0	Pseudomonas aeruginosa (chromosome or plasmid)
barcode13_9Gb	contig_111	4589309	4589987	Pseudomonas aeruginosa CpxR_macrolide_antibiotic;_fluoroquinolone_antibiotic;_monobactam;_aminoglycoside_antibiotic;_carbapenem;_cephalosporin;_cephamycin;_penam;_tetracycline_antibiotic;_peptide_antibiotic;_aminocoumarin_antibiotic;_diaminopyrimidine_antibiotic;_sulfonamide_antibiotic;_phenicol_antibiotic;_penem	135	678	678	1.0	Pseudomonas aeruginosa (chromosome or plasmid)
barcode13_9Gb	contig_111	4906648	4908169	opmE_macrolide_antibiotic;_carbapenem;_tetracycline_antibiotic;_diaminopyrimidine_antibiotic;_phenicol_antibiotic;_disinfecting_agents_and_antiseptics	134	1521	1521	1.0	Pseudomonas aeruginosa (chromosome or plasmid)
barcode13_9Gb	contig_111	4908165	4911327	mexQ_macrolide_antibiotic;_carbapenem;_tetracycline_antibiotic;_diaminopyrimidine_antibiotic;_phenicol_antibiotic;_disinfecting_agents_and_antiseptics	125	3162	3162	1.0	Pseudomonas aeruginosa (chromosome or plasmid)
barcode13_9Gb	contig_111	4911323	4912481	mexP_macrolide_antibiotic;_carbapenem;_tetracycline_antibiotic;_diaminopyrimidine_antibiotic;_phenicol_antibiotic;_disinfecting_agents_and_antiseptics	136	1158	1158	1.0	Pseudomonas aeruginosa (chromosome or plasmid)
barcode13_9Gb	contig_111	4950686	4952675	arnA_peptide_antibiotic	112	1989	1989	1.0	Pseudomonas aeruginosa (chromosome or plasmid)
barcode13_9Gb	contig_111	4953555	4955205	ArnT_peptide_antibiotic	122	1650	1650	1.0	Pseudomonas aeruginosa (chromosome or plasmid)
barcode13_9Gb	contig_111	4975176	4975815	nalD_macrolide_antibiotic;_fluoroquinolone_antibiotic;_monobactam;_carbapenem;_cephalosporin;_cephamycin;_penam;_tetracycline_antibiotic;_peptide_antibiotic;_aminocoumarin_antibiotic;_diaminopyrimidine_antibiotic;_sulfonamide_antibiotic;_phenicol_antibiotic;_penem	122	639	639	1.0	Pseudomonas aeruginosa (chromosome or plasmid)
barcode13_9Gb	contig_111	5095855	5099032	adeF_fluoroquinolone_antibiotic;_tetracycline_antibiotic	139	3177	3177	1.0	Unknown taxonomy (chromosome)
barcode13_9Gb	contig_111	5137734	5140812	MexK_macrolide_antibiotic;_tetracycline_antibiotic;_disinfecting_agents_and_antiseptics	105	3078	3078	1.0	Pseudomonas aeruginosa (chromosome or plasmid)
barcode13_9Gb	contig_111	5140816	5141920	MexJ_macrolide_antibiotic;_tetracycline_antibiotic;_disinfecting_agents_and_antiseptics	115	1104	1104	1.0	Pseudomonas aeruginosa (chromosome or plasmid)
barcode13_9Gb	contig_111	5142015	5142654	MexL_macrolide_antibiotic;_tetracycline_antibiotic;_disinfecting_agents_and_antiseptics	118	639	639	1.0	Pseudomonas aeruginosa (chromosome or plasmid)
barcode13_9Gb	contig_111	5187265	5187427	ArmR_macrolide_antibiotic;_fluoroquinolone_antibiotic;_monobactam;_carbapenem;_cephalosporin;_cephamycin;_penam;_tetracycline_antibiotic;_peptide_antibiotic;_aminocoumarin_antibiotic;_diaminopyrimidine_antibiotic;_sulfonamide_antibiotic;_phenicol_antibiotic;_penem	115	162	162	1.0	Pseudomonas aeruginosa (chromosome)
barcode13_9Gb	contig_111	5188063	5188705	nalC_macrolide_antibiotic;_fluoroquinolone_antibiotic;_monobactam;_carbapenem;_cephalosporin;_cephamycin;_penam;_tetracycline_antibiotic;_peptide_antibiotic;_aminocoumarin_antibiotic;_diaminopyrimidine_antibiotic;_sulfonamide_antibiotic;_phenicol_antibiotic;_penem	116	642	642	1.0	Pseudomonas aeruginosa (chromosome or plasmid)
barcode13_9Gb	contig_111	5300553	5300892	YajC_fluoroquinolone_antibiotic;_cephalosporin;_glycylcycline;_penam;_tetracycline_antibiotic;_oxazolidinone_antibiotic;_glycopeptide_antibiotic;_rifamycin_antibiotic;_phenicol_antibiotic;_disinfecting_agents_and_antiseptics	123	339	339	1.0	Pseudomonas aeruginosa (chromosome)
barcode13_9Gb	contig_111	5621551	5622745	PDC-3_monobactam;_carbapenem;_cephalosporin;_cephamycin;_penam	130	1194	1194	1.0	Pseudomonas aeruginosa (chromosome or plasmid)
barcode13_9Gb	contig_111	5635100	5635907	APH(3')-IIb_aminoglycoside_antibiotic	130	807	807	1.0	Pseudomonas aeruginosa (chromosome or plasmid)
barcode13_9Gb	contig_111	5652610	5653819	bcr-1_bicyclomycin-like_antibiotic	117	1209	1209	1.0	Pseudomonas aeruginosa (chromosome or plasmid)
barcode13_9Gb	contig_111	5773483	5773930	MexG_fluoroquinolone_antibiotic;_tetracycline_antibiotic;_disinfecting_agents_and_antiseptics	126	447	447	1.0	Pseudomonas (chromosome)
barcode13_9Gb	contig_111	5773937	5775050	MexH_fluoroquinolone_antibiotic;_tetracycline_antibiotic;_disinfecting_agents_and_antiseptics	125	1113	1113	1.0	Pseudomonas aeruginosa (chromosome)
barcode13_9Gb	contig_111	5775062	5778152	MexI_fluoroquinolone_antibiotic;_tetracycline_antibiotic;_disinfecting_agents_and_antiseptics	112	3090	3090	1.0	Pseudomonas aeruginosa (chromosome)
barcode13_9Gb	contig_111	5778148	5779612	OpmD_fluoroquinolone_antibiotic;_tetracycline_antibiotic;_disinfecting_agents_and_antiseptics	115	1464	1464	1.0	Pseudomonas aeruginosa (chromosome)
barcode13_9Gb	contig_111	6101118	6102576	OprM_macrolide_antibiotic;_fluoroquinolone_antibiotic;_monobactam;_aminoglycoside_antibiotic;_carbapenem;_cephalosporin;_cephamycin;_penam;_tetracycline_antibiotic;_peptide_antibiotic;_aminocoumarin_antibiotic;_diaminopyrimidine_antibiotic;_sulfonamide_antibiotic;_phenicol_antibiotic;_penem;_disinfecting_agents_and_antiseptics	132	1458	1458	1.0	Pseudomonas (chromosome or plasmid)
barcode13_9Gb	contig_111	6102577	6105718	MexB_macrolide_antibiotic;_fluoroquinolone_antibiotic;_monobactam;_carbapenem;_cephalosporin;_cephamycin;_penam;_tetracycline_antibiotic;_peptide_antibiotic;_aminocoumarin_antibiotic;_diaminopyrimidine_antibiotic;_sulfonamide_antibiotic;_phenicol_antibiotic;_penem	131	3141	3141	1.0	Pseudomonas aeruginosa (chromosome or plasmid)
barcode13_9Gb	contig_111	6105733	6106885	MexA_macrolide_antibiotic;_fluoroquinolone_antibiotic;_monobactam;_carbapenem;_cephalosporin;_cephamycin;_penam;_tetracycline_antibiotic;_peptide_antibiotic;_aminocoumarin_antibiotic;_diaminopyrimidine_antibiotic;_sulfonamide_antibiotic;_phenicol_antibiotic;_penem	122	1152	1152	1.0	Pseudomonas (chromosome or plasmid)
barcode13_9Gb	contig_111	6107159	6107603	MexR_macrolide_antibiotic;_fluoroquinolone_antibiotic;_monobactam;_carbapenem;_cephalosporin;_cephamycin;_penam;_tetracycline_antibiotic;_peptide_antibiotic;_aminocoumarin_antibiotic;_diaminopyrimidine_antibiotic;_sulfonamide_antibiotic;_phenicol_antibiotic;_penem	121	444	444	1.0	Pseudomonas (chromosome or plasmid)
barcode13_9Gb	contig_111	6390653	6393701	TriC_disinfecting_agents_and_antiseptics	106	3048	3048	1.0	Pseudomonas aeruginosa (chromosome)
barcode13_9Gb	contig_111	6393697	6394768	TriB_disinfecting_agents_and_antiseptics	100	1071	1071	1.0	Pseudomonas aeruginosa (chromosome)
barcode13_9Gb	contig_111	6394764	6395917	TriA_disinfecting_agents_and_antiseptics	99	1153	1153	1.0	Pseudomonas aeruginosa (chromosome)
barcode13_9Gb	contig_111	6629248	6630037	OXA-486_penam	114	789	789	1.0	Pseudomonas aeruginosa (chromosome)
barcode13_9Gb	contig_28	86837	87251	H-NS_macrolide_antibiotic;_fluoroquinolone_antibiotic;_cephalosporin;_cephamycin;_penam;_tetracycline_antibiotic	223	414	414	1.0	Unknown taxonomy (chromosome or plasmid)
barcode13_9Gb	contig_28	429619	430054	Escherichia coli AcrAB-TolC with MarR mutations conferring resistance to ciprofloxacin and tetracycline_fluoroquinolone_antibiotic;_cephalosporin;_glycylcycline;_penam;_tetracycline_antibiotic;_rifamycin_antibiotic;_phenicol_antibiotic;_disinfecting_agents_and_antiseptics	216	435	435	1.0	Unknown taxonomy (chromosome or plasmid)
barcode13_9Gb	contig_28	430073	430457	marA_fluoroquinolone_antibiotic;_monobactam;_carbapenem;_cephalosporin;_glycylcycline;_cephamycin;_penam;_tetracycline_antibiotic;_rifamycin_antibiotic;_phenicol_antibiotic;_penem;_disinfecting_agents_and_antiseptics	223	384	384	1.0	Unknown taxonomy (chromosome or plasmid)
barcode13_9Gb	contig_28	490695	491025	Klebsiella pneumoniae KpnF_macrolide_antibiotic;_aminoglycoside_antibiotic;_cephalosporin;_tetracycline_antibiotic;_peptide_antibiotic;_rifamycin_antibiotic;_disinfecting_agents_and_antiseptics	200	330	330	1.0	Unknown taxonomy (chromosome or plasmid)
barcode13_9Gb	contig_28	491011	491377	Klebsiella pneumoniae KpnE_macrolide_antibiotic;_aminoglycoside_antibiotic;_cephalosporin;_tetracycline_antibiotic;_peptide_antibiotic;_rifamycin_antibiotic;_disinfecting_agents_and_antiseptics	198	366	366	1.0	Unknown taxonomy (chromosome or plasmid)
barcode13_9Gb	contig_28	941329	942496	ugd_peptide_antibiotic	218	1167	1167	1.0	Escherichia coli (chromosome or plasmid)
barcode13_9Gb	contig_28	993749	995117	mdtA_aminocoumarin_antibiotic	238	1368	1368	1.0	Unknown taxonomy (chromosome or plasmid)
barcode13_9Gb	contig_28	995116	998239	mdtB_aminocoumarin_antibiotic	231	3123	3123	1.0	Unknown taxonomy (chromosome or plasmid)
barcode13_9Gb	contig_28	998239	1001317	mdtC_aminocoumarin_antibiotic	228	3078	3078	1.0	Unknown taxonomy (chromosome or plasmid)
barcode13_9Gb	contig_28	1004129	1004852	baeR_aminoglycoside_antibiotic;_aminocoumarin_antibiotic	228	723	723	1.0	Unknown taxonomy (chromosome or plasmid)
barcode13_9Gb	contig_28	1144493	1146137	YojI_peptide_antibiotic	253	1644	1644	1.0	Unknown taxonomy (chromosome or plasmid)
barcode13_9Gb	contig_28	1204591	1205560	PmrF_peptide_antibiotic	228	969	969	1.0	Unknown taxonomy (chromosome or plasmid)
barcode13_9Gb	contig_28	1208428	1210081	ArnT_peptide_antibiotic	251	1653	1653	1.0	Unknown taxonomy (chromosome or plasmid)
barcode13_9Gb	contig_28	1307955	1309494	emrY_tetracycline_antibiotic	240	1539	1539	1.0	Unknown taxonomy (chromosome or plasmid)
barcode13_9Gb	contig_28	1309493	1310549	emrK_tetracycline_antibiotic	237	1056	1056	1.0	Unknown taxonomy (chromosome or plasmid)
barcode13_9Gb	contig_28	1311072	1311687	evgA_macrolide_antibiotic;_fluoroquinolone_antibiotic;_penam;_tetracycline_antibiotic	228	615	615	1.0	Unknown taxonomy (chromosome or plasmid)
barcode13_9Gb	contig_28	1311691	1315285	evgS_macrolide_antibiotic;_fluoroquinolone_antibiotic;_penam;_tetracycline_antibiotic	214	3594	3594	1.0	Unknown taxonomy (chromosome or plasmid)
barcode13_9Gb	contig_28	1406773	1409887	acrD_aminoglycoside_antibiotic	261	3114	3114	1.0	Escherichia coli (chromosome or plasmid)
barcode13_9Gb	contig_28	1634746	1634932	rsmA_fluoroquinolone_antibiotic;_diaminopyrimidine_antibiotic;_phenicol_antibiotic	255	186	186	1.0	Unknown taxonomy (chromosome or plasmid)
barcode13_9Gb	contig_28	2008169	2009658	TolC_macrolide_antibiotic;_fluoroquinolone_antibiotic;_aminoglycoside_antibiotic;_carbapenem;_cephalosporin;_glycylcycline;_cephamycin;_penam;_tetracycline_antibiotic;_peptide_antibiotic;_aminocoumarin_antibiotic;_rifamycin_antibiotic;_phenicol_antibiotic;_penem;_disinfecting_agents_and_antiseptics	248	1489	1489	1.0	Unknown taxonomy (chromosome or plasmid)
barcode13_9Gb	contig_28	2032034	2032856	bacA_peptide_antibiotic	233	822	822	1.0	Unknown taxonomy (chromosome or plasmid)
barcode13_9Gb	contig_28	2242620	2243283	AcrS_fluoroquinolone_antibiotic;_cephalosporin;_glycylcycline;_cephamycin;_penam;_tetracycline_antibiotic;_rifamycin_antibiotic;_phenicol_antibiotic;_disinfecting_agents_and_antiseptics	212	663	663	1.0	Unknown taxonomy (chromosome or plasmid)
barcode13_9Gb	contig_28	2243681	2244839	AcrE_fluoroquinolone_antibiotic;_cephalosporin;_cephamycin;_penam	207	1158	1158	1.0	Unknown taxonomy (chromosome or plasmid)
barcode13_9Gb	contig_28	2244850	2247955	AcrF_fluoroquinolone_antibiotic;_cephalosporin;_cephamycin;_penam	211	3105	3105	1.0	Unknown taxonomy (chromosome or plasmid)
barcode13_9Gb	contig_28	2299963	2301148	Escherichia coli EF-Tu mutants conferring resistance to Pulvomycin_elfamycin_antibiotic	255	1185	1185	1.0	Unknown taxonomy (chromosome or plasmid)
barcode13_9Gb	contig_28	2315938	2316571	CRP_macrolide_antibiotic;_fluoroquinolone_antibiotic;_penam	237	633	633	1.0	Unknown taxonomy (chromosome or plasmid)
barcode13_9Gb	contig_28	2455448	2456606	mdtE_macrolide_antibiotic;_fluoroquinolone_antibiotic;_penam	247	1158	1158	1.0	Unknown taxonomy (chromosome)
barcode13_9Gb	contig_28	2456630	2459744	mdtF_macrolide_antibiotic;_fluoroquinolone_antibiotic;_penam	236	3114	3114	1.0	Unknown taxonomy (chromosome)
barcode13_9Gb	contig_28	2460106	2460835	gadW_macrolide_antibiotic;_fluoroquinolone_antibiotic;_penam	238	729	729	1.0	Escherichia coli (chromosome)
barcode13_9Gb	contig_28	2461202	2462027	gadX_macrolide_antibiotic;_fluoroquinolone_antibiotic;_penam	225	825	825	1.0	Unknown taxonomy (chromosome)
barcode13_9Gb	contig_28	2959284	2960658	cpxA_aminoglycoside_antibiotic;_aminocoumarin_antibiotic	281	1374	1374	1.0	Unknown taxonomy (chromosome or plasmid)
barcode13_9Gb	contig_28	3031540	3032725	Escherichia coli EF-Tu mutants conferring resistance to Pulvomycin_elfamycin_antibiotic	232	1185	1185	1.0	Unknown taxonomy (chromosome or plasmid)
barcode13_9Gb	contig_28	3132753	3133077	Escherichia coli soxS with mutation conferring antibiotic resistance_fluoroquinolone_antibiotic;_monobactam;_carbapenem;_cephalosporin;_glycylcycline;_cephamycin;_penam;_tetracycline_antibiotic;_rifamycin_antibiotic;_phenicol_antibiotic;_penem;_disinfecting_agents_and_antiseptics	243	324	324	1.0	Unknown taxonomy (chromosome or plasmid)
barcode13_9Gb	contig_28	3133162	3133627	Escherichia coli soxR with mutation conferring antibiotic resistance_fluoroquinolone_antibiotic;_cephalosporin;_glycylcycline;_penam;_tetracycline_antibiotic;_rifamycin_antibiotic;_phenicol_antibiotic;_disinfecting_agents_and_antiseptics	238	465	465	1.0	Unknown taxonomy (chromosome or plasmid)
barcode13_9Gb	contig_28	3155144	3156611	mdtP_nucleoside_antibiotic;_disinfecting_agents_and_antiseptics	247	1467	1467	1.0	Unknown taxonomy (chromosome or plasmid)
barcode13_9Gb	contig_28	3156607	3158659	mdtO_nucleoside_antibiotic;_disinfecting_agents_and_antiseptics	235	2052	2052	1.0	Unknown taxonomy (chromosome or plasmid)
barcode13_9Gb	contig_28	3158658	3159690	mdtN_nucleoside_antibiotic;_disinfecting_agents_and_antiseptics	234	1032	1032	1.0	Unknown taxonomy (chromosome or plasmid)
barcode13_9Gb	contig_28	3189527	3191171	eptA_peptide_antibiotic	240	1644	1644	1.0	Unknown taxonomy (chromosome or plasmid)
barcode13_9Gb	contig_28	3223800	3224934	Escherichia coli ampC beta-lactamase_cephalosporin;_penam	231	1134	1134	1.0	Unknown taxonomy (chromosome or plasmid)
barcode13_9Gb	contig_28	3424634	3425867	mdtM_fluoroquinolone_antibiotic;_lincosamide_antibiotic;_nucleoside_antibiotic;_phenicol_antibiotic;_disinfecting_agents_and_antiseptics	244	1233	1233	1.0	Unknown taxonomy (chromosome or plasmid)
barcode13_9Gb	contig_28	3572181	3573126	leuO_nucleoside_antibiotic;_disinfecting_agents_and_antiseptics	223	945	945	1.0	Escherichia coli (chromosome or plasmid)
barcode13_9Gb	contig_28	3579226	3580993	Haemophilus influenzae PBP3 conferring resistance to beta-lactam antibiotics_cephalosporin;_cephamycin;_penam	224	1767	1767	1.0	Unknown taxonomy (chromosome or plasmid)
barcode13_9Gb	contig_28	3859619	3860714	vanG_glycopeptide_antibiotic	216	1095	1095	1.0	Unknown taxonomy (chromosome or plasmid)
barcode13_9Gb	contig_28	3942394	3945544	acrB_fluoroquinolone_antibiotic;_cephalosporin;_glycylcycline;_penam;_tetracycline_antibiotic;_rifamycin_antibiotic;_phenicol_antibiotic;_disinfecting_agents_and_antiseptics	253	3150	3150	1.0	Escherichia coli (chromosome or plasmid)
barcode13_9Gb	contig_28	3945566	3946760	Escherichia coli acrA_fluoroquinolone_antibiotic;_cephalosporin;_glycylcycline;_penam;_tetracycline_antibiotic;_rifamycin_antibiotic;_phenicol_antibiotic;_disinfecting_agents_and_antiseptics	262	1194	1194	1.0	Unknown taxonomy (chromosome or plasmid)
barcode13_9Gb	contig_28	3946901	3947549	Escherichia coli AcrAB-TolC with AcrR mutation conferring resistance to ciprofloxacin, tetracycline, and ceftazidime_fluoroquinolone_antibiotic;_cephalosporin;_glycylcycline;_penam;_tetracycline_antibiotic;_rifamycin_antibiotic;_phenicol_antibiotic;_disinfecting_agents_and_antiseptics	263	648	648	1.0	Escherichia coli (chromosome or plasmid)
barcode13_9Gb	contig_28	4159583	4160261	kdpE_aminoglycoside_antibiotic	230	678	678	1.0	Unknown taxonomy (chromosome or plasmid)
barcode13_9Gb	contig_28	4323075	4324308	Escherichia coli mdfA_tetracycline_antibiotic;_disinfecting_agents_and_antiseptics	496	1233	1233	1.0	Unknown taxonomy (chromosome or plasmid)
barcode13_9Gb	contig_28	4334128	4335361	Escherichia coli mdfA_tetracycline_antibiotic;_disinfecting_agents_and_antiseptics	669	1233	1233	1.0	Unknown taxonomy (chromosome or plasmid)
barcode13_9Gb	contig_28	4427086	4428835	msbA_nitroimidazole_antibiotic	222	1749	1749	1.0	Escherichia coli (chromosome)
barcode13_9Gb	contig_28	4661499	4662726	mdtG_phosphonic_acid_antibiotic	227	1227	1227	1.0	Unknown taxonomy (chromosome or plasmid)
barcode13_9Gb	contig_28	4671354	4672563	mdtH_fluoroquinolone_antibiotic	247	1209	1209	1.0	Unknown taxonomy (chromosome or plasmid)
barcode13_9Gb	contig_31	194558	195002	mgrA_fluoroquinolone_antibiotic;_cephalosporin;_penam;_tetracycline_antibiotic;_peptide_antibiotic;_disinfecting_agents_and_antiseptics	290	444	444	1.0	Unknown taxonomy (chromosome)
barcode13_9Gb	contig_31	202652	203819	Staphylococcus aureus norA_fluoroquinolone_antibiotic	270	1167	1167	1.0	Staphylococcus aureus (chromosome)
barcode13_9Gb	contig_31	878751	880107	arlS_fluoroquinolone_antibiotic;_disinfecting_agents_and_antiseptics	296	1356	1356	1.0	Staphylococcus aureus (chromosome)
barcode13_9Gb	contig_31	880103	880763	arlR_fluoroquinolone_antibiotic;_disinfecting_agents_and_antiseptics	304	660	660	1.0	Staphylococcus aureus (chromosome)
barcode13_9Gb	contig_31	926831	928352	norC_fluoroquinolone_antibiotic;_disinfecting_agents_and_antiseptics	269	1521	1521	1.0	Staphylococcus aureus (chromosome)
barcode13_9Gb	contig_31	956736	957582	PC1 beta-lactamase (blaZ)_penam	258	846	846	1.0	Staphylococcus aureus (chromosome or plasmid)
barcode13_9Gb	contig_31	1513507	1514656	vanT gene in vanG cluster_glycopeptide_antibiotic	284	1149	1149	1.0	Staphylococcus aureus (chromosome or plasmid)
barcode13_9Gb	contig_31	1522328	1525058	kdpD_aminoglycoside_antibiotic	304	2730	2730	1.0	Staphylococcus aureus (chromosome or plasmid)
barcode13_9Gb	contig_31	1620936	1622382	Staphylococcus aureus LmrS_macrolide_antibiotic;_aminoglycoside_antibiotic;_oxazolidinone_antibiotic;_diaminopyrimidine_antibiotic;_phenicol_antibiotic	343	1446	1446	1.0	Staphylococcus aureus (chromosome)
barcode13_9Gb	contig_31	1622701	1623175	sepA_disinfecting_agents_and_antiseptics	331	474	474	1.0	Staphylococcus aureus (chromosome)
barcode13_9Gb	contig_31	1623273	1624617	sdrM_fluoroquinolone_antibiotic;_disinfecting_agents_and_antiseptics	334	1344	1344	1.0	Staphylococcus aureus (chromosome)
barcode13_9Gb	contig_31	1770549	1770969	Staphylococcus aureus FosB_phosphonic_acid_antibiotic	317	420	420	1.0	Staphylococcus aureus (chromosome)
barcode13_9Gb	contig_31	1890862	1892263	norC_fluoroquinolone_antibiotic;_disinfecting_agents_and_antiseptics	298	1401	1401	1.0	
barcode13_9Gb	contig_31	2275715	2277104	norC_fluoroquinolone_antibiotic;_disinfecting_agents_and_antiseptics	302	1389	1389	1.0	Staphylococcus aureus (chromosome or plasmid)
barcode13_9Gb	contig_31	2313853	2315212	tet(38)_tetracycline_antibiotic	302	1359	1359	1.0	Staphylococcus aureus (no genomic info)
barcode13_9Gb	contig_31	2543182	2543602	mepR_glycylcycline;_tetracycline_antibiotic	326	420	420	1.0	Staphylococcus aureus (chromosome or plasmid)
barcode13_9Gb	contig_31	2543708	2545064	mepA_glycylcycline;_tetracycline_antibiotic	318	1356	1356	1.0	Staphylococcus aureus (chromosome or plasmid)
barcode13_9Gb	contig_323	430023	431424	norB_fluoroquinolone_antibiotic	330	1401	1401	1.0	Listeria monocytogenes (chromosome or plasmid)
barcode13_9Gb	contig_323	1593621	1594728	vanT gene in vanG cluster_glycopeptide_antibiotic	266	1107	1107	1.0	Listeria monocytogenes (chromosome or plasmid)
barcode13_9Gb	contig_323	1625502	1627074	lin_lincosamide_antibiotic	246	1572	1572	1.0	Listeria monocytogenes (chromosome or plasmid)
barcode13_9Gb	contig_323	2409325	2411923	Listeria monocytogenes mprF_peptide_antibiotic	323	2598	2598	1.0	Listeria monocytogenes (chromosome or plasmid)
barcode13_9Gb	contig_323	2416131	2416533	FosX_phosphonic_acid_antibiotic	320	402	402	1.0	Listeria monocytogenes (chromosome or plasmid)
barcode13_9Gb	contig_323	2580377	2581202	vanY gene in vanM cluster_glycopeptide_antibiotic	308	825	825	1.0	Listeria monocytogenes (chromosome or plasmid)
barcode13_9Gb	contig_324	298261	299758	lsaA_lincosamide_antibiotic;_streptogramin_antibiotic;_streptogramin_A_antibiotic;_streptogramin_B_antibiotic;_pleuromutilin_antibiotic	350	1497	1497	1.0	Enterococcus faecalis (chromosome)
barcode13_9Gb	contig_324	374477	375188	vanY gene in vanB cluster_glycopeptide_antibiotic	353	711	711	1.0	Enterococcus faecalis (chromosome)
barcode13_9Gb	contig_324	845211	847368	IreK_cephalosporin	341	2157	2157	1.0	
barcode13_9Gb	contig_324	1094792	1096511	efrA_macrolide_antibiotic;_fluoroquinolone_antibiotic;_rifamycin_antibiotic	309	1719	1719	1.0	Enterococcus faecalis (chromosome)
barcode13_9Gb	contig_324	1513874	1514990	vanT gene in vanG cluster_glycopeptide_antibiotic	245	1116	1116	1.0	Enterococcus faecalis (chromosome)
barcode13_9Gb	contig_324	1770687	1771842	emeA_disinfecting_agents_and_antiseptics	220	1155	1155	1.0	
barcode13_9Gb	contig_324	2271690	2272185	dfrE_diaminopyrimidine_antibiotic	199	495	495	1.0	Enterococcus faecalis (chromosome)
barcode13_9Gb	contig_358	37546	39175	vmlR_lincosamide_antibiotic;_streptogramin_antibiotic;_streptogramin_A_antibiotic;_streptogramin_B_antibiotic;_nucleoside_antibiotic;_pleuromutilin_antibiotic	235	1629	1629	1.0	Bacillus subtilis (chromosome)
barcode13_9Gb	contig_358	112750	113920	vanT gene in vanG cluster_glycopeptide_antibiotic	242	1170	1170	1.0	Bacillus subtilis (chromosome)
barcode13_9Gb	contig_358	341738	343172	lmrB_lincosamide_antibiotic;_nucleoside_antibiotic	253	1434	1434	1.0	Bacillus subtilis (chromosome)
barcode13_9Gb	contig_358	355360	356281	mphK_macrolide_antibiotic	263	921	921	1.0	Bacillus subtilis (chromosome)
barcode13_9Gb	contig_358	2536497	2537319	vanY gene in vanG cluster_glycopeptide_antibiotic	197	822	822	1.0	Bacillus subtilis (chromosome)
barcode13_9Gb	contig_358	2618078	2618993	BcI_cephalosporin;_penem	188	915	915	1.0	Bacillus subtilis (chromosome)
barcode13_9Gb	contig_358	2626830	2627742	vanW gene in vanI cluster_glycopeptide_antibiotic	189	912	912	1.0	Bacillus subtilis (chromosome)
barcode13_9Gb	contig_358	2795599	2796022	FosBx1_phosphonic_acid_antibiotic	216	423	423	1.0	Bacillus subtilis (chromosome)
barcode13_9Gb	contig_358	2810913	2812098	vanT gene in vanG cluster_glycopeptide_antibiotic	162	1185	1185	1.0	Bacillus subtilis (chromosome)
barcode13_9Gb	contig_358	2842104	2842422	qacG_disinfecting_agents_and_antiseptics	197	318	318	1.0	Bacillus subtilis (chromosome)
barcode13_9Gb	contig_358	2842432	2842789	qacJ_disinfecting_agents_and_antiseptics	197	357	357	1.0	Bacillus subtilis (chromosome)
barcode13_9Gb	contig_358	3329189	3329507	ykkD_aminoglycoside_antibiotic;_tetracycline_antibiotic;_phenicol_antibiotic	212	318	318	1.0	Bacillus subtilis (chromosome)
barcode13_9Gb	contig_358	3329506	3329845	ykkC_aminoglycoside_antibiotic;_tetracycline_antibiotic;_phenicol_antibiotic	213	339	339	1.0	Bacillus subtilis (chromosome)
barcode13_9Gb	contig_358	3786006	3788577	Bacillus subtilis mprF_peptide_antibiotic	233	2571	2571	1.0	Bacillus subtilis (chromosome)
barcode13_9Gb	contig_43	514576	514939	Klebsiella pneumoniae KpnE_macrolide_antibiotic;_aminoglycoside_antibiotic;_cephalosporin;_tetracycline_antibiotic;_peptide_antibiotic;_rifamycin_antibiotic;_disinfecting_agents_and_antiseptics	179	363	363	1.0	Salmonella enterica (chromosome)
barcode13_9Gb	contig_43	514973	515255	Klebsiella pneumoniae KpnF_macrolide_antibiotic;_aminoglycoside_antibiotic;_cephalosporin;_tetracycline_antibiotic;_peptide_antibiotic;_rifamycin_antibiotic;_disinfecting_agents_and_antiseptics	180	282	282	1.0	Salmonella enterica (chromosome)
barcode13_9Gb	contig_43	551407	551791	marA_fluoroquinolone_antibiotic;_monobactam;_carbapenem;_cephalosporin;_glycylcycline;_cephamycin;_penam;_tetracycline_antibiotic;_rifamycin_antibiotic;_phenicol_antibiotic;_penem;_disinfecting_agents_and_antiseptics	203	384	384	1.0	Salmonella enterica (chromosome)
barcode13_9Gb	contig_43	551810	552245	Escherichia coli AcrAB-TolC with MarR mutations conferring resistance to ciprofloxacin and tetracycline_fluoroquinolone_antibiotic;_cephalosporin;_glycylcycline;_penam;_tetracycline_antibiotic;_rifamycin_antibiotic;_phenicol_antibiotic;_disinfecting_agents_and_antiseptics	204	435	435	1.0	Salmonella enterica (chromosome)
barcode13_9Gb	contig_43	649661	650099	AAC(6')-Iaa_aminoglycoside_antibiotic	195	438	438	1.0	Salmonella enterica (chromosome or plasmid)
barcode13_9Gb	contig_43	985535	986258	sdiA_fluoroquinolone_antibiotic;_cephalosporin;_glycylcycline;_penam;_tetracycline_antibiotic;_rifamycin_antibiotic;_phenicol_antibiotic;_disinfecting_agents_and_antiseptics	215	723	723	1.0	Salmonella enterica (chromosome or plasmid)
barcode13_9Gb	contig_43	1039528	1040953	MdtK_fluoroquinolone_antibiotic	191	1425	1425	1.0	Salmonella enterica (chromosome or plasmid)
barcode13_9Gb	contig_43	1102672	1103839	ugd_peptide_antibiotic	196	1167	1167	1.0	
barcode13_9Gb	contig_43	1151410	1154533	mdtB_aminocoumarin_antibiotic	239	3123	3123	1.0	
barcode13_9Gb	contig_43	1154533	1157614	mdtC_aminocoumarin_antibiotic	227	3081	3081	1.0	
barcode13_9Gb	contig_43	1160421	1161144	baeR_aminoglycoside_antibiotic;_aminocoumarin_antibiotic	219	723	723	1.0	Salmonella enterica (chromosome)
barcode13_9Gb	contig_43	1324742	1326101	Escherichia coli GlpT with mutation conferring resistance to fosfomycin_phosphonic_acid_antibiotic	195	1359	1359	1.0	Salmonella enterica (chromosome)
barcode13_9Gb	contig_43	1341250	1342234	PmrF_peptide_antibiotic	210	984	984	1.0	Salmonella enterica (chromosome)
barcode13_9Gb	contig_43	1345104	1346751	ArnT_peptide_antibiotic	222	1647	1647	1.0	Salmonella enterica (chromosome)
barcode13_9Gb	contig_43	1529510	1532624	acrD_aminoglycoside_antibiotic	235	3114	3114	1.0	Salmonella enterica (chromosome)
barcode13_9Gb	contig_43	1834845	1835376	emrR_fluoroquinolone_antibiotic	233	531	531	1.0	Salmonella enterica (chromosome or plasmid)
barcode13_9Gb	contig_43	1835502	1836675	emrA_fluoroquinolone_antibiotic	240	1173	1173	1.0	Salmonella enterica (chromosome or plasmid)
barcode13_9Gb	contig_43	1836691	1838230	emrB_fluoroquinolone_antibiotic	245	1539	1539	1.0	Salmonella enterica (chromosome or plasmid)
barcode13_9Gb	contig_43	1844402	1844588	rsmA_fluoroquinolone_antibiotic;_diaminopyrimidine_antibiotic;_phenicol_antibiotic	203	186	186	1.0	Unknown taxonomy (chromosome or plasmid)
barcode13_9Gb	contig_43	2211755	2212577	bacA_peptide_antibiotic	215	822	822	1.0	Salmonella enterica (chromosome or plasmid)
barcode13_9Gb	contig_43	2431841	2433026	Escherichia coli EF-Tu mutants conferring resistance to Pulvomycin_elfamycin_antibiotic	237	1185	1185	1.0	Salmonella enterica (chromosome or plasmid)
barcode13_9Gb	contig_43	2449179	2449812	CRP_macrolide_antibiotic;_fluoroquinolone_antibiotic;_penam	226	633	633	1.0	Salmonella enterica (chromosome)
barcode13_9Gb	contig_43	2811147	2812539	Escherichia coli UhpT with mutation conferring resistance to fosfomycin_phosphonic_acid_antibiotic	204	1392	1392	1.0	Salmonella enterica (chromosome)
barcode13_9Gb	contig_43	3086732	3088106	cpxA_aminoglycoside_antibiotic;_aminocoumarin_antibiotic	228	1374	1374	1.0	Salmonella enterica (no genomic info)
barcode13_9Gb	contig_43	3180104	3181289	Escherichia coli EF-Tu mutants conferring resistance to Pulvomycin_elfamycin_antibiotic	243	1185	1185	1.0	Salmonella enterica (chromosome or plasmid)
barcode13_9Gb	contig_43	3322731	3323055	Escherichia coli soxS with mutation conferring antibiotic resistance_fluoroquinolone_antibiotic;_monobactam;_carbapenem;_cephalosporin;_glycylcycline;_cephamycin;_penam;_tetracycline_antibiotic;_rifamycin_antibiotic;_phenicol_antibiotic;_penem;_disinfecting_agents_and_antiseptics	202	324	324	1.0	Salmonella enterica (chromosome)
barcode13_9Gb	contig_43	3323141	3323600	Escherichia coli soxR with mutation conferring antibiotic resistance_fluoroquinolone_antibiotic;_cephalosporin;_glycylcycline;_penam;_tetracycline_antibiotic;_rifamycin_antibiotic;_phenicol_antibiotic;_disinfecting_agents_and_antiseptics	208	459	459	1.0	Salmonella enterica (chromosome)
barcode13_9Gb	contig_43	3563830	3565072	mdtM_fluoroquinolone_antibiotic;_lincosamide_antibiotic;_nucleoside_antibiotic;_phenicol_antibiotic;_disinfecting_agents_and_antiseptics	213	1242	1242	1.0	
barcode13_9Gb	contig_43	3814181	3815948	Haemophilus influenzae PBP3 conferring resistance to beta-lactam antibiotics_cephalosporin;_cephamycin;_penam	210	1767	1767	1.0	Salmonella enterica (chromosome)
barcode13_9Gb	contig_43	4114543	4116001	mdsC_monobactam;_carbapenem;_cephalosporin;_cephamycin;_penam;_phenicol_antibiotic;_penem	214	1458	1458	1.0	Salmonella enterica (chromosome)
barcode13_9Gb	contig_43	4116017	4118432	adeF_fluoroquinolone_antibiotic;_tetracycline_antibiotic	231	2415	2415	1.0	Salmonella enterica (chromosome)
barcode13_9Gb	contig_43	4119181	4120408	mdsA_monobactam;_carbapenem;_cephalosporin;_cephamycin;_penam;_phenicol_antibiotic;_penem	222	1227	1227	1.0	Salmonella enterica (chromosome)
barcode13_9Gb	contig_43	4122984	4123449	golS_monobactam;_carbapenem;_cephalosporin;_cephamycin;_penam;_phenicol_antibiotic;_penem	244	465	465	1.0	Salmonella enterica (chromosome)
barcode13_9Gb	contig_43	4155617	4156730	vanG_glycopeptide_antibiotic	222	1113	1113	1.0	Salmonella enterica (chromosome)
barcode13_9Gb	contig_43	4251064	4254214	acrB_fluoroquinolone_antibiotic;_cephalosporin;_glycylcycline;_penam;_tetracycline_antibiotic;_rifamycin_antibiotic;_phenicol_antibiotic;_disinfecting_agents_and_antiseptics	211	3150	3150	1.0	Salmonella enterica (chromosome)
barcode13_9Gb	contig_43	4254236	4255430	Escherichia coli acrA_fluoroquinolone_antibiotic;_cephalosporin;_glycylcycline;_penam;_tetracycline_antibiotic;_rifamycin_antibiotic;_phenicol_antibiotic;_disinfecting_agents_and_antiseptics	229	1194	1194	1.0	Salmonella enterica (chromosome)
barcode13_9Gb	contig_43	4255571	4256225	Escherichia coli AcrAB-TolC with AcrR mutation conferring resistance to ciprofloxacin, tetracycline, and ceftazidime_fluoroquinolone_antibiotic;_cephalosporin;_glycylcycline;_penam;_tetracycline_antibiotic;_rifamycin_antibiotic;_phenicol_antibiotic;_disinfecting_agents_and_antiseptics	216	654	654	1.0	Unknown taxonomy (chromosome)
barcode13_9Gb	contig_43	4482490	4483168	kdpE_aminoglycoside_antibiotic	172	678	678	1.0	Salmonella enterica (chromosome)
barcode13_9Gb	contig_43	4639048	4640281	Escherichia coli mdfA_tetracycline_antibiotic;_disinfecting_agents_and_antiseptics	219	1233	1233	1.0	Salmonella enterica (chromosome)
barcode13_9Gb	contig_43	4728652	4730401	msbA_nitroimidazole_antibiotic	191	1749	1749	1.0	Salmonella enterica (chromosome)
barcode13_9Gb	contig_44	85016	86138	vanT gene in vanG cluster_glycopeptide_antibiotic	411	1122	1122	1.0	
