Muestra	Contig	Start	End	Feature	Conteo	Numero_bases_cubiertas	Longitud_del_gen	Fraccion_cubierta
barcode19_1405Gb	contig_15	134794	136150	mepA_glycylcycline;_tetracycline_antibiotic	450	1356	1356	1.0000000
barcode19_1405Gb	contig_15	136256	136676	mepR_glycylcycline;_tetracycline_antibiotic	465	420	420	1.0000000
barcode19_1405Gb	contig_15	364646	366005	tet(38)_tetracycline_antibiotic	466	1359	1359	1.0000000
barcode19_1405Gb	contig_15	402754	404143	norC_fluoroquinolone_antibiotic;_disinfecting_agents_and_antiseptics	492	1389	1389	1.0000000
barcode19_1405Gb	contig_15	787595	788996	norC_fluoroquinolone_antibiotic;_disinfecting_agents_and_antiseptics	482	1401	1401	1.0000000
barcode19_1405Gb	contig_15	908889	909309	Staphylococcus aureus FosB_phosphonic_acid_antibiotic	511	420	420	1.0000000
barcode19_1405Gb	contig_15	1055241	1056585	sdrM_fluoroquinolone_antibiotic;_disinfecting_agents_and_antiseptics	472	1344	1344	1.0000000
barcode19_1405Gb	contig_15	1056683	1057157	sepA_disinfecting_agents_and_antiseptics	499	474	474	1.0000000
barcode19_1405Gb	contig_15	1057476	1058922	Staphylococcus aureus LmrS_macrolide_antibiotic;_aminoglycoside_antibiotic;_oxazolidinone_antibiotic;_diaminopyrimidine_antibiotic;_phenicol_antibiotic	531	1446	1446	1.0000000
barcode19_1405Gb	contig_15	1154800	1157530	kdpD_aminoglycoside_antibiotic	437	2730	2730	1.0000000
barcode19_1405Gb	contig_15	1165202	1166351	vanT gene in vanG cluster_glycopeptide_antibiotic	501	1149	1149	1.0000000
barcode19_1405Gb	contig_15	1722276	1723122	PC1 beta-lactamase (blaZ)_penam	372	846	846	1.0000000
barcode19_1405Gb	contig_15	1751506	1753027	norC_fluoroquinolone_antibiotic;_disinfecting_agents_and_antiseptics	404	1521	1521	1.0000000
barcode19_1405Gb	contig_15	1799095	1799755	arlR_fluoroquinolone_antibiotic;_disinfecting_agents_and_antiseptics	388	660	660	1.0000000
barcode19_1405Gb	contig_15	1799751	1801107	arlS_fluoroquinolone_antibiotic;_disinfecting_agents_and_antiseptics	404	1356	1356	1.0000000
barcode19_1405Gb	contig_15	2476039	2477206	Staphylococcus aureus norA_fluoroquinolone_antibiotic	442	1167	1167	1.0000000
barcode19_1405Gb	contig_15	2484856	2485300	mgrA_fluoroquinolone_antibiotic;_cephalosporin;_penam;_tetracycline_antibiotic;_peptide_antibiotic;_disinfecting_agents_and_antiseptics	457	444	444	1.0000000
barcode19_1405Gb	contig_174	88642	90391	msbA_nitroimidazole_antibiotic	279	1749	1749	1.0000000
barcode19_1405Gb	contig_174	323056	324283	mdtG_phosphonic_acid_antibiotic	292	1227	1227	1.0000000
barcode19_1405Gb	contig_174	332911	334120	mdtH_fluoroquinolone_antibiotic	299	1209	1209	1.0000000
barcode19_1405Gb	contig_174	513839	514253	H-NS_macrolide_antibiotic;_fluoroquinolone_antibiotic;_cephalosporin;_cephamycin;_penam;_tetracycline_antibiotic	296	414	414	1.0000000
barcode19_1405Gb	contig_174	856622	857057	Escherichia coli AcrAB-TolC with MarR mutations conferring resistance to ciprofloxacin and tetracycline_fluoroquinolone_antibiotic;_cephalosporin;_glycylcycline;_penam;_tetracycline_antibiotic;_rifamycin_antibiotic;_phenicol_antibiotic;_disinfecting_agents_and_antiseptics	269	435	435	1.0000000
barcode19_1405Gb	contig_174	857076	857460	marA_fluoroquinolone_antibiotic;_monobactam;_carbapenem;_cephalosporin;_glycylcycline;_cephamycin;_penam;_tetracycline_antibiotic;_rifamycin_antibiotic;_phenicol_antibiotic;_penem;_disinfecting_agents_and_antiseptics	279	384	384	1.0000000
barcode19_1405Gb	contig_174	917698	918028	Klebsiella pneumoniae KpnF_macrolide_antibiotic;_aminoglycoside_antibiotic;_cephalosporin;_tetracycline_antibiotic;_peptide_antibiotic;_rifamycin_antibiotic;_disinfecting_agents_and_antiseptics	288	330	330	1.0000000
barcode19_1405Gb	contig_174	918014	918380	Klebsiella pneumoniae KpnE_macrolide_antibiotic;_aminoglycoside_antibiotic;_cephalosporin;_tetracycline_antibiotic;_peptide_antibiotic;_rifamycin_antibiotic;_disinfecting_agents_and_antiseptics	279	366	366	1.0000000
barcode19_1405Gb	contig_174	1368332	1369499	ugd_peptide_antibiotic	281	1167	1167	1.0000000
barcode19_1405Gb	contig_174	1420752	1422120	mdtA_aminocoumarin_antibiotic	314	1368	1368	1.0000000
barcode19_1405Gb	contig_174	1422119	1425242	mdtB_aminocoumarin_antibiotic	309	3123	3123	1.0000000
barcode19_1405Gb	contig_174	1425242	1428320	mdtC_aminocoumarin_antibiotic	307	3078	3078	1.0000000
barcode19_1405Gb	contig_174	1431132	1431855	baeR_aminoglycoside_antibiotic;_aminocoumarin_antibiotic	290	723	723	1.0000000
barcode19_1405Gb	contig_174	1571496	1573140	YojI_peptide_antibiotic	290	1644	1644	1.0000000
barcode19_1405Gb	contig_174	1631594	1632563	PmrF_peptide_antibiotic	288	969	969	1.0000000
barcode19_1405Gb	contig_174	1635431	1637084	ArnT_peptide_antibiotic	287	1653	1653	1.0000000
barcode19_1405Gb	contig_174	1734959	1736498	emrY_tetracycline_antibiotic	281	1539	1539	1.0000000
barcode19_1405Gb	contig_174	1736497	1737553	emrK_tetracycline_antibiotic	281	1056	1056	1.0000000
barcode19_1405Gb	contig_174	1738076	1738691	evgA_macrolide_antibiotic;_fluoroquinolone_antibiotic;_penam;_tetracycline_antibiotic	269	615	615	1.0000000
barcode19_1405Gb	contig_174	1738695	1742289	evgS_macrolide_antibiotic;_fluoroquinolone_antibiotic;_penam;_tetracycline_antibiotic	264	3594	3594	1.0000000
barcode19_1405Gb	contig_174	1833777	1836891	acrD_aminoglycoside_antibiotic	278	3114	3114	1.0000000
barcode19_1405Gb	contig_174	2061750	2061936	rsmA_fluoroquinolone_antibiotic;_diaminopyrimidine_antibiotic;_phenicol_antibiotic	257	186	186	1.0000000
barcode19_1405Gb	contig_174	2435173	2436662	TolC_macrolide_antibiotic;_fluoroquinolone_antibiotic;_aminoglycoside_antibiotic;_carbapenem;_cephalosporin;_glycylcycline;_cephamycin;_penam;_tetracycline_antibiotic;_peptide_antibiotic;_aminocoumarin_antibiotic;_rifamycin_antibiotic;_phenicol_antibiotic;_penem;_disinfecting_agents_and_antiseptics	308	1489	1489	1.0000000
barcode19_1405Gb	contig_174	2459038	2459860	bacA_peptide_antibiotic	286	822	822	1.0000000
barcode19_1405Gb	contig_174	2669625	2670288	AcrS_fluoroquinolone_antibiotic;_cephalosporin;_glycylcycline;_cephamycin;_penam;_tetracycline_antibiotic;_rifamycin_antibiotic;_phenicol_antibiotic;_disinfecting_agents_and_antiseptics	290	663	663	1.0000000
barcode19_1405Gb	contig_174	2670686	2671844	AcrE_fluoroquinolone_antibiotic;_cephalosporin;_cephamycin;_penam	297	1158	1158	1.0000000
barcode19_1405Gb	contig_174	2671855	2674960	AcrF_fluoroquinolone_antibiotic;_cephalosporin;_cephamycin;_penam	309	3105	3105	1.0000000
barcode19_1405Gb	contig_174	2726968	2728153	Escherichia coli EF-Tu mutants conferring resistance to Pulvomycin_elfamycin_antibiotic	289	1185	1185	1.0000000
barcode19_1405Gb	contig_174	2742943	2743576	CRP_macrolide_antibiotic;_fluoroquinolone_antibiotic;_penam	281	633	633	1.0000000
barcode19_1405Gb	contig_174	2882453	2883611	mdtE_macrolide_antibiotic;_fluoroquinolone_antibiotic;_penam	285	1158	1158	1.0000000
barcode19_1405Gb	contig_174	2883635	2886749	mdtF_macrolide_antibiotic;_fluoroquinolone_antibiotic;_penam	280	3114	3114	1.0000000
barcode19_1405Gb	contig_174	2887111	2887840	gadW_macrolide_antibiotic;_fluoroquinolone_antibiotic;_penam	291	729	729	1.0000000
barcode19_1405Gb	contig_174	2888207	2889032	gadX_macrolide_antibiotic;_fluoroquinolone_antibiotic;_penam	291	825	825	1.0000000
barcode19_1405Gb	contig_174	3386291	3387665	cpxA_aminoglycoside_antibiotic;_aminocoumarin_antibiotic	275	1374	1374	1.0000000
barcode19_1405Gb	contig_174	3458547	3459732	Escherichia coli EF-Tu mutants conferring resistance to Pulvomycin_elfamycin_antibiotic	392	1185	1185	1.0000000
barcode19_1405Gb	contig_174	3559761	3560085	Escherichia coli soxS with mutation conferring antibiotic resistance_fluoroquinolone_antibiotic;_monobactam;_carbapenem;_cephalosporin;_glycylcycline;_cephamycin;_penam;_tetracycline_antibiotic;_rifamycin_antibiotic;_phenicol_antibiotic;_penem;_disinfecting_agents_and_antiseptics	294	324	324	1.0000000
barcode19_1405Gb	contig_174	3560170	3560635	Escherichia coli soxR with mutation conferring antibiotic resistance_fluoroquinolone_antibiotic;_cephalosporin;_glycylcycline;_penam;_tetracycline_antibiotic;_rifamycin_antibiotic;_phenicol_antibiotic;_disinfecting_agents_and_antiseptics	289	465	465	1.0000000
barcode19_1405Gb	contig_174	3582153	3583620	mdtP_nucleoside_antibiotic;_disinfecting_agents_and_antiseptics	288	1467	1467	1.0000000
barcode19_1405Gb	contig_174	3583616	3585668	mdtO_nucleoside_antibiotic;_disinfecting_agents_and_antiseptics	299	2052	2052	1.0000000
barcode19_1405Gb	contig_174	3585667	3586699	mdtN_nucleoside_antibiotic;_disinfecting_agents_and_antiseptics	304	1032	1032	1.0000000
barcode19_1405Gb	contig_174	3616536	3618180	eptA_peptide_antibiotic	284	1644	1644	1.0000000
barcode19_1405Gb	contig_174	3650809	3651943	Escherichia coli ampC beta-lactamase_cephalosporin;_penam	322	1134	1134	1.0000000
barcode19_1405Gb	contig_174	3851643	3852876	mdtM_fluoroquinolone_antibiotic;_lincosamide_antibiotic;_nucleoside_antibiotic;_phenicol_antibiotic;_disinfecting_agents_and_antiseptics	270	1233	1233	1.0000000
barcode19_1405Gb	contig_174	3999191	4000136	leuO_nucleoside_antibiotic;_disinfecting_agents_and_antiseptics	281	945	945	1.0000000
barcode19_1405Gb	contig_174	4006236	4008003	Haemophilus influenzae PBP3 conferring resistance to beta-lactam antibiotics_cephalosporin;_cephamycin;_penam	309	1767	1767	1.0000000
barcode19_1405Gb	contig_174	4286629	4287724	vanG_glycopeptide_antibiotic	265	1095	1095	1.0000000
barcode19_1405Gb	contig_174	4369404	4372554	acrB_fluoroquinolone_antibiotic;_cephalosporin;_glycylcycline;_penam;_tetracycline_antibiotic;_rifamycin_antibiotic;_phenicol_antibiotic;_disinfecting_agents_and_antiseptics	259	3150	3150	1.0000000
barcode19_1405Gb	contig_174	4372576	4373770	Escherichia coli acrA_fluoroquinolone_antibiotic;_cephalosporin;_glycylcycline;_penam;_tetracycline_antibiotic;_rifamycin_antibiotic;_phenicol_antibiotic;_disinfecting_agents_and_antiseptics	287	1194	1194	1.0000000
barcode19_1405Gb	contig_174	4373911	4374559	Escherichia coli AcrAB-TolC with AcrR mutation conferring resistance to ciprofloxacin, tetracycline, and ceftazidime_fluoroquinolone_antibiotic;_cephalosporin;_glycylcycline;_penam;_tetracycline_antibiotic;_rifamycin_antibiotic;_phenicol_antibiotic;_disinfecting_agents_and_antiseptics	284	648	648	1.0000000
barcode19_1405Gb	contig_174	4586595	4587273	kdpE_aminoglycoside_antibiotic	266	678	678	1.0000000
barcode19_1405Gb	contig_174	4750087	4751320	Escherichia coli mdfA_tetracycline_antibiotic;_disinfecting_agents_and_antiseptics	674	1233	1233	1.0000000
barcode19_1405Gb	contig_174	4761140	4762373	Escherichia coli mdfA_tetracycline_antibiotic;_disinfecting_agents_and_antiseptics	965	1233	1233	1.0000000
barcode19_1405Gb	contig_174	4772193	4773426	Escherichia coli mdfA_tetracycline_antibiotic;_disinfecting_agents_and_antiseptics	700	1233	1233	1.0000000
barcode19_1405Gb	contig_175	640	1825	Escherichia coli EF-Tu mutants conferring resistance to Pulvomycin_elfamycin_antibiotic	379	1185	1185	1.0000000
barcode19_1405Gb	contig_175	143264	143588	Escherichia coli soxS with mutation conferring antibiotic resistance_fluoroquinolone_antibiotic;_monobactam;_carbapenem;_cephalosporin;_glycylcycline;_cephamycin;_penam;_tetracycline_antibiotic;_rifamycin_antibiotic;_phenicol_antibiotic;_penem;_disinfecting_agents_and_antiseptics	336	324	324	1.0000000
barcode19_1405Gb	contig_175	143674	144133	Escherichia coli soxR with mutation conferring antibiotic resistance_fluoroquinolone_antibiotic;_cephalosporin;_glycylcycline;_penam;_tetracycline_antibiotic;_rifamycin_antibiotic;_phenicol_antibiotic;_disinfecting_agents_and_antiseptics	347	459	459	1.0000000
barcode19_1405Gb	contig_175	384361	385603	mdtM_fluoroquinolone_antibiotic;_lincosamide_antibiotic;_nucleoside_antibiotic;_phenicol_antibiotic;_disinfecting_agents_and_antiseptics	353	1242	1242	1.0000000
barcode19_1405Gb	contig_175	634711	636478	Haemophilus influenzae PBP3 conferring resistance to beta-lactam antibiotics_cephalosporin;_cephamycin;_penam	371	1767	1767	1.0000000
barcode19_1405Gb	contig_175	935071	936529	mdsC_monobactam;_carbapenem;_cephalosporin;_cephamycin;_penam;_phenicol_antibiotic;_penem	346	1458	1458	1.0000000
barcode19_1405Gb	contig_175	936545	938960	adeF_fluoroquinolone_antibiotic;_tetracycline_antibiotic	336	2415	2415	1.0000000
barcode19_1405Gb	contig_175	939709	940936	mdsA_monobactam;_carbapenem;_cephalosporin;_cephamycin;_penam;_phenicol_antibiotic;_penem	367	1227	1227	1.0000000
barcode19_1405Gb	contig_175	943512	943977	golS_monobactam;_carbapenem;_cephalosporin;_cephamycin;_penam;_phenicol_antibiotic;_penem	351	465	465	1.0000000
barcode19_1405Gb	contig_175	976145	977258	vanG_glycopeptide_antibiotic	325	1113	1113	1.0000000
barcode19_1405Gb	contig_175	1071592	1074742	acrB_fluoroquinolone_antibiotic;_cephalosporin;_glycylcycline;_penam;_tetracycline_antibiotic;_rifamycin_antibiotic;_phenicol_antibiotic;_disinfecting_agents_and_antiseptics	293	3150	3150	1.0000000
barcode19_1405Gb	contig_175	1074764	1075958	Escherichia coli acrA_fluoroquinolone_antibiotic;_cephalosporin;_glycylcycline;_penam;_tetracycline_antibiotic;_rifamycin_antibiotic;_phenicol_antibiotic;_disinfecting_agents_and_antiseptics	341	1194	1194	1.0000000
barcode19_1405Gb	contig_175	1076099	1076753	Escherichia coli AcrAB-TolC with AcrR mutation conferring resistance to ciprofloxacin, tetracycline, and ceftazidime_fluoroquinolone_antibiotic;_cephalosporin;_glycylcycline;_penam;_tetracycline_antibiotic;_rifamycin_antibiotic;_phenicol_antibiotic;_disinfecting_agents_and_antiseptics	355	654	654	1.0000000
barcode19_1405Gb	contig_175	1303014	1303692	kdpE_aminoglycoside_antibiotic	325	678	678	1.0000000
barcode19_1405Gb	contig_175	1459570	1460803	Escherichia coli mdfA_tetracycline_antibiotic;_disinfecting_agents_and_antiseptics	328	1233	1233	1.0000000
barcode19_1405Gb	contig_175	1549173	1550922	msbA_nitroimidazole_antibiotic	319	1749	1749	1.0000000
barcode19_1405Gb	contig_175	2093116	2093479	Klebsiella pneumoniae KpnE_macrolide_antibiotic;_aminoglycoside_antibiotic;_cephalosporin;_tetracycline_antibiotic;_peptide_antibiotic;_rifamycin_antibiotic;_disinfecting_agents_and_antiseptics	285	363	363	1.0000000
barcode19_1405Gb	contig_175	2093513	2093795	Klebsiella pneumoniae KpnF_macrolide_antibiotic;_aminoglycoside_antibiotic;_cephalosporin;_tetracycline_antibiotic;_peptide_antibiotic;_rifamycin_antibiotic;_disinfecting_agents_and_antiseptics	283	282	282	1.0000000
barcode19_1405Gb	contig_175	2129947	2130331	marA_fluoroquinolone_antibiotic;_monobactam;_carbapenem;_cephalosporin;_glycylcycline;_cephamycin;_penam;_tetracycline_antibiotic;_rifamycin_antibiotic;_phenicol_antibiotic;_penem;_disinfecting_agents_and_antiseptics	303	384	384	1.0000000
barcode19_1405Gb	contig_175	2130350	2130785	Escherichia coli AcrAB-TolC with MarR mutations conferring resistance to ciprofloxacin and tetracycline_fluoroquinolone_antibiotic;_cephalosporin;_glycylcycline;_penam;_tetracycline_antibiotic;_rifamycin_antibiotic;_phenicol_antibiotic;_disinfecting_agents_and_antiseptics	307	435	435	1.0000000
barcode19_1405Gb	contig_175	2228200	2228638	AAC(6')-Iaa_aminoglycoside_antibiotic	328	438	438	1.0000000
barcode19_1405Gb	contig_175	2564074	2564797	sdiA_fluoroquinolone_antibiotic;_cephalosporin;_glycylcycline;_penam;_tetracycline_antibiotic;_rifamycin_antibiotic;_phenicol_antibiotic;_disinfecting_agents_and_antiseptics	343	723	723	1.0000000
barcode19_1405Gb	contig_175	2618067	2619492	MdtK_fluoroquinolone_antibiotic	319	1425	1425	1.0000000
barcode19_1405Gb	contig_175	2681212	2682379	ugd_peptide_antibiotic	285	1167	1167	1.0000000
barcode19_1405Gb	contig_175	2729950	2733073	mdtB_aminocoumarin_antibiotic	320	3123	3123	1.0000000
barcode19_1405Gb	contig_175	2733073	2736154	mdtC_aminocoumarin_antibiotic	331	3081	3081	1.0000000
barcode19_1405Gb	contig_175	2738961	2739684	baeR_aminoglycoside_antibiotic;_aminocoumarin_antibiotic	341	723	723	1.0000000
barcode19_1405Gb	contig_175	2903281	2904640	Escherichia coli GlpT with mutation conferring resistance to fosfomycin_phosphonic_acid_antibiotic	319	1359	1359	1.0000000
barcode19_1405Gb	contig_175	2919789	2920773	PmrF_peptide_antibiotic	352	984	984	1.0000000
barcode19_1405Gb	contig_175	2923643	2925290	ArnT_peptide_antibiotic	318	1647	1647	1.0000000
barcode19_1405Gb	contig_175	3108048	3111162	acrD_aminoglycoside_antibiotic	343	3114	3114	1.0000000
barcode19_1405Gb	contig_175	3413383	3413914	emrR_fluoroquinolone_antibiotic	367	531	531	1.0000000
barcode19_1405Gb	contig_175	3414040	3415213	emrA_fluoroquinolone_antibiotic	377	1173	1173	1.0000000
barcode19_1405Gb	contig_175	3415229	3416768	emrB_fluoroquinolone_antibiotic	368	1539	1539	1.0000000
barcode19_1405Gb	contig_175	3422940	3423126	rsmA_fluoroquinolone_antibiotic;_diaminopyrimidine_antibiotic;_phenicol_antibiotic	318	186	186	1.0000000
barcode19_1405Gb	contig_175	3790287	3791109	bacA_peptide_antibiotic	387	822	822	1.0000000
barcode19_1405Gb	contig_175	4010371	4011556	Escherichia coli EF-Tu mutants conferring resistance to Pulvomycin_elfamycin_antibiotic	364	1185	1185	1.0000000
barcode19_1405Gb	contig_175	4027709	4028342	CRP_macrolide_antibiotic;_fluoroquinolone_antibiotic;_penam	381	633	633	1.0000000
barcode19_1405Gb	contig_175	4389675	4391067	Escherichia coli UhpT with mutation conferring resistance to fosfomycin_phosphonic_acid_antibiotic	366	1392	1392	1.0000000
barcode19_1405Gb	contig_175	4665259	4666633	cpxA_aminoglycoside_antibiotic;_aminocoumarin_antibiotic	333	1374	1374	1.0000000
barcode19_1405Gb	contig_180	85157	86279	vanT gene in vanG cluster_glycopeptide_antibiotic	1571	1122	1122	1.0000000
barcode19_1405Gb	contig_252	577027	577522	dfrE_diaminopyrimidine_antibiotic	417	495	495	1.0000000
barcode19_1405Gb	contig_252	1077371	1078526	emeA_disinfecting_agents_and_antiseptics	347	1155	1155	1.0000000
barcode19_1405Gb	contig_252	1334223	1335339	vanT gene in vanG cluster_glycopeptide_antibiotic	416	1116	1116	1.0000000
barcode19_1405Gb	contig_252	1752702	1754421	efrA_macrolide_antibiotic;_fluoroquinolone_antibiotic;_rifamycin_antibiotic	546	1719	1719	1.0000000
barcode19_1405Gb	contig_252	2001845	2004002	IreK_cephalosporin	609	2157	2157	1.0000000
barcode19_1405Gb	contig_252	2474024	2474735	vanY gene in vanB cluster_glycopeptide_antibiotic	620	711	711	1.0000000
barcode19_1405Gb	contig_252	2549454	2550951	lsaA_lincosamide_antibiotic;_streptogramin_antibiotic;_streptogramin_A_antibiotic;_streptogramin_B_antibiotic;_pleuromutilin_antibiotic	611	1497	1497	1.0000000
barcode19_1405Gb	contig_253	419615	420440	vanY gene in vanM cluster_glycopeptide_antibiotic	447	825	825	1.0000000
barcode19_1405Gb	contig_253	584284	584686	FosX_phosphonic_acid_antibiotic	446	402	402	1.0000000
barcode19_1405Gb	contig_253	588894	591492	Listeria monocytogenes mprF_peptide_antibiotic	435	2598	2598	1.0000000
barcode19_1405Gb	contig_253	1373742	1375314	lin_lincosamide_antibiotic	344	1572	1572	1.0000000
barcode19_1405Gb	contig_253	1406088	1407195	vanT gene in vanG cluster_glycopeptide_antibiotic	376	1107	1107	1.0000000
barcode19_1405Gb	contig_253	2569393	2570794	norB_fluoroquinolone_antibiotic	469	1401	1401	1.0000000
barcode19_1405Gb	contig_255	167916	168705	OXA-486_penam	293	789	789	1.0000000
barcode19_1405Gb	contig_255	402037	403190	TriA_disinfecting_agents_and_antiseptics	273	1153	1153	1.0000000
barcode19_1405Gb	contig_255	403185	404256	TriB_disinfecting_agents_and_antiseptics	260	1071	1071	1.0000000
barcode19_1405Gb	contig_255	404252	407300	TriC_disinfecting_agents_and_antiseptics	208	3048	3048	1.0000000
barcode19_1405Gb	contig_255	690350	690794	MexR_macrolide_antibiotic;_fluoroquinolone_antibiotic;_monobactam;_carbapenem;_cephalosporin;_cephamycin;_penam;_tetracycline_antibiotic;_peptide_antibiotic;_aminocoumarin_antibiotic;_diaminopyrimidine_antibiotic;_sulfonamide_antibiotic;_phenicol_antibiotic;_penem	299	444	444	1.0000000
barcode19_1405Gb	contig_255	691068	692220	MexA_macrolide_antibiotic;_fluoroquinolone_antibiotic;_monobactam;_carbapenem;_cephalosporin;_cephamycin;_penam;_tetracycline_antibiotic;_peptide_antibiotic;_aminocoumarin_antibiotic;_diaminopyrimidine_antibiotic;_sulfonamide_antibiotic;_phenicol_antibiotic;_penem	276	1152	1152	1.0000000
barcode19_1405Gb	contig_255	692235	695376	MexB_macrolide_antibiotic;_fluoroquinolone_antibiotic;_monobactam;_carbapenem;_cephalosporin;_cephamycin;_penam;_tetracycline_antibiotic;_peptide_antibiotic;_aminocoumarin_antibiotic;_diaminopyrimidine_antibiotic;_sulfonamide_antibiotic;_phenicol_antibiotic;_penem	229	3141	3141	1.0000000
barcode19_1405Gb	contig_255	695377	696835	OprM_macrolide_antibiotic;_fluoroquinolone_antibiotic;_monobactam;_aminoglycoside_antibiotic;_carbapenem;_cephalosporin;_cephamycin;_penam;_tetracycline_antibiotic;_peptide_antibiotic;_aminocoumarin_antibiotic;_diaminopyrimidine_antibiotic;_sulfonamide_antibiotic;_phenicol_antibiotic;_penem;_disinfecting_agents_and_antiseptics	277	1458	1458	1.0000000
barcode19_1405Gb	contig_255	1018341	1019805	OpmD_fluoroquinolone_antibiotic;_tetracycline_antibiotic;_disinfecting_agents_and_antiseptics	282	1464	1464	1.0000000
barcode19_1405Gb	contig_255	1019801	1022891	MexI_fluoroquinolone_antibiotic;_tetracycline_antibiotic;_disinfecting_agents_and_antiseptics	211	3090	3090	1.0000000
barcode19_1405Gb	contig_255	1022903	1024016	MexH_fluoroquinolone_antibiotic;_tetracycline_antibiotic;_disinfecting_agents_and_antiseptics	266	1113	1113	1.0000000
barcode19_1405Gb	contig_255	1024023	1024470	MexG_fluoroquinolone_antibiotic;_tetracycline_antibiotic;_disinfecting_agents_and_antiseptics	269	447	447	1.0000000
barcode19_1405Gb	contig_255	1144134	1145343	bcr-1_bicyclomycin-like_antibiotic	274	1209	1209	1.0000000
barcode19_1405Gb	contig_255	1162046	1162853	APH(3')-IIb_aminoglycoside_antibiotic	271	807	807	1.0000000
barcode19_1405Gb	contig_255	1175208	1176402	PDC-3_monobactam;_carbapenem;_cephalosporin;_cephamycin;_penam	249	1194	1194	1.0000000
barcode19_1405Gb	contig_255	1497061	1497400	YajC_fluoroquinolone_antibiotic;_cephalosporin;_glycylcycline;_penam;_tetracycline_antibiotic;_oxazolidinone_antibiotic;_glycopeptide_antibiotic;_rifamycin_antibiotic;_phenicol_antibiotic;_disinfecting_agents_and_antiseptics	323	339	339	1.0000000
barcode19_1405Gb	contig_255	1609248	1609890	nalC_macrolide_antibiotic;_fluoroquinolone_antibiotic;_monobactam;_carbapenem;_cephalosporin;_cephamycin;_penam;_tetracycline_antibiotic;_peptide_antibiotic;_aminocoumarin_antibiotic;_diaminopyrimidine_antibiotic;_sulfonamide_antibiotic;_phenicol_antibiotic;_penem	228	642	642	1.0000000
barcode19_1405Gb	contig_255	1655299	1655938	MexL_macrolide_antibiotic;_tetracycline_antibiotic;_disinfecting_agents_and_antiseptics	283	639	639	1.0000000
barcode19_1405Gb	contig_255	1656033	1657137	MexJ_macrolide_antibiotic;_tetracycline_antibiotic;_disinfecting_agents_and_antiseptics	292	1104	1104	1.0000000
barcode19_1405Gb	contig_255	1657141	1660219	MexK_macrolide_antibiotic;_tetracycline_antibiotic;_disinfecting_agents_and_antiseptics	227	3078	3078	1.0000000
barcode19_1405Gb	contig_255	1698921	1702098	adeF_fluoroquinolone_antibiotic;_tetracycline_antibiotic	212	3177	3177	1.0000000
barcode19_1405Gb	contig_255	1822138	1822777	nalD_macrolide_antibiotic;_fluoroquinolone_antibiotic;_monobactam;_carbapenem;_cephalosporin;_cephamycin;_penam;_tetracycline_antibiotic;_peptide_antibiotic;_aminocoumarin_antibiotic;_diaminopyrimidine_antibiotic;_sulfonamide_antibiotic;_phenicol_antibiotic;_penem	261	639	639	1.0000000
barcode19_1405Gb	contig_255	1842748	1844398	ArnT_peptide_antibiotic	233	1650	1650	1.0000000
barcode19_1405Gb	contig_255	1845278	1847267	arnA_peptide_antibiotic	236	1989	1989	1.0000000
barcode19_1405Gb	contig_255	1885472	1886630	mexP_macrolide_antibiotic;_carbapenem;_tetracycline_antibiotic;_diaminopyrimidine_antibiotic;_phenicol_antibiotic;_disinfecting_agents_and_antiseptics	250	1158	1158	1.0000000
barcode19_1405Gb	contig_255	1886626	1889788	mexQ_macrolide_antibiotic;_carbapenem;_tetracycline_antibiotic;_diaminopyrimidine_antibiotic;_phenicol_antibiotic;_disinfecting_agents_and_antiseptics	205	3162	3162	1.0000000
barcode19_1405Gb	contig_255	1889784	1891305	opmE_macrolide_antibiotic;_carbapenem;_tetracycline_antibiotic;_diaminopyrimidine_antibiotic;_phenicol_antibiotic;_disinfecting_agents_and_antiseptics	264	1521	1521	1.0000000
barcode19_1405Gb	contig_255	2207966	2208644	Pseudomonas aeruginosa CpxR_macrolide_antibiotic;_fluoroquinolone_antibiotic;_monobactam;_aminoglycoside_antibiotic;_carbapenem;_cephalosporin;_cephamycin;_penam;_tetracycline_antibiotic;_peptide_antibiotic;_aminocoumarin_antibiotic;_diaminopyrimidine_antibiotic;_sulfonamide_antibiotic;_phenicol_antibiotic;_penem	295	678	678	1.0000000
barcode19_1405Gb	contig_255	2345504	2346800	cprS_peptide_antibiotic	260	1296	1296	1.0000000
barcode19_1405Gb	contig_255	2346796	2347468	cprR_peptide_antibiotic	270	672	672	1.0000000
barcode19_1405Gb	contig_255	3153353	3154634	MuxA_macrolide_antibiotic;_monobactam;_tetracycline_antibiotic;_aminocoumarin_antibiotic	209	1281	1281	1.0000000
barcode19_1405Gb	contig_255	3154630	3157762	MuxB_macrolide_antibiotic;_monobactam;_tetracycline_antibiotic;_aminocoumarin_antibiotic	185	3132	3132	1.0000000
barcode19_1405Gb	contig_255	3157758	3160869	MuxC_macrolide_antibiotic;_monobactam;_tetracycline_antibiotic;_aminocoumarin_antibiotic	181	3111	3111	1.0000000
barcode19_1405Gb	contig_255	3160865	3162365	OpmB_macrolide_antibiotic;_monobactam;_tetracycline_antibiotic;_aminocoumarin_antibiotic	202	1500	1500	1.0000000
barcode19_1405Gb	contig_255	3194034	3195453	OprN_fluoroquinolone_antibiotic;_diaminopyrimidine_antibiotic;_phenicol_antibiotic	252	1419	1419	1.0000000
barcode19_1405Gb	contig_255	3195449	3198638	MexF_fluoroquinolone_antibiotic;_diaminopyrimidine_antibiotic;_phenicol_antibiotic	194	3189	3189	1.0000000
barcode19_1405Gb	contig_255	3198659	3199904	MexE_fluoroquinolone_antibiotic;_diaminopyrimidine_antibiotic;_phenicol_antibiotic	237	1245	1245	1.0000000
barcode19_1405Gb	contig_255	3200134	3201049	MexT_fluoroquinolone_antibiotic;_diaminopyrimidine_antibiotic;_phenicol_antibiotic	237	915	915	1.0000000
barcode19_1405Gb	contig_255	3201269	3202289	MexS_fluoroquinolone_antibiotic;_diaminopyrimidine_antibiotic;_phenicol_antibiotic	215	1020	1020	1.0000000
barcode19_1405Gb	contig_255	3562333	3562804	Pseudomonas aeruginosa soxR_fluoroquinolone_antibiotic;_cephalosporin;_glycylcycline;_penam;_tetracycline_antibiotic;_rifamycin_antibiotic;_phenicol_antibiotic;_disinfecting_agents_and_antiseptics	245	471	471	1.0000000
barcode19_1405Gb	contig_255	3873638	3874271	MexZ_macrolide_antibiotic;_fluoroquinolone_antibiotic;_aminoglycoside_antibiotic;_carbapenem;_cephalosporin;_cephamycin;_penam;_tetracycline_antibiotic;_phenicol_antibiotic;_disinfecting_agents_and_antiseptics	268	633	633	1.0000000
barcode19_1405Gb	contig_255	3875641	3878779	mexY_macrolide_antibiotic;_fluoroquinolone_antibiotic;_aminoglycoside_antibiotic;_carbapenem;_cephalosporin;_cephamycin;_penam;_tetracycline_antibiotic;_phenicol_antibiotic;_disinfecting_agents_and_antiseptics	228	3138	3138	1.0000000
barcode19_1405Gb	contig_255	4186117	4186825	ParR_macrolide_antibiotic;_fluoroquinolone_antibiotic;_monobactam;_aminoglycoside_antibiotic;_carbapenem;_cephalosporin;_cephamycin;_penam;_tetracycline_antibiotic;_phenicol_antibiotic;_penem;_disinfecting_agents_and_antiseptics	275	708	708	1.0000000
barcode19_1405Gb	contig_255	4186825	4188112	ParS_macrolide_antibiotic;_fluoroquinolone_antibiotic;_monobactam;_aminoglycoside_antibiotic;_carbapenem;_cephalosporin;_cephamycin;_penam;_tetracycline_antibiotic;_phenicol_antibiotic;_penem;_disinfecting_agents_and_antiseptics	268	1287	1287	1.0000000
barcode19_1405Gb	contig_255	4571611	4574722	mexN_phenicol_antibiotic	212	3111	3111	1.0000000
barcode19_1405Gb	contig_255	4574718	4575876	mexM_phenicol_antibiotic	256	1158	1158	1.0000000
barcode19_1405Gb	contig_255	4643549	4644983	PmpM_fluoroquinolone_antibiotic;_aminoglycoside_antibiotic;_disinfecting_agents_and_antiseptics	237	1434	1434	1.0000000
barcode19_1405Gb	contig_255	4906495	4906903	FosA_phosphonic_acid_antibiotic	258	408	408	1.0000000
barcode19_1405Gb	contig_255	5115576	5116566	vanH gene in vanB cluster_glycopeptide_antibiotic	274	990	990	1.0000000
barcode19_1405Gb	contig_255	5137384	5137570	rsmA_fluoroquinolone_antibiotic;_diaminopyrimidine_antibiotic;_phenicol_antibiotic	279	186	186	1.0000000
barcode19_1405Gb	contig_255	5310793	5311615	vanW gene in vanG cluster_glycopeptide_antibiotic	253	822	822	1.0000000
barcode19_1405Gb	contig_255	5354768	5355407	Pseudomonas aeruginosa catB7_phenicol_antibiotic	277	639	639	1.0000000
barcode19_1405Gb	contig_255	5522445	5523576	MexV_macrolide_antibiotic;_fluoroquinolone_antibiotic;_tetracycline_antibiotic;_phenicol_antibiotic;_disinfecting_agents_and_antiseptics	276	1131	1131	1.0000000
barcode19_1405Gb	contig_255	5523626	5526683	MexW_macrolide_antibiotic;_fluoroquinolone_antibiotic;_tetracycline_antibiotic;_phenicol_antibiotic;_disinfecting_agents_and_antiseptics	217	3057	3057	1.0000000
barcode19_1405Gb	contig_255	5873279	5874719	OprJ_macrolide_antibiotic;_fluoroquinolone_antibiotic;_aminoglycoside_antibiotic;_cephalosporin;_penam;_tetracycline_antibiotic;_aminocoumarin_antibiotic;_diaminopyrimidine_antibiotic;_phenicol_antibiotic	267	1440	1440	1.0000000
barcode19_1405Gb	contig_255	5874724	5877856	MexD_macrolide_antibiotic;_fluoroquinolone_antibiotic;_aminoglycoside_antibiotic;_cephalosporin;_penam;_tetracycline_antibiotic;_aminocoumarin_antibiotic;_diaminopyrimidine_antibiotic;_phenicol_antibiotic	234	3132	3132	1.0000000
barcode19_1405Gb	contig_255	5877883	5878948	MexC_macrolide_antibiotic;_fluoroquinolone_antibiotic;_aminoglycoside_antibiotic;_cephalosporin;_penam;_tetracycline_antibiotic;_aminocoumarin_antibiotic;_diaminopyrimidine_antibiotic;_phenicol_antibiotic	279	1065	1065	1.0000000
barcode19_1405Gb	contig_255	5879207	5879771	Type B NfxB_macrolide_antibiotic;_fluoroquinolone_antibiotic;_aminoglycoside_antibiotic;_cephalosporin;_penam;_tetracycline_antibiotic;_aminocoumarin_antibiotic;_diaminopyrimidine_antibiotic;_phenicol_antibiotic	306	564	564	1.0000000
barcode19_1405Gb	contig_255	6099434	6100100	basR_peptide_antibiotic	277	666	666	1.0000000
barcode19_1405Gb	contig_255	6100123	6101557	basS_peptide_antibiotic	250	1434	1434	1.0000000
barcode19_1405Gb	contig_255	6327629	6329078	OpmH_disinfecting_agents_and_antiseptics	231	1449	1449	1.0000000
barcode19_1405Gb	contig_255	6349629	6349962	Pseudomonas aeruginosa emrE_aminoglycoside_antibiotic	263	333	333	1.0000000
barcode19_1405Gb	contig_343	440	764	qacG_disinfecting_agents_and_antiseptics	254	324	324	1.0000000
barcode19_1405Gb	contig_343	2656	2980	qacG_disinfecting_agents_and_antiseptics	218	324	324	1.0000000
barcode19_1405Gb	contig_365	239852	240773	mphK_macrolide_antibiotic	328	921	921	1.0000000
barcode19_1405Gb	contig_365	252961	254395	lmrB_lincosamide_antibiotic;_nucleoside_antibiotic	292	1434	1434	1.0000000
barcode19_1405Gb	contig_365	482213	483383	vanT gene in vanG cluster_glycopeptide_antibiotic	322	1170	1170	1.0000000
barcode19_1405Gb	contig_365	556958	558587	vmlR_lincosamide_antibiotic;_streptogramin_antibiotic;_streptogramin_A_antibiotic;_streptogramin_B_antibiotic;_nucleoside_antibiotic;_pleuromutilin_antibiotic	286	1629	1629	1.0000000
barcode19_1405Gb	contig_365	854229	856800	Bacillus subtilis mprF_peptide_antibiotic	314	2571	2571	1.0000000
barcode19_1405Gb	contig_365	1312963	1313302	ykkC_aminoglycoside_antibiotic;_tetracycline_antibiotic;_phenicol_antibiotic	299	339	339	1.0000000
barcode19_1405Gb	contig_365	1313301	1313619	ykkD_aminoglycoside_antibiotic;_tetracycline_antibiotic;_phenicol_antibiotic	293	318	318	1.0000000
barcode19_1405Gb	contig_365	1800019	1800376	qacJ_disinfecting_agents_and_antiseptics	276	357	357	1.0000000
barcode19_1405Gb	contig_365	1800386	1800704	qacG_disinfecting_agents_and_antiseptics	278	318	318	1.0000000
barcode19_1405Gb	contig_365	1830710	1831895	vanT gene in vanG cluster_glycopeptide_antibiotic	250	1185	1185	1.0000000
barcode19_1405Gb	contig_365	1846786	1847209	FosBx1_phosphonic_acid_antibiotic	273	423	423	1.0000000
barcode19_1405Gb	contig_365	2015066	2015978	vanW gene in vanI cluster_glycopeptide_antibiotic	246	912	912	1.0000000
barcode19_1405Gb	contig_365	2023815	2024730	BcI_cephalosporin;_penem	238	915	915	1.0000000
barcode19_1405Gb	contig_365	2105489	2106311	vanY gene in vanG cluster_glycopeptide_antibiotic	268	822	822	1.0000000
barcode20_1405Gb	contig_10121	58333	59542	mdtH_fluoroquinolone_antibiotic	25	1209	1209	1.0000000
barcode20_1405Gb	contig_10121	68172	69399	mdtG_phosphonic_acid_antibiotic	26	1227	1227	1.0000000
barcode20_1405Gb	contig_10126	4289	5960	vanW gene in vanI cluster_glycopeptide_antibiotic	6	1671	1671	1.0000000
barcode20_1405Gb	contig_10420	106756	107743	vanH gene in vanB cluster_glycopeptide_antibiotic	27	987	987	1.0000000
barcode20_1405Gb	contig_10427	188317	189487	vanT gene in vanG cluster_glycopeptide_antibiotic	9	1170	1170	1.0000000
barcode20_1405Gb	contig_10618	4931	5117	rsmA_fluoroquinolone_antibiotic;_diaminopyrimidine_antibiotic;_phenicol_antibiotic	14	186	186	1.0000000
barcode20_1405Gb	contig_10705	110668	113278	tet(36)_tetracycline_antibiotic	20	2610	2610	1.0000000
barcode20_1405Gb	contig_10733	757931	758879	vanY gene in vanA cluster_glycopeptide_antibiotic	12	948	948	1.0000000
barcode20_1405Gb	contig_10733	844051	845020	vanY gene in vanB cluster_glycopeptide_antibiotic	20	969	969	1.0000000
barcode20_1405Gb	contig_10798	3958	5683	vanW gene in vanI cluster_glycopeptide_antibiotic	8	1725	1725	1.0000000
barcode20_1405Gb	contig_10804	323990	325694	vanW gene in vanI cluster_glycopeptide_antibiotic	23	1704	1704	1.0000000
barcode20_1405Gb	contig_10808	19506	21348	vanW gene in vanI cluster_glycopeptide_antibiotic	6	1842	1842	1.0000000
barcode20_1405Gb	contig_10872	5177	6176	vanH gene in vanD cluster_glycopeptide_antibiotic	8	999	999	1.0000000
barcode20_1405Gb	contig_10948	28966	29548	Klebsiella pneumoniae ramR mutants_fluoroquinolone_antibiotic;_cephalosporin;_glycylcycline;_penam;_tetracycline_antibiotic;_rifamycin_antibiotic;_phenicol_antibiotic;_disinfecting_agents_and_antiseptics	22	582	582	1.0000000
barcode20_1405Gb	contig_11072	2036	2360	qacJ_disinfecting_agents_and_antiseptics	9	324	324	1.0000000
barcode20_1405Gb	contig_11165	39752	40334	vanY gene in vanM cluster_glycopeptide_antibiotic	1	582	582	1.0000000
barcode20_1405Gb	contig_11207	8043	11172	adeF_fluoroquinolone_antibiotic;_tetracycline_antibiotic	9	3129	3129	1.0000000
barcode20_1405Gb	contig_1130	39207	40302	vanG_glycopeptide_antibiotic	29	1095	1095	1.0000000
barcode20_1405Gb	contig_1130	120633	123783	acrB_fluoroquinolone_antibiotic;_cephalosporin;_glycylcycline;_penam;_tetracycline_antibiotic;_rifamycin_antibiotic;_phenicol_antibiotic;_disinfecting_agents_and_antiseptics	22	3150	3150	1.0000000
barcode20_1405Gb	contig_1130	123805	124999	Escherichia coli acrA_fluoroquinolone_antibiotic;_cephalosporin;_glycylcycline;_penam;_tetracycline_antibiotic;_rifamycin_antibiotic;_phenicol_antibiotic;_disinfecting_agents_and_antiseptics	29	1194	1194	1.0000000
barcode20_1405Gb	contig_1130	125140	125788	Escherichia coli AcrAB-TolC with AcrR mutation conferring resistance to ciprofloxacin, tetracycline, and ceftazidime_fluoroquinolone_antibiotic;_cephalosporin;_glycylcycline;_penam;_tetracycline_antibiotic;_rifamycin_antibiotic;_phenicol_antibiotic;_disinfecting_agents_and_antiseptics	27	648	648	1.0000000
barcode20_1405Gb	contig_11302	8564	9428	vanW gene in vanB cluster_glycopeptide_antibiotic	6	864	864	1.0000000
barcode20_1405Gb	contig_11378	6570	7533	CfxA6_cephamycin	57	963	963	1.0000000
barcode20_1405Gb	contig_11461	21081	22233	vanT gene in vanE cluster_glycopeptide_antibiotic	6	1152	1152	1.0000000
barcode20_1405Gb	contig_11461	22226	23282	vanG_glycopeptide_antibiotic	8	1056	1056	1.0000000
barcode20_1405Gb	contig_11540	144524	147662	adeF_fluoroquinolone_antibiotic;_tetracycline_antibiotic	15	3138	3138	1.0000000
barcode20_1405Gb	contig_11543	56563	59692	adeF_fluoroquinolone_antibiotic;_tetracycline_antibiotic	11	3129	3129	1.0000000
barcode20_1405Gb	contig_11550	4002	4803	Erm(35)_macrolide_antibiotic;_lincosamide_antibiotic;_streptogramin_antibiotic;_streptogramin_A_antibiotic;_streptogramin_B_antibiotic	31	801	801	1.0000000
barcode20_1405Gb	contig_11565	60093	61611	vanW gene in vanI cluster_glycopeptide_antibiotic	4	1518	1518	1.0000000
barcode20_1405Gb	contig_11712	47250	49728	vanT gene in vanG cluster_glycopeptide_antibiotic	121	2478	2478	1.0000000
barcode20_1405Gb	contig_11790	6914	8162	mdtA_aminocoumarin_antibiotic	34	1248	1248	1.0000000
barcode20_1405Gb	contig_11790	17176	17899	baeR_aminoglycoside_antibiotic;_aminocoumarin_antibiotic	27	723	723	1.0000000
barcode20_1405Gb	contig_11790	161654	163298	YojI_peptide_antibiotic	19	1644	1644	1.0000000
barcode20_1405Gb	contig_11790	205712	207071	Escherichia coli GlpT with mutation conferring resistance to fosfomycin_phosphonic_acid_antibiotic	35	1359	1359	1.0000000
barcode20_1405Gb	contig_11790	221786	222755	PmrF_peptide_antibiotic	22	969	969	1.0000000
barcode20_1405Gb	contig_11790	225623	227276	ArnT_peptide_antibiotic	21	1653	1653	1.0000000
barcode20_1405Gb	contig_11790	320767	322306	emrY_tetracycline_antibiotic	29	1539	1539	1.0000000
barcode20_1405Gb	contig_11790	322305	323361	emrK_tetracycline_antibiotic	27	1056	1056	1.0000000
barcode20_1405Gb	contig_11790	323884	324499	evgA_macrolide_antibiotic;_fluoroquinolone_antibiotic;_penam;_tetracycline_antibiotic	24	615	615	1.0000000
barcode20_1405Gb	contig_11790	324503	328097	evgS_macrolide_antibiotic;_fluoroquinolone_antibiotic;_penam;_tetracycline_antibiotic	21	3594	3594	1.0000000
barcode20_1405Gb	contig_11790	419586	422700	acrD_aminoglycoside_antibiotic	33	3114	3114	1.0000000
barcode20_1405Gb	contig_11793	25791	26976	Escherichia coli EF-Tu mutants conferring resistance to Pulvomycin_elfamycin_antibiotic	39	1185	1185	1.0000000
barcode20_1405Gb	contig_11793	41768	42401	CRP_macrolide_antibiotic;_fluoroquinolone_antibiotic;_penam	37	633	633	1.0000000
barcode20_1405Gb	contig_11793	217593	218751	mdtE_macrolide_antibiotic;_fluoroquinolone_antibiotic;_penam	39	1158	1158	1.0000000
barcode20_1405Gb	contig_11793	218775	221889	mdtF_macrolide_antibiotic;_fluoroquinolone_antibiotic;_penam	38	3114	3114	1.0000000
barcode20_1405Gb	contig_11793	222251	222980	gadW_macrolide_antibiotic;_fluoroquinolone_antibiotic;_penam	42	729	729	1.0000000
barcode20_1405Gb	contig_11793	223347	224172	gadX_macrolide_antibiotic;_fluoroquinolone_antibiotic;_penam	33	825	825	1.0000000
barcode20_1405Gb	contig_11918	6143	9296	adeF_fluoroquinolone_antibiotic;_tetracycline_antibiotic	8	3153	3153	1.0000000
barcode20_1405Gb	contig_11956	1642	2287	QnrB19_fluoroquinolone_antibiotic	107	645	645	1.0000000
barcode20_1405Gb	contig_11974	101132	101834	vanW gene in vanI cluster_glycopeptide_antibiotic	16	702	702	1.0000000
barcode20_1405Gb	contig_12030	442	1870	fexA_phenicol_antibiotic	13	1428	1428	1.0000000
barcode20_1405Gb	contig_12085	11876	14225	LptD_carbapenem;_peptide_antibiotic;_aminocoumarin_antibiotic;_rifamycin_antibiotic	10	2349	2349	1.0000000
barcode20_1405Gb	contig_12085	60009	61776	Haemophilus influenzae PBP3 conferring resistance to beta-lactam antibiotics_cephalosporin;_cephamycin;_penam	12	1767	1767	1.0000000
barcode20_1405Gb	contig_12101	4146	5880	vanY gene in vanF cluster_glycopeptide_antibiotic	4	1734	1734	1.0000000
barcode20_1405Gb	contig_12108	7711	8179	Pseudomonas aeruginosa soxR_fluoroquinolone_antibiotic;_cephalosporin;_glycylcycline;_penam;_tetracycline_antibiotic;_rifamycin_antibiotic;_phenicol_antibiotic;_disinfecting_agents_and_antiseptics	7	468	468	1.0000000
barcode20_1405Gb	contig_12108	65283	65625	qacG_disinfecting_agents_and_antiseptics	8	342	342	1.0000000
barcode20_1405Gb	contig_12130	12007	13606	vanW gene in vanI cluster_glycopeptide_antibiotic	5	1599	1599	1.0000000
barcode20_1405Gb	contig_12174	4166	5132	CfxA2_cephamycin	137	966	966	1.0000000
barcode20_1405Gb	contig_12178	220965	223431	vanT gene in vanG cluster_glycopeptide_antibiotic	15	2466	2466	1.0000000
barcode20_1405Gb	contig_12218	3326	4088	OXA-464_penam	18	762	762	1.0000000
barcode20_1405Gb	contig_12253	42029	42935	vanY gene in vanB cluster_glycopeptide_antibiotic	29	906	906	1.0000000
barcode20_1405Gb	contig_12253	48841	50011	vanT gene in vanG cluster_glycopeptide_antibiotic	30	1170	1170	1.0000000
barcode20_1405Gb	contig_12290	40038	40695	vanY gene in vanF cluster_glycopeptide_antibiotic	7	657	657	1.0000000
barcode20_1405Gb	contig_12290	204692	206138	vanW gene in vanI cluster_glycopeptide_antibiotic	10	1446	1446	1.0000000
barcode20_1405Gb	contig_12325	156108	157293	Escherichia coli EF-Tu mutants conferring resistance to Pulvomycin_elfamycin_antibiotic	14	1185	1185	1.0000000
barcode20_1405Gb	contig_12325	172391	173024	CRP_macrolide_antibiotic;_fluoroquinolone_antibiotic;_penam	20	633	633	1.0000000
barcode20_1405Gb	contig_12325	282059	283715	ArnT_peptide_antibiotic	16	1656	1656	1.0000000
barcode20_1405Gb	contig_12325	286599	287583	PmrF_peptide_antibiotic	21	984	984	1.0000000
barcode20_1405Gb	contig_12325	362421	364095	eptB_peptide_antibiotic	17	1674	1674	1.0000000
barcode20_1405Gb	contig_12364	12418	14341	vanW gene in vanI cluster_glycopeptide_antibiotic	9	1923	1923	1.0000000
barcode20_1405Gb	contig_1271	353	848	lnuC_lincosamide_antibiotic	151	495	495	1.0000000
barcode20_1405Gb	contig_12881	118363	119455	vanG_glycopeptide_antibiotic	12	1092	1092	1.0000000
barcode20_1405Gb	contig_12900	5097	5433	qacG_disinfecting_agents_and_antiseptics	35	336	336	1.0000000
barcode20_1405Gb	contig_12929	42541	43744	vanT gene in vanG cluster_glycopeptide_antibiotic	17	1203	1203	1.0000000
barcode20_1405Gb	contig_12973	15900	17070	vanT gene in vanC cluster_glycopeptide_antibiotic	19	1170	1170	1.0000000
barcode20_1405Gb	contig_12993	25745	26942	vanT gene in vanG cluster_glycopeptide_antibiotic	7	1197	1197	1.0000000
barcode20_1405Gb	contig_13018	113229	114702	vanW gene in vanI cluster_glycopeptide_antibiotic	16	1473	1473	1.0000000
barcode20_1405Gb	contig_13018	331287	332289	vanW gene in vanI cluster_glycopeptide_antibiotic	18	1002	1002	1.0000000
barcode20_1405Gb	contig_13018	332288	333815	vanW gene in vanI cluster_glycopeptide_antibiotic	16	1527	1527	1.0000000
barcode20_1405Gb	contig_13092	9103	9922	vanW gene in vanG cluster_glycopeptide_antibiotic	8	819	819	1.0000000
barcode20_1405Gb	contig_1312	152200	153718	vanW gene in vanI cluster_glycopeptide_antibiotic	15	1518	1518	1.0000000
barcode20_1405Gb	contig_13213	293	1166	vanY gene in vanG cluster_glycopeptide_antibiotic	14	873	873	1.0000000
barcode20_1405Gb	contig_13213	464597	466517	tet(O)_tetracycline_antibiotic	394	1920	1920	1.0000000
barcode20_1405Gb	contig_13315	33822	34515	vanW gene in vanG cluster_glycopeptide_antibiotic	9	693	693	1.0000000
barcode20_1405Gb	contig_13382	43057	43837	aadA_aminoglycoside_antibiotic	40	780	780	1.0000000
barcode20_1405Gb	contig_13406	21562	23305	vanW gene in vanI cluster_glycopeptide_antibiotic	22	1743	1743	1.0000000
barcode20_1405Gb	contig_13421	23724	24891	vanT gene in vanG cluster_glycopeptide_antibiotic	8	1167	1167	1.0000000
barcode20_1405Gb	contig_13423	1370	1838	nimG_nitroimidazole_antibiotic	3	468	468	1.0000000
barcode20_1405Gb	contig_13480	65272	66748	vanW gene in vanI cluster_glycopeptide_antibiotic	88	1476	1476	1.0000000
barcode20_1405Gb	contig_13509	16322	17831	vanW gene in vanI cluster_glycopeptide_antibiotic	7	1509	1509	1.0000000
barcode20_1405Gb	contig_13510	4844	6815	tet(O)_tetracycline_antibiotic	12	1971	1971	1.0000000
barcode20_1405Gb	contig_13647	9113	10178	vanT gene in vanG cluster_glycopeptide_antibiotic	6	1065	1065	1.0000000
barcode20_1405Gb	contig_13668	20223	21342	vanG_glycopeptide_antibiotic	5	1119	1119	1.0000000
barcode20_1405Gb	contig_13680	9251	10829	vanW gene in vanI cluster_glycopeptide_antibiotic	6	1578	1578	1.0000000
barcode20_1405Gb	contig_13685	38538	39033	nimJ_nitroimidazole_antibiotic	36	495	495	1.0000000
barcode20_1405Gb	contig_13710	32979	36084	AcrF_fluoroquinolone_antibiotic;_cephalosporin;_cephamycin;_penam	34	3105	3105	1.0000000
barcode20_1405Gb	contig_13710	36095	37253	AcrE_fluoroquinolone_antibiotic;_cephalosporin;_cephamycin;_penam	31	1158	1158	1.0000000
barcode20_1405Gb	contig_13710	37651	38314	AcrS_fluoroquinolone_antibiotic;_cephalosporin;_glycylcycline;_cephamycin;_penam;_tetracycline_antibiotic;_rifamycin_antibiotic;_phenicol_antibiotic;_disinfecting_agents_and_antiseptics	41	663	663	1.0000000
barcode20_1405Gb	contig_13710	248097	248919	bacA_peptide_antibiotic	43	822	822	1.0000000
barcode20_1405Gb	contig_13710	271303	272792	TolC_macrolide_antibiotic;_fluoroquinolone_antibiotic;_aminoglycoside_antibiotic;_carbapenem;_cephalosporin;_glycylcycline;_cephamycin;_penam;_tetracycline_antibiotic;_peptide_antibiotic;_aminocoumarin_antibiotic;_rifamycin_antibiotic;_phenicol_antibiotic;_penem;_disinfecting_agents_and_antiseptics	42	1489	1489	1.0000000
barcode20_1405Gb	contig_13713	262991	264365	cpxA_aminoglycoside_antibiotic;_aminocoumarin_antibiotic	34	1374	1374	1.0000000
barcode20_1405Gb	contig_13713	335174	336359	Escherichia coli EF-Tu mutants conferring resistance to Pulvomycin_elfamycin_antibiotic	47	1185	1185	1.0000000
barcode20_1405Gb	contig_13713	435585	435909	Escherichia coli soxS with mutation conferring antibiotic resistance_fluoroquinolone_antibiotic;_monobactam;_carbapenem;_cephalosporin;_glycylcycline;_cephamycin;_penam;_tetracycline_antibiotic;_rifamycin_antibiotic;_phenicol_antibiotic;_penem;_disinfecting_agents_and_antiseptics	34	324	324	1.0000000
barcode20_1405Gb	contig_13713	435994	436459	Escherichia coli soxR with mutation conferring antibiotic resistance_fluoroquinolone_antibiotic;_cephalosporin;_glycylcycline;_penam;_tetracycline_antibiotic;_rifamycin_antibiotic;_phenicol_antibiotic;_disinfecting_agents_and_antiseptics	31	465	465	1.0000000
barcode20_1405Gb	contig_13713	457977	459444	mdtP_nucleoside_antibiotic;_disinfecting_agents_and_antiseptics	45	1467	1467	1.0000000
barcode20_1405Gb	contig_13713	459440	461492	mdtO_nucleoside_antibiotic;_disinfecting_agents_and_antiseptics	41	2052	2052	1.0000000
barcode20_1405Gb	contig_13713	461491	462523	mdtN_nucleoside_antibiotic;_disinfecting_agents_and_antiseptics	42	1032	1032	1.0000000
barcode20_1405Gb	contig_13713	492053	493697	eptA_peptide_antibiotic	32	1644	1644	1.0000000
barcode20_1405Gb	contig_13713	535919	537053	EC-14_cephalosporin	42	1134	1134	1.0000000
barcode20_1405Gb	contig_13714	6737	7922	Escherichia coli EF-Tu mutants conferring resistance to Pulvomycin_elfamycin_antibiotic	15	1185	1185	1.0000000
barcode20_1405Gb	contig_13783	48571	48898	qacG_disinfecting_agents_and_antiseptics	10	327	327	1.0000000
barcode20_1405Gb	contig_13842	43762	44890	vanG_glycopeptide_antibiotic	14	1128	1128	1.0000000
barcode20_1405Gb	contig_13846	93147	95613	vanT gene in vanG cluster_glycopeptide_antibiotic	19	2466	2466	1.0000000
barcode20_1405Gb	contig_13886	1355	2120	cphA3_carbapenem	5	765	765	1.0000000
barcode20_1405Gb	contig_13955	2125	3220	vanG_glycopeptide_antibiotic	42	1095	1095	1.0000000
barcode20_1405Gb	contig_14032	294	1152	ANT(6)-Ib_aminoglycoside_antibiotic	15	858	858	1.0000000
barcode20_1405Gb	contig_14204	624	1044	FosH_phosphonic_acid_antibiotic	9	420	420	1.0000000
barcode20_1405Gb	contig_14267	22688	23747	vanG_glycopeptide_antibiotic	5	1059	1059	1.0000000
barcode20_1405Gb	contig_14267	1170197	1172015	vanW gene in vanI cluster_glycopeptide_antibiotic	10	1818	1818	1.0000000
barcode20_1405Gb	contig_14302	3149	4286	vanT gene in vanG cluster_glycopeptide_antibiotic	3	1137	1137	1.0000000
barcode20_1405Gb	contig_1434	6115	6481	qacG_disinfecting_agents_and_antiseptics	67	366	366	1.0000000
barcode20_1405Gb	contig_14437	6877	8080	Escherichia coli EF-Tu mutants conferring resistance to Pulvomycin_elfamycin_antibiotic	25	1203	1203	1.0000000
barcode20_1405Gb	contig_14480	93985	96736	tet(36)_tetracycline_antibiotic	22	2751	2751	1.0000000
barcode20_1405Gb	contig_1462	15161	16298	tet(X)_glycylcycline;_tetracycline_antibiotic	131	1137	1137	1.0000000
barcode20_1405Gb	contig_1462	16510	17311	ErmF_macrolide_antibiotic;_lincosamide_antibiotic;_streptogramin_antibiotic;_streptogramin_A_antibiotic;_streptogramin_B_antibiotic	168	801	801	1.0000000
barcode20_1405Gb	contig_14799	6696	7803	vanT gene in vanG cluster_glycopeptide_antibiotic	5	1107	1107	1.0000000
barcode20_1405Gb	contig_148	52363	52561	rsmA_fluoroquinolone_antibiotic;_diaminopyrimidine_antibiotic;_phenicol_antibiotic	27	198	198	1.0000000
barcode20_1405Gb	contig_14840	32320	33127	vanY gene in vanB cluster_glycopeptide_antibiotic	16	807	807	1.0000000
barcode20_1405Gb	contig_14952	13016	13694	kdpE_aminoglycoside_antibiotic	38	678	678	1.0000000
barcode20_1405Gb	contig_14955	2170	3274	vanT gene in vanG cluster_glycopeptide_antibiotic	4	1104	1104	1.0000000
barcode20_1405Gb	contig_14988	36728	37718	vanH gene in vanB cluster_glycopeptide_antibiotic	36	990	990	1.0000000
barcode20_1405Gb	contig_14992	81689	84836	adeF_fluoroquinolone_antibiotic;_tetracycline_antibiotic	6	3147	3147	1.0000000
barcode20_1405Gb	contig_15074	8936	9821	mphG_macrolide_antibiotic	17	885	885	1.0000000
barcode20_1405Gb	contig_15074	9824	11048	mef(C)_macrolide_antibiotic;_tetracycline_antibiotic	14	1224	1224	1.0000000
barcode20_1405Gb	contig_15079	72909	73692	LnuH_lincosamide_antibiotic	25	783	783	1.0000000
barcode20_1405Gb	contig_15084	24905	26213	vanW gene in vanI cluster_glycopeptide_antibiotic	4	1308	1308	1.0000000
barcode20_1405Gb	contig_15113	51	789	ErmB_macrolide_antibiotic;_lincosamide_antibiotic;_streptogramin_antibiotic;_streptogramin_A_antibiotic;_streptogramin_B_antibiotic	112	738	738	1.0000000
barcode20_1405Gb	contig_15135	230502	230835	qacG_disinfecting_agents_and_antiseptics	12	333	333	1.0000000
barcode20_1405Gb	contig_15135	326169	329331	adeF_fluoroquinolone_antibiotic;_tetracycline_antibiotic	10	3162	3162	1.0000000
barcode20_1405Gb	contig_15157	28003	28465	vanY gene in vanB cluster_glycopeptide_antibiotic	37	462	462	1.0000000
barcode20_1405Gb	contig_15163	604	1426	vanY gene in vanB cluster_glycopeptide_antibiotic	16	822	822	1.0000000
barcode20_1405Gb	contig_15323	2819	3614	APH(3')-IIIa_aminoglycoside_antibiotic	157	795	795	1.0000000
barcode20_1405Gb	contig_15359	796	1345	AAC(6')-Iid_aminoglycoside_antibiotic	10	549	549	1.0000000
barcode20_1405Gb	contig_15385	42336	43377	vanH gene in vanD cluster_glycopeptide_antibiotic	8	1041	1041	1.0000000
barcode20_1405Gb	contig_15750	115	1060	vanY gene in vanG cluster_glycopeptide_antibiotic	4	945	945	1.0000000
barcode20_1405Gb	contig_15770	16864	17836	vanH gene in vanD cluster_glycopeptide_antibiotic	4	972	972	1.0000000
barcode20_1405Gb	contig_15911	327	1533	Mef(En2)_macrolide_antibiotic;_lincosamide_antibiotic	85	1206	1206	1.0000000
barcode20_1405Gb	contig_15978	15416	16376	vanH gene in vanO cluster_glycopeptide_antibiotic	5	960	960	1.0000000
barcode20_1405Gb	contig_16039	1290	2157	vanW gene in vanG cluster_glycopeptide_antibiotic	7	867	867	1.0000000
barcode20_1405Gb	contig_16040	41141	42269	vanT gene in vanG cluster_glycopeptide_antibiotic	3	1128	1128	1.0000000
barcode20_1405Gb	contig_16052	62636	62960	qacG_disinfecting_agents_and_antiseptics	28	324	324	1.0000000
barcode20_1405Gb	contig_16212	8057	9185	vanT gene in vanG cluster_glycopeptide_antibiotic	16	1128	1128	1.0000000
barcode20_1405Gb	contig_16227	158608	159721	vanT gene in vanG cluster_glycopeptide_antibiotic	13	1113	1113	1.0000000
barcode20_1405Gb	contig_16388	1315	3001	vanW gene in vanI cluster_glycopeptide_antibiotic	5	1686	1686	1.0000000
barcode20_1405Gb	contig_16393	7464	10644	adeF_fluoroquinolone_antibiotic;_tetracycline_antibiotic	13	3180	3180	1.0000000
barcode20_1405Gb	contig_16482	41295	42393	vanG_glycopeptide_antibiotic	9	1098	1098	1.0000000
barcode20_1405Gb	contig_16565	9684	12849	adeF_fluoroquinolone_antibiotic;_tetracycline_antibiotic	13	3165	3165	1.0000000
barcode20_1405Gb	contig_16588	60374	62006	vanW gene in vanI cluster_glycopeptide_antibiotic	8	1632	1632	1.0000000
barcode20_1405Gb	contig_16623	819	1005	rsmA_fluoroquinolone_antibiotic;_diaminopyrimidine_antibiotic;_phenicol_antibiotic	16	186	186	1.0000000
barcode20_1405Gb	contig_16769	1274	2297	vanH gene in vanB cluster_glycopeptide_antibiotic	4	1023	1023	1.0000000
barcode20_1405Gb	contig_16868	6291	7485	vanT gene in vanG cluster_glycopeptide_antibiotic	5	1194	1194	1.0000000
barcode20_1405Gb	contig_1698	8	809	OXA-10_cephalosporin;_penam	11	801	801	1.0000000
barcode20_1405Gb	contig_1699	73	1333	cmlA5_phenicol_antibiotic	26	1260	1260	1.0000000
barcode20_1405Gb	contig_17090	269	590	qacG_disinfecting_agents_and_antiseptics	8	321	321	1.0000000
barcode20_1405Gb	contig_17098	1521	2145	catS_phenicol_antibiotic	65	624	624	1.0000000
barcode20_1405Gb	contig_17185	106	706	AAC(6')-Ib-cr6_fluoroquinolone_antibiotic;_aminoglycoside_antibiotic	45	600	600	1.0000000
barcode20_1405Gb	contig_17185	774	1272	dfrA21_diaminopyrimidine_antibiotic	14	498	498	1.0000000
barcode20_1405Gb	contig_17247	12563	14348	vanW gene in vanI cluster_glycopeptide_antibiotic	7	1785	1785	1.0000000
barcode20_1405Gb	contig_17322	19374	22491	adeF_fluoroquinolone_antibiotic;_tetracycline_antibiotic	5	3117	3117	1.0000000
barcode20_1405Gb	contig_1758	60786	61782	vanH gene in vanO cluster_glycopeptide_antibiotic	16	996	996	1.0000000
barcode20_1405Gb	contig_17684	34662	36462	vanW gene in vanI cluster_glycopeptide_antibiotic	4	1800	1800	1.0000000
barcode20_1405Gb	contig_17691	74324	74648	qacG_disinfecting_agents_and_antiseptics	11	324	324	1.0000000
barcode20_1405Gb	contig_17691	253115	253919	lnuB_lincosamide_antibiotic	39	804	804	1.0000000
barcode20_1405Gb	contig_17697	16073	17135	vanG_glycopeptide_antibiotic	12	1062	1062	1.0000000
barcode20_1405Gb	contig_17697	86575	87232	vanW gene in vanI cluster_glycopeptide_antibiotic	3	657	657	1.0000000
barcode20_1405Gb	contig_17708	2909	3596	vanY gene in vanB cluster_glycopeptide_antibiotic	17	687	687	1.0000000
barcode20_1405Gb	contig_17793	11550	11706	vanW gene in vanI cluster_glycopeptide_antibiotic	1	156	156	1.0000000
barcode20_1405Gb	contig_17810	2290	2488	rsmA_fluoroquinolone_antibiotic;_diaminopyrimidine_antibiotic;_phenicol_antibiotic	4	198	198	1.0000000
barcode20_1405Gb	contig_17856	10441	10774	qacJ_disinfecting_agents_and_antiseptics	8	333	333	1.0000000
barcode20_1405Gb	contig_17858	525	1245	vanY gene in vanB cluster_glycopeptide_antibiotic	30	720	720	1.0000000
barcode20_1405Gb	contig_17879	22376	22721	qacG_disinfecting_agents_and_antiseptics	2	345	345	1.0000000
barcode20_1405Gb	contig_17907	53331	54405	vanW gene in vanI cluster_glycopeptide_antibiotic	9	1074	1074	1.0000000
barcode20_1405Gb	contig_17908	2270	4127	vanW gene in vanI cluster_glycopeptide_antibiotic	4	1857	1857	1.0000000
barcode20_1405Gb	contig_18094	29428	30289	TEM-176_monobactam;_cephalosporin;_penam;_penem	51	861	861	1.0000000
barcode20_1405Gb	contig_18411	8231	9197	CfxA4_cephamycin	161	966	966	1.0000000
barcode20_1405Gb	contig_18487	3899	4685	vanY gene in vanG cluster_glycopeptide_antibiotic	3	786	786	1.0000000
barcode20_1405Gb	contig_1850	48843	49668	OXA-644_carbapenem;_penam	92	825	825	1.0000000
barcode20_1405Gb	contig_18585	1911	3102	tet(C)_tetracycline_antibiotic	62	1191	1191	1.0000000
barcode20_1405Gb	contig_18655	3509	4328	vanT gene in vanG cluster_glycopeptide_antibiotic	8	819	819	1.0000000
barcode20_1405Gb	contig_18707	36169	37303	vanT gene in vanG cluster_glycopeptide_antibiotic	17	1134	1134	1.0000000
barcode20_1405Gb	contig_18795	12775	13108	qacG_disinfecting_agents_and_antiseptics	13	333	333	1.0000000
barcode20_1405Gb	contig_18888	21815	22397	vanY gene in vanM cluster_glycopeptide_antibiotic	2	582	582	1.0000000
barcode20_1405Gb	contig_18910	2312	2978	vanW gene in vanI cluster_glycopeptide_antibiotic	17	666	666	1.0000000
barcode20_1405Gb	contig_18911	21082	22078	vanH gene in vanB cluster_glycopeptide_antibiotic	22	996	996	1.0000000
barcode20_1405Gb	contig_18915	202929	203925	vanH gene in vanB cluster_glycopeptide_antibiotic	47	996	996	1.0000000
barcode20_1405Gb	contig_18980	46201	49324	adeF_fluoroquinolone_antibiotic;_tetracycline_antibiotic	10	3123	3123	1.0000000
barcode20_1405Gb	contig_18987	13872	14934	vanG_glycopeptide_antibiotic	11	1062	1062	1.0000000
barcode20_1405Gb	contig_19048	1308	2370	vanG_glycopeptide_antibiotic	6	1062	1062	1.0000000
barcode20_1405Gb	contig_19125	9897	10644	vanY gene in vanB cluster_glycopeptide_antibiotic	4	747	747	1.0000000
barcode20_1405Gb	contig_19315	471688	472432	vanY gene in vanB cluster_glycopeptide_antibiotic	50	744	744	1.0000000
barcode20_1405Gb	contig_19543	6394	7144	vanW gene in vanB cluster_glycopeptide_antibiotic	2	750	750	1.0000000
barcode20_1405Gb	contig_19688	4915	6895	adeF_fluoroquinolone_antibiotic;_tetracycline_antibiotic	4	1980	1980	1.0000000
barcode20_1405Gb	contig_19768	4907	6032	vanT gene in vanG cluster_glycopeptide_antibiotic	8	1125	1125	1.0000000
barcode20_1405Gb	contig_19770	1131	1977	vanY gene in vanB cluster_glycopeptide_antibiotic	43	846	846	1.0000000
barcode20_1405Gb	contig_19793	7168	8068	TLA-3_monobactam;_cephalosporin	39	900	900	1.0000000
barcode20_1405Gb	contig_19865	10554	11127	vanY gene in vanM cluster_glycopeptide_antibiotic	18	573	573	1.0000000
barcode20_1405Gb	contig_19869	12599	15347	tet(Q)_tetracycline_antibiotic	5	2748	2748	1.0000000
barcode20_1405Gb	contig_19884	5243	5837	vanY gene in vanB cluster_glycopeptide_antibiotic	59	594	594	1.0000000
barcode20_1405Gb	contig_19891	5832	7308	poxtA_tetracycline_antibiotic;_oxazolidinone_antibiotic;_phenicol_antibiotic	8	1476	1476	1.0000000
barcode20_1405Gb	contig_19961	2797	3826	vanY gene in vanA cluster_glycopeptide_antibiotic	4	1029	1029	1.0000000
barcode20_1405Gb	contig_19974	385	2305	tet(W)_tetracycline_antibiotic	260	1920	1920	1.0000000
barcode20_1405Gb	contig_20079	124433	124925	nimA_nitroimidazole_antibiotic	63	492	492	1.0000000
barcode20_1405Gb	contig_20118	114184	115108	vanY gene in vanG cluster_glycopeptide_antibiotic	13	924	924	1.0000000
barcode20_1405Gb	contig_2023	1291	2131	sul1_sulfonamide_antibiotic	201	840	840	1.0000000
barcode20_1405Gb	contig_2023	2124	2472	qacEdelta1_disinfecting_agents_and_antiseptics	216	348	348	1.0000000
barcode20_1405Gb	contig_2023	2658	3156	dfrA21_diaminopyrimidine_antibiotic	49	498	498	1.0000000
barcode20_1405Gb	contig_2023	4590	5247	QnrVC4_fluoroquinolone_antibiotic	36	657	657	1.0000000
barcode20_1405Gb	contig_20301	11745	11931	rsmA_fluoroquinolone_antibiotic;_diaminopyrimidine_antibiotic;_phenicol_antibiotic	25	186	186	1.0000000
barcode20_1405Gb	contig_20363	4676	5381	vanY gene in vanB cluster_glycopeptide_antibiotic	6	705	705	1.0000000
barcode20_1405Gb	contig_20493	628	2167	vanT gene in vanG cluster_glycopeptide_antibiotic	4	1539	1539	1.0000000
barcode20_1405Gb	contig_20588	53711	54581	vanT gene in vanG cluster_glycopeptide_antibiotic	4	870	870	1.0000000
barcode20_1405Gb	contig_20588	54555	55473	vanT gene in vanG cluster_glycopeptide_antibiotic	3	918	918	1.0000000
barcode20_1405Gb	contig_20680	2238	3048	vanY gene in vanB cluster_glycopeptide_antibiotic	7	810	810	1.0000000
barcode20_1405Gb	contig_20680	17322	17451	vanY gene in vanM cluster_glycopeptide_antibiotic	5	129	129	1.0000000
barcode20_1405Gb	contig_20713	8406	9543	vanT gene in vanG cluster_glycopeptide_antibiotic	5	1137	1137	1.0000000
barcode20_1405Gb	contig_20719	5104	6085	vanH gene in vanO cluster_glycopeptide_antibiotic	6	981	981	1.0000000
barcode20_1405Gb	contig_20752	22858	23689	vanY gene in vanB cluster_glycopeptide_antibiotic	21	831	831	1.0000000
barcode20_1405Gb	contig_20835	1067	2180	vanT gene in vanG cluster_glycopeptide_antibiotic	11	1113	1113	1.0000000
barcode20_1405Gb	contig_2103	33	492	AAC(6')-Il_aminoglycoside_antibiotic	80	459	459	1.0000000
barcode20_1405Gb	contig_21151	796	1270	vanY gene in vanB cluster_glycopeptide_antibiotic	4	474	474	1.0000000
barcode20_1405Gb	contig_21320	26238	27423	Escherichia coli EF-Tu mutants conferring resistance to Pulvomycin_elfamycin_antibiotic	21	1185	1185	1.0000000
barcode20_1405Gb	contig_21321	13076	14261	Escherichia coli EF-Tu mutants conferring resistance to Pulvomycin_elfamycin_antibiotic	17	1185	1185	1.0000000
barcode20_1405Gb	contig_21346	1016	1910	vanY gene in vanG cluster_glycopeptide_antibiotic	5	894	894	1.0000000
barcode20_1405Gb	contig_2136	224875	226060	Escherichia coli EF-Tu mutants conferring resistance to Pulvomycin_elfamycin_antibiotic	36	1185	1185	1.0000000
barcode20_1405Gb	contig_2136	244080	245265	Escherichia coli EF-Tu mutants conferring resistance to Pulvomycin_elfamycin_antibiotic	49	1185	1185	1.0000000
barcode20_1405Gb	contig_21391	5087	5378	vanW gene in vanG cluster_glycopeptide_antibiotic	7	291	291	1.0000000
barcode20_1405Gb	contig_21391	5382	5730	vanW gene in vanG cluster_glycopeptide_antibiotic	8	348	348	1.0000000
barcode20_1405Gb	contig_21429	2392	3577	Escherichia coli EF-Tu mutants conferring resistance to Pulvomycin_elfamycin_antibiotic	11	1185	1185	1.0000000
barcode20_1405Gb	contig_21482	2447	3056	ACI-1_cephalosporin;_penam;_penem	10	609	609	1.0000000
barcode20_1405Gb	contig_21496	6801	8007	vanT gene in vanG cluster_glycopeptide_antibiotic	4	1206	1206	1.0000000
barcode20_1405Gb	contig_21631	1179	2409	tet(36)_tetracycline_antibiotic	6	1230	1230	1.0000000
barcode20_1405Gb	contig_21631	2426	3026	tet(36)_tetracycline_antibiotic	4	600	600	1.0000000
barcode20_1405Gb	contig_21691	11074	11935	TEM-1_monobactam;_cephalosporin;_penam;_penem	59	861	861	1.0000000
barcode20_1405Gb	contig_21701	26796	27447	Klebsiella pneumoniae acrR with mutation conferring multidrug antibiotic resistance_fluoroquinolone_antibiotic;_cephalosporin;_glycylcycline;_penam;_tetracycline_antibiotic;_rifamycin_antibiotic;_phenicol_antibiotic;_disinfecting_agents_and_antiseptics	18	651	651	1.0000000
barcode20_1405Gb	contig_21830	2897	3203	FosA8_phosphonic_acid_antibiotic	3	306	306	1.0000000
barcode20_1405Gb	contig_21862	59639	59969	qacJ_disinfecting_agents_and_antiseptics	4	330	330	1.0000000
barcode20_1405Gb	contig_22176	4314	4953	CRP_macrolide_antibiotic;_fluoroquinolone_antibiotic;_penam	12	639	639	1.0000000
barcode20_1405Gb	contig_22239	42833	43874	vanG_glycopeptide_antibiotic	44	1041	1041	1.0000000
barcode20_1405Gb	contig_22239	43870	44623	vanXY gene in vanG cluster_glycopeptide_antibiotic	51	753	753	1.0000000
barcode20_1405Gb	contig_22239	44609	46691	vanT gene in vanG cluster_glycopeptide_antibiotic	36	2082	2082	1.0000000
barcode20_1405Gb	contig_2224	1412	2255	OXA-58_carbapenem;_penam	29	843	843	1.0000000
barcode20_1405Gb	contig_22255	171297	172284	vanH gene in vanO cluster_glycopeptide_antibiotic	19	987	987	1.0000000
barcode20_1405Gb	contig_22480	28666	29044	vanW gene in vanI cluster_glycopeptide_antibiotic	10	378	378	1.0000000
barcode20_1405Gb	contig_22553	116	917	OXA-10_cephalosporin;_penam	13	801	801	1.0000000
barcode20_1405Gb	contig_22553	1037	1817	aadA2_aminoglycoside_antibiotic	21	780	780	1.0000000
barcode20_1405Gb	contig_22622	4025	6128	tet(Q)_tetracycline_antibiotic	12	2103	2103	1.0000000
barcode20_1405Gb	contig_22696	1	1627	vanY gene in vanA cluster_glycopeptide_antibiotic	4	1626	1626	1.0000000
barcode20_1405Gb	contig_22696	8471	9752	vanW gene in vanI cluster_glycopeptide_antibiotic	3	1281	1281	1.0000000
barcode20_1405Gb	contig_22728	9139	10273	vanT gene in vanG cluster_glycopeptide_antibiotic	11	1134	1134	1.0000000
barcode20_1405Gb	contig_22827	132944	133130	rsmA_fluoroquinolone_antibiotic;_diaminopyrimidine_antibiotic;_phenicol_antibiotic	18	186	186	1.0000000
barcode20_1405Gb	contig_22827	141007	142237	Klebsiella pneumoniae KpnH_macrolide_antibiotic;_fluoroquinolone_antibiotic;_aminoglycoside_antibiotic;_carbapenem;_cephalosporin;_penam;_peptide_antibiotic;_penem	9	1230	1230	1.0000000
barcode20_1405Gb	contig_22827	142362	143736	Klebsiella pneumoniae KpnG_macrolide_antibiotic;_fluoroquinolone_antibiotic;_aminoglycoside_antibiotic;_carbapenem;_cephalosporin;_penam;_peptide_antibiotic;_penem	8	1374	1374	1.0000000
barcode20_1405Gb	contig_22827	143861	144392	emrR_fluoroquinolone_antibiotic	5	531	531	1.0000000
barcode20_1405Gb	contig_22833	81734	84251	vanT gene in vanG cluster_glycopeptide_antibiotic	12	2517	2517	1.0000000
barcode20_1405Gb	contig_22861	103	523	FosXCC_phosphonic_acid_antibiotic	44	420	420	1.0000000
barcode20_1405Gb	contig_22862	10099	10600	nimJ_nitroimidazole_antibiotic	65	501	501	1.0000000
barcode20_1405Gb	contig_22863	853	1354	nimJ_nitroimidazole_antibiotic	33	501	501	1.0000000
barcode20_1405Gb	contig_22866	8074	11203	adeF_fluoroquinolone_antibiotic;_tetracycline_antibiotic	4	3129	3129	1.0000000
barcode20_1405Gb	contig_22949	440	1367	vanW gene in vanB cluster_glycopeptide_antibiotic	3	927	927	1.0000000
barcode20_1405Gb	contig_23039	40904	44033	adeF_fluoroquinolone_antibiotic;_tetracycline_antibiotic	13	3129	3129	1.0000000
barcode20_1405Gb	contig_23101	18680	19367	vanY gene in vanB cluster_glycopeptide_antibiotic	14	687	687	1.0000000
barcode20_1405Gb	contig_23203	45867	46653	vanY gene in vanB cluster_glycopeptide_antibiotic	7	786	786	1.0000000
barcode20_1405Gb	contig_23255	20222	21455	Escherichia coli mdfA_tetracycline_antibiotic;_disinfecting_agents_and_antiseptics	13	1233	1233	1.0000000
barcode20_1405Gb	contig_23399	19354	20425	OmpA_peptide_antibiotic	8	1071	1071	1.0000000
barcode20_1405Gb	contig_2350	11	545	ANT(2'')-Ia_aminoglycoside_antibiotic	32	534	534	1.0000000
barcode20_1405Gb	contig_23573	10273	12859	vanW gene in vanI cluster_glycopeptide_antibiotic	3	2586	2586	1.0000000
barcode20_1405Gb	contig_23651	4545	5664	vanT gene in vanG cluster_glycopeptide_antibiotic	14	1119	1119	1.0000000
barcode20_1405Gb	contig_23668	125506	126568	vanG_glycopeptide_antibiotic	14	1062	1062	1.0000000
barcode20_1405Gb	contig_23806	21180	22839	vanW gene in vanI cluster_glycopeptide_antibiotic	6	1659	1659	1.0000000
barcode20_1405Gb	contig_2384	46089	46548	AAC(6')-Il_aminoglycoside_antibiotic	125	459	459	1.0000000
barcode20_1405Gb	contig_2384	46680	47139	AAC(6')-Il_aminoglycoside_antibiotic	82	459	459	1.0000000
barcode20_1405Gb	contig_2384	47282	48110	OXA-2_carbapenem;_cephalosporin;_penam	48	828	828	1.0000000
barcode20_1405Gb	contig_2384	48239	48572	qacJ_disinfecting_agents_and_antiseptics	38	333	333	1.0000000
barcode20_1405Gb	contig_2384	48753	49431	IMP-16_carbapenem;_cephalosporin;_cephamycin;_penam;_penem	23	678	678	1.0000000
barcode20_1405Gb	contig_23854	7875	8205	mef(H)_macrolide_antibiotic	7	330	330	1.0000000
barcode20_1405Gb	contig_23854	9710	11630	tet(M)_tetracycline_antibiotic	22	1920	1920	1.0000000
barcode20_1405Gb	contig_23920	218	1454	vanW gene in vanI cluster_glycopeptide_antibiotic	1	1236	1236	1.0000000
barcode20_1405Gb	contig_23926	582	1707	vanT gene in vanG cluster_glycopeptide_antibiotic	14	1125	1125	1.0000000
barcode20_1405Gb	contig_23972	8307	9474	vanT gene in vanG cluster_glycopeptide_antibiotic	12	1167	1167	1.0000000
barcode20_1405Gb	contig_24028	1387	4564	adeF_fluoroquinolone_antibiotic;_tetracycline_antibiotic	22	3177	3177	1.0000000
barcode20_1405Gb	contig_24318	1904	2804	tet(M)_tetracycline_antibiotic	6	900	900	1.0000000
barcode20_1405Gb	contig_24384	5128	6313	Escherichia coli EF-Tu mutants conferring resistance to Pulvomycin_elfamycin_antibiotic	8	1185	1185	1.0000000
barcode20_1405Gb	contig_24478	6299	7436	vanT gene in vanG cluster_glycopeptide_antibiotic	5	1137	1137	1.0000000
barcode20_1405Gb	contig_24575	6899	9428	tet(Q)_tetracycline_antibiotic	16	2529	2529	1.0000000
barcode20_1405Gb	contig_24754	21760	22090	Klebsiella pneumoniae KpnF_macrolide_antibiotic;_aminoglycoside_antibiotic;_cephalosporin;_tetracycline_antibiotic;_peptide_antibiotic;_rifamycin_antibiotic;_disinfecting_agents_and_antiseptics	25	330	330	1.0000000
barcode20_1405Gb	contig_24754	22076	22442	Klebsiella pneumoniae KpnE_macrolide_antibiotic;_aminoglycoside_antibiotic;_cephalosporin;_tetracycline_antibiotic;_peptide_antibiotic;_rifamycin_antibiotic;_disinfecting_agents_and_antiseptics	27	366	366	1.0000000
barcode20_1405Gb	contig_24759	7170	7503	Escherichia coli emrE_macrolide_antibiotic	7	333	333	1.0000000
barcode20_1405Gb	contig_24933	4520	5777	vanY gene in vanA cluster_glycopeptide_antibiotic	6	1257	1257	1.0000000
barcode20_1405Gb	contig_24969	1187	1511	qacG_disinfecting_agents_and_antiseptics	12	324	324	1.0000000
barcode20_1405Gb	contig_24982	18845	19346	LnuP_lincosamide_antibiotic	6	501	501	1.0000000
barcode20_1405Gb	contig_2499	35208	36375	vanT gene in vanG cluster_glycopeptide_antibiotic	21	1167	1167	1.0000000
barcode20_1405Gb	contig_25029	15898	16912	vanT gene in vanG cluster_glycopeptide_antibiotic	10	1014	1014	1.0000000
barcode20_1405Gb	contig_25030	579	1704	vanT gene in vanG cluster_glycopeptide_antibiotic	9	1125	1125	1.0000000
barcode20_1405Gb	contig_2513	106	451	qacG_disinfecting_agents_and_antiseptics	14	345	345	1.0000000
barcode20_1405Gb	contig_25232	3687	3942	rsmA_fluoroquinolone_antibiotic;_diaminopyrimidine_antibiotic;_phenicol_antibiotic	14	255	255	1.0000000
barcode20_1405Gb	contig_25336	35251	36418	vanT gene in vanG cluster_glycopeptide_antibiotic	19	1167	1167	1.0000000
barcode20_1405Gb	contig_25342	71697	74199	adeF_fluoroquinolone_antibiotic;_tetracycline_antibiotic	6	2502	2502	1.0000000
barcode20_1405Gb	contig_25355	49198	49387	rsmA_fluoroquinolone_antibiotic;_diaminopyrimidine_antibiotic;_phenicol_antibiotic	17	189	189	1.0000000
barcode20_1405Gb	contig_25528	32293	33394	vanW gene in vanI cluster_glycopeptide_antibiotic	4	1101	1101	1.0000000
barcode20_1405Gb	contig_25602	2798	3200	FosG_phosphonic_acid_antibiotic	11	402	402	1.0000000
barcode20_1405Gb	contig_25662	2469	3276	RSD2-2_carbapenem;_cephalosporin	49	807	807	1.0000000
barcode20_1405Gb	contig_26042	15254	16871	vanW gene in vanI cluster_glycopeptide_antibiotic	7	1617	1617	1.0000000
barcode20_1405Gb	contig_26187	3750	4599	vanW gene in vanI cluster_glycopeptide_antibiotic	7	849	849	1.0000000
barcode20_1405Gb	contig_26268	722	2015	EreA_macrolide_antibiotic	13	1293	1293	1.0000000
barcode20_1405Gb	contig_26350	10695	11301	vanY gene in vanM cluster_glycopeptide_antibiotic	4	606	606	1.0000000
barcode20_1405Gb	contig_26399	75014	76565	vanW gene in vanI cluster_glycopeptide_antibiotic	11	1551	1551	1.0000000
barcode20_1405Gb	contig_26399	149018	150677	vanW gene in vanI cluster_glycopeptide_antibiotic	17	1659	1659	1.0000000
barcode20_1405Gb	contig_26458	3647	6770	adeF_fluoroquinolone_antibiotic;_tetracycline_antibiotic	3	3123	3123	1.0000000
barcode20_1405Gb	contig_26553	2656	3151	lnuC_lincosamide_antibiotic	58	495	495	1.0000000
barcode20_1405Gb	contig_26679	65822	66644	vanW gene in vanB cluster_glycopeptide_antibiotic	15	822	822	1.0000000
barcode20_1405Gb	contig_26699	12050	12836	vanW gene in vanI cluster_glycopeptide_antibiotic	16	786	786	1.0000000
barcode20_1405Gb	contig_26821	3795	6804	adeF_fluoroquinolone_antibiotic;_tetracycline_antibiotic	5	3009	3009	1.0000000
barcode20_1405Gb	contig_26857	69870	72996	adeF_fluoroquinolone_antibiotic;_tetracycline_antibiotic	10	3126	3126	1.0000000
barcode20_1405Gb	contig_26919	31225	32356	vanT gene in vanG cluster_glycopeptide_antibiotic	35	1131	1131	1.0000000
barcode20_1405Gb	contig_27060	19297	21010	vanW gene in vanI cluster_glycopeptide_antibiotic	17	1713	1713	1.0000000
barcode20_1405Gb	contig_27200	5123	8222	adeF_fluoroquinolone_antibiotic;_tetracycline_antibiotic	4	3099	3099	1.0000000
barcode20_1405Gb	contig_27235	3505	4417	vanW gene in vanI cluster_glycopeptide_antibiotic	2	912	912	1.0000000
barcode20_1405Gb	contig_27302	3531	4353	vanW gene in vanB cluster_glycopeptide_antibiotic	12	822	822	1.0000000
barcode20_1405Gb	contig_27314	119	761	catII_phenicol_antibiotic	6	642	642	1.0000000
barcode20_1405Gb	contig_27364	12039	12450	FosA8_phosphonic_acid_antibiotic	5	411	411	1.0000000
barcode20_1405Gb	contig_27374	10753	12142	Escherichia coli UhpT with mutation conferring resistance to fosfomycin_phosphonic_acid_antibiotic	11	1389	1389	1.0000000
barcode20_1405Gb	contig_27402	34366	35533	vanT gene in vanG cluster_glycopeptide_antibiotic	13	1167	1167	1.0000000
barcode20_1405Gb	contig_27424	65728	66538	vanY gene in vanB cluster_glycopeptide_antibiotic	14	810	810	1.0000000
barcode20_1405Gb	contig_27424	84978	87750	tet(Q)_tetracycline_antibiotic	16	2772	2772	1.0000000
barcode20_1405Gb	contig_2749	190	763	AAC(6')-Ian_aminoglycoside_antibiotic	13	573	573	1.0000000
barcode20_1405Gb	contig_27561	10196	11015	vanW gene in vanI cluster_glycopeptide_antibiotic	5	819	819	1.0000000
barcode20_1405Gb	contig_27610	26203	27331	vanT gene in vanG cluster_glycopeptide_antibiotic	9	1128	1128	1.0000000
barcode20_1405Gb	contig_27678	93662	94076	H-NS_macrolide_antibiotic;_fluoroquinolone_antibiotic;_cephalosporin;_cephamycin;_penam;_tetracycline_antibiotic	29	414	414	1.0000000
barcode20_1405Gb	contig_27696	4634	5972	vanY gene in vanG cluster_glycopeptide_antibiotic	8	1338	1338	1.0000000
barcode20_1405Gb	contig_28101	1180	1786	vanY gene in vanB cluster_glycopeptide_antibiotic	5	606	606	1.0000000
barcode20_1405Gb	contig_28135	7506	8685	vanT gene in vanG cluster_glycopeptide_antibiotic	16	1179	1179	1.0000000
barcode20_1405Gb	contig_2816	32	665	catB3_phenicol_antibiotic	22	633	633	1.0000000
barcode20_1405Gb	contig_2816	749	1202	arr-3_rifamycin_antibiotic	17	453	453	1.0000000
barcode20_1405Gb	contig_28463	1231	2416	Escherichia coli EF-Tu mutants conferring resistance to Pulvomycin_elfamycin_antibiotic	17	1185	1185	1.0000000
barcode20_1405Gb	contig_28579	0	924	vanW gene in vanI cluster_glycopeptide_antibiotic	10	924	924	1.0000000
barcode20_1405Gb	contig_28603	9767	10754	vanH gene in vanO cluster_glycopeptide_antibiotic	13	987	987	1.0000000
barcode20_1405Gb	contig_28892	62332	64012	vanW gene in vanI cluster_glycopeptide_antibiotic	7	1680	1680	1.0000000
barcode20_1405Gb	contig_28970	23	506	vanY gene in vanG cluster_glycopeptide_antibiotic	4	483	483	1.0000000
barcode20_1405Gb	contig_290	2081	3341	EreB_macrolide_antibiotic	51	1260	1260	1.0000000
barcode20_1405Gb	contig_29000	26069	27197	vanT gene in vanG cluster_glycopeptide_antibiotic	5	1128	1128	1.0000000
barcode20_1405Gb	contig_29059	50889	51375	nimJ_nitroimidazole_antibiotic	4	486	486	1.0000000
barcode20_1405Gb	contig_29096	746	1391	QnrB19_fluoroquinolone_antibiotic	53	645	645	1.0000000
barcode20_1405Gb	contig_2914	21110	22301	tet(C)_tetracycline_antibiotic	117	1191	1191	1.0000000
barcode20_1405Gb	contig_2914	31842	32682	sul1_sulfonamide_antibiotic	138	840	840	1.0000000
barcode20_1405Gb	contig_2914	32675	33023	qacEdelta1_disinfecting_agents_and_antiseptics	202	348	348	1.0000000
barcode20_1405Gb	contig_2914	33234	34065	OXA-4_cephalosporin;_penam	89	831	831	1.0000000
barcode20_1405Gb	contig_2914	34183	34717	ANT(2'')-Ia_aminoglycoside_antibiotic	72	534	534	1.0000000
barcode20_1405Gb	contig_2914	36500	37385	mphE_macrolide_antibiotic	167	885	885	1.0000000
barcode20_1405Gb	contig_2914	37440	38916	msrE_macrolide_antibiotic;_streptogramin_antibiotic	168	1476	1476	1.0000000
barcode20_1405Gb	contig_29301	649	1747	vanY gene in vanA cluster_glycopeptide_antibiotic	7	1098	1098	1.0000000
barcode20_1405Gb	contig_29310	2399	3326	vanH gene in vanF cluster_glycopeptide_antibiotic	5	927	927	1.0000000
barcode20_1405Gb	contig_2944	454	874	FosXCC_phosphonic_acid_antibiotic	32	420	420	1.0000000
barcode20_1405Gb	contig_29458	5018	6200	vanT gene in vanG cluster_glycopeptide_antibiotic	4	1182	1182	1.0000000
barcode20_1405Gb	contig_29525	30590	31265	vanW gene in vanI cluster_glycopeptide_antibiotic	4	675	675	1.0000000
barcode20_1405Gb	contig_29559	3628	4423	OXA-912_penam	6	795	795	1.0000000
barcode20_1405Gb	contig_29560	2704	3499	OXA-726_penam	10	795	795	1.0000000
barcode20_1405Gb	contig_29578	3034	3982	vanW gene in vanI cluster_glycopeptide_antibiotic	5	948	948	1.0000000
barcode20_1405Gb	contig_29718	2019	2493	dfrF_diaminopyrimidine_antibiotic	152	474	474	1.0000000
barcode20_1405Gb	contig_29847	800	1232	vanW gene in vanI cluster_glycopeptide_antibiotic	3	432	432	1.0000000
barcode20_1405Gb	contig_29847	1228	1594	vanW gene in vanI cluster_glycopeptide_antibiotic	5	366	366	1.0000000
barcode20_1405Gb	contig_29863	9472	10261	aadA_aminoglycoside_antibiotic	45	789	789	1.0000000
barcode20_1405Gb	contig_29863	10318	10843	SAT-2_nucleoside_antibiotic	10	525	525	1.0000000
barcode20_1405Gb	contig_29863	10937	11411	dfrA1_diaminopyrimidine_antibiotic	20	474	474	1.0000000
barcode20_1405Gb	contig_29871	13396	14494	vanW gene in vanI cluster_glycopeptide_antibiotic	6	1098	1098	1.0000000
barcode20_1405Gb	contig_29958	17086	18271	Escherichia coli EF-Tu mutants conferring resistance to Pulvomycin_elfamycin_antibiotic	26	1185	1185	1.0000000
barcode20_1405Gb	contig_3001	35	488	arr-3_rifamycin_antibiotic	14	453	453	1.0000000
barcode20_1405Gb	contig_3001	560	1091	AAC(6')-Ib9_aminoglycoside_antibiotic	13	531	531	1.0000000
barcode20_1405Gb	contig_30098	4818	5298	vanW gene in vanG cluster_glycopeptide_antibiotic	3	480	480	1.0000000
barcode20_1405Gb	contig_30132	3745	4444	vanY gene in vanB cluster_glycopeptide_antibiotic	5	699	699	1.0000000
barcode20_1405Gb	contig_30290	4303	4849	AAC(6')-IIc_aminoglycoside_antibiotic	6	546	546	1.0000000
barcode20_1405Gb	contig_30290	5015	5846	OXA-4_cephalosporin;_penam	42	831	831	1.0000000
barcode20_1405Gb	contig_30363	382	571	rsmA_fluoroquinolone_antibiotic;_diaminopyrimidine_antibiotic;_phenicol_antibiotic	7	189	189	1.0000000
barcode20_1405Gb	contig_30394	12879	14220	vanW gene in vanI cluster_glycopeptide_antibiotic	10	1341	1341	1.0000000
barcode20_1405Gb	contig_30394	22485	24186	vanW gene in vanI cluster_glycopeptide_antibiotic	8	1701	1701	1.0000000
barcode20_1405Gb	contig_30446	3094	3961	vanY gene in vanM cluster_glycopeptide_antibiotic	3	867	867	1.0000000
barcode20_1405Gb	contig_30624	7505	8657	vanT gene in vanG cluster_glycopeptide_antibiotic	5	1152	1152	1.0000000
barcode20_1405Gb	contig_31521	1	478	vanY gene in vanG cluster_glycopeptide_antibiotic	14	477	477	1.0000000
barcode20_1405Gb	contig_31608	6527	7640	vanT gene in vanG cluster_glycopeptide_antibiotic	4	1113	1113	1.0000000
barcode20_1405Gb	contig_31621	2436	3663	vanT gene in vanG cluster_glycopeptide_antibiotic	3	1227	1227	1.0000000
barcode20_1405Gb	contig_31704	7517	8381	vanW gene in vanI cluster_glycopeptide_antibiotic	7	864	864	1.0000000
barcode20_1405Gb	contig_31836	35167	36253	vanY gene in vanA cluster_glycopeptide_antibiotic	3	1086	1086	1.0000000
barcode20_1405Gb	contig_31990	6399	7584	Escherichia coli EF-Tu mutants conferring resistance to Pulvomycin_elfamycin_antibiotic	7	1185	1185	1.0000000
barcode20_1405Gb	contig_31991	4202	5387	Escherichia coli EF-Tu mutants conferring resistance to Pulvomycin_elfamycin_antibiotic	26	1185	1185	1.0000000
barcode20_1405Gb	contig_31992	2422	3607	Escherichia coli EF-Tu mutants conferring resistance to Pulvomycin_elfamycin_antibiotic	6	1185	1185	1.0000000
barcode20_1405Gb	contig_32369	7882	8056	vanY gene in vanB cluster_glycopeptide_antibiotic	15	174	174	1.0000000
barcode20_1405Gb	contig_32523	2042	3215	vanT gene in vanG cluster_glycopeptide_antibiotic	6	1173	1173	1.0000000
barcode20_1405Gb	contig_32532	4641	5931	vanW gene in vanI cluster_glycopeptide_antibiotic	4	1290	1290	1.0000000
barcode20_1405Gb	contig_32592	2491	3571	vanW gene in vanI cluster_glycopeptide_antibiotic	7	1080	1080	1.0000000
barcode20_1405Gb	contig_32655	234	873	CRP_macrolide_antibiotic;_fluoroquinolone_antibiotic;_penam	13	639	639	1.0000000
barcode20_1405Gb	contig_329	86761	88180	tet(W)_tetracycline_antibiotic	110	1419	1419	1.0000000
barcode20_1405Gb	contig_33532	6180	7341	vanT gene in vanG cluster_glycopeptide_antibiotic	7	1161	1161	1.0000000
barcode20_1405Gb	contig_33587	4816	5803	vanH gene in vanF cluster_glycopeptide_antibiotic	17	987	987	1.0000000
barcode20_1405Gb	contig_33602	7113	7929	vanY gene in vanB cluster_glycopeptide_antibiotic	7	816	816	1.0000000
barcode20_1405Gb	contig_33687	1116	1428	rsmA_fluoroquinolone_antibiotic;_diaminopyrimidine_antibiotic;_phenicol_antibiotic	3	312	312	1.0000000
barcode20_1405Gb	contig_3378	397	883	lnuA_lincosamide_antibiotic	15	486	486	1.0000000
barcode20_1405Gb	contig_3378	6693	7440	ErmB_macrolide_antibiotic;_lincosamide_antibiotic;_streptogramin_antibiotic;_streptogramin_A_antibiotic;_streptogramin_B_antibiotic	67	747	747	1.0000000
barcode20_1405Gb	contig_3378	8132	8618	lnuA_lincosamide_antibiotic	23	486	486	1.0000000
barcode20_1405Gb	contig_34238	9132	9405	vanY gene in vanG cluster_glycopeptide_antibiotic	4	273	273	1.0000000
barcode20_1405Gb	contig_34311	640	1534	vanY gene in vanM cluster_glycopeptide_antibiotic	3	894	894	1.0000000
barcode20_1405Gb	contig_34340	1641	2625	vanH gene in vanD cluster_glycopeptide_antibiotic	9	984	984	1.0000000
barcode20_1405Gb	contig_34357	11632	12460	vanY gene in vanF cluster_glycopeptide_antibiotic	7	828	828	1.0000000
barcode20_1405Gb	contig_3444	7807	8545	ErmB_macrolide_antibiotic;_lincosamide_antibiotic;_streptogramin_antibiotic;_streptogramin_A_antibiotic;_streptogramin_B_antibiotic	592	738	738	1.0000000
barcode20_1405Gb	contig_34735	7382	8549	vanT gene in vanG cluster_glycopeptide_antibiotic	6	1167	1167	1.0000000
barcode20_1405Gb	contig_34769	3875	5834	tetB(P)_tetracycline_antibiotic	7	1959	1959	1.0000000
barcode20_1405Gb	contig_34988	684	1485	vanY gene in vanB cluster_glycopeptide_antibiotic	5	801	801	1.0000000
barcode20_1405Gb	contig_35095	2034	3252	tet(E)_tetracycline_antibiotic	10	1218	1218	1.0000000
barcode20_1405Gb	contig_35319	4560	5505	vanW gene in vanI cluster_glycopeptide_antibiotic	3	945	945	1.0000000
barcode20_1405Gb	contig_35319	5446	5776	vanW gene in vanI cluster_glycopeptide_antibiotic	5	330	330	1.0000000
barcode20_1405Gb	contig_35427	235	1633	vanW gene in vanI cluster_glycopeptide_antibiotic	2	1398	1398	1.0000000
barcode20_1405Gb	contig_35500	1036	1858	vanW gene in vanI cluster_glycopeptide_antibiotic	3	822	822	1.0000000
barcode20_1405Gb	contig_36065	2364	2976	vanX gene in vanP cluster_glycopeptide_antibiotic	3	612	612	1.0000000
barcode20_1405Gb	contig_3636	75770	76601	tet(W)_tetracycline_antibiotic	125	831	831	1.0000000
barcode20_1405Gb	contig_3636	105439	106201	APH(3')-IIIa_aminoglycoside_antibiotic	158	762	762	1.0000000
barcode20_1405Gb	contig_36372	63460	64555	vanG_glycopeptide_antibiotic	10	1095	1095	1.0000000
barcode20_1405Gb	contig_36372	139387	140383	vanH gene in vanO cluster_glycopeptide_antibiotic	15	996	996	1.0000000
barcode20_1405Gb	contig_36828	3273	3759	lnuA_lincosamide_antibiotic	14	486	486	1.0000000
barcode20_1405Gb	contig_37177	3108	3675	vanW gene in vanI cluster_glycopeptide_antibiotic	10	567	567	1.0000000
barcode20_1405Gb	contig_37215	36214	36778	vanY gene in vanM cluster_glycopeptide_antibiotic	30	564	564	1.0000000
barcode20_1405Gb	contig_3725	464249	466931	tet(36)_tetracycline_antibiotic	76	2682	2682	1.0000000
barcode20_1405Gb	contig_3725	693346	695266	tet(O)_tetracycline_antibiotic	491	1920	1920	1.0000000
barcode20_1405Gb	contig_3725	1062436	1063636	vanT gene in vanG cluster_glycopeptide_antibiotic	84	1200	1200	1.0000000
barcode20_1405Gb	contig_3725	1459075	1460161	vanY gene in vanB cluster_glycopeptide_antibiotic	89	1086	1086	1.0000000
barcode20_1405Gb	contig_37344	731	1466	ErmG_macrolide_antibiotic;_lincosamide_antibiotic;_streptogramin_antibiotic;_streptogramin_A_antibiotic;_streptogramin_B_antibiotic	152	735	735	1.0000000
barcode20_1405Gb	contig_37932	10455	11619	vanT gene in vanG cluster_glycopeptide_antibiotic	18	1164	1164	1.0000000
barcode20_1405Gb	contig_38216	946	1966	vanT gene in vanG cluster_glycopeptide_antibiotic	3	1020	1020	1.0000000
barcode20_1405Gb	contig_38328	8229	9201	vanH gene in vanD cluster_glycopeptide_antibiotic	6	972	972	1.0000000
barcode20_1405Gb	contig_3837	101888	102077	rsmA_fluoroquinolone_antibiotic;_diaminopyrimidine_antibiotic;_phenicol_antibiotic	25	189	189	1.0000000
barcode20_1405Gb	contig_38820	3659	4793	vanT gene in vanG cluster_glycopeptide_antibiotic	4	1134	1134	1.0000000
barcode20_1405Gb	contig_38820	4779	5775	vanT gene in vanG cluster_glycopeptide_antibiotic	3	996	996	1.0000000
barcode20_1405Gb	contig_38820	5774	6509	vanXY gene in vanG cluster_glycopeptide_antibiotic	3	735	735	1.0000000
barcode20_1405Gb	contig_38820	6505	7546	vanG_glycopeptide_antibiotic	6	1041	1041	1.0000000
barcode20_1405Gb	contig_38820	7551	8370	vanW gene in vanG cluster_glycopeptide_antibiotic	5	819	819	1.0000000
barcode20_1405Gb	contig_38949	5060	5405	qacJ_disinfecting_agents_and_antiseptics	5	345	345	1.0000000
barcode20_1405Gb	contig_39003	2934	3267	qacG_disinfecting_agents_and_antiseptics	5	333	333	1.0000000
barcode20_1405Gb	contig_39066	5284	5878	vanY gene in vanB cluster_glycopeptide_antibiotic	4	594	594	1.0000000
barcode20_1405Gb	contig_39108	6134	7022	vanW gene in vanI cluster_glycopeptide_antibiotic	9	888	888	1.0000000
barcode20_1405Gb	contig_39266	8981	9686	vanW gene in vanG cluster_glycopeptide_antibiotic	9	705	705	1.0000000
barcode20_1405Gb	contig_3930	248986	249784	vanY gene in vanB cluster_glycopeptide_antibiotic	14	798	798	1.0000000
barcode20_1405Gb	contig_39319	7453	8659	vanT gene in vanG cluster_glycopeptide_antibiotic	6	1206	1206	1.0000000
barcode20_1405Gb	contig_39451	5351	6323	vanY gene in vanG cluster_glycopeptide_antibiotic	3	972	972	1.0000000
barcode20_1405Gb	contig_3952	12131	14504	vanT gene in vanG cluster_glycopeptide_antibiotic	10	2373	2373	1.0000000
barcode20_1405Gb	contig_3961	28032	28365	qacG_disinfecting_agents_and_antiseptics	10	333	333	1.0000000
barcode20_1405Gb	contig_39718	12552	13926	cpxA_aminoglycoside_antibiotic;_aminocoumarin_antibiotic	5	1374	1374	1.0000000
barcode20_1405Gb	contig_39760	6309	7485	vanT gene in vanG cluster_glycopeptide_antibiotic	7	1176	1176	1.0000000
barcode20_1405Gb	contig_39845	4453	5038	vanW gene in vanG cluster_glycopeptide_antibiotic	3	585	585	1.0000000
barcode20_1405Gb	contig_40060	7740	8271	emrR_fluoroquinolone_antibiotic	11	531	531	1.0000000
barcode20_1405Gb	contig_40060	18179	18365	rsmA_fluoroquinolone_antibiotic;_diaminopyrimidine_antibiotic;_phenicol_antibiotic	20	186	186	1.0000000
barcode20_1405Gb	contig_40061	3206	4286	vanT gene in vanG cluster_glycopeptide_antibiotic	4	1080	1080	1.0000000
barcode20_1405Gb	contig_4019	128031	129462	vanW gene in vanI cluster_glycopeptide_antibiotic	14	1431	1431	1.0000000
barcode20_1405Gb	contig_40291	1731	2472	APH(3')-VIa_aminoglycoside_antibiotic	151	741	741	1.0000000
barcode20_1405Gb	contig_40343	2642	3503	SHV-11_carbapenem;_cephalosporin;_penam	13	861	861	1.0000000
barcode20_1405Gb	contig_40389	5001	6273	TRU-1_cephalosporin;_penam	7	1272	1272	1.0000000
barcode20_1405Gb	contig_4061	25594	27514	tet(W)_tetracycline_antibiotic	332	1920	1920	1.0000000
barcode20_1405Gb	contig_40652	3495	4350	vanY gene in vanG cluster_glycopeptide_antibiotic	3	855	855	1.0000000
barcode20_1405Gb	contig_4067	9884	11438	vanW gene in vanI cluster_glycopeptide_antibiotic	6	1554	1554	1.0000000
barcode20_1405Gb	contig_40707	4478	4682	rsmA_fluoroquinolone_antibiotic;_diaminopyrimidine_antibiotic;_phenicol_antibiotic	11	204	204	1.0000000
barcode20_1405Gb	contig_41055	4243	5008	cphA3_carbapenem	4	765	765	1.0000000
barcode20_1405Gb	contig_4117	81341	82103	OXA-464_penam	26	762	762	1.0000000
barcode20_1405Gb	contig_41191	4390	5845	vanW gene in vanI cluster_glycopeptide_antibiotic	7	1455	1455	1.0000000
barcode20_1405Gb	contig_41417	7127	7820	vanW gene in vanI cluster_glycopeptide_antibiotic	7	693	693	1.0000000
barcode20_1405Gb	contig_41462	1207	2344	vanT gene in vanG cluster_glycopeptide_antibiotic	3	1137	1137	1.0000000
barcode20_1405Gb	contig_4147	34204	35044	sul1_sulfonamide_antibiotic	172	840	840	1.0000000
barcode20_1405Gb	contig_4147	35037	35385	qacEdelta1_disinfecting_agents_and_antiseptics	198	348	348	1.0000000
barcode20_1405Gb	contig_4147	35520	36348	OXA-2_carbapenem;_cephalosporin;_penam	78	828	828	1.0000000
barcode20_1405Gb	contig_4147	36424	37204	aadA_aminoglycoside_antibiotic	87	780	780	1.0000000
barcode20_1405Gb	contig_4147	37252	38080	OXA-2_carbapenem;_cephalosporin;_penam	71	828	828	1.0000000
barcode20_1405Gb	contig_41499	3988	5473	vanW gene in vanI cluster_glycopeptide_antibiotic	4	1485	1485	1.0000000
barcode20_1405Gb	contig_4163	51169	52333	vanT gene in vanG cluster_glycopeptide_antibiotic	6	1164	1164	1.0000000
barcode20_1405Gb	contig_4183	161743	162904	vanT gene in vanG cluster_glycopeptide_antibiotic	17	1161	1161	1.0000000
barcode20_1405Gb	contig_4186	125407	125662	rsmA_fluoroquinolone_antibiotic;_diaminopyrimidine_antibiotic;_phenicol_antibiotic	79	255	255	1.0000000
barcode20_1405Gb	contig_41929	15884	19076	vanY gene in vanG cluster_glycopeptide_antibiotic	5	3192	3192	1.0000000
barcode20_1405Gb	contig_41934	0	1104	vanT gene in vanG cluster_glycopeptide_antibiotic	3	1104	1104	1.0000000
barcode20_1405Gb	contig_41936	7520	8651	vanW gene in vanI cluster_glycopeptide_antibiotic	4	1131	1131	1.0000000
barcode20_1405Gb	contig_4198	21403	22618	floR_phenicol_antibiotic	48	1215	1215	1.0000000
barcode20_1405Gb	contig_4214	209551	212017	vanT gene in vanG cluster_glycopeptide_antibiotic	11	2466	2466	1.0000000
barcode20_1405Gb	contig_4223	1097	1982	mphE_macrolide_antibiotic	122	885	885	1.0000000
barcode20_1405Gb	contig_4223	29743	30331	AAC(6')-Ib-cr6_fluoroquinolone_antibiotic;_aminoglycoside_antibiotic	65	588	588	1.0000000
barcode20_1405Gb	contig_4236	23866	24601	ErmG_macrolide_antibiotic;_lincosamide_antibiotic;_streptogramin_antibiotic;_streptogramin_A_antibiotic;_streptogramin_B_antibiotic	829	735	735	1.0000000
barcode20_1405Gb	contig_42468	3272	3953	vanY gene in vanB cluster_glycopeptide_antibiotic	8	681	681	1.0000000
barcode20_1405Gb	contig_42489	2227	2728	LnuP_lincosamide_antibiotic	5	501	501	1.0000000
barcode20_1405Gb	contig_42632	50	906	ACI-1_cephalosporin;_penam;_penem	14	856	856	1.0000000
barcode20_1405Gb	contig_42676	2703	3699	vanH gene in vanB cluster_glycopeptide_antibiotic	8	996	996	1.0000000
barcode20_1405Gb	contig_42829	49161	50085	vanY gene in vanB cluster_glycopeptide_antibiotic	6	924	924	1.0000000
barcode20_1405Gb	contig_4283	21349	23026	vanW gene in vanI cluster_glycopeptide_antibiotic	40	1677	1677	1.0000000
barcode20_1405Gb	contig_4291	11937	12822	mphG_macrolide_antibiotic	35	885	885	1.0000000
barcode20_1405Gb	contig_4297	3204	4017	aadS_aminoglycoside_antibiotic	36	813	813	1.0000000
barcode20_1405Gb	contig_43134	593	1739	CMY-4_cephamycin	3	1146	1146	1.0000000
barcode20_1405Gb	contig_4320	1	1501	tet(W/N/W)_tetracycline_antibiotic	9	1500	1500	1.0000000
barcode20_1405Gb	contig_43237	1669	1999	qacG_disinfecting_agents_and_antiseptics	5	330	330	1.0000000
barcode20_1405Gb	contig_4333	488874	489861	vanH gene in vanO cluster_glycopeptide_antibiotic	29	987	987	1.0000000
barcode20_1405Gb	contig_43355	562	1378	APH(3')-Ia_aminoglycoside_antibiotic	78	816	816	1.0000000
barcode20_1405Gb	contig_43356	103	919	APH(3')-Ia_aminoglycoside_antibiotic	44	816	816	1.0000000
barcode20_1405Gb	contig_43466	1196	2108	vanW gene in vanI cluster_glycopeptide_antibiotic	1	912	912	1.0000000
barcode20_1405Gb	contig_43466	2046	2562	vanW gene in vanI cluster_glycopeptide_antibiotic	3	516	516	1.0000000
barcode20_1405Gb	contig_4371	422	1898	msrE_macrolide_antibiotic;_streptogramin_antibiotic	160	1476	1476	1.0000000
barcode20_1405Gb	contig_4371	1953	2838	mphE_macrolide_antibiotic	153	885	885	1.0000000
barcode20_1405Gb	contig_4372	75	903	OXA-253_carbapenem;_penam	41	828	828	1.0000000
barcode20_1405Gb	contig_4379	11710	12058	qacEdelta1_disinfecting_agents_and_antiseptics	193	348	348	1.0000000
barcode20_1405Gb	contig_4379	12051	12891	sul1_sulfonamide_antibiotic	155	840	840	1.0000000
barcode20_1405Gb	contig_4393	913	2074	tet(X3)_glycylcycline;_tetracycline_antibiotic	14	1161	1161	1.0000000
barcode20_1405Gb	contig_4394	2968	3613	QnrB19_fluoroquinolone_antibiotic	78	645	645	1.0000000
barcode20_1405Gb	contig_4413	9233	10661	fexA_phenicol_antibiotic	17	1428	1428	1.0000000
barcode20_1405Gb	contig_4419	135	792	QnrVC1_fluoroquinolone_antibiotic	73	657	657	1.0000000
barcode20_1405Gb	contig_4419	1063	1843	aadA_aminoglycoside_antibiotic	59	780	780	1.0000000
barcode20_1405Gb	contig_44240	788	1526	ErmB_macrolide_antibiotic;_lincosamide_antibiotic;_streptogramin_antibiotic;_streptogramin_A_antibiotic;_streptogramin_B_antibiotic	172	738	738	1.0000000
barcode20_1405Gb	contig_4425	10557	11217	catQ_phenicol_antibiotic	18	660	660	1.0000000
barcode20_1405Gb	contig_4425	13831	15316	lsaE_lincosamide_antibiotic;_streptogramin_antibiotic;_pleuromutilin_antibiotic	46	1485	1485	1.0000000
barcode20_1405Gb	contig_4425	15369	16173	lnuB_lincosamide_antibiotic	42	804	804	1.0000000
barcode20_1405Gb	contig_4426	1	445	SAT-4_nucleoside_antibiotic	123	444	444	1.0000000
barcode20_1405Gb	contig_4432	2325	4245	tet(O)_tetracycline_antibiotic	359	1920	1920	1.0000000
barcode20_1405Gb	contig_4434	123298	125218	tet(O)_tetracycline_antibiotic	423	1920	1920	1.0000000
barcode20_1405Gb	contig_4437	10932	11727	OXA-504_penam	32	795	795	1.0000000
barcode20_1405Gb	contig_4439	3563	4364	ErmF_macrolide_antibiotic;_lincosamide_antibiotic;_streptogramin_antibiotic;_streptogramin_A_antibiotic;_streptogramin_B_antibiotic	113	801	801	1.0000000
barcode20_1405Gb	contig_44431	4249	4564	vanY gene in vanM cluster_glycopeptide_antibiotic	8	315	315	1.0000000
barcode20_1405Gb	contig_44462	689	2372	vanW gene in vanI cluster_glycopeptide_antibiotic	6	1683	1683	1.0000000
barcode20_1405Gb	contig_4476	61911	62832	vanY gene in vanB cluster_glycopeptide_antibiotic	6	921	921	1.0000000
barcode20_1405Gb	contig_4482	9466	10201	ErmG_macrolide_antibiotic;_lincosamide_antibiotic;_streptogramin_antibiotic;_streptogramin_A_antibiotic;_streptogramin_B_antibiotic	819	735	735	1.0000000
barcode20_1405Gb	contig_4483	52224	52959	ErmG_macrolide_antibiotic;_lincosamide_antibiotic;_streptogramin_antibiotic;_streptogramin_A_antibiotic;_streptogramin_B_antibiotic	835	735	735	1.0000000
barcode20_1405Gb	contig_4493	2138	3134	CfxA6_cephamycin	59	996	996	1.0000000
barcode20_1405Gb	contig_44988	6478	7549	vanT gene in vanG cluster_glycopeptide_antibiotic	1	1071	1071	1.0000000
barcode20_1405Gb	contig_4505	10241	11420	tet(O)_tetracycline_antibiotic	107	1179	1179	1.0000000
barcode20_1405Gb	contig_4505	56507	57002	lnuC_lincosamide_antibiotic	162	495	495	1.0000000
barcode20_1405Gb	contig_4505	57703	59623	tet(W)_tetracycline_antibiotic	176	1920	1920	1.0000000
barcode20_1405Gb	contig_45054	9336	9669	qacG_disinfecting_agents_and_antiseptics	5	333	333	1.0000000
barcode20_1405Gb	contig_4516	15531	15915	marA_fluoroquinolone_antibiotic;_monobactam;_carbapenem;_cephalosporin;_glycylcycline;_cephamycin;_penam;_tetracycline_antibiotic;_rifamycin_antibiotic;_phenicol_antibiotic;_penem;_disinfecting_agents_and_antiseptics	31	384	384	1.0000000
barcode20_1405Gb	contig_4516	15934	16369	Escherichia coli AcrAB-TolC with MarR mutations conferring resistance to ciprofloxacin and tetracycline_fluoroquinolone_antibiotic;_cephalosporin;_glycylcycline;_penam;_tetracycline_antibiotic;_rifamycin_antibiotic;_phenicol_antibiotic;_disinfecting_agents_and_antiseptics	28	435	435	1.0000000
barcode20_1405Gb	contig_4537	3254	3827	AAC(6')-Ian_aminoglycoside_antibiotic	4	573	573	1.0000000
barcode20_1405Gb	contig_4537	5520	6726	tet(B)_tetracycline_antibiotic	9	1206	1206	1.0000000
barcode20_1405Gb	contig_4537	6807	7431	tetR_tetracycline_antibiotic	9	624	624	1.0000000
barcode20_1405Gb	contig_45470	16823	17978	Klebsiella pneumoniae OmpK37_monobactam;_carbapenem;_cephalosporin;_cephamycin;_penam;_penem	6	1155	1155	1.0000000
barcode20_1405Gb	contig_45598	18607	19771	vanT gene in vanG cluster_glycopeptide_antibiotic	4	1164	1164	1.0000000
barcode20_1405Gb	contig_45650	7837	10999	adeF_fluoroquinolone_antibiotic;_tetracycline_antibiotic	5	3162	3162	1.0000000
barcode20_1405Gb	contig_45660	3866	4796	Erm(52)_macrolide_antibiotic;_lincosamide_antibiotic;_streptogramin_antibiotic	4	930	930	1.0000000
barcode20_1405Gb	contig_45696	109184	110363	vanT gene in vanG cluster_glycopeptide_antibiotic	34	1179	1179	1.0000000
barcode20_1405Gb	contig_45800	324	1230	mphA_macrolide_antibiotic	105	906	906	1.0000000
barcode20_1405Gb	contig_45833	15	489	dfrA6_diaminopyrimidine_antibiotic	30	474	474	1.0000000
barcode20_1405Gb	contig_4587	168584	170057	vanW gene in vanI cluster_glycopeptide_antibiotic	16	1473	1473	1.0000000
barcode20_1405Gb	contig_4592	1	625	vanY gene in vanB cluster_glycopeptide_antibiotic	161	624	624	1.0000000
barcode20_1405Gb	contig_46096	101	2570	vanT gene in vanG cluster_glycopeptide_antibiotic	6	2469	2469	1.0000000
barcode20_1405Gb	contig_4620	169994	170807	vanY gene in vanB cluster_glycopeptide_antibiotic	21	813	813	1.0000000
barcode20_1405Gb	contig_46241	14899	15910	vanY gene in vanB cluster_glycopeptide_antibiotic	17	1011	1011	1.0000000
barcode20_1405Gb	contig_46295	44433	47547	adeF_fluoroquinolone_antibiotic;_tetracycline_antibiotic	24	3114	3114	1.0000000
barcode20_1405Gb	contig_46305	24529	25702	vanT gene in vanG cluster_glycopeptide_antibiotic	8	1173	1173	1.0000000
barcode20_1405Gb	contig_46333	41091	42258	vanT gene in vanG cluster_glycopeptide_antibiotic	15	1167	1167	1.0000000
barcode20_1405Gb	contig_46344	20757	21897	tet(X1)_tetracycline_antibiotic	29	1140	1140	1.0000000
barcode20_1405Gb	contig_46344	22080	22944	aadS_aminoglycoside_antibiotic	56	864	864	1.0000000
barcode20_1405Gb	contig_46345	33	897	aadS_aminoglycoside_antibiotic	38	864	864	1.0000000
barcode20_1405Gb	contig_46399	58853	59039	rsmA_fluoroquinolone_antibiotic;_diaminopyrimidine_antibiotic;_phenicol_antibiotic	30	186	186	1.0000000
barcode20_1405Gb	contig_46399	63845	65384	emrB_fluoroquinolone_antibiotic	29	1539	1539	1.0000000
barcode20_1405Gb	contig_46399	65400	66573	emrA_fluoroquinolone_antibiotic	27	1173	1173	1.0000000
barcode20_1405Gb	contig_46399	66699	67230	emrR_fluoroquinolone_antibiotic	33	531	531	1.0000000
barcode20_1405Gb	contig_4640	2171	3011	sul1_sulfonamide_antibiotic	210	840	840	1.0000000
barcode20_1405Gb	contig_4640	3004	3352	qacEdelta1_disinfecting_agents_and_antiseptics	239	348	348	1.0000000
barcode20_1405Gb	contig_46416	1448	2252	APH(3'')-Ib_aminoglycoside_antibiotic	144	804	804	1.0000000
barcode20_1405Gb	contig_46416	2251	3088	APH(6)-Id_aminoglycoside_antibiotic	147	837	837	1.0000000
barcode20_1405Gb	contig_4643	27772	28930	vanT gene in vanG cluster_glycopeptide_antibiotic	7	1158	1158	1.0000000
barcode20_1405Gb	contig_4647	28241	30161	tet(O)_tetracycline_antibiotic	181	1920	1920	1.0000000
barcode20_1405Gb	contig_4648	1	457	tet(W)_tetracycline_antibiotic	59	456	456	1.0000000
barcode20_1405Gb	contig_46537	4123	4828	vanY gene in vanB cluster_glycopeptide_antibiotic	4	705	705	1.0000000
barcode20_1405Gb	contig_4659	64035	65145	vanG_glycopeptide_antibiotic	31	1110	1110	1.0000000
barcode20_1405Gb	contig_4659	316180	317389	vanT gene in vanG cluster_glycopeptide_antibiotic	37	1209	1209	1.0000000
barcode20_1405Gb	contig_46635	7598	10700	adeF_fluoroquinolone_antibiotic;_tetracycline_antibiotic	9	3102	3102	1.0000000
barcode20_1405Gb	contig_46668	50616	51099	vanY gene in vanF cluster_glycopeptide_antibiotic	21	483	483	1.0000000
barcode20_1405Gb	contig_46686	1	448	AAC(6')-Il_aminoglycoside_antibiotic	60	447	447	1.0000000
barcode20_1405Gb	contig_46686	586	1327	IMP-16_carbapenem;_cephalosporin;_cephamycin;_penam;_penem	13	741	741	1.0000000
barcode20_1405Gb	contig_46686	1570	1903	qacL_disinfecting_agents_and_antiseptics	18	333	333	1.0000000
barcode20_1405Gb	contig_4676	15332	16112	APH(3')-VIa_aminoglycoside_antibiotic	191	780	780	1.0000000
barcode20_1405Gb	contig_4676	17317	18130	NDM-1_carbapenem;_cephalosporin;_cephamycin;_penam	26	813	813	1.0000000
barcode20_1405Gb	contig_4679	24810	25623	NDM-1_carbapenem;_cephalosporin;_cephamycin;_penam	24	813	813	1.0000000
barcode20_1405Gb	contig_4679	30638	31418	APH(3')-VIa_aminoglycoside_antibiotic	148	780	780	1.0000000
barcode20_1405Gb	contig_46808	14715	17826	adeF_fluoroquinolone_antibiotic;_tetracycline_antibiotic	14	3111	3111	1.0000000
barcode20_1405Gb	contig_46813	807	1992	Escherichia coli EF-Tu mutants conferring resistance to Pulvomycin_elfamycin_antibiotic	5	1185	1185	1.0000000
barcode20_1405Gb	contig_46834	14710	14908	rsmA_fluoroquinolone_antibiotic;_diaminopyrimidine_antibiotic;_phenicol_antibiotic	18	198	198	1.0000000
barcode20_1405Gb	contig_4688	0	474	tet(O)_tetracycline_antibiotic	98	474	474	1.0000000
barcode20_1405Gb	contig_4694	4222	5107	mphE_macrolide_antibiotic	192	885	885	1.0000000
barcode20_1405Gb	contig_4694	5162	6638	msrE_macrolide_antibiotic;_streptogramin_antibiotic	189	1476	1476	1.0000000
barcode20_1405Gb	contig_4694	19764	20580	sul2_sulfonamide_antibiotic	68	816	816	1.0000000
barcode20_1405Gb	contig_4695	2	848	APH(3'')-Ib_aminoglycoside_antibiotic	71	846	846	1.0000000
barcode20_1405Gb	contig_4695	847	1684	APH(6)-Id_aminoglycoside_antibiotic	104	837	837	1.0000000
barcode20_1405Gb	contig_4696	1680	2325	AAC(6')-Ib9_aminoglycoside_antibiotic	44	645	645	1.0000000
barcode20_1405Gb	contig_4696	2467	3295	OXA-2_carbapenem;_cephalosporin;_penam	33	828	828	1.0000000
barcode20_1405Gb	contig_4696	3430	3778	qacEdelta1_disinfecting_agents_and_antiseptics	236	348	348	1.0000000
barcode20_1405Gb	contig_4696	3771	4611	sul1_sulfonamide_antibiotic	215	840	840	1.0000000
barcode20_1405Gb	contig_4697	2452	2785	qacL_disinfecting_agents_and_antiseptics	34	333	333	1.0000000
barcode20_1405Gb	contig_4697	2873	3429	AAC(6')-Ib4_aminoglycoside_antibiotic	58	556	556	1.0000000
barcode20_1405Gb	contig_4697	3509	4337	OXA-2_carbapenem;_cephalosporin;_penam	46	828	828	1.0000000
barcode20_1405Gb	contig_4697	5294	6122	OXA-2_carbapenem;_cephalosporin;_penam	56	828	828	1.0000000
barcode20_1405Gb	contig_4697	6577	6925	qacEdelta1_disinfecting_agents_and_antiseptics	224	348	348	1.0000000
barcode20_1405Gb	contig_4697	6918	7758	sul1_sulfonamide_antibiotic	208	840	840	1.0000000
barcode20_1405Gb	contig_46992	3429	3642	vanU gene in vanG cluster_glycopeptide_antibiotic	109	213	213	1.0000000
barcode20_1405Gb	contig_47042	9378	10257	CblA-1_cephalosporin	14	879	879	1.0000000
barcode20_1405Gb	contig_47121	9827	11399	vanW gene in vanI cluster_glycopeptide_antibiotic	8	1572	1572	1.0000000
barcode20_1405Gb	contig_47123	3896	4979	vanY gene in vanB cluster_glycopeptide_antibiotic	9	1083	1083	1.0000000
barcode20_1405Gb	contig_47168	7270	8482	vanT gene in vanG cluster_glycopeptide_antibiotic	16	1212	1212	1.0000000
barcode20_1405Gb	contig_47176	3382	4339	vanY gene in vanB cluster_glycopeptide_antibiotic	1	957	957	1.0000000
barcode20_1405Gb	contig_47184	5970	7389	vanW gene in vanI cluster_glycopeptide_antibiotic	4	1419	1419	1.0000000
barcode20_1405Gb	contig_47384	7236	7431	rsmA_fluoroquinolone_antibiotic;_diaminopyrimidine_antibiotic;_phenicol_antibiotic	19	195	195	1.0000000
barcode20_1405Gb	contig_47465	2835	3561	vanY gene in vanB cluster_glycopeptide_antibiotic	11	726	726	1.0000000
barcode20_1405Gb	contig_47469	3357	4359	vanH gene in vanA cluster_glycopeptide_antibiotic	7	1002	1002	1.0000000
barcode20_1405Gb	contig_47481	2079	2706	Campylobacter coli chloramphenicol acetyltransferase_phenicol_antibiotic	44	627	627	1.0000000
barcode20_1405Gb	contig_47481	7628	8255	Campylobacter coli chloramphenicol acetyltransferase_phenicol_antibiotic	45	627	627	1.0000000
barcode20_1405Gb	contig_47495	16067	18533	vanT gene in vanG cluster_glycopeptide_antibiotic	11	2466	2466	1.0000000
barcode20_1405Gb	contig_47545	4161	5805	ArnT_peptide_antibiotic	4	1644	1644	1.0000000
barcode20_1405Gb	contig_476	2	1232	tet(40)_tetracycline_antibiotic	120	1230	1230	1.0000000
barcode20_1405Gb	contig_4775	14	824	mphG_macrolide_antibiotic	6	810	810	1.0000000
barcode20_1405Gb	contig_4780	104219	106046	vanW gene in vanI cluster_glycopeptide_antibiotic	39	1827	1827	1.0000000
barcode20_1405Gb	contig_4780	343082	344207	vanT gene in vanG cluster_glycopeptide_antibiotic	51	1125	1125	1.0000000
barcode20_1405Gb	contig_4780	924513	926436	tet(44)_tetracycline_antibiotic	63	1923	1923	1.0000000
barcode20_1405Gb	contig_4780	1263129	1263870	vanW gene in vanI cluster_glycopeptide_antibiotic	37	741	741	1.0000000
barcode20_1405Gb	contig_47815	1047	2028	vanH gene in vanO cluster_glycopeptide_antibiotic	13	981	981	1.0000000
barcode20_1405Gb	contig_47830	7669	8725	vanH gene in vanO cluster_glycopeptide_antibiotic	12	1056	1056	1.0000000
barcode20_1405Gb	contig_4784	1367	2252	mphE_macrolide_antibiotic	165	885	885	1.0000000
barcode20_1405Gb	contig_47841	0	1299	vanY gene in vanG cluster_glycopeptide_antibiotic	13	1299	1299	1.0000000
barcode20_1405Gb	contig_4791	7211	7949	ErmB_macrolide_antibiotic;_lincosamide_antibiotic;_streptogramin_antibiotic;_streptogramin_A_antibiotic;_streptogramin_B_antibiotic	116	738	738	1.0000000
barcode20_1405Gb	contig_4791	8394	9771	tet(L)_tetracycline_antibiotic	20	1377	1377	1.0000000
barcode20_1405Gb	contig_4791	10231	12151	tet(O/W/32/O)_tetracycline_antibiotic	13	1920	1920	1.0000000
barcode20_1405Gb	contig_47936	72788	74000	vanT gene in vanG cluster_glycopeptide_antibiotic	7	1212	1212	1.0000000
barcode20_1405Gb	contig_47951	13282	14662	vanW gene in vanI cluster_glycopeptide_antibiotic	10	1380	1380	1.0000000
barcode20_1405Gb	contig_4796	50089	52009	tet(W)_tetracycline_antibiotic	354	1920	1920	1.0000000
barcode20_1405Gb	contig_47994	23438	24272	vanY gene in vanB cluster_glycopeptide_antibiotic	4	834	834	1.0000000
barcode20_1405Gb	contig_48135	5561	8039	vanT gene in vanG cluster_glycopeptide_antibiotic	12	2478	2478	1.0000000
barcode20_1405Gb	contig_48323	1368	2178	ErmB_macrolide_antibiotic;_lincosamide_antibiotic;_streptogramin_antibiotic;_streptogramin_A_antibiotic;_streptogramin_B_antibiotic	94	810	810	1.0000000
barcode20_1405Gb	contig_4835	46285	47278	vanH gene in vanB cluster_glycopeptide_antibiotic	13	993	993	1.0000000
barcode20_1405Gb	contig_48493	6811	9343	vanT gene in vanG cluster_glycopeptide_antibiotic	4	2532	2532	1.0000000
barcode20_1405Gb	contig_4853	18212	18707	lnuC_lincosamide_antibiotic	258	495	495	1.0000000
barcode20_1405Gb	contig_4857	1	1255	tet(32)_tetracycline_antibiotic	42	1254	1254	1.0000000
barcode20_1405Gb	contig_4857	7300	8026	vanY gene in vanB cluster_glycopeptide_antibiotic	276	726	726	1.0000000
barcode20_1405Gb	contig_4863	20385	22305	tet(W/N/W)_tetracycline_antibiotic	39	1920	1920	1.0000000
barcode20_1405Gb	contig_4882	24988	26173	Escherichia coli EF-Tu mutants conferring resistance to Pulvomycin_elfamycin_antibiotic	34	1185	1185	1.0000000
barcode20_1405Gb	contig_4882	43539	44724	Escherichia coli EF-Tu mutants conferring resistance to Pulvomycin_elfamycin_antibiotic	37	1185	1185	1.0000000
barcode20_1405Gb	contig_4896	168910	169726	sul2_sulfonamide_antibiotic	48	816	816	1.0000000
barcode20_1405Gb	contig_4896	170697	171534	APH(6)-Id_aminoglycoside_antibiotic	105	837	837	1.0000000
barcode20_1405Gb	contig_4899	58987	62125	adeF_fluoroquinolone_antibiotic;_tetracycline_antibiotic	13	3138	3138	1.0000000
barcode20_1405Gb	contig_49023	13201	14338	vanT gene in vanG cluster_glycopeptide_antibiotic	4	1137	1137	1.0000000
barcode20_1405Gb	contig_4905	304	1339	cfrE_lincosamide_antibiotic;_streptogramin_antibiotic;_oxazolidinone_antibiotic;_phenicol_antibiotic;_pleuromutilin_antibiotic	15	1035	1035	1.0000000
barcode20_1405Gb	contig_4909	181054	182152	vanG_glycopeptide_antibiotic	19	1098	1098	1.0000000
barcode20_1405Gb	contig_49091	8175	11322	adeF_fluoroquinolone_antibiotic;_tetracycline_antibiotic	9	3147	3147	1.0000000
barcode20_1405Gb	contig_4932	40138	41284	vanT gene in vanG cluster_glycopeptide_antibiotic	34	1146	1146	1.0000000
barcode20_1405Gb	contig_4941	32822	34010	vanT gene in vanG cluster_glycopeptide_antibiotic	19	1188	1188	1.0000000
barcode20_1405Gb	contig_49549	3491	4562	vanG_glycopeptide_antibiotic	7	1071	1071	1.0000000
barcode20_1405Gb	contig_49557	5892	6387	nimD_nitroimidazole_antibiotic	29	495	495	1.0000000
barcode20_1405Gb	contig_4986	8454	8667	vanU gene in vanG cluster_glycopeptide_antibiotic	101	213	213	1.0000000
barcode20_1405Gb	contig_4987	592	2218	tet(O)_tetracycline_antibiotic	56	1626	1626	1.0000000
barcode20_1405Gb	contig_5030	7302	10458	adeF_fluoroquinolone_antibiotic;_tetracycline_antibiotic	17	3156	3156	1.0000000
barcode20_1405Gb	contig_5035	42408	43641	mdtM_fluoroquinolone_antibiotic;_lincosamide_antibiotic;_nucleoside_antibiotic;_phenicol_antibiotic;_disinfecting_agents_and_antiseptics	40	1233	1233	1.0000000
barcode20_1405Gb	contig_5053	3375	3918	lnuC_lincosamide_antibiotic	65	543	543	1.0000000
barcode20_1405Gb	contig_5058	68283	68940	QnrVC1_fluoroquinolone_antibiotic	95	657	657	1.0000000
barcode20_1405Gb	contig_5058	69770	70244	dfrA6_diaminopyrimidine_antibiotic	56	474	474	1.0000000
barcode20_1405Gb	contig_5066	3748	5668	tet(O)_tetracycline_antibiotic	163	1920	1920	1.0000000
barcode20_1405Gb	contig_5087	36826	38758	tet(W)_tetracycline_antibiotic	181	1932	1932	1.0000000
barcode20_1405Gb	contig_5104	20550	21432	vanY gene in vanB cluster_glycopeptide_antibiotic	8	882	882	1.0000000
barcode20_1405Gb	contig_5114	161089	162895	vanW gene in vanI cluster_glycopeptide_antibiotic	8	1806	1806	1.0000000
barcode20_1405Gb	contig_5120	86516	87749	Escherichia coli mdfA_tetracycline_antibiotic;_disinfecting_agents_and_antiseptics	28	1233	1233	1.0000000
barcode20_1405Gb	contig_5120	169541	171290	msbA_nitroimidazole_antibiotic	32	1749	1749	1.0000000
barcode20_1405Gb	contig_5129	28911	30045	tet(O)_tetracycline_antibiotic	151	1134	1134	1.0000000
barcode20_1405Gb	contig_5129	30098	30833	tet(O)_tetracycline_antibiotic	203	735	735	1.0000000
barcode20_1405Gb	contig_5165	24909	25770	TEM-1_monobactam;_cephalosporin;_penam;_penem	39	861	861	1.0000000
barcode20_1405Gb	contig_5166	113	974	AAC(3)-IId_aminoglycoside_antibiotic	16	861	861	1.0000000
barcode20_1405Gb	contig_5170	12434	13316	vanW gene in vanG cluster_glycopeptide_antibiotic	86	882	882	1.0000000
barcode20_1405Gb	contig_5187	4491	5682	tet(C)_tetracycline_antibiotic	110	1191	1191	1.0000000
barcode20_1405Gb	contig_5190	30165	31047	KPC-2_monobactam;_carbapenem;_cephalosporin;_penam	237	882	882	1.0000000
barcode20_1405Gb	contig_5284	7136	7874	ErmB_macrolide_antibiotic;_lincosamide_antibiotic;_streptogramin_antibiotic;_streptogramin_A_antibiotic;_streptogramin_B_antibiotic	99	738	738	1.0000000
barcode20_1405Gb	contig_5284	25678	27055	tet(L)_tetracycline_antibiotic	20	1377	1377	1.0000000
barcode20_1405Gb	contig_5284	27248	29168	tet(M)_tetracycline_antibiotic	16	1920	1920	1.0000000
barcode20_1405Gb	contig_5307	9240	9864	catS_phenicol_antibiotic	174	624	624	1.0000000
barcode20_1405Gb	contig_5315	1487626	1488481	ErmX_macrolide_antibiotic;_lincosamide_antibiotic;_streptogramin_antibiotic;_streptogramin_A_antibiotic;_streptogramin_B_antibiotic	115	855	855	1.0000000
barcode20_1405Gb	contig_5373	16523	17507	vanY gene in vanB cluster_glycopeptide_antibiotic	15	984	984	1.0000000
barcode20_1405Gb	contig_5421	514224	514548	qacG_disinfecting_agents_and_antiseptics	53	324	324	1.0000000
barcode20_1405Gb	contig_5421	645769	647689	tet(W)_tetracycline_antibiotic	269	1920	1920	1.0000000
barcode20_1405Gb	contig_5421	1776546	1779726	adeF_fluoroquinolone_antibiotic;_tetracycline_antibiotic	27	3180	3180	1.0000000
barcode20_1405Gb	contig_5423	354334	357454	adeF_fluoroquinolone_antibiotic;_tetracycline_antibiotic	24	3120	3120	1.0000000
barcode20_1405Gb	contig_5423	492259	495379	adeF_fluoroquinolone_antibiotic;_tetracycline_antibiotic	18	3120	3120	1.0000000
barcode20_1405Gb	contig_5427	4804	6319	aadT_macrolide_antibiotic;_tetracycline_antibiotic;_disinfecting_agents_and_antiseptics	23	1515	1515	1.0000000
barcode20_1405Gb	contig_5429	7622	8360	ErmB_macrolide_antibiotic;_lincosamide_antibiotic;_streptogramin_antibiotic;_streptogramin_A_antibiotic;_streptogramin_B_antibiotic	157	738	738	1.0000000
barcode20_1405Gb	contig_5445	71094	71931	vanW gene in vanG cluster_glycopeptide_antibiotic	11	837	837	1.0000000
barcode20_1405Gb	contig_5450	5700	6960	EreB_macrolide_antibiotic	45	1260	1260	1.0000000
barcode20_1405Gb	contig_5459	94775	95876	vanG_glycopeptide_antibiotic	15	1101	1101	1.0000000
barcode20_1405Gb	contig_5492	10175	11435	EreB_macrolide_antibiotic	54	1260	1260	1.0000000
barcode20_1405Gb	contig_5511	75479	76580	vanW gene in vanI cluster_glycopeptide_antibiotic	3	1101	1101	1.0000000
barcode20_1405Gb	contig_5558	8707	8905	rsmA_fluoroquinolone_antibiotic;_diaminopyrimidine_antibiotic;_phenicol_antibiotic	25	198	198	1.0000000
barcode20_1405Gb	contig_5577	167752	168853	vanT gene in vanG cluster_glycopeptide_antibiotic	7	1101	1101	1.0000000
barcode20_1405Gb	contig_5579	187	982	APH(3')-IIIa_aminoglycoside_antibiotic	189	795	795	1.0000000
barcode20_1405Gb	contig_5604	35778	37911	vanT gene in vanG cluster_glycopeptide_antibiotic	15	2133	2133	1.0000000
barcode20_1405Gb	contig_5604	37885	38668	vanXY gene in vanG cluster_glycopeptide_antibiotic	18	783	783	1.0000000
barcode20_1405Gb	contig_5604	38664	39714	vanG_glycopeptide_antibiotic	14	1050	1050	1.0000000
barcode20_1405Gb	contig_5632	74596	75637	vanG_glycopeptide_antibiotic	41	1041	1041	1.0000000
barcode20_1405Gb	contig_5632	75633	76386	vanXY gene in vanG cluster_glycopeptide_antibiotic	48	753	753	1.0000000
barcode20_1405Gb	contig_5632	76372	78454	vanT gene in vanG cluster_glycopeptide_antibiotic	36	2082	2082	1.0000000
barcode20_1405Gb	contig_5632	117698	118868	vanT gene in vanG cluster_glycopeptide_antibiotic	27	1170	1170	1.0000000
barcode20_1405Gb	contig_5632	140086	142663	tet(Q)_tetracycline_antibiotic	23	2577	2577	1.0000000
barcode20_1405Gb	contig_5679	150120	151833	vanW gene in vanI cluster_glycopeptide_antibiotic	165	1713	1713	1.0000000
barcode20_1405Gb	contig_5679	572748	573558	vanY gene in vanB cluster_glycopeptide_antibiotic	172	810	810	1.0000000
barcode20_1405Gb	contig_5679	888496	890416	tet(W)_tetracycline_antibiotic	333	1920	1920	1.0000000
barcode20_1405Gb	contig_5679	1658368	1659547	vanT gene in vanG cluster_glycopeptide_antibiotic	155	1179	1179	1.0000000
barcode20_1405Gb	contig_5705	154774	155938	tet(W)_tetracycline_antibiotic	124	1164	1164	1.0000000
barcode20_1405Gb	contig_5749	24560	25481	vanY gene in vanB cluster_glycopeptide_antibiotic	18	921	921	1.0000000
barcode20_1405Gb	contig_5791	33163	33904	ErmB_macrolide_antibiotic;_lincosamide_antibiotic;_streptogramin_antibiotic;_streptogramin_A_antibiotic;_streptogramin_B_antibiotic	164	741	741	1.0000000
barcode20_1405Gb	contig_5870	141013	141577	vanY gene in vanM cluster_glycopeptide_antibiotic	16	564	564	1.0000000
barcode20_1405Gb	contig_5880	1692	2349	QnrVC4_fluoroquinolone_antibiotic	34	657	657	1.0000000
barcode20_1405Gb	contig_5880	3284	4544	cmlA5_phenicol_antibiotic	40	1260	1260	1.0000000
barcode20_1405Gb	contig_5880	4662	5562	VEB-9_monobactam;_cephalosporin	20	900	900	1.0000000
barcode20_1405Gb	contig_5880	5706	6240	ANT(2'')-Ia_aminoglycoside_antibiotic	42	534	534	1.0000000
barcode20_1405Gb	contig_5880	6298	6781	dfrA14_diaminopyrimidine_antibiotic	12	483	483	1.0000000
barcode20_1405Gb	contig_5881	3360	4200	sul1_sulfonamide_antibiotic	92	840	840	1.0000000
barcode20_1405Gb	contig_5881	9166	9640	dfrA14_diaminopyrimidine_antibiotic	42	474	474	1.0000000
barcode20_1405Gb	contig_5881	9674	10493	aadA_aminoglycoside_antibiotic	98	819	819	1.0000000
barcode20_1405Gb	contig_5881	10482	11283	OXA-10_cephalosporin;_penam	77	801	801	1.0000000
barcode20_1405Gb	contig_5881	11547	12807	cmlA5_phenicol_antibiotic	69	1260	1260	1.0000000
barcode20_1405Gb	contig_5881	13021	13594	AAC(6')-Ib9_aminoglycoside_antibiotic	27	573	573	1.0000000
barcode20_1405Gb	contig_5890	202	2128	tet(Q)_tetracycline_antibiotic	38	1926	1926	1.0000000
barcode20_1405Gb	contig_5940	5109	7029	tet(M)_tetracycline_antibiotic	20	1920	1920	1.0000000
barcode20_1405Gb	contig_5953	65693	65939	FosI_phosphonic_acid_antibiotic	20	246	246	1.0000000
barcode20_1405Gb	contig_5954	36367	37534	vanT gene in vanG cluster_glycopeptide_antibiotic	13	1167	1167	1.0000000
barcode20_1405Gb	contig_5954	482426	483053	vanW gene in vanI cluster_glycopeptide_antibiotic	8	627	627	1.0000000
barcode20_1405Gb	contig_6	1182438	1184442	tet(Q)_tetracycline_antibiotic	59	2004	2004	1.0000000
barcode20_1405Gb	contig_6038	76	1552	msrE_macrolide_antibiotic;_streptogramin_antibiotic	104	1476	1476	1.0000000
barcode20_1405Gb	contig_6038	1607	2492	mphE_macrolide_antibiotic	110	885	885	1.0000000
barcode20_1405Gb	contig_6040	18125	19010	mphE_macrolide_antibiotic	132	885	885	1.0000000
barcode20_1405Gb	contig_6040	19065	20541	msrE_macrolide_antibiotic;_streptogramin_antibiotic	130	1476	1476	1.0000000
barcode20_1405Gb	contig_6051	19576	20689	vanT gene in vanG cluster_glycopeptide_antibiotic	10	1113	1113	1.0000000
barcode20_1405Gb	contig_6076	176087	177269	vanT gene in vanG cluster_glycopeptide_antibiotic	17	1182	1182	1.0000000
barcode20_1405Gb	contig_6076	206217	206712	lnuC_lincosamide_antibiotic	244	495	495	1.0000000
barcode20_1405Gb	contig_6112	102450	103968	vanW gene in vanI cluster_glycopeptide_antibiotic	7	1518	1518	1.0000000
barcode20_1405Gb	contig_6134	18756	19578	vanY gene in vanB cluster_glycopeptide_antibiotic	6	822	822	1.0000000
barcode20_1405Gb	contig_6177	2493	3708	floR_phenicol_antibiotic	50	1215	1215	1.0000000
barcode20_1405Gb	contig_6177	6849	7710	TEM-1_monobactam;_cephalosporin;_penam;_penem	36	861	861	1.0000000
barcode20_1405Gb	contig_6177	7851	8712	AAC(3)-IIe_aminoglycoside_antibiotic	16	861	861	1.0000000
barcode20_1405Gb	contig_6178	3408	4275	SCO-1_cephalosporin;_penam;_penem	7	867	867	1.0000000
barcode20_1405Gb	contig_6180	3653	4019	BRP(MBL)_glycopeptide_antibiotic	16	366	366	1.0000000
barcode20_1405Gb	contig_6180	4022	4835	NDM-1_carbapenem;_cephalosporin;_cephamycin;_penam	7	813	813	1.0000000
barcode20_1405Gb	contig_6210	201647	202496	vanY gene in vanB cluster_glycopeptide_antibiotic	11	849	849	1.0000000
barcode20_1405Gb	contig_6294	420	894	dfrF_diaminopyrimidine_antibiotic	176	474	474	1.0000000
barcode20_1405Gb	contig_6295	4968	5463	dfrF_diaminopyrimidine_antibiotic	160	495	495	1.0000000
barcode20_1405Gb	contig_6299	36631	37762	vanT gene in vanG cluster_glycopeptide_antibiotic	119	1131	1131	1.0000000
barcode20_1405Gb	contig_6347	78308	79100	vanY gene in vanG cluster_glycopeptide_antibiotic	29	792	792	1.0000000
barcode20_1405Gb	contig_6374	18517	20437	tet(O)_tetracycline_antibiotic	280	1920	1920	1.0000000
barcode20_1405Gb	contig_6406	87836	89039	vanT gene in vanG cluster_glycopeptide_antibiotic	54	1203	1203	1.0000000
barcode20_1405Gb	contig_6469	1664	2549	mphG_macrolide_antibiotic	29	885	885	1.0000000
barcode20_1405Gb	contig_6469	2553	3777	mef(C)_macrolide_antibiotic;_tetracycline_antibiotic	22	1224	1224	1.0000000
barcode20_1405Gb	contig_6469	4064	4880	sul2_sulfonamide_antibiotic	59	816	816	1.0000000
barcode20_1405Gb	contig_6485	38201	38825	Campylobacter coli chloramphenicol acetyltransferase_phenicol_antibiotic	50	624	624	1.0000000
barcode20_1405Gb	contig_6519	21180	22290	vanG_glycopeptide_antibiotic	26	1110	1110	1.0000000
barcode20_1405Gb	contig_6547	61894	62836	vanY gene in vanB cluster_glycopeptide_antibiotic	28	942	942	1.0000000
barcode20_1405Gb	contig_6547	327178	328348	vanTr gene in vanL cluster_glycopeptide_antibiotic	23	1170	1170	1.0000000
barcode20_1405Gb	contig_6557	625	1285	catA1_phenicol_antibiotic	11	660	660	1.0000000
barcode20_1405Gb	contig_6598	61828	62026	rsmA_fluoroquinolone_antibiotic;_diaminopyrimidine_antibiotic;_phenicol_antibiotic	15	198	198	1.0000000
barcode20_1405Gb	contig_6656	52128	52866	ErmB_macrolide_antibiotic;_lincosamide_antibiotic;_streptogramin_antibiotic;_streptogramin_A_antibiotic;_streptogramin_B_antibiotic	288	738	738	1.0000000
barcode20_1405Gb	contig_6685	255918	256986	vanG_glycopeptide_antibiotic	20	1068	1068	1.0000000
barcode20_1405Gb	contig_6702	31914	33162	vanTr gene in vanL cluster_glycopeptide_antibiotic	12	1248	1248	1.0000000
barcode20_1405Gb	contig_6763	16575	19674	adeF_fluoroquinolone_antibiotic;_tetracycline_antibiotic	14	3099	3099	1.0000000
barcode20_1405Gb	contig_6782	231691	232687	vanH gene in vanO cluster_glycopeptide_antibiotic	26	996	996	1.0000000
barcode20_1405Gb	contig_6816	37	772	ErmG_macrolide_antibiotic;_lincosamide_antibiotic;_streptogramin_antibiotic;_streptogramin_A_antibiotic;_streptogramin_B_antibiotic	156	735	735	1.0000000
barcode20_1405Gb	contig_6821	6639	6972	qacG_disinfecting_agents_and_antiseptics	11	333	333	1.0000000
barcode20_1405Gb	contig_6853	5173	5908	ErmG_macrolide_antibiotic;_lincosamide_antibiotic;_streptogramin_antibiotic;_streptogramin_A_antibiotic;_streptogramin_B_antibiotic	201	735	735	1.0000000
barcode20_1405Gb	contig_6864	31080	32265	Escherichia coli EF-Tu mutants conferring resistance to Pulvomycin_elfamycin_antibiotic	23	1185	1185	1.0000000
barcode20_1405Gb	contig_6955	154	970	APH(3')-Ia_aminoglycoside_antibiotic	31	816	816	1.0000000
barcode20_1405Gb	contig_6955	11934	12726	aadA_aminoglycoside_antibiotic	51	792	792	1.0000000
barcode20_1405Gb	contig_6955	12895	13228	qacL_disinfecting_agents_and_antiseptics	19	333	333	1.0000000
barcode20_1405Gb	contig_6955	14411	15203	sul3_sulfonamide_antibiotic	9	792	792	1.0000000
barcode20_1405Gb	contig_6955	21148	22348	tet(A)_tetracycline_antibiotic	73	1200	1200	1.0000000
barcode20_1405Gb	contig_7	30726	31662	vanY gene in vanB cluster_glycopeptide_antibiotic	10	936	936	1.0000000
barcode20_1405Gb	contig_7	32897	33647	vanY gene in vanG cluster_glycopeptide_antibiotic	13	750	750	1.0000000
barcode20_1405Gb	contig_7035	15971	17891	tet(32)_tetracycline_antibiotic	50	1920	1920	1.0000000
barcode20_1405Gb	contig_7038	187	982	APH(3')-IIIa_aminoglycoside_antibiotic	216	795	795	1.0000000
barcode20_1405Gb	contig_7134	29	893	GES-5_carbapenem;_cephalosporin;_penam	106	864	864	1.0000000
barcode20_1405Gb	contig_7134	1025	1499	dfrA6_diaminopyrimidine_antibiotic	49	474	474	1.0000000
barcode20_1405Gb	contig_714	27739	29608	vanW gene in vanI cluster_glycopeptide_antibiotic	23	1869	1869	1.0000000
barcode20_1405Gb	contig_7238	20392	20794	FosA8_phosphonic_acid_antibiotic	18	402	402	1.0000000
barcode20_1405Gb	contig_7241	4807	5026	rsmA_fluoroquinolone_antibiotic;_diaminopyrimidine_antibiotic;_phenicol_antibiotic	11	219	219	1.0000000
barcode20_1405Gb	contig_7275	53219	54158	vanY gene in vanF cluster_glycopeptide_antibiotic	16	939	939	1.0000000
barcode20_1405Gb	contig_7283	16354	16849	lnuC_lincosamide_antibiotic	256	495	495	1.0000000
barcode20_1405Gb	contig_7300	13727	15659	tet(W)_tetracycline_antibiotic	100	1932	1932	1.0000000
barcode20_1405Gb	contig_7418	12321	13308	vanH gene in vanO cluster_glycopeptide_antibiotic	17	987	987	1.0000000
barcode20_1405Gb	contig_7478	68472	69678	vanT gene in vanG cluster_glycopeptide_antibiotic	12	1206	1206	1.0000000
barcode20_1405Gb	contig_7499	32457	33270	vanY gene in vanF cluster_glycopeptide_antibiotic	15	813	813	1.0000000
barcode20_1405Gb	contig_7499	100762	101776	vanW gene in vanI cluster_glycopeptide_antibiotic	5	1014	1014	1.0000000
barcode20_1405Gb	contig_7634	29482	29812	Klebsiella pneumoniae KpnF_macrolide_antibiotic;_aminoglycoside_antibiotic;_cephalosporin;_tetracycline_antibiotic;_peptide_antibiotic;_rifamycin_antibiotic;_disinfecting_agents_and_antiseptics	12	330	330	1.0000000
barcode20_1405Gb	contig_7634	29860	30133	Klebsiella pneumoniae KpnE_macrolide_antibiotic;_aminoglycoside_antibiotic;_cephalosporin;_tetracycline_antibiotic;_peptide_antibiotic;_rifamycin_antibiotic;_disinfecting_agents_and_antiseptics	12	273	273	1.0000000
barcode20_1405Gb	contig_7813	41192	42632	MdtQ_monobactam;_carbapenem;_cephalosporin;_cephamycin;_penam;_penem	10	1440	1440	1.0000000
barcode20_1405Gb	contig_7847	68284	71416	adeF_fluoroquinolone_antibiotic;_tetracycline_antibiotic	5	3132	3132	1.0000000
barcode20_1405Gb	contig_7864	54272	57401	adeF_fluoroquinolone_antibiotic;_tetracycline_antibiotic	11	3129	3129	1.0000000
barcode20_1405Gb	contig_7905	64300	65497	vanT gene in vanG cluster_glycopeptide_antibiotic	7	1197	1197	1.0000000
barcode20_1405Gb	contig_7906	99688	100579	vanY gene in vanB cluster_glycopeptide_antibiotic	13	891	891	1.0000000
barcode20_1405Gb	contig_8002	8243	10709	vanT gene in vanG cluster_glycopeptide_antibiotic	7	2466	2466	1.0000000
barcode20_1405Gb	contig_8057	56695	57859	vanT gene in vanG cluster_glycopeptide_antibiotic	11	1164	1164	1.0000000
barcode20_1405Gb	contig_8102	97864	101011	adeF_fluoroquinolone_antibiotic;_tetracycline_antibiotic	6	3147	3147	1.0000000
barcode20_1405Gb	contig_8118	101812	102637	vanW gene in vanB cluster_glycopeptide_antibiotic	17	825	825	1.0000000
barcode20_1405Gb	contig_8290	200048	201848	vanW gene in vanI cluster_glycopeptide_antibiotic	30	1800	1800	1.0000000
barcode20_1405Gb	contig_8291	17850	19404	vanW gene in vanI cluster_glycopeptide_antibiotic	10	1554	1554	1.0000000
barcode20_1405Gb	contig_8374	134458	135403	leuO_nucleoside_antibiotic;_disinfecting_agents_and_antiseptics	29	945	945	1.0000000
barcode20_1405Gb	contig_8374	141503	143270	Haemophilus influenzae PBP3 conferring resistance to beta-lactam antibiotics_cephalosporin;_cephamycin;_penam	31	1767	1767	1.0000000
barcode20_1405Gb	contig_8377	346	766	FosA6_phosphonic_acid_antibiotic	20	420	420	1.0000000
barcode20_1405Gb	contig_8433	36768	37938	vanT gene in vanG cluster_glycopeptide_antibiotic	17	1170	1170	1.0000000
barcode20_1405Gb	contig_8499	61	862	ErmF_macrolide_antibiotic;_lincosamide_antibiotic;_streptogramin_antibiotic;_streptogramin_A_antibiotic;_streptogramin_B_antibiotic	99	801	801	1.0000000
barcode20_1405Gb	contig_8512	46491	48417	tet(Q)_tetracycline_antibiotic	252	1926	1926	1.0000000
barcode20_1405Gb	contig_8512	52325	53126	ErmF_macrolide_antibiotic;_lincosamide_antibiotic;_streptogramin_antibiotic;_streptogramin_A_antibiotic;_streptogramin_B_antibiotic	131	801	801	1.0000000
barcode20_1405Gb	contig_8782	1360	1735	marA_fluoroquinolone_antibiotic;_monobactam;_carbapenem;_cephalosporin;_glycylcycline;_cephamycin;_penam;_tetracycline_antibiotic;_rifamycin_antibiotic;_phenicol_antibiotic;_penem;_disinfecting_agents_and_antiseptics	12	375	375	1.0000000
barcode20_1405Gb	contig_8782	1755	2247	Escherichia coli AcrAB-TolC with MarR mutations conferring resistance to ciprofloxacin and tetracycline_fluoroquinolone_antibiotic;_cephalosporin;_glycylcycline;_penam;_tetracycline_antibiotic;_rifamycin_antibiotic;_phenicol_antibiotic;_disinfecting_agents_and_antiseptics	13	492	492	1.0000000
barcode20_1405Gb	contig_8832	7492	8266	vanW gene in vanI cluster_glycopeptide_antibiotic	37	774	774	1.0000000
barcode20_1405Gb	contig_8832	8962	10546	vanW gene in vanI cluster_glycopeptide_antibiotic	21	1584	1584	1.0000000
barcode20_1405Gb	contig_8860	217303	218428	vanT gene in vanG cluster_glycopeptide_antibiotic	6	1125	1125	1.0000000
barcode20_1405Gb	contig_8975	1287	4452	adeF_fluoroquinolone_antibiotic;_tetracycline_antibiotic	23	3165	3165	1.0000000
barcode20_1405Gb	contig_9006	169534	170782	vanY gene in vanB cluster_glycopeptide_antibiotic	8	1248	1248	1.0000000
barcode20_1405Gb	contig_9062	762269	763865	vanW gene in vanI cluster_glycopeptide_antibiotic	160	1596	1596	1.0000000
barcode20_1405Gb	contig_9170	4185	4857	vanW gene in vanB cluster_glycopeptide_antibiotic	5	672	672	1.0000000
barcode20_1405Gb	contig_9442	9602	11087	vanW gene in vanI cluster_glycopeptide_antibiotic	5	1485	1485	1.0000000
barcode20_1405Gb	contig_981	1	700	ErmB_macrolide_antibiotic;_lincosamide_antibiotic;_streptogramin_antibiotic;_streptogramin_A_antibiotic;_streptogramin_B_antibiotic	83	699	699	1.0000000
barcode21_1405Gb	contig_10001	292	778	vanY gene in vanB cluster_glycopeptide_antibiotic	26	486	486	1.0000000
barcode21_1405Gb	contig_10151	84648	87432	tet(Q)_tetracycline_antibiotic	16	2784	2784	1.0000000
barcode21_1405Gb	contig_10196	6653	8573	tet(O)_tetracycline_antibiotic	392	1920	1920	1.0000000
barcode21_1405Gb	contig_10293	345270	346311	vanY gene in vanM cluster_glycopeptide_antibiotic	23	1041	1041	1.0000000
barcode21_1405Gb	contig_10294	72654	73407	vanY gene in vanB cluster_glycopeptide_antibiotic	19	753	753	1.0000000
barcode21_1405Gb	contig_10298	15919	16414	vanY gene in vanB cluster_glycopeptide_antibiotic	18	495	495	1.0000000
barcode21_1405Gb	contig_10298	49963	50458	lnuC_lincosamide_antibiotic	134	495	495	1.0000000
barcode21_1405Gb	contig_10299	80	575	lnuC_lincosamide_antibiotic	84	495	495	1.0000000
barcode21_1405Gb	contig_10329	6040	6253	vanU gene in vanG cluster_glycopeptide_antibiotic	80	213	213	1.0000000
barcode21_1405Gb	contig_10332	0	1083	tet(O)_tetracycline_antibiotic	41	1083	1083	1.0000000
barcode21_1405Gb	contig_10345	1670	3590	tet(O)_tetracycline_antibiotic	92	1920	1920	1.0000000
barcode21_1405Gb	contig_10346	3122	5042	tet(O)_tetracycline_antibiotic	262	1920	1920	1.0000000
barcode21_1405Gb	contig_10351	210961	211462	nimJ_nitroimidazole_antibiotic	49	501	501	1.0000000
barcode21_1405Gb	contig_10383	94101	95274	vanY gene in vanB cluster_glycopeptide_antibiotic	22	1173	1173	1.0000000
barcode21_1405Gb	contig_10392	17340	18513	tet(W)_tetracycline_antibiotic	63	1173	1173	1.0000000
barcode21_1405Gb	contig_10396	411019	412015	vanH gene in vanO cluster_glycopeptide_antibiotic	16	996	996	1.0000000
barcode21_1405Gb	contig_10396	489014	490109	vanG_glycopeptide_antibiotic	20	1095	1095	1.0000000
barcode21_1405Gb	contig_10404	367022	367676	vanY gene in vanB cluster_glycopeptide_antibiotic	38	654	654	1.0000000
barcode21_1405Gb	contig_10404	615645	617565	tet(M)_tetracycline_antibiotic	34	1920	1920	1.0000000
barcode21_1405Gb	contig_10429	5051	5765	vanY gene in vanB cluster_glycopeptide_antibiotic	47	714	714	1.0000000
barcode21_1405Gb	contig_10470	132737	134282	vanW gene in vanI cluster_glycopeptide_antibiotic	12	1545	1545	1.0000000
barcode21_1405Gb	contig_10493	26370	27096	vanY gene in vanB cluster_glycopeptide_antibiotic	126	726	726	1.0000000
barcode21_1405Gb	contig_10501	40170	42090	tet(O)_tetracycline_antibiotic	98	1920	1920	1.0000000
barcode21_1405Gb	contig_10501	42141	43380	tet(40)_tetracycline_antibiotic	122	1239	1239	1.0000000
barcode21_1405Gb	contig_10511	2	1253	tet(O)_tetracycline_antibiotic	136	1251	1251	1.0000000
barcode21_1405Gb	contig_10513	74513	75428	Erm(49)_macrolide_antibiotic;_lincosamide_antibiotic;_streptogramin_antibiotic	8	915	915	1.0000000
barcode21_1405Gb	contig_10515	14236	14731	lnuC_lincosamide_antibiotic	134	495	495	1.0000000
barcode21_1405Gb	contig_10534	2	1103	tet(O)_tetracycline_antibiotic	70	1101	1101	1.0000000
barcode21_1405Gb	contig_10545	167266	168253	vanH gene in vanD cluster_glycopeptide_antibiotic	6	987	987	1.0000000
barcode21_1405Gb	contig_10569	4162	6082	tet(O)_tetracycline_antibiotic	302	1920	1920	1.0000000
barcode21_1405Gb	contig_10582	8427	10347	tet(O)_tetracycline_antibiotic	440	1920	1920	1.0000000
barcode21_1405Gb	contig_10584	1	1000	tet(W)_tetracycline_antibiotic	106	999	999	1.0000000
barcode21_1405Gb	contig_10587	4546	6466	tet(W)_tetracycline_antibiotic	226	1920	1920	1.0000000
barcode21_1405Gb	contig_10591	59315	59846	vanY gene in vanB cluster_glycopeptide_antibiotic	43	531	531	1.0000000
barcode21_1405Gb	contig_10604	121113	122004	vanY gene in vanB cluster_glycopeptide_antibiotic	21	891	891	1.0000000
barcode21_1405Gb	contig_10628	6478	7102	catS_phenicol_antibiotic	33	624	624	1.0000000
barcode21_1405Gb	contig_10667	752	2117	tet(O/W)_tetracycline_antibiotic	128	1365	1365	1.0000000
barcode21_1405Gb	contig_10668	6552	8472	tet(W)_tetracycline_antibiotic	218	1920	1920	1.0000000
barcode21_1405Gb	contig_10718	73585	74683	vanG_glycopeptide_antibiotic	11	1098	1098	1.0000000
barcode21_1405Gb	contig_10721	19145	19871	vanY gene in vanB cluster_glycopeptide_antibiotic	114	726	726	1.0000000
barcode21_1405Gb	contig_10738	6217	6430	vanU gene in vanG cluster_glycopeptide_antibiotic	72	213	213	1.0000000
barcode21_1405Gb	contig_10772	4439	4934	dfrF_diaminopyrimidine_antibiotic	67	495	495	1.0000000
barcode21_1405Gb	contig_10830	19243	21163	tet(O)_tetracycline_antibiotic	45	1920	1920	1.0000000
barcode21_1405Gb	contig_10832	46342	47155	vanY gene in vanB cluster_glycopeptide_antibiotic	30	813	813	1.0000000
barcode21_1405Gb	contig_10853	25427	25838	FosXCC_phosphonic_acid_antibiotic	172	411	411	1.0000000
barcode21_1405Gb	contig_10855	22622	23246	catS_phenicol_antibiotic	36	624	624	1.0000000
barcode21_1405Gb	contig_10858	30158	31841	vanW gene in vanI cluster_glycopeptide_antibiotic	91	1683	1683	1.0000000
barcode21_1405Gb	contig_10928	20536	22099	vanW gene in vanI cluster_glycopeptide_antibiotic	5	1563	1563	1.0000000
barcode21_1405Gb	contig_10934	0	711	tet(W/N/W)_tetracycline_antibiotic	8	711	711	1.0000000
barcode21_1405Gb	contig_10950	10262	10979	vanY gene in vanB cluster_glycopeptide_antibiotic	19	717	717	1.0000000
barcode21_1405Gb	contig_10962	38041	38602	tet(M)_tetracycline_antibiotic	50	561	561	1.0000000
barcode21_1405Gb	contig_10987	6451	7018	vanY gene in vanB cluster_glycopeptide_antibiotic	20	567	567	1.0000000
barcode21_1405Gb	contig_11034	886	2806	tet(O)_tetracycline_antibiotic	166	1920	1920	1.0000000
barcode21_1405Gb	contig_11057	1306445	1307564	vanT gene in vanG cluster_glycopeptide_antibiotic	35	1119	1119	1.0000000
barcode21_1405Gb	contig_11057	2386377	2388297	tet(W)_tetracycline_antibiotic	194	1920	1920	1.0000000
barcode21_1405Gb	contig_11059	5797	7306	vanW gene in vanI cluster_glycopeptide_antibiotic	7	1509	1509	1.0000000
barcode21_1405Gb	contig_11101	30648	32226	vanW gene in vanI cluster_glycopeptide_antibiotic	31	1578	1578	1.0000000
barcode21_1405Gb	contig_11106	4016	4811	APH(3')-IIIa_aminoglycoside_antibiotic	24	795	795	1.0000000
barcode21_1405Gb	contig_11106	4903	5446	SAT-4_nucleoside_antibiotic	14	543	543	1.0000000
barcode21_1405Gb	contig_11152	82623	83709	vanY gene in vanB cluster_glycopeptide_antibiotic	20	1086	1086	1.0000000
barcode21_1405Gb	contig_11156	6940	7870	Erm(52)_macrolide_antibiotic;_lincosamide_antibiotic;_streptogramin_antibiotic	23	930	930	1.0000000
barcode21_1405Gb	contig_11156	8050	8728	tet(M)_tetracycline_antibiotic	15	678	678	1.0000000
barcode21_1405Gb	contig_11213	17257	17983	vanY gene in vanB cluster_glycopeptide_antibiotic	120	726	726	1.0000000
barcode21_1405Gb	contig_11242	18683	19670	vanH gene in vanO cluster_glycopeptide_antibiotic	16	987	987	1.0000000
barcode21_1405Gb	contig_11274	45001	46096	vanG_glycopeptide_antibiotic	35	1095	1095	1.0000000
barcode21_1405Gb	contig_11327	1571	2225	tet(O)_tetracycline_antibiotic	7	654	654	1.0000000
barcode21_1405Gb	contig_11384	13004	13730	vanY gene in vanB cluster_glycopeptide_antibiotic	145	726	726	1.0000000
barcode21_1405Gb	contig_11424	27239	28406	vanT gene in vanG cluster_glycopeptide_antibiotic	24	1167	1167	1.0000000
barcode21_1405Gb	contig_11483	159	1398	tet(40)_tetracycline_antibiotic	114	1239	1239	1.0000000
barcode21_1405Gb	contig_11483	1449	3369	tet(O)_tetracycline_antibiotic	174	1920	1920	1.0000000
barcode21_1405Gb	contig_11510	18074	19280	vanT gene in vanG cluster_glycopeptide_antibiotic	16	1206	1206	1.0000000
barcode21_1405Gb	contig_11524	53846	55019	vanT gene in vanG cluster_glycopeptide_antibiotic	27	1173	1173	1.0000000
barcode21_1405Gb	contig_11528	11686	12682	vanH gene in vanO cluster_glycopeptide_antibiotic	24	996	996	1.0000000
barcode21_1405Gb	contig_11532	4898	5633	ErmG_macrolide_antibiotic;_lincosamide_antibiotic;_streptogramin_antibiotic;_streptogramin_A_antibiotic;_streptogramin_B_antibiotic	10	735	735	1.0000000
barcode21_1405Gb	contig_11567	557	1031	dfrF_diaminopyrimidine_antibiotic	54	474	474	1.0000000
barcode21_1405Gb	contig_11636	4043	5024	vanH gene in vanO cluster_glycopeptide_antibiotic	15	981	981	1.0000000
barcode21_1405Gb	contig_11639	6297	8217	tet(O)_tetracycline_antibiotic	340	1920	1920	1.0000000
barcode21_1405Gb	contig_11644	85434	86511	vanG_glycopeptide_antibiotic	12	1077	1077	1.0000000
barcode21_1405Gb	contig_11644	86504	87656	vanT gene in vanE cluster_glycopeptide_antibiotic	18	1152	1152	1.0000000
barcode21_1405Gb	contig_11644	168585	169128	lnuC_lincosamide_antibiotic	70	543	543	1.0000000
barcode21_1405Gb	contig_11662	179469	180399	vanY gene in vanB cluster_glycopeptide_antibiotic	23	930	930	1.0000000
barcode21_1405Gb	contig_11706	88841	89951	vanG_glycopeptide_antibiotic	17	1110	1110	1.0000000
barcode21_1405Gb	contig_11706	343087	344296	vanT gene in vanG cluster_glycopeptide_antibiotic	14	1209	1209	1.0000000
barcode21_1405Gb	contig_11750	10050	11970	tet(O)_tetracycline_antibiotic	329	1920	1920	1.0000000
barcode21_1405Gb	contig_11805	27555	29475	tet(32)_tetracycline_antibiotic	13	1920	1920	1.0000000
barcode21_1405Gb	contig_11867	395948	396914	vanY gene in vanG cluster_glycopeptide_antibiotic	18	966	966	1.0000000
barcode21_1405Gb	contig_11867	651645	653271	poxtA_tetracycline_antibiotic;_oxazolidinone_antibiotic;_phenicol_antibiotic	13	1626	1626	1.0000000
barcode21_1405Gb	contig_11867	870350	870944	vanY gene in vanB cluster_glycopeptide_antibiotic	17	594	594	1.0000000
barcode21_1405Gb	contig_11867	1061374	1062472	vanY gene in vanG cluster_glycopeptide_antibiotic	21	1098	1098	1.0000000
barcode21_1405Gb	contig_11970	156007	159109	adeF_fluoroquinolone_antibiotic;_tetracycline_antibiotic	18	3102	3102	1.0000000
barcode21_1405Gb	contig_11973	3874	5080	Mef(En2)_macrolide_antibiotic;_lincosamide_antibiotic	140	1206	1206	1.0000000
barcode21_1405Gb	contig_11975	164293	166759	vanT gene in vanG cluster_glycopeptide_antibiotic	25	2466	2466	1.0000000
barcode21_1405Gb	contig_11976	1293	2031	ErmB_macrolide_antibiotic;_lincosamide_antibiotic;_streptogramin_antibiotic;_streptogramin_A_antibiotic;_streptogramin_B_antibiotic	227	738	738	1.0000000
barcode21_1405Gb	contig_12211	10593	10947	vanY gene in vanB cluster_glycopeptide_antibiotic	4	354	354	1.0000000
barcode21_1405Gb	contig_12230	266243	268010	Haemophilus influenzae PBP3 conferring resistance to beta-lactam antibiotics_cephalosporin;_cephamycin;_penam	14	1767	1767	1.0000000
barcode21_1405Gb	contig_12420	24120	25254	Escherichia coli ampC beta-lactamase_cephalosporin;_penam	21	1134	1134	1.0000000
barcode21_1405Gb	contig_12422	98952	100098	ACT-28_carbapenem;_cephalosporin;_cephamycin;_penam	18	1146	1146	1.0000000
barcode21_1405Gb	contig_12422	303231	304416	Escherichia coli EF-Tu mutants conferring resistance to Pulvomycin_elfamycin_antibiotic	31	1185	1185	1.0000000
barcode21_1405Gb	contig_12422	461612	463004	Escherichia coli UhpT with mutation conferring resistance to fosfomycin_phosphonic_acid_antibiotic	10	1392	1392	1.0000000
barcode21_1405Gb	contig_12432	183268	184090	bacA_peptide_antibiotic	16	822	822	1.0000000
barcode21_1405Gb	contig_12449	35834	36260	FosA2_phosphonic_acid_antibiotic	19	426	426	1.0000000
barcode21_1405Gb	contig_12532	1776	2673	vanY gene in vanB cluster_glycopeptide_antibiotic	4	897	897	1.0000000
barcode21_1405Gb	contig_12654	30651	31710	vanY gene in vanM cluster_glycopeptide_antibiotic	12	1059	1059	1.0000000
barcode21_1405Gb	contig_12693	59199	60369	vanT gene in vanG cluster_glycopeptide_antibiotic	13	1170	1170	1.0000000
barcode21_1405Gb	contig_12720	94000	95125	vanT gene in vanG cluster_glycopeptide_antibiotic	9	1125	1125	1.0000000
barcode21_1405Gb	contig_12863	44354	46178	vanW gene in vanI cluster_glycopeptide_antibiotic	10	1824	1824	1.0000000
barcode21_1405Gb	contig_12865	18867	21414	vanW gene in vanI cluster_glycopeptide_antibiotic	5	2547	2547	1.0000000
barcode21_1405Gb	contig_1290	259	604	qacG_disinfecting_agents_and_antiseptics	403	345	345	1.0000000
barcode21_1405Gb	contig_12985	1973	3083	vanT gene in vanG cluster_glycopeptide_antibiotic	8	1110	1110	1.0000000
barcode21_1405Gb	contig_13196	19007	19565	vanY gene in vanB cluster_glycopeptide_antibiotic	7	558	558	1.0000000
barcode21_1405Gb	contig_13421	71959	74353	vanT gene in vanG cluster_glycopeptide_antibiotic	15	2394	2394	1.0000000
barcode21_1405Gb	contig_13490	92136	93921	vanW gene in vanI cluster_glycopeptide_antibiotic	13	1785	1785	1.0000000
barcode21_1405Gb	contig_13522	83776	86899	adeF_fluoroquinolone_antibiotic;_tetracycline_antibiotic	8	3123	3123	1.0000000
barcode21_1405Gb	contig_13563	1058	2261	vanT gene in vanG cluster_glycopeptide_antibiotic	25	1203	1203	1.0000000
barcode21_1405Gb	contig_13570	429966	431751	patB_fluoroquinolone_antibiotic	8	1785	1785	1.0000000
barcode21_1405Gb	contig_13570	431751	433458	patA_fluoroquinolone_antibiotic	10	1707	1707	1.0000000
barcode21_1405Gb	contig_13585	6277	7717	AAC(6')-Ie-APH(2'')-Ia bifunctional protein_aminoglycoside_antibiotic	12	1440	1440	1.0000000
barcode21_1405Gb	contig_13585	92876	93635	vanY gene in vanB cluster_glycopeptide_antibiotic	9	759	759	1.0000000
barcode21_1405Gb	contig_13589	232125	232863	ErmB_macrolide_antibiotic;_lincosamide_antibiotic;_streptogramin_antibiotic;_streptogramin_A_antibiotic;_streptogramin_B_antibiotic	109	738	738	1.0000000
barcode21_1405Gb	contig_13678	1	460	AAC(6')-Il_aminoglycoside_antibiotic	110	459	459	1.0000000
barcode21_1405Gb	contig_13678	533	1397	GES-1_carbapenem;_cephalosporin;_penam	75	864	864	1.0000000
barcode21_1405Gb	contig_13678	1542	2370	OXA-2_carbapenem;_cephalosporin;_penam	38	828	828	1.0000000
barcode21_1405Gb	contig_13678	2499	2832	qacJ_disinfecting_agents_and_antiseptics	28	333	333	1.0000000
barcode21_1405Gb	contig_13678	2943	3789	aadA6_aminoglycoside_antibiotic	52	846	846	1.0000000
barcode21_1405Gb	contig_13678	3905	4253	qacEdelta1_disinfecting_agents_and_antiseptics	249	348	348	1.0000000
barcode21_1405Gb	contig_13678	4246	5086	sul1_sulfonamide_antibiotic	226	840	840	1.0000000
barcode21_1405Gb	contig_13682	94	925	OXA-4_cephalosporin;_penam	61	831	831	1.0000000
barcode21_1405Gb	contig_13682	1055	1611	AAC(6')-Ib4_aminoglycoside_antibiotic	61	556	556	1.0000000
barcode21_1405Gb	contig_13683	8	542	ANT(2'')-Ia_aminoglycoside_antibiotic	45	534	534	1.0000000
barcode21_1405Gb	contig_13683	664	1528	GES-1_carbapenem;_cephalosporin;_penam	47	864	864	1.0000000
barcode21_1405Gb	contig_13685	5635	6292	QnrVC1_fluoroquinolone_antibiotic	44	657	657	1.0000000
barcode21_1405Gb	contig_13686	6	540	ANT(2'')-Ia_aminoglycoside_antibiotic	39	534	534	1.0000000
barcode21_1405Gb	contig_13686	597	1131	ANT(2'')-Ia_aminoglycoside_antibiotic	41	534	534	1.0000000
barcode21_1405Gb	contig_13727	27117	29490	vanT gene in vanG cluster_glycopeptide_antibiotic	7	2373	2373	1.0000000
barcode21_1405Gb	contig_13732	12385	13186	ErmF_macrolide_antibiotic;_lincosamide_antibiotic;_streptogramin_antibiotic;_streptogramin_A_antibiotic;_streptogramin_B_antibiotic	229	801	801	1.0000000
barcode21_1405Gb	contig_13762	39363	42480	adeF_fluoroquinolone_antibiotic;_tetracycline_antibiotic	22	3117	3117	1.0000000
barcode21_1405Gb	contig_13793	14530	14854	qacG_disinfecting_agents_and_antiseptics	11	324	324	1.0000000
barcode21_1405Gb	contig_13970	37313	39317	tet(Q)_tetracycline_antibiotic	20	2004	2004	1.0000000
barcode21_1405Gb	contig_13973	22027	24031	tet(Q)_tetracycline_antibiotic	12	2004	2004	1.0000000
barcode21_1405Gb	contig_14026	20519	21374	ErmX_macrolide_antibiotic;_lincosamide_antibiotic;_streptogramin_antibiotic;_streptogramin_A_antibiotic;_streptogramin_B_antibiotic	14	855	855	1.0000000
barcode21_1405Gb	contig_14028	23340	25806	vanT gene in vanG cluster_glycopeptide_antibiotic	6	2466	2466	1.0000000
barcode21_1405Gb	contig_14105	371862	373029	vanT gene in vanG cluster_glycopeptide_antibiotic	25	1167	1167	1.0000000
barcode21_1405Gb	contig_14199	533	1334	ErmF_macrolide_antibiotic;_lincosamide_antibiotic;_streptogramin_antibiotic;_streptogramin_A_antibiotic;_streptogramin_B_antibiotic	227	801	801	1.0000000
barcode21_1405Gb	contig_14513	106279	107389	vanG_glycopeptide_antibiotic	13	1110	1110	1.0000000
barcode21_1405Gb	contig_14696	41846	43004	vanT gene in vanG cluster_glycopeptide_antibiotic	8	1158	1158	1.0000000
barcode21_1405Gb	contig_14726	31431	32673	vanW gene in vanI cluster_glycopeptide_antibiotic	10	1242	1242	1.0000000
barcode21_1405Gb	contig_14826	28306	30199	vanW gene in vanI cluster_glycopeptide_antibiotic	7	1893	1893	1.0000000
barcode21_1405Gb	contig_14889	17292	19140	vanW gene in vanI cluster_glycopeptide_antibiotic	5	1848	1848	1.0000000
barcode21_1405Gb	contig_14909	729491	730187	vanY gene in vanB cluster_glycopeptide_antibiotic	239	696	696	1.0000000
barcode21_1405Gb	contig_14909	790322	791333	vanH gene in vanO cluster_glycopeptide_antibiotic	202	1011	1011	1.0000000
barcode21_1405Gb	contig_14909	2444431	2445508	vanT gene in vanG cluster_glycopeptide_antibiotic	236	1077	1077	1.0000000
barcode21_1405Gb	contig_14909	2447589	2447784	rsmA_fluoroquinolone_antibiotic;_diaminopyrimidine_antibiotic;_phenicol_antibiotic	289	195	195	1.0000000
barcode21_1405Gb	contig_14909	2513500	2514685	Escherichia coli EF-Tu mutants conferring resistance to Pulvomycin_elfamycin_antibiotic	290	1185	1185	1.0000000
barcode21_1405Gb	contig_14909	2531773	2532958	Escherichia coli EF-Tu mutants conferring resistance to Pulvomycin_elfamycin_antibiotic	265	1185	1185	1.0000000
barcode21_1405Gb	contig_14909	3477431	3480587	adeF_fluoroquinolone_antibiotic;_tetracycline_antibiotic	202	3156	3156	1.0000000
barcode21_1405Gb	contig_14975	6280	7003	baeR_aminoglycoside_antibiotic;_aminocoumarin_antibiotic	11	723	723	1.0000000
barcode21_1405Gb	contig_14975	9815	12893	mdtC_aminocoumarin_antibiotic	7	3078	3078	1.0000000
barcode21_1405Gb	contig_14976	179756	181523	Haemophilus influenzae PBP3 conferring resistance to beta-lactam antibiotics_cephalosporin;_cephamycin;_penam	7	1767	1767	1.0000000
barcode21_1405Gb	contig_14976	187625	188570	leuO_nucleoside_antibiotic;_disinfecting_agents_and_antiseptics	17	945	945	1.0000000
barcode21_1405Gb	contig_14977	45545	46019	dfrA1_diaminopyrimidine_antibiotic	22	474	474	1.0000000
barcode21_1405Gb	contig_14977	46113	46638	SAT-2_nucleoside_antibiotic	23	525	525	1.0000000
barcode21_1405Gb	contig_14977	46695	47484	aadA_aminoglycoside_antibiotic	73	789	789	1.0000000
barcode21_1405Gb	contig_14978	8054	9698	eptA_peptide_antibiotic	20	1644	1644	1.0000000
barcode21_1405Gb	contig_15203	7272	7644	FosI_phosphonic_acid_antibiotic	7	372	372	1.0000000
barcode21_1405Gb	contig_15220	229079	230156	vanT gene in vanG cluster_glycopeptide_antibiotic	33	1077	1077	1.0000000
barcode21_1405Gb	contig_15220	367078	367897	vanY gene in vanF cluster_glycopeptide_antibiotic	32	819	819	1.0000000
barcode21_1405Gb	contig_15242	62499	63792	vanY gene in vanM cluster_glycopeptide_antibiotic	28	1293	1293	1.0000000
barcode21_1405Gb	contig_15242	556439	557591	vanY gene in vanM cluster_glycopeptide_antibiotic	24	1152	1152	1.0000000
barcode21_1405Gb	contig_15266	946	1441	dfrF_diaminopyrimidine_antibiotic	54	495	495	1.0000000
barcode21_1405Gb	contig_15268	3971	4871	tet(M)_tetracycline_antibiotic	14	900	900	1.0000000
barcode21_1405Gb	contig_15272	6643	8563	tet(M)_tetracycline_antibiotic	53	1920	1920	1.0000000
barcode21_1405Gb	contig_15272	10068	10398	mef(H)_macrolide_antibiotic	10	330	330	1.0000000
barcode21_1405Gb	contig_15464	472293	473463	vanT gene in vanG cluster_glycopeptide_antibiotic	16	1170	1170	1.0000000
barcode21_1405Gb	contig_15587	99162	102312	acrB_fluoroquinolone_antibiotic;_cephalosporin;_glycylcycline;_penam;_tetracycline_antibiotic;_rifamycin_antibiotic;_phenicol_antibiotic;_disinfecting_agents_and_antiseptics	12	3150	3150	1.0000000
barcode21_1405Gb	contig_15587	102334	103528	Escherichia coli acrA_fluoroquinolone_antibiotic;_cephalosporin;_glycylcycline;_penam;_tetracycline_antibiotic;_rifamycin_antibiotic;_phenicol_antibiotic;_disinfecting_agents_and_antiseptics	15	1194	1194	1.0000000
barcode21_1405Gb	contig_15587	103669	104317	Escherichia coli AcrAB-TolC with AcrR mutation conferring resistance to ciprofloxacin, tetracycline, and ceftazidime_fluoroquinolone_antibiotic;_cephalosporin;_glycylcycline;_penam;_tetracycline_antibiotic;_rifamycin_antibiotic;_phenicol_antibiotic;_disinfecting_agents_and_antiseptics	12	648	648	1.0000000
barcode21_1405Gb	contig_15737	57223	58732	vanW gene in vanI cluster_glycopeptide_antibiotic	15	1509	1509	1.0000000
barcode21_1405Gb	contig_15739	0	498	vanW gene in vanI cluster_glycopeptide_antibiotic	6	498	498	1.0000000
barcode21_1405Gb	contig_15784	64259	65060	vanW gene in vanI cluster_glycopeptide_antibiotic	6	801	801	1.0000000
barcode21_1405Gb	contig_15964	11610	12246	vanY gene in vanG cluster_glycopeptide_antibiotic	17	636	636	1.0000000
barcode21_1405Gb	contig_16021	5433	6195	vanY gene in vanB cluster_glycopeptide_antibiotic	60	762	762	1.0000000
barcode21_1405Gb	contig_16309	5570	6314	vanY gene in vanB cluster_glycopeptide_antibiotic	3	744	744	1.0000000
barcode21_1405Gb	contig_16466	49954	53092	adeF_fluoroquinolone_antibiotic;_tetracycline_antibiotic	9	3138	3138	1.0000000
barcode21_1405Gb	contig_16662	86520	87699	vanT gene in vanG cluster_glycopeptide_antibiotic	7	1179	1179	1.0000000
barcode21_1405Gb	contig_16833	28514	31628	adeF_fluoroquinolone_antibiotic;_tetracycline_antibiotic	20	3114	3114	1.0000000
barcode21_1405Gb	contig_16878	36404	36968	vanY gene in vanM cluster_glycopeptide_antibiotic	10	564	564	1.0000000
barcode21_1405Gb	contig_17010	15511	16297	vanY gene in vanB cluster_glycopeptide_antibiotic	28	786	786	1.0000000
barcode21_1405Gb	contig_17159	32339	33152	vanY gene in vanF cluster_glycopeptide_antibiotic	29	813	813	1.0000000
barcode21_1405Gb	contig_17247	59560	62692	adeF_fluoroquinolone_antibiotic;_tetracycline_antibiotic	6	3132	3132	1.0000000
barcode21_1405Gb	contig_17295	4236	4908	vanY gene in vanB cluster_glycopeptide_antibiotic	5	672	672	1.0000000
barcode21_1405Gb	contig_17487	28632	31104	vanT gene in vanG cluster_glycopeptide_antibiotic	5	2472	2472	1.0000000
barcode21_1405Gb	contig_17529	1482	2016	ANT(2'')-Ia_aminoglycoside_antibiotic	45	534	534	1.0000000
barcode21_1405Gb	contig_17603	23068	24295	vanT gene in vanG cluster_glycopeptide_antibiotic	9	1227	1227	1.0000000
barcode21_1405Gb	contig_1775	13025	13886	TEM-1_monobactam;_cephalosporin;_penam;_penem	80	861	861	1.0000000
barcode21_1405Gb	contig_1775	14027	14888	AAC(3)-IIe_aminoglycoside_antibiotic	63	861	861	1.0000000
barcode21_1405Gb	contig_17751	2	755	ANT(6)-Ia_aminoglycoside_antibiotic	6	753	753	1.0000000
barcode21_1405Gb	contig_17778	9263	9761	nimI_nitroimidazole_antibiotic	7	498	498	1.0000000
barcode21_1405Gb	contig_17858	1783	2956	vanT gene in vanG cluster_glycopeptide_antibiotic	15	1173	1173	1.0000000
barcode21_1405Gb	contig_17858	17480	19214	vanW gene in vanI cluster_glycopeptide_antibiotic	15	1734	1734	1.0000000
barcode21_1405Gb	contig_17928	24479	25301	vanW gene in vanB cluster_glycopeptide_antibiotic	27	822	822	1.0000000
barcode21_1405Gb	contig_18005	4040	5300	mdtM_fluoroquinolone_antibiotic;_lincosamide_antibiotic;_nucleoside_antibiotic;_phenicol_antibiotic;_disinfecting_agents_and_antiseptics	14	1260	1260	1.0000000
barcode21_1405Gb	contig_18028	77412	78645	Escherichia coli mdfA_tetracycline_antibiotic;_disinfecting_agents_and_antiseptics	13	1233	1233	1.0000000
barcode21_1405Gb	contig_18083	21124	22264	vanY gene in vanG cluster_glycopeptide_antibiotic	9	1140	1140	1.0000000
barcode21_1405Gb	contig_18086	31540	31753	vanY gene in vanF cluster_glycopeptide_antibiotic	1	213	213	1.0000000
barcode21_1405Gb	contig_18160	104311	105133	vanY gene in vanB cluster_glycopeptide_antibiotic	34	822	822	1.0000000
barcode21_1405Gb	contig_18185	87136	87322	rsmA_fluoroquinolone_antibiotic;_diaminopyrimidine_antibiotic;_phenicol_antibiotic	30	186	186	1.0000000
barcode21_1405Gb	contig_18185	91853	93392	emrB_fluoroquinolone_antibiotic	13	1539	1539	1.0000000
barcode21_1405Gb	contig_18185	93408	94581	emrA_fluoroquinolone_antibiotic	15	1173	1173	1.0000000
barcode21_1405Gb	contig_18185	94707	95238	emrR_fluoroquinolone_antibiotic	18	531	531	1.0000000
barcode21_1405Gb	contig_18187	27303	28842	emrY_tetracycline_antibiotic	5	1539	1539	1.0000000
barcode21_1405Gb	contig_18187	28841	29897	emrK_tetracycline_antibiotic	3	1056	1056	1.0000000
barcode21_1405Gb	contig_18187	30420	31035	evgA_macrolide_antibiotic;_fluoroquinolone_antibiotic;_penam;_tetracycline_antibiotic	9	615	615	1.0000000
barcode21_1405Gb	contig_18187	31039	34633	evgS_macrolide_antibiotic;_fluoroquinolone_antibiotic;_penam;_tetracycline_antibiotic	5	3594	3594	1.0000000
barcode21_1405Gb	contig_18187	133680	136794	acrD_aminoglycoside_antibiotic	9	3114	3114	1.0000000
barcode21_1405Gb	contig_18338	55482	56628	vanT gene in vanG cluster_glycopeptide_antibiotic	44	1146	1146	1.0000000
barcode21_1405Gb	contig_18420	26931	27426	dfrF_diaminopyrimidine_antibiotic	118	495	495	1.0000000
barcode21_1405Gb	contig_18449	15710	18458	tet(36)_tetracycline_antibiotic	12	2748	2748	1.0000000
barcode21_1405Gb	contig_18489	67674	68859	vanT gene in vanG cluster_glycopeptide_antibiotic	4	1185	1185	1.0000000
barcode21_1405Gb	contig_18517	69869	70241	qacJ_disinfecting_agents_and_antiseptics	5	372	372	1.0000000
barcode21_1405Gb	contig_1872	6285	7101	sul2_sulfonamide_antibiotic	75	816	816	1.0000000
barcode21_1405Gb	contig_18923	3033	4020	vanH gene in vanP cluster_glycopeptide_antibiotic	5	987	987	1.0000000
barcode21_1405Gb	contig_19118	72614	73814	vanT gene in vanG cluster_glycopeptide_antibiotic	17	1200	1200	1.0000000
barcode21_1405Gb	contig_19173	6754	7228	dfrF_diaminopyrimidine_antibiotic	84	474	474	1.0000000
barcode21_1405Gb	contig_19411	4382	5186	lnuB_lincosamide_antibiotic	6	804	804	1.0000000
barcode21_1405Gb	contig_19411	5239	6724	lsaE_lincosamide_antibiotic;_streptogramin_antibiotic;_pleuromutilin_antibiotic	5	1485	1485	1.0000000
barcode21_1405Gb	contig_19416	35992	37912	tet(O)_tetracycline_antibiotic	90	1920	1920	1.0000000
barcode21_1405Gb	contig_19563	2908	4384	vanW gene in vanI cluster_glycopeptide_antibiotic	28	1476	1476	1.0000000
barcode21_1405Gb	contig_19762	17576	19658	vanT gene in vanG cluster_glycopeptide_antibiotic	12	2082	2082	1.0000000
barcode21_1405Gb	contig_19762	19644	20397	vanXY gene in vanG cluster_glycopeptide_antibiotic	19	753	753	1.0000000
barcode21_1405Gb	contig_19762	20393	21434	vanG_glycopeptide_antibiotic	14	1041	1041	1.0000000
barcode21_1405Gb	contig_19776	21764	24392	vanW gene in vanI cluster_glycopeptide_antibiotic	7	2628	2628	1.0000000
barcode21_1405Gb	contig_19962	2997	4017	vanT gene in vanG cluster_glycopeptide_antibiotic	6	1020	1020	1.0000000
barcode21_1405Gb	contig_19987	22940	23975	vanA_glycopeptide_antibiotic	7	1035	1035	1.0000000
barcode21_1405Gb	contig_19987	23967	24936	vanH gene in vanF cluster_glycopeptide_antibiotic	9	969	969	1.0000000
barcode21_1405Gb	contig_19987	24932	25763	vanW gene in vanB cluster_glycopeptide_antibiotic	9	831	831	1.0000000
barcode21_1405Gb	contig_19987	25776	26520	vanY gene in vanF cluster_glycopeptide_antibiotic	10	744	744	1.0000000
barcode21_1405Gb	contig_19990	4538	5468	Erm(52)_macrolide_antibiotic;_lincosamide_antibiotic;_streptogramin_antibiotic	43	930	930	1.0000000
barcode21_1405Gb	contig_19990	5648	7568	tet(M)_tetracycline_antibiotic	25	1920	1920	1.0000000
barcode21_1405Gb	contig_20170	9415	10282	SCO-1_cephalosporin;_penam;_penem	25	867	867	1.0000000
barcode21_1405Gb	contig_20360	32735	33920	Escherichia coli EF-Tu mutants conferring resistance to Pulvomycin_elfamycin_antibiotic	35	1185	1185	1.0000000
barcode21_1405Gb	contig_20360	104804	106178	cpxA_aminoglycoside_antibiotic;_aminocoumarin_antibiotic	14	1374	1374	1.0000000
barcode21_1405Gb	contig_20361	42219	43708	TolC_macrolide_antibiotic;_fluoroquinolone_antibiotic;_aminoglycoside_antibiotic;_carbapenem;_cephalosporin;_glycylcycline;_cephamycin;_penam;_tetracycline_antibiotic;_peptide_antibiotic;_aminocoumarin_antibiotic;_rifamycin_antibiotic;_phenicol_antibiotic;_penem;_disinfecting_agents_and_antiseptics	10	1489	1489	1.0000000
barcode21_1405Gb	contig_20361	67547	68369	bacA_peptide_antibiotic	10	822	822	1.0000000
barcode21_1405Gb	contig_20361	272034	272697	AcrS_fluoroquinolone_antibiotic;_cephalosporin;_glycylcycline;_cephamycin;_penam;_tetracycline_antibiotic;_rifamycin_antibiotic;_phenicol_antibiotic;_disinfecting_agents_and_antiseptics	20	663	663	1.0000000
barcode21_1405Gb	contig_20361	273095	274163	AcrE_fluoroquinolone_antibiotic;_cephalosporin;_cephamycin;_penam	12	1068	1068	1.0000000
barcode21_1405Gb	contig_20361	274174	277279	AcrF_fluoroquinolone_antibiotic;_cephalosporin;_cephamycin;_penam	9	3105	3105	1.0000000
barcode21_1405Gb	contig_20398	36557	38210	ArnT_peptide_antibiotic	8	1653	1653	1.0000000
barcode21_1405Gb	contig_20398	41078	42047	PmrF_peptide_antibiotic	5	969	969	1.0000000
barcode21_1405Gb	contig_20398	69703	72331	Escherichia coli gyrA conferring resistance to fluoroquinolones_fluoroquinolone_antibiotic	14	2628	2628	1.0000000
barcode21_1405Gb	contig_20398	100528	102172	YojI_peptide_antibiotic	15	1644	1644	1.0000000
barcode21_1405Gb	contig_20521	15791	16610	vanY gene in vanB cluster_glycopeptide_antibiotic	28	819	819	1.0000000
barcode21_1405Gb	contig_20704	1386	2445	vanT gene in vanG cluster_glycopeptide_antibiotic	6	1059	1059	1.0000000
barcode21_1405Gb	contig_20725	15191	15869	kdpE_aminoglycoside_antibiotic	15	678	678	1.0000000
barcode21_1405Gb	contig_20751	81809	82907	vanG_glycopeptide_antibiotic	13	1098	1098	1.0000000
barcode21_1405Gb	contig_20770	36553	36889	qacG_disinfecting_agents_and_antiseptics	7	336	336	1.0000000
barcode21_1405Gb	contig_20913	72724	73285	vanY gene in vanM cluster_glycopeptide_antibiotic	14	561	561	1.0000000
barcode21_1405Gb	contig_21027	23455	24616	vanY gene in vanB cluster_glycopeptide_antibiotic	5	1161	1161	1.0000000
barcode21_1405Gb	contig_21141	750	1842	vanG_glycopeptide_antibiotic	20	1092	1092	1.0000000
barcode21_1405Gb	contig_21142	485	1577	vanG_glycopeptide_antibiotic	17	1092	1092	1.0000000
barcode21_1405Gb	contig_21178	12849	13680	vanY gene in vanB cluster_glycopeptide_antibiotic	31	831	831	1.0000000
barcode21_1405Gb	contig_21243	2187	3357	vanY gene in vanB cluster_glycopeptide_antibiotic	7	1170	1170	1.0000000
barcode21_1405Gb	contig_21479	28350	29421	vanG_glycopeptide_antibiotic	5	1071	1071	1.0000000
barcode21_1405Gb	contig_21640	287	746	dfrF_diaminopyrimidine_antibiotic	10	459	459	1.0000000
barcode21_1405Gb	contig_21674	129447	132129	tet(36)_tetracycline_antibiotic	16	2682	2682	1.0000000
barcode21_1405Gb	contig_21781	88628	90848	Acinetobacter baumannii parC conferring resistance to fluoroquinolones_fluoroquinolone_antibiotic	14	2220	2220	1.0000000
barcode21_1405Gb	contig_21857	78961	80665	vanW gene in vanI cluster_glycopeptide_antibiotic	12	1704	1704	1.0000000
barcode21_1405Gb	contig_21915	26676	27624	vanY gene in vanF cluster_glycopeptide_antibiotic	11	948	948	1.0000000
barcode21_1405Gb	contig_21965	2578	3724	CMY-70_cephamycin	6	1146	1146	1.0000000
barcode21_1405Gb	contig_22118	14165	15398	Escherichia coli mdfA_tetracycline_antibiotic;_disinfecting_agents_and_antiseptics	12	1233	1233	1.0000000
barcode21_1405Gb	contig_22162	7429	8212	vanY gene in vanG cluster_glycopeptide_antibiotic	11	783	783	1.0000000
barcode21_1405Gb	contig_22350	86115	86940	gadX_macrolide_antibiotic;_fluoroquinolone_antibiotic;_penam	8	825	825	1.0000000
barcode21_1405Gb	contig_22350	87307	88036	gadW_macrolide_antibiotic;_fluoroquinolone_antibiotic;_penam	11	729	729	1.0000000
barcode21_1405Gb	contig_22350	88398	91512	mdtF_macrolide_antibiotic;_fluoroquinolone_antibiotic;_penam	6	3114	3114	1.0000000
barcode21_1405Gb	contig_22350	91536	92694	mdtE_macrolide_antibiotic;_fluoroquinolone_antibiotic;_penam	13	1158	1158	1.0000000
barcode21_1405Gb	contig_22455	43018	44119	vanG_glycopeptide_antibiotic	14	1101	1101	1.0000000
barcode21_1405Gb	contig_22484	20072	21059	vanH gene in vanO cluster_glycopeptide_antibiotic	5	987	987	1.0000000
barcode21_1405Gb	contig_22788	7154	7964	vanY gene in vanB cluster_glycopeptide_antibiotic	31	810	810	1.0000000
barcode21_1405Gb	contig_22811	50641	51703	vanG_glycopeptide_antibiotic	15	1062	1062	1.0000000
barcode21_1405Gb	contig_22830	5660	6785	vanT gene in vanG cluster_glycopeptide_antibiotic	8	1125	1125	1.0000000
barcode21_1405Gb	contig_22978	1890	3894	tet(W/32/O)_tetracycline_antibiotic	4	2004	2004	1.0000000
barcode21_1405Gb	contig_23078	12246	12870	vanW gene in vanI cluster_glycopeptide_antibiotic	4	624	624	1.0000000
barcode21_1405Gb	contig_23217	13066	15709	tet(Q)_tetracycline_antibiotic	8	2643	2643	1.0000000
barcode21_1405Gb	contig_23261	74388	75378	vanH gene in vanB cluster_glycopeptide_antibiotic	74	990	990	1.0000000
barcode21_1405Gb	contig_23358	1169	3440	adeF_fluoroquinolone_antibiotic;_tetracycline_antibiotic	11	2271	2271	1.0000000
barcode21_1405Gb	contig_23543	327	1341	tet(M)_tetracycline_antibiotic	7	987	1014	0.9733728
barcode21_1405Gb	contig_23546	2	749	tet(M)_tetracycline_antibiotic	20	747	747	1.0000000
barcode21_1405Gb	contig_23710	33147	33945	vanT gene in vanG cluster_glycopeptide_antibiotic	21	798	798	1.0000000
barcode21_1405Gb	contig_23710	34987	35353	vanY gene in vanA cluster_glycopeptide_antibiotic	22	366	366	1.0000000
barcode21_1405Gb	contig_23710	35349	35742	vanY gene in vanF cluster_glycopeptide_antibiotic	20	393	393	1.0000000
barcode21_1405Gb	contig_23710	84211	86134	vanW gene in vanI cluster_glycopeptide_antibiotic	20	1923	1923	1.0000000
barcode21_1405Gb	contig_23764	133875	134508	CRP_macrolide_antibiotic;_fluoroquinolone_antibiotic;_penam	24	633	633	1.0000000
barcode21_1405Gb	contig_23764	149298	150483	Escherichia coli EF-Tu mutants conferring resistance to Pulvomycin_elfamycin_antibiotic	33	1185	1185	1.0000000
barcode21_1405Gb	contig_23936	394	1411	vanH gene in vanO cluster_glycopeptide_antibiotic	5	1017	1017	1.0000000
barcode21_1405Gb	contig_2406	1087	1924	APH(6)-Id_aminoglycoside_antibiotic	154	837	837	1.0000000
barcode21_1405Gb	contig_2406	1923	2727	APH(3'')-Ib_aminoglycoside_antibiotic	162	804	804	1.0000000
barcode21_1405Gb	contig_24220	93623	95900	tet(Q)_tetracycline_antibiotic	8	2277	2277	1.0000000
barcode21_1405Gb	contig_24268	21810	22263	vanY gene in vanB cluster_glycopeptide_antibiotic	4	453	453	1.0000000
barcode21_1405Gb	contig_24342	113791	114967	oqxA_fluoroquinolone_antibiotic;_glycylcycline;_tetracycline_antibiotic;_diaminopyrimidine_antibiotic;_nitrofuran_antibiotic	11	1176	1176	1.0000000
barcode21_1405Gb	contig_24342	114991	118144	oqxB_fluoroquinolone_antibiotic;_glycylcycline;_tetracycline_antibiotic;_diaminopyrimidine_antibiotic;_nitrofuran_antibiotic	11	3153	3153	1.0000000
barcode21_1405Gb	contig_24343	340	820	nimE_nitroimidazole_antibiotic	8	480	480	1.0000000
barcode21_1405Gb	contig_24550	7130	9596	vanT gene in vanG cluster_glycopeptide_antibiotic	5	2466	2466	1.0000000
barcode21_1405Gb	contig_24671	20323	22882	vanT gene in vanG cluster_glycopeptide_antibiotic	7	2559	2559	1.0000000
barcode21_1405Gb	contig_24845	875	2102	mdtG_phosphonic_acid_antibiotic	8	1227	1227	1.0000000
barcode21_1405Gb	contig_24845	10731	11940	mdtH_fluoroquinolone_antibiotic	8	1209	1209	1.0000000
barcode21_1405Gb	contig_24845	164119	164533	H-NS_macrolide_antibiotic;_fluoroquinolone_antibiotic;_cephalosporin;_cephamycin;_penam;_tetracycline_antibiotic	21	414	414	1.0000000
barcode21_1405Gb	contig_24895	3442	4822	vanW gene in vanI cluster_glycopeptide_antibiotic	6	1380	1380	1.0000000
barcode21_1405Gb	contig_25119	16765	17800	vanH gene in vanB cluster_glycopeptide_antibiotic	14	1035	1035	1.0000000
barcode21_1405Gb	contig_25128	6006	6990	vanH gene in vanD cluster_glycopeptide_antibiotic	6	984	984	1.0000000
barcode21_1405Gb	contig_25357	16014	17445	vanW gene in vanI cluster_glycopeptide_antibiotic	6	1431	1431	1.0000000
barcode21_1405Gb	contig_25359	4720	7261	vanT gene in vanG cluster_glycopeptide_antibiotic	8	2541	2541	1.0000000
barcode21_1405Gb	contig_25471	13783	14653	vanY gene in vanB cluster_glycopeptide_antibiotic	7	870	870	1.0000000
barcode21_1405Gb	contig_25471	28898	29708	vanY gene in vanB cluster_glycopeptide_antibiotic	7	810	810	1.0000000
barcode21_1405Gb	contig_25591	7306	8152	vanT gene in vanG cluster_glycopeptide_antibiotic	4	846	846	1.0000000
barcode21_1405Gb	contig_25693	10411	11215	vanW gene in vanI cluster_glycopeptide_antibiotic	3	804	804	1.0000000
barcode21_1405Gb	contig_25750	6828	7272	tet(M)_tetracycline_antibiotic	12	444	444	1.0000000
barcode21_1405Gb	contig_25818	2159	2963	vanW gene in vanI cluster_glycopeptide_antibiotic	5	804	804	1.0000000
barcode21_1405Gb	contig_25848	21164	21728	vanY gene in vanF cluster_glycopeptide_antibiotic	24	564	564	1.0000000
barcode21_1405Gb	contig_25919	58603	59728	vanT gene in vanG cluster_glycopeptide_antibiotic	9	1125	1125	1.0000000
barcode21_1405Gb	contig_26109	3387	4581	vanT gene in vanG cluster_glycopeptide_antibiotic	9	1194	1194	1.0000000
barcode21_1405Gb	contig_26207	3891	4617	vanY gene in vanB cluster_glycopeptide_antibiotic	9	726	726	1.0000000
barcode21_1405Gb	contig_26392	932	1718	aadA13_aminoglycoside_antibiotic	15	786	786	1.0000000
barcode21_1405Gb	contig_26403	3623	4295	vanY gene in vanF cluster_glycopeptide_antibiotic	6	672	672	1.0000000
barcode21_1405Gb	contig_26555	145642	146776	vanT gene in vanG cluster_glycopeptide_antibiotic	5	1134	1134	1.0000000
barcode21_1405Gb	contig_26555	146762	147758	vanT gene in vanG cluster_glycopeptide_antibiotic	7	996	996	1.0000000
barcode21_1405Gb	contig_26555	147896	148493	vanXY gene in vanG cluster_glycopeptide_antibiotic	9	597	597	1.0000000
barcode21_1405Gb	contig_26555	148489	149530	vanG_glycopeptide_antibiotic	9	1041	1041	1.0000000
barcode21_1405Gb	contig_26555	149535	150354	vanW gene in vanG cluster_glycopeptide_antibiotic	13	819	819	1.0000000
barcode21_1405Gb	contig_26668	117824	118673	vanY gene in vanB cluster_glycopeptide_antibiotic	24	849	849	1.0000000
barcode21_1405Gb	contig_26767	22035	23133	vanY gene in vanG cluster_glycopeptide_antibiotic	7	1098	1098	1.0000000
barcode21_1405Gb	contig_2686	119	1307	tet(39)_tetracycline_antibiotic	44	1188	1188	1.0000000
barcode21_1405Gb	contig_27056	23955	25119	vanT gene in vanG cluster_glycopeptide_antibiotic	14	1164	1164	1.0000000
barcode21_1405Gb	contig_27179	3470	5435	vanW gene in vanI cluster_glycopeptide_antibiotic	3	1965	1965	1.0000000
barcode21_1405Gb	contig_27238	11704	13201	vanW gene in vanI cluster_glycopeptide_antibiotic	4	1497	1497	1.0000000
barcode21_1405Gb	contig_27705	22389	23463	vanG_glycopeptide_antibiotic	3	1074	1074	1.0000000
barcode21_1405Gb	contig_28013	85557	86745	vanT gene in vanG cluster_glycopeptide_antibiotic	8	1188	1188	1.0000000
barcode21_1405Gb	contig_28085	34546	36202	vanT gene in vanG cluster_glycopeptide_antibiotic	14	1656	1656	1.0000000
barcode21_1405Gb	contig_28104	8625	9717	vanG_glycopeptide_antibiotic	11	1092	1092	1.0000000
barcode21_1405Gb	contig_28141	36414	37473	vanG_glycopeptide_antibiotic	9	1059	1059	1.0000000
barcode21_1405Gb	contig_28421	59134	60232	vanG_glycopeptide_antibiotic	20	1098	1098	1.0000000
barcode21_1405Gb	contig_28489	14322	15429	vanY gene in vanB cluster_glycopeptide_antibiotic	4	1107	1107	1.0000000
barcode21_1405Gb	contig_28490	2056	2860	vanY gene in vanB cluster_glycopeptide_antibiotic	8	804	804	1.0000000
barcode21_1405Gb	contig_28547	25680	27333	vanW gene in vanI cluster_glycopeptide_antibiotic	4	1653	1653	1.0000000
barcode21_1405Gb	contig_28622	5731	7225	vanT gene in vanG cluster_glycopeptide_antibiotic	7	1494	1494	1.0000000
barcode21_1405Gb	contig_28629	946	1441	dfrF_diaminopyrimidine_antibiotic	64	495	495	1.0000000
barcode21_1405Gb	contig_28640	3827	5033	vanT gene in vanG cluster_glycopeptide_antibiotic	13	1206	1206	1.0000000
barcode21_1405Gb	contig_28724	160583	160859	vanU gene in vanG cluster_glycopeptide_antibiotic	54	276	276	1.0000000
barcode21_1405Gb	contig_28922	1	862	vanW gene in vanI cluster_glycopeptide_antibiotic	2	861	861	1.0000000
barcode21_1405Gb	contig_29045	15285	16470	Escherichia coli EF-Tu mutants conferring resistance to Pulvomycin_elfamycin_antibiotic	23	1185	1185	1.0000000
barcode21_1405Gb	contig_29045	39727	40360	CRP_macrolide_antibiotic;_fluoroquinolone_antibiotic;_penam	19	633	633	1.0000000
barcode21_1405Gb	contig_29081	68455	68854	vanY gene in vanB cluster_glycopeptide_antibiotic	3	399	399	1.0000000
barcode21_1405Gb	contig_29084	20480	21395	vanY gene in vanB cluster_glycopeptide_antibiotic	25	915	915	1.0000000
barcode21_1405Gb	contig_29251	6094	6913	bacA_peptide_antibiotic	4	819	819	1.0000000
barcode21_1405Gb	contig_29334	12913	14047	vanT gene in vanG cluster_glycopeptide_antibiotic	19	1134	1134	1.0000000
barcode21_1405Gb	contig_29625	43099	43363	rsmA_fluoroquinolone_antibiotic;_diaminopyrimidine_antibiotic;_phenicol_antibiotic	8	264	264	1.0000000
barcode21_1405Gb	contig_30015	92861	93752	CblA-1_cephalosporin	15	891	891	1.0000000
barcode21_1405Gb	contig_30015	93888	97002	adeF_fluoroquinolone_antibiotic;_tetracycline_antibiotic	9	3114	3114	1.0000000
barcode21_1405Gb	contig_30076	16995	17568	vanW gene in vanG cluster_glycopeptide_antibiotic	3	573	573	1.0000000
barcode21_1405Gb	contig_30132	861	1503	nalC_macrolide_antibiotic;_fluoroquinolone_antibiotic;_monobactam;_carbapenem;_cephalosporin;_cephamycin;_penam;_tetracycline_antibiotic;_peptide_antibiotic;_aminocoumarin_antibiotic;_diaminopyrimidine_antibiotic;_sulfonamide_antibiotic;_phenicol_antibiotic;_penem	3	642	642	1.0000000
barcode21_1405Gb	contig_30159	362	1337	vanT gene in vanG cluster_glycopeptide_antibiotic	4	975	975	1.0000000
barcode21_1405Gb	contig_30282	3737	3923	rsmA_fluoroquinolone_antibiotic;_diaminopyrimidine_antibiotic;_phenicol_antibiotic	41	186	186	1.0000000
barcode21_1405Gb	contig_30298	9435	11247	vanT gene in vanG cluster_glycopeptide_antibiotic	1	1812	1812	1.0000000
barcode21_1405Gb	contig_30298	11239	11974	vanXY gene in vanG cluster_glycopeptide_antibiotic	3	735	735	1.0000000
barcode21_1405Gb	contig_30298	13158	13836	vanW gene in vanG cluster_glycopeptide_antibiotic	3	678	678	1.0000000
barcode21_1405Gb	contig_30441	931	1825	vanY gene in vanB cluster_glycopeptide_antibiotic	7	894	894	1.0000000
barcode21_1405Gb	contig_30479	332	3386	adeF_fluoroquinolone_antibiotic;_tetracycline_antibiotic	4	3054	3054	1.0000000
barcode21_1405Gb	contig_30706	14259	15516	vanY gene in vanA cluster_glycopeptide_antibiotic	6	1257	1257	1.0000000
barcode21_1405Gb	contig_30777	426	1422	vanH gene in vanO cluster_glycopeptide_antibiotic	10	996	996	1.0000000
barcode21_1405Gb	contig_30956	1272	2073	ErmF_macrolide_antibiotic;_lincosamide_antibiotic;_streptogramin_antibiotic;_streptogramin_A_antibiotic;_streptogramin_B_antibiotic	98	801	801	1.0000000
barcode21_1405Gb	contig_30970	1145	2345	tet(A)_tetracycline_antibiotic	9	1200	1200	1.0000000
barcode21_1405Gb	contig_31242	2596	3649	vanY gene in vanA cluster_glycopeptide_antibiotic	4	1053	1053	1.0000000
barcode21_1405Gb	contig_31345	9993	10605	vanY gene in vanB cluster_glycopeptide_antibiotic	2	612	612	1.0000000
barcode21_1405Gb	contig_31345	16566	17676	vanT gene in vanG cluster_glycopeptide_antibiotic	7	1110	1110	1.0000000
barcode21_1405Gb	contig_31403	86208	87204	vanH gene in vanB cluster_glycopeptide_antibiotic	13	996	996	1.0000000
barcode21_1405Gb	contig_31587	11677	12199	vanY gene in vanB cluster_glycopeptide_antibiotic	2	522	522	1.0000000
barcode21_1405Gb	contig_31835	12458	13220	vanW gene in vanG cluster_glycopeptide_antibiotic	6	762	762	1.0000000
barcode21_1405Gb	contig_31995	10069	11056	vanH gene in vanO cluster_glycopeptide_antibiotic	11	987	987	1.0000000
barcode21_1405Gb	contig_32002	3348	6456	adeF_fluoroquinolone_antibiotic;_tetracycline_antibiotic	4	3108	3108	1.0000000
barcode21_1405Gb	contig_32105	52610	53585	CfxA6_cephamycin	344	975	975	1.0000000
barcode21_1405Gb	contig_32303	673	2077	baeS_aminoglycoside_antibiotic;_aminocoumarin_antibiotic	12	1404	1404	1.0000000
barcode21_1405Gb	contig_32537	3978	5145	vanT gene in vanG cluster_glycopeptide_antibiotic	16	1167	1167	1.0000000
barcode21_1405Gb	contig_32650	3360	3849	dfrA6_diaminopyrimidine_antibiotic	34	489	489	1.0000000
barcode21_1405Gb	contig_32673	8941	9925	vanH gene in vanO cluster_glycopeptide_antibiotic	5	984	984	1.0000000
barcode21_1405Gb	contig_32690	19342	20683	vanW gene in vanI cluster_glycopeptide_antibiotic	4	1341	1341	1.0000000
barcode21_1405Gb	contig_32721	671	1130	AAC(6')-Il_aminoglycoside_antibiotic	81	459	459	1.0000000
barcode21_1405Gb	contig_33003	4417	7540	mdtB_aminocoumarin_antibiotic	6	3123	3123	1.0000000
barcode21_1405Gb	contig_33028	8620	9826	vanT gene in vanG cluster_glycopeptide_antibiotic	6	1206	1206	1.0000000
barcode21_1405Gb	contig_33177	4852	5602	tet(32)_tetracycline_antibiotic	1	750	750	1.0000000
barcode21_1405Gb	contig_33177	5582	6734	tet(32)_tetracycline_antibiotic	4	1152	1152	1.0000000
barcode21_1405Gb	contig_33187	4656	5220	vanY gene in vanF cluster_glycopeptide_antibiotic	10	564	564	1.0000000
barcode21_1405Gb	contig_33195	4001	4961	vanT gene in vanG cluster_glycopeptide_antibiotic	3	960	960	1.0000000
barcode21_1405Gb	contig_33331	2957	3392	vanY gene in vanB cluster_glycopeptide_antibiotic	7	435	435	1.0000000
barcode21_1405Gb	contig_33495	39180	40050	vanW gene in vanI cluster_glycopeptide_antibiotic	15	870	870	1.0000000
barcode21_1405Gb	contig_33678	143011	144349	vanY gene in vanF cluster_glycopeptide_antibiotic	3	1338	1338	1.0000000
barcode21_1405Gb	contig_33682	10817	11615	vanY gene in vanG cluster_glycopeptide_antibiotic	7	798	798	1.0000000
barcode21_1405Gb	contig_34261	197589	198513	vanY gene in vanG cluster_glycopeptide_antibiotic	15	924	924	1.0000000
barcode21_1405Gb	contig_34313	4662	5064	FosA8_phosphonic_acid_antibiotic	15	402	402	1.0000000
barcode21_1405Gb	contig_34658	0	759	ErmB_macrolide_antibiotic;_lincosamide_antibiotic;_streptogramin_antibiotic;_streptogramin_A_antibiotic;_streptogramin_B_antibiotic	60	759	759	1.0000000
barcode21_1405Gb	contig_34737	4373	6962	tet(O)_tetracycline_antibiotic	6	2589	2589	1.0000000
barcode21_1405Gb	contig_34757	5729	7385	ArnT_peptide_antibiotic	21	1656	1656	1.0000000
barcode21_1405Gb	contig_34815	1071	2010	vanW gene in vanI cluster_glycopeptide_antibiotic	3	939	939	1.0000000
barcode21_1405Gb	contig_34842	49	859	vanW gene in vanG cluster_glycopeptide_antibiotic	14	810	810	1.0000000
barcode21_1405Gb	contig_35018	5316	7056	vanW gene in vanI cluster_glycopeptide_antibiotic	6	1740	1740	1.0000000
barcode21_1405Gb	contig_35047	1858	2665	vanY gene in vanB cluster_glycopeptide_antibiotic	5	807	807	1.0000000
barcode21_1405Gb	contig_35095	4230	5235	vanH gene in vanO cluster_glycopeptide_antibiotic	3	1005	1005	1.0000000
barcode21_1405Gb	contig_35352	17949	18780	vanY gene in vanB cluster_glycopeptide_antibiotic	10	831	831	1.0000000
barcode21_1405Gb	contig_35442	11301	12420	vanT gene in vanG cluster_glycopeptide_antibiotic	6	1119	1119	1.0000000
barcode21_1405Gb	contig_35659	363	1557	vanT gene in vanG cluster_glycopeptide_antibiotic	5	1194	1194	1.0000000
barcode21_1405Gb	contig_35778	10076	11183	vanT gene in vanG cluster_glycopeptide_antibiotic	5	1107	1107	1.0000000
barcode21_1405Gb	contig_35949	81703	82885	vanT gene in vanG cluster_glycopeptide_antibiotic	9	1182	1182	1.0000000
barcode21_1405Gb	contig_36081	903	1341	vanY gene in vanB cluster_glycopeptide_antibiotic	10	438	438	1.0000000
barcode21_1405Gb	contig_36081	1291	1561	vanY gene in vanB cluster_glycopeptide_antibiotic	13	270	270	1.0000000
barcode21_1405Gb	contig_36158	12061	14320	vanT gene in vanG cluster_glycopeptide_antibiotic	4	2259	2259	1.0000000
barcode21_1405Gb	contig_36237	826	1318	nimA_nitroimidazole_antibiotic	15	492	492	1.0000000
barcode21_1405Gb	contig_36317	698	1292	vanY gene in vanB cluster_glycopeptide_antibiotic	6	594	594	1.0000000
barcode21_1405Gb	contig_36659	3980	5609	lsaA_lincosamide_antibiotic;_streptogramin_antibiotic;_streptogramin_A_antibiotic;_streptogramin_B_antibiotic;_pleuromutilin_antibiotic	4	1629	1629	1.0000000
barcode21_1405Gb	contig_36791	4719	6111	Escherichia coli UhpT with mutation conferring resistance to fosfomycin_phosphonic_acid_antibiotic	13	1392	1392	1.0000000
barcode21_1405Gb	contig_36935	1307	2291	PmrF_peptide_antibiotic	9	984	984	1.0000000
barcode21_1405Gb	contig_37203	9524	10460	vanY gene in vanB cluster_glycopeptide_antibiotic	6	936	936	1.0000000
barcode21_1405Gb	contig_37399	6198	7494	vanY gene in vanG cluster_glycopeptide_antibiotic	3	1296	1296	1.0000000
barcode21_1405Gb	contig_37609	1	226	vanY gene in vanA cluster_glycopeptide_antibiotic	8	225	225	1.0000000
barcode21_1405Gb	contig_37915	800	1661	SHV-12_carbapenem;_cephalosporin;_penam	5	861	861	1.0000000
barcode21_1405Gb	contig_38066	3186	3924	TEM-244_monobactam;_cephalosporin;_penam;_penem	31	738	738	1.0000000
barcode21_1405Gb	contig_38112	14519	15392	vanY gene in vanG cluster_glycopeptide_antibiotic	3	873	873	1.0000000
barcode21_1405Gb	contig_38138	400	1705	vanW gene in vanI cluster_glycopeptide_antibiotic	3	1305	1305	1.0000000
barcode21_1405Gb	contig_38169	1425	3414	vanT gene in vanG cluster_glycopeptide_antibiotic	5	1989	1989	1.0000000
barcode21_1405Gb	contig_38220	5598	6945	vanW gene in vanI cluster_glycopeptide_antibiotic	4	1347	1347	1.0000000
barcode21_1405Gb	contig_38866	2291	3134	vanY gene in vanB cluster_glycopeptide_antibiotic	2	843	843	1.0000000
barcode21_1405Gb	contig_39087	1996	2221	vanU gene in vanG cluster_glycopeptide_antibiotic	4	225	225	1.0000000
barcode21_1405Gb	contig_39136	28795	29974	vanT gene in vanG cluster_glycopeptide_antibiotic	9	1179	1179	1.0000000
barcode21_1405Gb	contig_39293	27	1926	vanW gene in vanI cluster_glycopeptide_antibiotic	3	1899	1899	1.0000000
barcode21_1405Gb	contig_39534	9073	10069	vanH gene in vanO cluster_glycopeptide_antibiotic	4	996	996	1.0000000
barcode21_1405Gb	contig_39535	7475	8471	vanH gene in vanO cluster_glycopeptide_antibiotic	4	996	996	1.0000000
barcode21_1405Gb	contig_39628	21266	23861	tet(36)_tetracycline_antibiotic	2	2595	2595	1.0000000
barcode21_1405Gb	contig_39686	6323	6893	vanY gene in vanB cluster_glycopeptide_antibiotic	4	570	570	1.0000000
barcode21_1405Gb	contig_39736	49	676	Campylobacter coli chloramphenicol acetyltransferase_phenicol_antibiotic	20	627	627	1.0000000
barcode21_1405Gb	contig_39818	11480	12212	vanW gene in vanI cluster_glycopeptide_antibiotic	2	732	732	1.0000000
barcode21_1405Gb	contig_40127	2184	3336	vanW gene in vanI cluster_glycopeptide_antibiotic	4	1152	1152	1.0000000
barcode21_1405Gb	contig_40241	3205	4264	vanT gene in vanG cluster_glycopeptide_antibiotic	4	1059	1059	1.0000000
barcode21_1405Gb	contig_40247	339	1965	poxtA_tetracycline_antibiotic;_oxazolidinone_antibiotic;_phenicol_antibiotic	4	1626	1626	1.0000000
barcode21_1405Gb	contig_40537	545	1682	vanT gene in vanG cluster_glycopeptide_antibiotic	3	1137	1137	1.0000000
barcode21_1405Gb	contig_40781	4473	5658	Escherichia coli EF-Tu mutants conferring resistance to Pulvomycin_elfamycin_antibiotic	32	1185	1185	1.0000000
barcode21_1405Gb	contig_40998	33915	35070	vanT gene in vanG cluster_glycopeptide_antibiotic	4	1155	1155	1.0000000
barcode21_1405Gb	contig_41606	9756	11694	vanW gene in vanI cluster_glycopeptide_antibiotic	3	1938	1938	1.0000000
barcode21_1405Gb	contig_41611	1276	2179	vanY gene in vanB cluster_glycopeptide_antibiotic	8	903	903	1.0000000
barcode21_1405Gb	contig_41640	16065	17064	vanY gene in vanG cluster_glycopeptide_antibiotic	4	999	999	1.0000000
barcode21_1405Gb	contig_41645	271	604	qacJ_disinfecting_agents_and_antiseptics	22	333	333	1.0000000
barcode21_1405Gb	contig_41645	722	1463	IMP-16_carbapenem;_cephalosporin;_cephamycin;_penam;_penem	34	741	741	1.0000000
barcode21_1405Gb	contig_41660	1	1231	vanW gene in vanI cluster_glycopeptide_antibiotic	5	1230	1230	1.0000000
barcode21_1405Gb	contig_41915	850	1795	vanY gene in vanA cluster_glycopeptide_antibiotic	8	945	945	1.0000000
barcode21_1405Gb	contig_42114	1	502	vanY gene in vanB cluster_glycopeptide_antibiotic	5	501	501	1.0000000
barcode21_1405Gb	contig_42271	734	2378	vanW gene in vanI cluster_glycopeptide_antibiotic	6	1644	1644	1.0000000
barcode21_1405Gb	contig_42315	1147	1960	vanY gene in vanB cluster_glycopeptide_antibiotic	5	813	813	1.0000000
barcode21_1405Gb	contig_42323	919	2083	vanT gene in vanG cluster_glycopeptide_antibiotic	2	1164	1164	1.0000000
barcode21_1405Gb	contig_426	57205	58048	OXA-58_carbapenem;_penam	36	843	843	1.0000000
barcode21_1405Gb	contig_42969	12446	13502	vanG_glycopeptide_antibiotic	15	1056	1056	1.0000000
barcode21_1405Gb	contig_42969	13495	14647	vanT gene in vanE cluster_glycopeptide_antibiotic	17	1152	1152	1.0000000
barcode21_1405Gb	contig_42996	18804	21282	vanT gene in vanG cluster_glycopeptide_antibiotic	9	2478	2478	1.0000000
barcode21_1405Gb	contig_43040	5406	5907	nimD_nitroimidazole_antibiotic	53	501	501	1.0000000
barcode21_1405Gb	contig_43056	3351	4554	vanT gene in vanG cluster_glycopeptide_antibiotic	37	1203	1203	1.0000000
barcode21_1405Gb	contig_43095	1709	2879	vanT gene in vanG cluster_glycopeptide_antibiotic	4	1170	1170	1.0000000
barcode21_1405Gb	contig_43163	16829	17642	vanY gene in vanB cluster_glycopeptide_antibiotic	19	813	813	1.0000000
barcode21_1405Gb	contig_43176	691	1234	lnuC_lincosamide_antibiotic	49	543	543	1.0000000
barcode21_1405Gb	contig_43181	30253	31771	vanW gene in vanI cluster_glycopeptide_antibiotic	12	1518	1518	1.0000000
barcode21_1405Gb	contig_43182	4552	5539	vanH gene in vanO cluster_glycopeptide_antibiotic	13	987	987	1.0000000
barcode21_1405Gb	contig_43238	1295	1706	FosXCC_phosphonic_acid_antibiotic	97	411	411	1.0000000
barcode21_1405Gb	contig_43263	2	701	vanY gene in vanB cluster_glycopeptide_antibiotic	25	699	699	1.0000000
barcode21_1405Gb	contig_43296	6798	9570	tet(Q)_tetracycline_antibiotic	32	2772	2772	1.0000000
barcode21_1405Gb	contig_43335	220	2140	poxtA_tetracycline_antibiotic;_oxazolidinone_antibiotic;_phenicol_antibiotic	7	1920	1920	1.0000000
barcode21_1405Gb	contig_43387	4816	5941	vanT gene in vanG cluster_glycopeptide_antibiotic	11	1125	1125	1.0000000
barcode21_1405Gb	contig_43390	1077	2325	mef(H)_macrolide_antibiotic	8	1248	1248	1.0000000
barcode21_1405Gb	contig_43411	16558	17764	Mef(En2)_macrolide_antibiotic;_lincosamide_antibiotic	133	1206	1206	1.0000000
barcode21_1405Gb	contig_43415	30282	31131	vanW gene in vanI cluster_glycopeptide_antibiotic	47	849	849	1.0000000
barcode21_1405Gb	contig_43471	17023	17944	vanY gene in vanB cluster_glycopeptide_antibiotic	15	921	921	1.0000000
barcode21_1405Gb	contig_43485	3830	4631	ErmF_macrolide_antibiotic;_lincosamide_antibiotic;_streptogramin_antibiotic;_streptogramin_A_antibiotic;_streptogramin_B_antibiotic	197	801	801	1.0000000
barcode21_1405Gb	contig_43495	9745	12874	adeF_fluoroquinolone_antibiotic;_tetracycline_antibiotic	5	3129	3129	1.0000000
barcode21_1405Gb	contig_43523	25910	27107	vanT gene in vanG cluster_glycopeptide_antibiotic	17	1197	1197	1.0000000
barcode21_1405Gb	contig_43525	2772	3597	vanW gene in vanB cluster_glycopeptide_antibiotic	14	825	825	1.0000000
barcode21_1405Gb	contig_43729	29165	30341	vanT gene in vanG cluster_glycopeptide_antibiotic	9	1176	1176	1.0000000
barcode21_1405Gb	contig_43956	23238	24414	vanT gene in vanG cluster_glycopeptide_antibiotic	16	1176	1176	1.0000000
barcode21_1405Gb	contig_43982	1999	2851	vanY gene in vanB cluster_glycopeptide_antibiotic	23	852	852	1.0000000
barcode21_1405Gb	contig_44088	8870	11552	tet(Q)_tetracycline_antibiotic	6	2682	2682	1.0000000
barcode21_1405Gb	contig_44114	6468	7461	vanH gene in vanB cluster_glycopeptide_antibiotic	14	993	993	1.0000000
barcode21_1405Gb	contig_44207	66539	66863	Escherichia coli soxS with mutation conferring antibiotic resistance_fluoroquinolone_antibiotic;_monobactam;_carbapenem;_cephalosporin;_glycylcycline;_cephamycin;_penam;_tetracycline_antibiotic;_rifamycin_antibiotic;_phenicol_antibiotic;_penem;_disinfecting_agents_and_antiseptics	10	324	324	1.0000000
barcode21_1405Gb	contig_44207	66948	67413	Escherichia coli soxR with mutation conferring antibiotic resistance_fluoroquinolone_antibiotic;_cephalosporin;_glycylcycline;_penam;_tetracycline_antibiotic;_rifamycin_antibiotic;_phenicol_antibiotic;_disinfecting_agents_and_antiseptics	17	465	465	1.0000000
barcode21_1405Gb	contig_44207	88931	90398	mdtP_nucleoside_antibiotic;_disinfecting_agents_and_antiseptics	17	1467	1467	1.0000000
barcode21_1405Gb	contig_44207	90394	92446	mdtO_nucleoside_antibiotic;_disinfecting_agents_and_antiseptics	11	2052	2052	1.0000000
barcode21_1405Gb	contig_44207	92445	93477	mdtN_nucleoside_antibiotic;_disinfecting_agents_and_antiseptics	14	1032	1032	1.0000000
barcode21_1405Gb	contig_4438	637	982	qacG_disinfecting_agents_and_antiseptics	46	345	345	1.0000000
barcode21_1405Gb	contig_44392	1484	4613	adeF_fluoroquinolone_antibiotic;_tetracycline_antibiotic	8	3129	3129	1.0000000
barcode21_1405Gb	contig_4440	190	1018	OXA-72_carbapenem;_penam	21	828	828	1.0000000
barcode21_1405Gb	contig_44415	10839	13317	vanT gene in vanG cluster_glycopeptide_antibiotic	56	2478	2478	1.0000000
barcode21_1405Gb	contig_44515	11415	11907	nimJ_nitroimidazole_antibiotic	13	492	492	1.0000000
barcode21_1405Gb	contig_44576	8923	12040	adeF_fluoroquinolone_antibiotic;_tetracycline_antibiotic	6	3117	3117	1.0000000
barcode21_1405Gb	contig_44599	3122	4325	vanT gene in vanG cluster_glycopeptide_antibiotic	4	1203	1203	1.0000000
barcode21_1405Gb	contig_44600	14257	14734	nimJ_nitroimidazole_antibiotic	8	477	477	1.0000000
barcode21_1405Gb	contig_44630	7172	7553	marA_fluoroquinolone_antibiotic;_monobactam;_carbapenem;_cephalosporin;_glycylcycline;_cephamycin;_penam;_tetracycline_antibiotic;_rifamycin_antibiotic;_phenicol_antibiotic;_penem;_disinfecting_agents_and_antiseptics	10	381	381	1.0000000
barcode21_1405Gb	contig_44630	7572	8007	Escherichia coli AcrAB-TolC with MarR mutations conferring resistance to ciprofloxacin and tetracycline_fluoroquinolone_antibiotic;_cephalosporin;_glycylcycline;_penam;_tetracycline_antibiotic;_rifamycin_antibiotic;_phenicol_antibiotic;_disinfecting_agents_and_antiseptics	16	435	435	1.0000000
barcode21_1405Gb	contig_44693	30413	30944	emrR_fluoroquinolone_antibiotic	14	531	531	1.0000000
barcode21_1405Gb	contig_44693	31070	32243	emrA_fluoroquinolone_antibiotic	15	1173	1173	1.0000000
barcode21_1405Gb	contig_44693	32259	33807	emrB_fluoroquinolone_antibiotic	17	1548	1548	1.0000000
barcode21_1405Gb	contig_44693	40839	41025	rsmA_fluoroquinolone_antibiotic;_diaminopyrimidine_antibiotic;_phenicol_antibiotic	22	186	186	1.0000000
barcode21_1405Gb	contig_44813	4303	5836	vanW gene in vanI cluster_glycopeptide_antibiotic	6	1533	1533	1.0000000
barcode21_1405Gb	contig_44820	4328	5408	vanG_glycopeptide_antibiotic	9	1080	1080	1.0000000
barcode21_1405Gb	contig_44827	13067	14756	vanW gene in vanI cluster_glycopeptide_antibiotic	3	1689	1689	1.0000000
barcode21_1405Gb	contig_44840	48196	51307	adeF_fluoroquinolone_antibiotic;_tetracycline_antibiotic	4	3111	3111	1.0000000
barcode21_1405Gb	contig_44841	25555	26947	vanW gene in vanI cluster_glycopeptide_antibiotic	3	1392	1392	1.0000000
barcode21_1405Gb	contig_44917	1513	2704	vanT gene in vanG cluster_glycopeptide_antibiotic	9	1191	1191	1.0000000
barcode21_1405Gb	contig_45005	9356	10556	vanT gene in vanG cluster_glycopeptide_antibiotic	6	1200	1200	1.0000000
barcode21_1405Gb	contig_45061	12118	12451	qacJ_disinfecting_agents_and_antiseptics	24	333	333	1.0000000
barcode21_1405Gb	contig_45130	7610	9428	vanW gene in vanI cluster_glycopeptide_antibiotic	7	1818	1818	1.0000000
barcode21_1405Gb	contig_45213	19262	20942	vanW gene in vanI cluster_glycopeptide_antibiotic	6	1680	1680	1.0000000
barcode21_1405Gb	contig_45308	29792	31265	vanW gene in vanI cluster_glycopeptide_antibiotic	17	1473	1473	1.0000000
barcode21_1405Gb	contig_45336	8958	9399	AAC(6')-Ic_aminoglycoside_antibiotic	4	441	441	1.0000000
barcode21_1405Gb	contig_45342	18419	19973	vanW gene in vanI cluster_glycopeptide_antibiotic	8	1554	1554	1.0000000
barcode21_1405Gb	contig_4539	4554	5382	OXA-253_carbapenem;_penam	57	828	828	1.0000000
barcode21_1405Gb	contig_4539	14349	15177	OXA-253_carbapenem;_penam	51	828	828	1.0000000
barcode21_1405Gb	contig_45494	4692	5889	vanT gene in vanG cluster_glycopeptide_antibiotic	24	1197	1197	1.0000000
barcode21_1405Gb	contig_45519	65342	67142	vanW gene in vanI cluster_glycopeptide_antibiotic	7	1800	1800	1.0000000
barcode21_1405Gb	contig_45536	2965	3946	vanH gene in vanO cluster_glycopeptide_antibiotic	4	981	981	1.0000000
barcode21_1405Gb	contig_45567	62450	66011	Bifidobacterium adolescentis rpoB mutants conferring resistance to rifampicin_rifamycin_antibiotic	35	3561	3561	1.0000000
barcode21_1405Gb	contig_45581	7742	8549	vanY gene in vanB cluster_glycopeptide_antibiotic	8	807	807	1.0000000
barcode21_1405Gb	contig_45598	4710	6279	vanW gene in vanI cluster_glycopeptide_antibiotic	8	1569	1569	1.0000000
barcode21_1405Gb	contig_45642	30142	30781	vanY gene in vanB cluster_glycopeptide_antibiotic	8	639	639	1.0000000
barcode21_1405Gb	contig_45749	47011	48760	msbA_nitroimidazole_antibiotic	13	1749	1749	1.0000000
barcode21_1405Gb	contig_45947	979	2344	tet(W)_tetracycline_antibiotic	19	1365	1365	1.0000000
barcode21_1405Gb	contig_45997	0	246	qacJ_disinfecting_agents_and_antiseptics	16	246	246	1.0000000
barcode21_1405Gb	contig_46156	10444	10777	qacG_disinfecting_agents_and_antiseptics	16	333	333	1.0000000
barcode21_1405Gb	contig_46184	6788	7358	vanY gene in vanB cluster_glycopeptide_antibiotic	6	570	570	1.0000000
barcode21_1405Gb	contig_46229	8040	8865	aadA_aminoglycoside_antibiotic	51	825	825	1.0000000
barcode21_1405Gb	contig_46246	12532	13327	vanY gene in vanB cluster_glycopeptide_antibiotic	13	795	795	1.0000000
barcode21_1405Gb	contig_46256	12243	12720	nimG_nitroimidazole_antibiotic	6	477	477	1.0000000
barcode21_1405Gb	contig_46328	21899	22178	vanY gene in vanB cluster_glycopeptide_antibiotic	3	279	279	1.0000000
barcode21_1405Gb	contig_473	223	1447	mef(C)_macrolide_antibiotic;_tetracycline_antibiotic	10	1224	1224	1.0000000
barcode21_1405Gb	contig_5068	198358	200836	vanT gene in vanG cluster_glycopeptide_antibiotic	44	2478	2478	1.0000000
barcode21_1405Gb	contig_5864	126192	127008	vanY gene in vanB cluster_glycopeptide_antibiotic	13	816	816	1.0000000
barcode21_1405Gb	contig_5865	2300	3164	aadS_aminoglycoside_antibiotic	153	864	864	1.0000000
barcode21_1405Gb	contig_5865	3347	4262	EstT_macrolide_antibiotic;_glycylcycline;_tetracycline_antibiotic	17	915	915	1.0000000
barcode21_1405Gb	contig_5865	4422	5589	tet(X)_glycylcycline;_tetracycline_antibiotic	37	1167	1167	1.0000000
barcode21_1405Gb	contig_5865	5798	6599	ErmF_macrolide_antibiotic;_lincosamide_antibiotic;_streptogramin_antibiotic;_streptogramin_A_antibiotic;_streptogramin_B_antibiotic	44	801	801	1.0000000
barcode21_1405Gb	contig_5879	1271	2132	TEM-1_monobactam;_cephalosporin;_penam;_penem	43	861	861	1.0000000
barcode21_1405Gb	contig_5879	2362	3199	APH(6)-Id_aminoglycoside_antibiotic	76	837	837	1.0000000
barcode21_1405Gb	contig_5879	3198	4002	APH(3'')-Ib_aminoglycoside_antibiotic	58	804	804	1.0000000
barcode21_1405Gb	contig_5879	4062	4878	sul2_sulfonamide_antibiotic	39	816	816	1.0000000
barcode21_1405Gb	contig_5879	14274	16194	tet(W)_tetracycline_antibiotic	123	1920	1920	1.0000000
barcode21_1405Gb	contig_5946	20112	23292	adeF_fluoroquinolone_antibiotic;_tetracycline_antibiotic	204	3180	3180	1.0000000
barcode21_1405Gb	contig_5985	1146	2622	msrE_macrolide_antibiotic;_streptogramin_antibiotic	370	1476	1476	1.0000000
barcode21_1405Gb	contig_5985	2677	3562	mphE_macrolide_antibiotic	202	885	885	1.0000000
barcode21_1405Gb	contig_5985	5283	6498	floR_phenicol_antibiotic	88	1215	1215	1.0000000
barcode21_1405Gb	contig_5991	31590	31845	rsmA_fluoroquinolone_antibiotic;_diaminopyrimidine_antibiotic;_phenicol_antibiotic	29	255	255	1.0000000
barcode21_1405Gb	contig_6008	1323	2163	sul1_sulfonamide_antibiotic	224	840	840	1.0000000
barcode21_1405Gb	contig_6010	4501	4834	qacJ_disinfecting_agents_and_antiseptics	14	333	333	1.0000000
barcode21_1405Gb	contig_6011	14219	14672	arr-3_rifamycin_antibiotic	143	453	453	1.0000000
barcode21_1405Gb	contig_6011	14777	15365	AAC(6')-Ib9_aminoglycoside_antibiotic	155	588	588	1.0000000
barcode21_1405Gb	contig_6011	15853	16306	arr-3_rifamycin_antibiotic	41	453	453	1.0000000
barcode21_1405Gb	contig_6011	16626	17886	cmlA5_phenicol_antibiotic	21	1260	1260	1.0000000
barcode21_1405Gb	contig_6011	18150	18951	OXA-10_cephalosporin;_penam	19	801	801	1.0000000
barcode21_1405Gb	contig_6011	18967	19759	aadA_aminoglycoside_antibiotic	57	792	792	1.0000000
barcode21_1405Gb	contig_6054	2935	3673	ErmB_macrolide_antibiotic;_lincosamide_antibiotic;_streptogramin_antibiotic;_streptogramin_A_antibiotic;_streptogramin_B_antibiotic	225	738	738	1.0000000
barcode21_1405Gb	contig_6062	25893	26673	APH(3')-VIa_aminoglycoside_antibiotic	498	780	780	1.0000000
barcode21_1405Gb	contig_6067	76629	76884	rsmA_fluoroquinolone_antibiotic;_diaminopyrimidine_antibiotic;_phenicol_antibiotic	477	255	255	1.0000000
barcode21_1405Gb	contig_6081	9762	10863	vanG_glycopeptide_antibiotic	17	1101	1101	1.0000000
barcode21_1405Gb	contig_6081	105808	108955	acrB_fluoroquinolone_antibiotic;_cephalosporin;_glycylcycline;_penam;_tetracycline_antibiotic;_rifamycin_antibiotic;_phenicol_antibiotic;_disinfecting_agents_and_antiseptics	16	3147	3147	1.0000000
barcode21_1405Gb	contig_6081	108977	110171	Enterobacter cloacae acrA_fluoroquinolone_antibiotic;_cephalosporin;_glycylcycline;_penam;_tetracycline_antibiotic;_rifamycin_antibiotic;_phenicol_antibiotic;_disinfecting_agents_and_antiseptics	17	1194	1194	1.0000000
barcode21_1405Gb	contig_6144	30929	31730	ErmF_macrolide_antibiotic;_lincosamide_antibiotic;_streptogramin_antibiotic;_streptogramin_A_antibiotic;_streptogramin_B_antibiotic	307	801	801	1.0000000
barcode21_1405Gb	contig_6144	31942	33079	tet(X)_glycylcycline;_tetracycline_antibiotic	163	1137	1137	1.0000000
barcode21_1405Gb	contig_6144	33816	35742	tet(Q)_tetracycline_antibiotic	111	1926	1926	1.0000000
barcode21_1405Gb	contig_6144	2400355	2401471	vanT gene in vanG cluster_glycopeptide_antibiotic	60	1116	1116	1.0000000
barcode21_1405Gb	contig_6144	3007053	3008019	CfxA5_cephamycin	365	966	966	1.0000000
barcode21_1405Gb	contig_6146	22633	23839	Mef(En2)_macrolide_antibiotic;_lincosamide_antibiotic	148	1206	1206	1.0000000
barcode21_1405Gb	contig_6440	100	448	qacEdelta1_disinfecting_agents_and_antiseptics	163	348	348	1.0000000
barcode21_1405Gb	contig_6440	441	1281	sul1_sulfonamide_antibiotic	124	840	840	1.0000000
barcode21_1405Gb	contig_6440	6683	7922	Mrx_macrolide_antibiotic	16	1239	1239	1.0000000
barcode21_1405Gb	contig_6440	7918	8824	mphA_macrolide_antibiotic	16	906	906	1.0000000
barcode21_1405Gb	contig_6440	9779	10721	APH(3')-Ia_aminoglycoside_antibiotic	12	942	942	1.0000000
barcode21_1405Gb	contig_6440	11579	12464	mphE_macrolide_antibiotic	143	885	885	1.0000000
barcode21_1405Gb	contig_6440	12519	13995	msrE_macrolide_antibiotic;_streptogramin_antibiotic	294	1476	1476	1.0000000
barcode21_1405Gb	contig_6506	9785	10565	APH(3')-VIa_aminoglycoside_antibiotic	100	780	780	1.0000000
barcode21_1405Gb	contig_6509	92291	94808	vanT gene in vanG cluster_glycopeptide_antibiotic	13	2517	2517	1.0000000
barcode21_1405Gb	contig_6572	98371	100903	vanT gene in vanG cluster_glycopeptide_antibiotic	35	2532	2532	1.0000000
barcode21_1405Gb	contig_6637	907	1768	AAC(3)-IIe_aminoglycoside_antibiotic	29	861	861	1.0000000
barcode21_1405Gb	contig_6637	9431	10275	OXA-58_carbapenem;_penam	39	844	844	1.0000000
barcode21_1405Gb	contig_6645	332059	333943	vanY gene in vanB cluster_glycopeptide_antibiotic	9	1884	1884	1.0000000
barcode21_1405Gb	contig_6657	31992	32874	KPC-2_monobactam;_carbapenem;_cephalosporin;_penam	178	882	882	1.0000000
barcode21_1405Gb	contig_6682	1287	2802	aadT_macrolide_antibiotic;_tetracycline_antibiotic;_disinfecting_agents_and_antiseptics	64	1515	1515	1.0000000
barcode21_1405Gb	contig_6725	525	2499	tet(Q)_tetracycline_antibiotic	349	1974	1974	1.0000000
barcode21_1405Gb	contig_6726	448	2422	tet(Q)_tetracycline_antibiotic	87	1974	1974	1.0000000
barcode21_1405Gb	contig_6739	522	2448	tet(Q)_tetracycline_antibiotic	133	1926	1926	1.0000000
barcode21_1405Gb	contig_6910	22593	23409	sul2_sulfonamide_antibiotic	25	816	816	1.0000000
barcode21_1405Gb	contig_7017	4814	6761	tet(Q)_tetracycline_antibiotic	364	1947	1947	1.0000000
barcode21_1405Gb	contig_7018	107735	107999	rsmA_fluoroquinolone_antibiotic;_diaminopyrimidine_antibiotic;_phenicol_antibiotic	10	264	264	1.0000000
barcode21_1405Gb	contig_7052	7187	8663	msrE_macrolide_antibiotic;_streptogramin_antibiotic	431	1476	1476	1.0000000
barcode21_1405Gb	contig_7052	8718	9603	mphE_macrolide_antibiotic	421	885	885	1.0000000
barcode21_1405Gb	contig_7076	271083	272610	vanW gene in vanI cluster_glycopeptide_antibiotic	24	1527	1527	1.0000000
barcode21_1405Gb	contig_7130	38825	39335	dfrA8_diaminopyrimidine_antibiotic	22	510	510	1.0000000
barcode21_1405Gb	contig_7130	43267	43912	QnrB19_fluoroquinolone_antibiotic	87	645	645	1.0000000
barcode21_1405Gb	contig_7130	44399	45260	AAC(3)-IIe_aminoglycoside_antibiotic	38	861	861	1.0000000
barcode21_1405Gb	contig_7130	50061	50865	APH(3'')-Ib_aminoglycoside_antibiotic	76	804	804	1.0000000
barcode21_1405Gb	contig_7130	50864	51701	APH(6)-Id_aminoglycoside_antibiotic	94	837	837	1.0000000
barcode21_1405Gb	contig_7193	138822	141291	vanT gene in vanG cluster_glycopeptide_antibiotic	15	2469	2469	1.0000000
barcode21_1405Gb	contig_720	7791	8673	vanW gene in vanG cluster_glycopeptide_antibiotic	576	882	882	1.0000000
barcode21_1405Gb	contig_7292	267432	269910	vanT gene in vanG cluster_glycopeptide_antibiotic	26	2478	2478	1.0000000
barcode21_1405Gb	contig_7292	396132	397128	CfxA6_cephamycin	334	996	996	1.0000000
barcode21_1405Gb	contig_7295	907	2074	tet(X3)_glycylcycline;_tetracycline_antibiotic	24	1167	1167	1.0000000
barcode21_1405Gb	contig_7308	35182	38347	adeF_fluoroquinolone_antibiotic;_tetracycline_antibiotic	142	3165	3165	1.0000000
barcode21_1405Gb	contig_7346	6703	7531	OXA-253_carbapenem;_penam	43	828	828	1.0000000
barcode21_1405Gb	contig_7431	60285	61086	ErmF_macrolide_antibiotic;_lincosamide_antibiotic;_streptogramin_antibiotic;_streptogramin_A_antibiotic;_streptogramin_B_antibiotic	287	801	801	1.0000000
barcode21_1405Gb	contig_7431	62328	63192	aadS_aminoglycoside_antibiotic	222	864	864	1.0000000
barcode21_1405Gb	contig_7431	63367	64444	tet(X4)_glycylcycline;_tetracycline_antibiotic	59	1077	1077	1.0000000
barcode21_1405Gb	contig_7495	5162	6047	mphE_macrolide_antibiotic	357	885	885	1.0000000
barcode21_1405Gb	contig_7495	6102	7578	msrE_macrolide_antibiotic;_streptogramin_antibiotic	358	1476	1476	1.0000000
barcode21_1405Gb	contig_7535	154	709	vanY gene in vanF cluster_glycopeptide_antibiotic	3	555	555	1.0000000
barcode21_1405Gb	contig_7558	12914	13928	CfxA2_cephamycin	211	1014	1014	1.0000000
barcode21_1405Gb	contig_7558	16707	19173	vanT gene in vanG cluster_glycopeptide_antibiotic	8	2466	2466	1.0000000
barcode21_1405Gb	contig_7586	379	1855	msrE_macrolide_antibiotic;_streptogramin_antibiotic	270	1476	1476	1.0000000
barcode21_1405Gb	contig_7586	1911	2796	mphE_macrolide_antibiotic	130	885	885	1.0000000
barcode21_1405Gb	contig_7586	4669	5860	tet(C)_tetracycline_antibiotic	18	1191	1191	1.0000000
barcode21_1405Gb	contig_7586	7366	8557	tet(C)_tetracycline_antibiotic	11	1191	1191	1.0000000
barcode21_1405Gb	contig_7664	0	756	ErmF_macrolide_antibiotic;_lincosamide_antibiotic;_streptogramin_antibiotic;_streptogramin_A_antibiotic;_streptogramin_B_antibiotic	54	756	756	1.0000000
barcode21_1405Gb	contig_7664	1042	1594	tet(Q)_tetracycline_antibiotic	115	552	552	1.0000000
barcode21_1405Gb	contig_7664	2329	2932	tet(Q)_tetracycline_antibiotic	160	603	603	1.0000000
barcode21_1405Gb	contig_7769	3911	4838	PER-2_monobactam;_carbapenem;_cephalosporin;_penam;_penem	13	927	927	1.0000000
barcode21_1405Gb	contig_7769	14197	14821	tetR_tetracycline_antibiotic	5	624	624	1.0000000
barcode21_1405Gb	contig_7769	14904	16110	tet(B)_tetracycline_antibiotic	5	1206	1206	1.0000000
barcode21_1405Gb	contig_7799	1189	1624	Escherichia coli AcrAB-TolC with MarR mutations conferring resistance to ciprofloxacin and tetracycline_fluoroquinolone_antibiotic;_cephalosporin;_glycylcycline;_penam;_tetracycline_antibiotic;_rifamycin_antibiotic;_phenicol_antibiotic;_disinfecting_agents_and_antiseptics	7	435	435	1.0000000
barcode21_1405Gb	contig_7799	1643	2027	marA_fluoroquinolone_antibiotic;_monobactam;_carbapenem;_cephalosporin;_glycylcycline;_cephamycin;_penam;_tetracycline_antibiotic;_rifamycin_antibiotic;_phenicol_antibiotic;_penem;_disinfecting_agents_and_antiseptics	10	384	384	1.0000000
barcode21_1405Gb	contig_7799	49906	50239	Escherichia coli emrE_macrolide_antibiotic	9	333	333	1.0000000
barcode21_1405Gb	contig_7818	36529	38449	tet(W)_tetracycline_antibiotic	244	1920	1920	1.0000000
barcode21_1405Gb	contig_785	96	540	qacG_disinfecting_agents_and_antiseptics	17	444	444	1.0000000
barcode21_1405Gb	contig_7865	5032	5767	ErmG_macrolide_antibiotic;_lincosamide_antibiotic;_streptogramin_antibiotic;_streptogramin_A_antibiotic;_streptogramin_B_antibiotic	24	735	735	1.0000000
barcode21_1405Gb	contig_7910	618	1278	catA1_phenicol_antibiotic	10	660	660	1.0000000
barcode21_1405Gb	contig_7936	639	2115	msrE_macrolide_antibiotic;_streptogramin_antibiotic	410	1476	1476	1.0000000
barcode21_1405Gb	contig_7936	2170	3055	mphE_macrolide_antibiotic	427	885	885	1.0000000
barcode21_1405Gb	contig_7944	16380	18867	vanT gene in vanG cluster_glycopeptide_antibiotic	7	2487	2487	1.0000000
barcode21_1405Gb	contig_7974	4676	5642	CfxA3_cephamycin	323	966	966	1.0000000
barcode21_1405Gb	contig_7992	3245	4127	KPC-2_monobactam;_carbapenem;_cephalosporin;_penam	98	882	882	1.0000000
barcode21_1405Gb	contig_7994	10016	10796	APH(3')-VIa_aminoglycoside_antibiotic	121	780	780	1.0000000
barcode21_1405Gb	contig_8151	7014	7779	APH(3')-IIIa_aminoglycoside_antibiotic	18	765	765	1.0000000
barcode21_1405Gb	contig_8286	34199	35015	sul2_sulfonamide_antibiotic	120	816	816	1.0000000
barcode21_1405Gb	contig_8301	1987	2791	APH(3'')-Ib_aminoglycoside_antibiotic	34	804	804	1.0000000
barcode21_1405Gb	contig_8301	5127	6054	PER-1_monobactam;_carbapenem;_cephalosporin;_penam;_penem	6	927	927	1.0000000
barcode21_1405Gb	contig_8460	20315	21575	EreB_macrolide_antibiotic	18	1260	1260	1.0000000
barcode21_1405Gb	contig_8550	18112	20032	tet(W)_tetracycline_antibiotic	190	1920	1920	1.0000000
barcode21_1405Gb	contig_8785	0	423	vanY gene in vanB cluster_glycopeptide_antibiotic	38	423	423	1.0000000
barcode21_1405Gb	contig_8922	89925	91092	vanT gene in vanG cluster_glycopeptide_antibiotic	16	1167	1167	1.0000000
barcode21_1405Gb	contig_9259	927	1290	vanY gene in vanB cluster_glycopeptide_antibiotic	11	363	363	1.0000000
barcode21_1405Gb	contig_9301	532	943	FosXCC_phosphonic_acid_antibiotic	186	411	411	1.0000000
barcode21_1405Gb	contig_9478	57219	58422	vanT gene in vanG cluster_glycopeptide_antibiotic	56	1203	1203	1.0000000
barcode21_1405Gb	contig_9494	17885	18098	vanU gene in vanG cluster_glycopeptide_antibiotic	73	213	213	1.0000000
barcode21_1405Gb	contig_952	31964	33269	Acinetobacter baumannii AbaQ_fluoroquinolone_antibiotic	3	1305	1305	1.0000000
barcode21_1405Gb	contig_9579	9920	11054	tet(O)_tetracycline_antibiotic	249	1134	1134	1.0000000
barcode21_1405Gb	contig_9676	182033	183233	vanT gene in vanG cluster_glycopeptide_antibiotic	13	1200	1200	1.0000000
barcode21_1405Gb	contig_9911	282425	283556	vanT gene in vanG cluster_glycopeptide_antibiotic	241	1131	1131	1.0000000
barcode21_1405Gb	contig_9914	124635	126264	vanW gene in vanI cluster_glycopeptide_antibiotic	242	1629	1629	1.0000000
barcode21_1405Gb	contig_9914	204565	205291	vanY gene in vanB cluster_glycopeptide_antibiotic	300	726	726	1.0000000
barcode22_1405Gb	contig_10033	17369	18542	vanY gene in vanB cluster_glycopeptide_antibiotic	13	1173	1173	1.0000000
barcode22_1405Gb	contig_10066	728	1748	tet(O)_tetracycline_antibiotic	247	1020	1020	1.0000000
barcode22_1405Gb	contig_10161	13223	13478	rsmA_fluoroquinolone_antibiotic;_diaminopyrimidine_antibiotic;_phenicol_antibiotic	17	255	255	1.0000000
barcode22_1405Gb	contig_10163	1278027	1279038	vanH gene in vanO cluster_glycopeptide_antibiotic	209	1011	1011	1.0000000
barcode22_1405Gb	contig_10163	1339173	1339869	vanY gene in vanB cluster_glycopeptide_antibiotic	246	696	696	1.0000000
barcode22_1405Gb	contig_10163	2432959	2436115	adeF_fluoroquinolone_antibiotic;_tetracycline_antibiotic	167	3156	3156	1.0000000
barcode22_1405Gb	contig_10163	3380588	3381773	Escherichia coli EF-Tu mutants conferring resistance to Pulvomycin_elfamycin_antibiotic	238	1185	1185	1.0000000
barcode22_1405Gb	contig_10163	3398861	3400046	Escherichia coli EF-Tu mutants conferring resistance to Pulvomycin_elfamycin_antibiotic	227	1185	1185	1.0000000
barcode22_1405Gb	contig_10163	3465762	3465957	rsmA_fluoroquinolone_antibiotic;_diaminopyrimidine_antibiotic;_phenicol_antibiotic	288	195	195	1.0000000
barcode22_1405Gb	contig_10163	3468038	3469115	vanT gene in vanG cluster_glycopeptide_antibiotic	254	1077	1077	1.0000000
barcode22_1405Gb	contig_10222	5957	6944	vanH gene in vanO cluster_glycopeptide_antibiotic	11	987	987	1.0000000
barcode22_1405Gb	contig_10326	52778	53957	vanT gene in vanG cluster_glycopeptide_antibiotic	11	1179	1179	1.0000000
barcode22_1405Gb	contig_10327	0	768	tet(W)_tetracycline_antibiotic	90	768	768	1.0000000
barcode22_1405Gb	contig_10341	7164	8367	vanT gene in vanG cluster_glycopeptide_antibiotic	6	1203	1203	1.0000000
barcode22_1405Gb	contig_10353	168898	170071	vanT gene in vanG cluster_glycopeptide_antibiotic	37	1173	1173	1.0000000
barcode22_1405Gb	contig_10426	13016	15494	vanT gene in vanG cluster_glycopeptide_antibiotic	9	2478	2478	1.0000000
barcode22_1405Gb	contig_10440	2995	3823	OXA-253_carbapenem;_penam	52	828	828	1.0000000
barcode22_1405Gb	contig_10498	20744	22493	msbA_nitroimidazole_antibiotic	13	1749	1749	1.0000000
barcode22_1405Gb	contig_10510	24913	28027	acrD_aminoglycoside_antibiotic	9	3114	3114	1.0000000
barcode22_1405Gb	contig_10567	37475	38411	vanY gene in vanG cluster_glycopeptide_antibiotic	10	936	936	1.0000000
barcode22_1405Gb	contig_10567	39646	40279	vanY gene in vanG cluster_glycopeptide_antibiotic	11	633	633	1.0000000
barcode22_1405Gb	contig_10579	16813	17395	vanY gene in vanM cluster_glycopeptide_antibiotic	10	582	582	1.0000000
barcode22_1405Gb	contig_10607	1539	3459	tet(M)_tetracycline_antibiotic	30	1920	1920	1.0000000
barcode22_1405Gb	contig_10609	5783	6713	Erm(52)_macrolide_antibiotic;_lincosamide_antibiotic;_streptogramin_antibiotic	21	930	930	1.0000000
barcode22_1405Gb	contig_10609	6893	8813	tet(M)_tetracycline_antibiotic	23	1920	1920	1.0000000
barcode22_1405Gb	contig_10630	10591	12511	tet(M)_tetracycline_antibiotic	56	1920	1920	1.0000000
barcode22_1405Gb	contig_10701	213945	215064	vanT gene in vanG cluster_glycopeptide_antibiotic	45	1119	1119	1.0000000
barcode22_1405Gb	contig_10786	7228	7537	qacG_disinfecting_agents_and_antiseptics	6	309	309	1.0000000
barcode22_1405Gb	contig_10837	3342	4545	vanT gene in vanG cluster_glycopeptide_antibiotic	40	1203	1203	1.0000000
barcode22_1405Gb	contig_10838	1998	3204	vanT gene in vanG cluster_glycopeptide_antibiotic	11	1206	1206	1.0000000
barcode22_1405Gb	contig_10952	630	1368	ErmB_macrolide_antibiotic;_lincosamide_antibiotic;_streptogramin_antibiotic;_streptogramin_A_antibiotic;_streptogramin_B_antibiotic	190	738	738	1.0000000
barcode22_1405Gb	contig_11171	6724	7756	tet(Q)_tetracycline_antibiotic	380	1032	1032	1.0000000
barcode22_1405Gb	contig_11174	172159	174637	vanT gene in vanG cluster_glycopeptide_antibiotic	54	2478	2478	1.0000000
barcode22_1405Gb	contig_11198	57	858	ErmF_macrolide_antibiotic;_lincosamide_antibiotic;_streptogramin_antibiotic;_streptogramin_A_antibiotic;_streptogramin_B_antibiotic	125	801	801	1.0000000
barcode22_1405Gb	contig_11284	8388	9594	Mef(En2)_macrolide_antibiotic;_lincosamide_antibiotic	131	1206	1206	1.0000000
barcode22_1405Gb	contig_11338	1709	3683	tet(Q)_tetracycline_antibiotic	360	1974	1974	1.0000000
barcode22_1405Gb	contig_11358	7791	8592	ErmF_macrolide_antibiotic;_lincosamide_antibiotic;_streptogramin_antibiotic;_streptogramin_A_antibiotic;_streptogramin_B_antibiotic	284	801	801	1.0000000
barcode22_1405Gb	contig_11358	8804	9971	tet(X)_glycylcycline;_tetracycline_antibiotic	107	1167	1167	1.0000000
barcode22_1405Gb	contig_11359	63087	65604	vanT gene in vanG cluster_glycopeptide_antibiotic	10	2517	2517	1.0000000
barcode22_1405Gb	contig_11365	765968	766964	CfxA6_cephamycin	372	996	996	1.0000000
barcode22_1405Gb	contig_11365	893186	895664	vanT gene in vanG cluster_glycopeptide_antibiotic	35	2478	2478	1.0000000
barcode22_1405Gb	contig_11369	0	1227	tet(Q)_tetracycline_antibiotic	18	1227	1227	1.0000000
barcode22_1405Gb	contig_11383	30645	33111	vanT gene in vanG cluster_glycopeptide_antibiotic	11	2466	2466	1.0000000
barcode22_1405Gb	contig_11391	33798	34536	ErmB_macrolide_antibiotic;_lincosamide_antibiotic;_streptogramin_antibiotic;_streptogramin_A_antibiotic;_streptogramin_B_antibiotic	225	738	738	1.0000000
barcode22_1405Gb	contig_11393	75173	76271	vanG_glycopeptide_antibiotic	18	1098	1098	1.0000000
barcode22_1405Gb	contig_11398	2739	5205	vanT gene in vanG cluster_glycopeptide_antibiotic	10	2466	2466	1.0000000
barcode22_1405Gb	contig_11432	400	1201	ErmF_macrolide_antibiotic;_lincosamide_antibiotic;_streptogramin_antibiotic;_streptogramin_A_antibiotic;_streptogramin_B_antibiotic	193	801	801	1.0000000
barcode22_1405Gb	contig_11444	5456	7403	tet(Q)_tetracycline_antibiotic	365	1947	1947	1.0000000
barcode22_1405Gb	contig_11489	1968	3942	tet(Q)_tetracycline_antibiotic	205	1974	1974	1.0000000
barcode22_1405Gb	contig_11490	1647	3621	tet(Q)_tetracycline_antibiotic	221	1974	1974	1.0000000
barcode22_1405Gb	contig_11509	19990	22468	vanT gene in vanG cluster_glycopeptide_antibiotic	38	2478	2478	1.0000000
barcode22_1405Gb	contig_11521	2	1841	tet(Q)_tetracycline_antibiotic	248	1839	1839	1.0000000
barcode22_1405Gb	contig_11613	9687	10488	ErmF_macrolide_antibiotic;_lincosamide_antibiotic;_streptogramin_antibiotic;_streptogramin_A_antibiotic;_streptogramin_B_antibiotic	253	801	801	1.0000000
barcode22_1405Gb	contig_11613	11730	12594	aadS_aminoglycoside_antibiotic	198	864	864	1.0000000
barcode22_1405Gb	contig_11667	123237	125715	vanT gene in vanG cluster_glycopeptide_antibiotic	74	2478	2478	1.0000000
barcode22_1405Gb	contig_11726	55883	59006	adeF_fluoroquinolone_antibiotic;_tetracycline_antibiotic	6	3123	3123	1.0000000
barcode22_1405Gb	contig_11818	18927	19723	APH(3')-IIIa_aminoglycoside_antibiotic	31	796	796	1.0000000
barcode22_1405Gb	contig_11926	358	1159	ErmF_macrolide_antibiotic;_lincosamide_antibiotic;_streptogramin_antibiotic;_streptogramin_A_antibiotic;_streptogramin_B_antibiotic	34	801	801	1.0000000
barcode22_1405Gb	contig_11927	1175	2090	EstT_macrolide_antibiotic;_glycylcycline;_tetracycline_antibiotic	21	915	915	1.0000000
barcode22_1405Gb	contig_12093	20321	20537	vanU gene in vanG cluster_glycopeptide_antibiotic	59	216	216	1.0000000
barcode22_1405Gb	contig_12096	44910	45990	vanG_glycopeptide_antibiotic	6	1080	1080	1.0000000
barcode22_1405Gb	contig_12141	18240	20244	tet(Q)_tetracycline_antibiotic	10	2004	2004	1.0000000
barcode22_1405Gb	contig_12145	62379	63369	vanH gene in vanB cluster_glycopeptide_antibiotic	61	990	990	1.0000000
barcode22_1405Gb	contig_12149	58637	59699	vanG_glycopeptide_antibiotic	10	1062	1062	1.0000000
barcode22_1405Gb	contig_12150	3122	4751	vanW gene in vanI cluster_glycopeptide_antibiotic	5	1629	1629	1.0000000
barcode22_1405Gb	contig_12157	4642	5209	vanY gene in vanB cluster_glycopeptide_antibiotic	14	567	567	1.0000000
barcode22_1405Gb	contig_12228	14587	15400	vanY gene in vanB cluster_glycopeptide_antibiotic	15	813	813	1.0000000
barcode22_1405Gb	contig_12343	47358	50475	adeF_fluoroquinolone_antibiotic;_tetracycline_antibiotic	5	3117	3117	1.0000000
barcode22_1405Gb	contig_12372	31498	31912	H-NS_macrolide_antibiotic;_fluoroquinolone_antibiotic;_cephalosporin;_cephamycin;_penam;_tetracycline_antibiotic	11	414	414	1.0000000
barcode22_1405Gb	contig_12374	28172	29585	vanW gene in vanI cluster_glycopeptide_antibiotic	26	1413	1413	1.0000000
barcode22_1405Gb	contig_12452	9995	10676	vanY gene in vanB cluster_glycopeptide_antibiotic	6	681	681	1.0000000
barcode22_1405Gb	contig_12733	11722	12832	vanT gene in vanG cluster_glycopeptide_antibiotic	10	1110	1110	1.0000000
barcode22_1405Gb	contig_12876	2687	3506	vanY gene in vanB cluster_glycopeptide_antibiotic	25	819	819	1.0000000
barcode22_1405Gb	contig_12975	22113	23373	vanW gene in vanI cluster_glycopeptide_antibiotic	12	1260	1260	1.0000000
barcode22_1405Gb	contig_13076	33832	35092	mdtM_fluoroquinolone_antibiotic;_lincosamide_antibiotic;_nucleoside_antibiotic;_phenicol_antibiotic;_disinfecting_agents_and_antiseptics	11	1260	1260	1.0000000
barcode22_1405Gb	contig_13077	38116	39349	Escherichia coli mdfA_tetracycline_antibiotic;_disinfecting_agents_and_antiseptics	6	1233	1233	1.0000000
barcode22_1405Gb	contig_13203	31694	33248	vanW gene in vanI cluster_glycopeptide_antibiotic	8	1554	1554	1.0000000
barcode22_1405Gb	contig_13223	3459	4965	vanW gene in vanI cluster_glycopeptide_antibiotic	8	1506	1506	1.0000000
barcode22_1405Gb	contig_13226	1037	1658	vanY gene in vanB cluster_glycopeptide_antibiotic	10	621	621	1.0000000
barcode22_1405Gb	contig_13226	58122	59208	vanY gene in vanB cluster_glycopeptide_antibiotic	18	1086	1086	1.0000000
barcode22_1405Gb	contig_13276	68008	69214	Mef(En2)_macrolide_antibiotic;_lincosamide_antibiotic	149	1206	1206	1.0000000
barcode22_1405Gb	contig_13296	152478	155580	adeF_fluoroquinolone_antibiotic;_tetracycline_antibiotic	24	3102	3102	1.0000000
barcode22_1405Gb	contig_13427	201237	204798	Bifidobacterium adolescentis rpoB mutants conferring resistance to rifampicin_rifamycin_antibiotic	43	3561	3561	1.0000000
barcode22_1405Gb	contig_13516	45192	46038	vanY gene in vanB cluster_glycopeptide_antibiotic	38	846	846	1.0000000
barcode22_1405Gb	contig_13579	590	1391	ErmF_macrolide_antibiotic;_lincosamide_antibiotic;_streptogramin_antibiotic;_streptogramin_A_antibiotic;_streptogramin_B_antibiotic	219	801	801	1.0000000
barcode22_1405Gb	contig_13671	21303	22551	mef(H)_macrolide_antibiotic	11	1248	1248	1.0000000
barcode22_1405Gb	contig_13967	3583	3946	Klebsiella pneumoniae KpnE_macrolide_antibiotic;_aminoglycoside_antibiotic;_cephalosporin;_tetracycline_antibiotic;_peptide_antibiotic;_rifamycin_antibiotic;_disinfecting_agents_and_antiseptics	16	363	363	1.0000000
barcode22_1405Gb	contig_13972	8889	10032	vanT gene in vanC cluster_glycopeptide_antibiotic	2	1143	1143	1.0000000
barcode22_1405Gb	contig_14171	175	2257	vanT gene in vanG cluster_glycopeptide_antibiotic	7	2082	2082	1.0000000
barcode22_1405Gb	contig_14171	2243	2627	vanXY gene in vanG cluster_glycopeptide_antibiotic	15	384	384	1.0000000
barcode22_1405Gb	contig_14201	74860	76030	vanT gene in vanG cluster_glycopeptide_antibiotic	10	1170	1170	1.0000000
barcode22_1405Gb	contig_14335	22617	23181	vanY gene in vanF cluster_glycopeptide_antibiotic	25	564	564	1.0000000
barcode22_1405Gb	contig_14336	10526	11090	vanY gene in vanF cluster_glycopeptide_antibiotic	12	564	564	1.0000000
barcode22_1405Gb	contig_14417	39695	42161	vanT gene in vanG cluster_glycopeptide_antibiotic	27	2466	2466	1.0000000
barcode22_1405Gb	contig_14445	92259	92937	kdpE_aminoglycoside_antibiotic	11	678	678	1.0000000
barcode22_1405Gb	contig_14481	197842	200959	adeF_fluoroquinolone_antibiotic;_tetracycline_antibiotic	14	3117	3117	1.0000000
barcode22_1405Gb	contig_14510	13979	17051	adeF_fluoroquinolone_antibiotic;_tetracycline_antibiotic	31	3072	3072	1.0000000
barcode22_1405Gb	contig_14583	64889	65834	vanY gene in vanG cluster_glycopeptide_antibiotic	10	945	945	1.0000000
barcode22_1405Gb	contig_14738	313	610	vanW gene in vanI cluster_glycopeptide_antibiotic	70	297	297	1.0000000
barcode22_1405Gb	contig_14796	19109	20201	vanG_glycopeptide_antibiotic	31	1092	1092	1.0000000
barcode22_1405Gb	contig_14815	26570	27635	vanG_glycopeptide_antibiotic	6	1065	1065	1.0000000
barcode22_1405Gb	contig_15262	178	1159	vanH gene in vanO cluster_glycopeptide_antibiotic	5	981	981	1.0000000
barcode22_1405Gb	contig_15267	9178	11950	tet(Q)_tetracycline_antibiotic	31	2772	2772	1.0000000
barcode22_1405Gb	contig_15267	31639	32449	vanY gene in vanB cluster_glycopeptide_antibiotic	27	810	810	1.0000000
barcode22_1405Gb	contig_15418	22173	23361	vanT gene in vanG cluster_glycopeptide_antibiotic	14	1188	1188	1.0000000
barcode22_1405Gb	contig_15516	42179	43349	vanT gene in vanG cluster_glycopeptide_antibiotic	15	1170	1170	1.0000000
barcode22_1405Gb	contig_15715	6940	7726	vanY gene in vanB cluster_glycopeptide_antibiotic	20	786	786	1.0000000
barcode22_1405Gb	contig_15833	309154	309340	rsmA_fluoroquinolone_antibiotic;_diaminopyrimidine_antibiotic;_phenicol_antibiotic	18	186	186	1.0000000
barcode22_1405Gb	contig_15833	313871	315410	emrB_fluoroquinolone_antibiotic	11	1539	1539	1.0000000
barcode22_1405Gb	contig_15833	315426	316599	emrA_fluoroquinolone_antibiotic	15	1173	1173	1.0000000
barcode22_1405Gb	contig_15833	316725	317256	emrR_fluoroquinolone_antibiotic	15	531	531	1.0000000
barcode22_1405Gb	contig_15837	22358	25463	AcrF_fluoroquinolone_antibiotic;_cephalosporin;_cephamycin;_penam	15	3105	3105	1.0000000
barcode22_1405Gb	contig_15837	25474	26542	AcrE_fluoroquinolone_antibiotic;_cephalosporin;_cephamycin;_penam	17	1068	1068	1.0000000
barcode22_1405Gb	contig_15837	26940	27603	AcrS_fluoroquinolone_antibiotic;_cephalosporin;_glycylcycline;_cephamycin;_penam;_tetracycline_antibiotic;_rifamycin_antibiotic;_phenicol_antibiotic;_disinfecting_agents_and_antiseptics	20	663	663	1.0000000
barcode22_1405Gb	contig_15837	239213	240035	bacA_peptide_antibiotic	15	822	822	1.0000000
barcode22_1405Gb	contig_15837	263875	265364	TolC_macrolide_antibiotic;_fluoroquinolone_antibiotic;_aminoglycoside_antibiotic;_carbapenem;_cephalosporin;_glycylcycline;_cephamycin;_penam;_tetracycline_antibiotic;_peptide_antibiotic;_aminocoumarin_antibiotic;_rifamycin_antibiotic;_phenicol_antibiotic;_penem;_disinfecting_agents_and_antiseptics	16	1489	1489	1.0000000
barcode22_1405Gb	contig_15838	9080	9869	aadA_aminoglycoside_antibiotic	64	789	789	1.0000000
barcode22_1405Gb	contig_15838	9926	10451	SAT-2_nucleoside_antibiotic	27	525	525	1.0000000
barcode22_1405Gb	contig_15843	1596	3135	emrY_tetracycline_antibiotic	9	1539	1539	1.0000000
barcode22_1405Gb	contig_15843	3134	4190	emrK_tetracycline_antibiotic	5	1056	1056	1.0000000
barcode22_1405Gb	contig_15843	4713	5328	evgA_macrolide_antibiotic;_fluoroquinolone_antibiotic;_penam;_tetracycline_antibiotic	9	615	615	1.0000000
barcode22_1405Gb	contig_15843	5332	8926	evgS_macrolide_antibiotic;_fluoroquinolone_antibiotic;_penam;_tetracycline_antibiotic	7	3594	3594	1.0000000
barcode22_1405Gb	contig_15845	135859	136804	leuO_nucleoside_antibiotic;_disinfecting_agents_and_antiseptics	20	945	945	1.0000000
barcode22_1405Gb	contig_15845	142904	144671	Haemophilus influenzae PBP3 conferring resistance to beta-lactam antibiotics_cephalosporin;_cephamycin;_penam	14	1767	1767	1.0000000
barcode22_1405Gb	contig_15849	131664	132297	CRP_macrolide_antibiotic;_fluoroquinolone_antibiotic;_penam	24	633	633	1.0000000
barcode22_1405Gb	contig_15849	147087	148272	Escherichia coli EF-Tu mutants conferring resistance to Pulvomycin_elfamycin_antibiotic	35	1185	1185	1.0000000
barcode22_1405Gb	contig_15886	8277	8682	vanY gene in vanB cluster_glycopeptide_antibiotic	5	405	405	1.0000000
barcode22_1405Gb	contig_15903	113466	115860	vanT gene in vanG cluster_glycopeptide_antibiotic	11	2394	2394	1.0000000
barcode22_1405Gb	contig_15942	118549	119266	vanY gene in vanB cluster_glycopeptide_antibiotic	10	717	717	1.0000000
barcode22_1405Gb	contig_15961	19110	21030	tet(W/N/W)_tetracycline_antibiotic	26	1920	1920	1.0000000
barcode22_1405Gb	contig_15993	120806	121931	vanT gene in vanG cluster_glycopeptide_antibiotic	6	1125	1125	1.0000000
barcode22_1405Gb	contig_16011	7007	7652	IMP-16_carbapenem;_cephalosporin;_cephamycin;_penam;_penem	20	645	645	1.0000000
barcode22_1405Gb	contig_16028	9605	11150	vanW gene in vanI cluster_glycopeptide_antibiotic	6	1545	1545	1.0000000
barcode22_1405Gb	contig_16051	1385	2369	vanH gene in vanO cluster_glycopeptide_antibiotic	4	984	984	1.0000000
barcode22_1405Gb	contig_16082	177343	178543	vanT gene in vanG cluster_glycopeptide_antibiotic	26	1200	1200	1.0000000
barcode22_1405Gb	contig_16109	7294	8101	vanY gene in vanB cluster_glycopeptide_antibiotic	10	807	807	1.0000000
barcode22_1405Gb	contig_16360	53795	54617	vanY gene in vanB cluster_glycopeptide_antibiotic	36	822	822	1.0000000
barcode22_1405Gb	contig_16562	7367	8531	vanT gene in vanG cluster_glycopeptide_antibiotic	5	1164	1164	1.0000000
barcode22_1405Gb	contig_16596	22829	23924	vanG_glycopeptide_antibiotic	21	1095	1095	1.0000000
barcode22_1405Gb	contig_16596	100952	101948	vanH gene in vanO cluster_glycopeptide_antibiotic	15	996	996	1.0000000
barcode22_1405Gb	contig_16776	524910	526008	vanY gene in vanG cluster_glycopeptide_antibiotic	9	1098	1098	1.0000000
barcode22_1405Gb	contig_16776	716439	717033	vanY gene in vanB cluster_glycopeptide_antibiotic	6	594	594	1.0000000
barcode22_1405Gb	contig_16776	934129	935755	poxtA_tetracycline_antibiotic;_oxazolidinone_antibiotic;_phenicol_antibiotic	11	1626	1626	1.0000000
barcode22_1405Gb	contig_16776	1189525	1190491	vanY gene in vanG cluster_glycopeptide_antibiotic	10	966	966	1.0000000
barcode22_1405Gb	contig_16809	10546	11713	vanT gene in vanG cluster_glycopeptide_antibiotic	21	1167	1167	1.0000000
barcode22_1405Gb	contig_16860	5961	6792	vanY gene in vanB cluster_glycopeptide_antibiotic	33	831	831	1.0000000
barcode22_1405Gb	contig_16862	9851	10703	vanY gene in vanB cluster_glycopeptide_antibiotic	18	852	852	1.0000000
barcode22_1405Gb	contig_16997	4635	5673	vanG_glycopeptide_antibiotic	5	1038	1038	1.0000000
barcode22_1405Gb	contig_17186	734	1589	ErmX_macrolide_antibiotic;_lincosamide_antibiotic;_streptogramin_antibiotic;_streptogramin_A_antibiotic;_streptogramin_B_antibiotic	16	855	855	1.0000000
barcode22_1405Gb	contig_17187	3630	3963	qacE_disinfecting_agents_and_antiseptics	54	333	333	1.0000000
barcode22_1405Gb	contig_17187	4130	4910	aadA2_aminoglycoside_antibiotic	26	780	780	1.0000000
barcode22_1405Gb	contig_17188	158	617	AAC(6')-Il_aminoglycoside_antibiotic	42	459	459	1.0000000
barcode22_1405Gb	contig_17282	192643	195757	adeF_fluoroquinolone_antibiotic;_tetracycline_antibiotic	12	3114	3114	1.0000000
barcode22_1405Gb	contig_17282	244774	245959	Escherichia coli EF-Tu mutants conferring resistance to Pulvomycin_elfamycin_antibiotic	32	1185	1185	1.0000000
barcode22_1405Gb	contig_17288	200194	201961	Haemophilus influenzae PBP3 conferring resistance to beta-lactam antibiotics_cephalosporin;_cephamycin;_penam	11	1767	1767	1.0000000
barcode22_1405Gb	contig_17294	48087	48735	Escherichia coli AcrAB-TolC with AcrR mutation conferring resistance to ciprofloxacin, tetracycline, and ceftazidime_fluoroquinolone_antibiotic;_cephalosporin;_glycylcycline;_penam;_tetracycline_antibiotic;_rifamycin_antibiotic;_phenicol_antibiotic;_disinfecting_agents_and_antiseptics	18	648	648	1.0000000
barcode22_1405Gb	contig_17294	48876	50070	Escherichia coli acrA_fluoroquinolone_antibiotic;_cephalosporin;_glycylcycline;_penam;_tetracycline_antibiotic;_rifamycin_antibiotic;_phenicol_antibiotic;_disinfecting_agents_and_antiseptics	16	1194	1194	1.0000000
barcode22_1405Gb	contig_17294	50092	53242	acrB_fluoroquinolone_antibiotic;_cephalosporin;_glycylcycline;_penam;_tetracycline_antibiotic;_rifamycin_antibiotic;_phenicol_antibiotic;_disinfecting_agents_and_antiseptics	9	3150	3150	1.0000000
barcode22_1405Gb	contig_17294	133470	134565	vanG_glycopeptide_antibiotic	13	1095	1095	1.0000000
barcode22_1405Gb	contig_17333	10977	12777	vanW gene in vanI cluster_glycopeptide_antibiotic	4	1800	1800	1.0000000
barcode22_1405Gb	contig_17357	29989	31195	Mef(En2)_macrolide_antibiotic;_lincosamide_antibiotic	150	1206	1206	1.0000000
barcode22_1405Gb	contig_17519	20498	21596	vanG_glycopeptide_antibiotic	14	1098	1098	1.0000000
barcode22_1405Gb	contig_17714	17432	17618	rsmA_fluoroquinolone_antibiotic;_diaminopyrimidine_antibiotic;_phenicol_antibiotic	41	186	186	1.0000000
barcode22_1405Gb	contig_1784	2393	3869	msrE_macrolide_antibiotic;_streptogramin_antibiotic	487	1476	1476	1.0000000
barcode22_1405Gb	contig_1784	3924	4809	mphE_macrolide_antibiotic	369	885	885	1.0000000
barcode22_1405Gb	contig_17884	40323	42792	vanT gene in vanG cluster_glycopeptide_antibiotic	9	2469	2469	1.0000000
barcode22_1405Gb	contig_17894	45250	46384	vanT gene in vanG cluster_glycopeptide_antibiotic	8	1134	1134	1.0000000
barcode22_1405Gb	contig_17894	46370	47366	vanT gene in vanG cluster_glycopeptide_antibiotic	9	996	996	1.0000000
barcode22_1405Gb	contig_17894	47365	48100	vanXY gene in vanG cluster_glycopeptide_antibiotic	7	735	735	1.0000000
barcode22_1405Gb	contig_17894	48096	49137	vanG_glycopeptide_antibiotic	5	1041	1041	1.0000000
barcode22_1405Gb	contig_17894	49142	49961	vanW gene in vanG cluster_glycopeptide_antibiotic	4	819	819	1.0000000
barcode22_1405Gb	contig_17962	85822	86386	vanY gene in vanM cluster_glycopeptide_antibiotic	14	564	564	1.0000000
barcode22_1405Gb	contig_18049	5208	5703	dfrF_diaminopyrimidine_antibiotic	84	495	495	1.0000000
barcode22_1405Gb	contig_18152	28765	30283	vanW gene in vanI cluster_glycopeptide_antibiotic	17	1518	1518	1.0000000
barcode22_1405Gb	contig_18222	7261	8446	Escherichia coli EF-Tu mutants conferring resistance to Pulvomycin_elfamycin_antibiotic	21	1185	1185	1.0000000
barcode22_1405Gb	contig_18222	165641	167033	Escherichia coli UhpT with mutation conferring resistance to fosfomycin_phosphonic_acid_antibiotic	19	1392	1392	1.0000000
barcode22_1405Gb	contig_18347	120940	121264	qacG_disinfecting_agents_and_antiseptics	9	324	324	1.0000000
barcode22_1405Gb	contig_18409	4904	6566	tet(O)_tetracycline_antibiotic	168	1662	1662	1.0000000
barcode22_1405Gb	contig_18409	6890	7832	tet(O)_tetracycline_antibiotic	56	942	942	1.0000000
barcode22_1405Gb	contig_18706	15773	16940	vanT gene in vanG cluster_glycopeptide_antibiotic	20	1167	1167	1.0000000
barcode22_1405Gb	contig_18731	327	822	dfrF_diaminopyrimidine_antibiotic	90	495	495	1.0000000
barcode22_1405Gb	contig_19095	988	1759	LnuH_lincosamide_antibiotic	4	771	771	1.0000000
barcode22_1405Gb	contig_19096	531	1029	nimJ_nitroimidazole_antibiotic	17	498	498	1.0000000
barcode22_1405Gb	contig_19101	125408	127193	vanW gene in vanI cluster_glycopeptide_antibiotic	15	1785	1785	1.0000000
barcode22_1405Gb	contig_19192	211602	212775	vanT gene in vanG cluster_glycopeptide_antibiotic	19	1173	1173	1.0000000
barcode22_1405Gb	contig_19312	34	1270	vanW gene in vanI cluster_glycopeptide_antibiotic	7	1236	1236	1.0000000
barcode22_1405Gb	contig_19433	138360	139290	vanY gene in vanB cluster_glycopeptide_antibiotic	25	930	930	1.0000000
barcode22_1405Gb	contig_19677	31463	32609	ACT-28_carbapenem;_cephalosporin;_cephamycin;_penam	21	1146	1146	1.0000000
barcode22_1405Gb	contig_19757	9259	10939	vanW gene in vanI cluster_glycopeptide_antibiotic	7	1680	1680	1.0000000
barcode22_1405Gb	contig_19829	16505	17060	vanY gene in vanF cluster_glycopeptide_antibiotic	6	555	555	1.0000000
barcode22_1405Gb	contig_19831	15542	16712	vanT gene in vanG cluster_glycopeptide_antibiotic	5	1170	1170	1.0000000
barcode22_1405Gb	contig_19840	30047	31148	vanG_glycopeptide_antibiotic	14	1101	1101	1.0000000
barcode22_1405Gb	contig_19895	542	1748	vanT gene in vanG cluster_glycopeptide_antibiotic	6	1206	1206	1.0000000
barcode22_1405Gb	contig_19936	13639	14776	vanG_glycopeptide_antibiotic	12	1137	1137	1.0000000
barcode22_1405Gb	contig_19981	18412	21517	adeF_fluoroquinolone_antibiotic;_tetracycline_antibiotic	6	3105	3105	1.0000000
barcode22_1405Gb	contig_20283	5840	6224	marA_fluoroquinolone_antibiotic;_monobactam;_carbapenem;_cephalosporin;_glycylcycline;_cephamycin;_penam;_tetracycline_antibiotic;_rifamycin_antibiotic;_phenicol_antibiotic;_penem;_disinfecting_agents_and_antiseptics	11	384	384	1.0000000
barcode22_1405Gb	contig_20283	6243	6678	Escherichia coli AcrAB-TolC with MarR mutations conferring resistance to ciprofloxacin and tetracycline_fluoroquinolone_antibiotic;_cephalosporin;_glycylcycline;_penam;_tetracycline_antibiotic;_rifamycin_antibiotic;_phenicol_antibiotic;_disinfecting_agents_and_antiseptics	8	435	435	1.0000000
barcode22_1405Gb	contig_20292	185359	186493	vanT gene in vanG cluster_glycopeptide_antibiotic	23	1134	1134	1.0000000
barcode22_1405Gb	contig_20379	9014	9998	vanH gene in vanF cluster_glycopeptide_antibiotic	5	984	984	1.0000000
barcode22_1405Gb	contig_20491	366	1401	vanT gene in vanG cluster_glycopeptide_antibiotic	4	1035	1035	1.0000000
barcode22_1405Gb	contig_20855	8330	8807	nimJ_nitroimidazole_antibiotic	3	477	477	1.0000000
barcode22_1405Gb	contig_21059	42913	43513	vanW gene in vanG cluster_glycopeptide_antibiotic	22	600	600	1.0000000
barcode22_1405Gb	contig_21085	26423	27080	vanY gene in vanF cluster_glycopeptide_antibiotic	3	657	657	1.0000000
barcode22_1405Gb	contig_21085	27179	27935	vanY gene in vanF cluster_glycopeptide_antibiotic	3	756	756	1.0000000
barcode22_1405Gb	contig_21235	460	934	dfrA6_diaminopyrimidine_antibiotic	36	474	474	1.0000000
barcode22_1405Gb	contig_21235	1764	2421	QnrVC1_fluoroquinolone_antibiotic	50	657	657	1.0000000
barcode22_1405Gb	contig_21264	29980	31075	vanG_glycopeptide_antibiotic	35	1095	1095	1.0000000
barcode22_1405Gb	contig_21636	593	1388	APH(3')-IIIa_aminoglycoside_antibiotic	24	795	795	1.0000000
barcode22_1405Gb	contig_21636	1480	2023	SAT-4_nucleoside_antibiotic	8	543	543	1.0000000
barcode22_1405Gb	contig_21636	2019	2928	aad(6)_aminoglycoside_antibiotic	3	909	909	1.0000000
barcode22_1405Gb	contig_21750	5338	6268	Erm(52)_macrolide_antibiotic;_lincosamide_antibiotic;_streptogramin_antibiotic	24	930	930	1.0000000
barcode22_1405Gb	contig_21793	10996	12172	vanT gene in vanG cluster_glycopeptide_antibiotic	11	1176	1176	1.0000000
barcode22_1405Gb	contig_21940	5352	5976	catS_phenicol_antibiotic	30	624	624	1.0000000
barcode22_1405Gb	contig_22322	7	541	ANT(2'')-Ia_aminoglycoside_antibiotic	36	534	534	1.0000000
barcode22_1405Gb	contig_22322	625	1078	arr-3_rifamycin_antibiotic	14	453	453	1.0000000
barcode22_1405Gb	contig_22322	1398	2658	cmlA5_phenicol_antibiotic	7	1260	1260	1.0000000
barcode22_1405Gb	contig_22322	2922	3723	OXA-10_cephalosporin;_penam	14	801	801	1.0000000
barcode22_1405Gb	contig_22322	3739	4531	aadA_aminoglycoside_antibiotic	45	792	792	1.0000000
barcode22_1405Gb	contig_22407	18378	19230	vanH gene in vanO cluster_glycopeptide_antibiotic	6	852	852	1.0000000
barcode22_1405Gb	contig_22531	12280	13273	vanH gene in vanB cluster_glycopeptide_antibiotic	11	993	993	1.0000000
barcode22_1405Gb	contig_22590	2944	4099	vanT gene in vanG cluster_glycopeptide_antibiotic	13	1155	1155	1.0000000
barcode22_1405Gb	contig_22905	19468	20659	vanT gene in vanG cluster_glycopeptide_antibiotic	10	1191	1191	1.0000000
barcode22_1405Gb	contig_23008	1325	1751	FosA2_phosphonic_acid_antibiotic	12	426	426	1.0000000
barcode22_1405Gb	contig_23134	28618	29095	nimG_nitroimidazole_antibiotic	6	477	477	1.0000000
barcode22_1405Gb	contig_23489	95012	96143	vanT gene in vanG cluster_glycopeptide_antibiotic	107	1131	1131	1.0000000
barcode22_1405Gb	contig_23504	0	672	IMP-16_carbapenem;_cephalosporin;_cephamycin;_penam;_penem	19	672	672	1.0000000
barcode22_1405Gb	contig_23505	675	1008	qacL_disinfecting_agents_and_antiseptics	33	333	333	1.0000000
barcode22_1405Gb	contig_23656	12	1290	vanW gene in vanI cluster_glycopeptide_antibiotic	3	1278	1278	1.0000000
barcode22_1405Gb	contig_23678	101485	102046	vanY gene in vanM cluster_glycopeptide_antibiotic	12	561	561	1.0000000
barcode22_1405Gb	contig_23686	12987	14157	vanY gene in vanG cluster_glycopeptide_antibiotic	5	1170	1170	1.0000000
barcode22_1405Gb	contig_23687	51327	52452	vanT gene in vanG cluster_glycopeptide_antibiotic	5	1125	1125	1.0000000
barcode22_1405Gb	contig_24130	4178	4514	qacG_disinfecting_agents_and_antiseptics	7	336	336	1.0000000
barcode22_1405Gb	contig_24131	11986	12322	qacG_disinfecting_agents_and_antiseptics	6	336	336	1.0000000
barcode22_1405Gb	contig_24146	159	2079	tet(W)_tetracycline_antibiotic	161	1920	1920	1.0000000
barcode22_1405Gb	contig_24235	1768	3688	tet(O)_tetracycline_antibiotic	355	1920	1920	1.0000000
barcode22_1405Gb	contig_24251	12019	13189	vanT gene in vanG cluster_glycopeptide_antibiotic	8	1170	1170	1.0000000
barcode22_1405Gb	contig_24594	9805	10507	vanW gene in vanG cluster_glycopeptide_antibiotic	8	702	702	1.0000000
barcode22_1405Gb	contig_24853	32253	33240	vanH gene in vanD cluster_glycopeptide_antibiotic	10	987	987	1.0000000
barcode22_1405Gb	contig_24946	8499	9660	vanT gene in vanG cluster_glycopeptide_antibiotic	6	1161	1161	1.0000000
barcode22_1405Gb	contig_24963	12155	13355	vanT gene in vanG cluster_glycopeptide_antibiotic	6	1200	1200	1.0000000
barcode22_1405Gb	contig_25258	783	2664	tetB(P)_tetracycline_antibiotic	4	1881	1881	1.0000000
barcode22_1405Gb	contig_25366	2	809	tet(Q)_tetracycline_antibiotic	199	807	807	1.0000000
barcode22_1405Gb	contig_25514	15228	17148	tet(W)_tetracycline_antibiotic	216	1920	1920	1.0000000
barcode22_1405Gb	contig_25609	738	1923	Escherichia coli EF-Tu mutants conferring resistance to Pulvomycin_elfamycin_antibiotic	27	1185	1185	1.0000000
barcode22_1405Gb	contig_25645	0	210	qacJ_disinfecting_agents_and_antiseptics	8	210	210	1.0000000
barcode22_1405Gb	contig_25645	3100	3433	qacG_disinfecting_agents_and_antiseptics	12	333	333	1.0000000
barcode22_1405Gb	contig_25660	3936	5514	vanW gene in vanI cluster_glycopeptide_antibiotic	29	1578	1578	1.0000000
barcode22_1405Gb	contig_25939	1	1270	vanT gene in vanG cluster_glycopeptide_antibiotic	5	1269	1269	1.0000000
barcode22_1405Gb	contig_25953	24325	25519	vanT gene in vanG cluster_glycopeptide_antibiotic	6	1194	1194	1.0000000
barcode22_1405Gb	contig_2596	4211	4955	vanY gene in vanB cluster_glycopeptide_antibiotic	79	744	744	1.0000000
barcode22_1405Gb	contig_2606	1548	1959	FosXCC_phosphonic_acid_antibiotic	109	411	411	1.0000000
barcode22_1405Gb	contig_26086	268	1765	vanW gene in vanI cluster_glycopeptide_antibiotic	4	1497	1497	1.0000000
barcode22_1405Gb	contig_26161	3232	4159	vanH gene in vanO cluster_glycopeptide_antibiotic	5	927	927	1.0000000
barcode22_1405Gb	contig_26379	28749	30573	vanW gene in vanI cluster_glycopeptide_antibiotic	18	1824	1824	1.0000000
barcode22_1405Gb	contig_26383	22980	23352	vanW gene in vanI cluster_glycopeptide_antibiotic	8	372	372	1.0000000
barcode22_1405Gb	contig_26606	10056	11043	vanH gene in vanF cluster_glycopeptide_antibiotic	4	987	987	1.0000000
barcode22_1405Gb	contig_26691	748	1546	aadA13_aminoglycoside_antibiotic	7	798	798	1.0000000
barcode22_1405Gb	contig_27043	2652	2910	rsmA_fluoroquinolone_antibiotic;_diaminopyrimidine_antibiotic;_phenicol_antibiotic	4	258	258	1.0000000
barcode22_1405Gb	contig_27067	38862	39837	vanW gene in vanI cluster_glycopeptide_antibiotic	4	975	975	1.0000000
barcode22_1405Gb	contig_27148	29	833	lnuB_lincosamide_antibiotic	12	804	804	1.0000000
barcode22_1405Gb	contig_27148	1666	3151	lsaE_lincosamide_antibiotic;_streptogramin_antibiotic;_pleuromutilin_antibiotic	9	1485	1485	1.0000000
barcode22_1405Gb	contig_27221	1284	2016	vanW gene in vanI cluster_glycopeptide_antibiotic	8	732	732	1.0000000
barcode22_1405Gb	contig_27415	2875	3493	vanW gene in vanI cluster_glycopeptide_antibiotic	6	618	618	1.0000000
barcode22_1405Gb	contig_27494	83	1292	mdtH_fluoroquinolone_antibiotic	3	1209	1209	1.0000000
barcode22_1405Gb	contig_27605	77982	80925	tet(Q)_tetracycline_antibiotic	11	2943	2943	1.0000000
barcode22_1405Gb	contig_27724	1420	1990	vanW gene in vanI cluster_glycopeptide_antibiotic	6	570	570	1.0000000
barcode22_1405Gb	contig_27868	5605	7030	MdtK_fluoroquinolone_antibiotic	6	1425	1425	1.0000000
barcode22_1405Gb	contig_28128	4656	5787	vanT gene in vanG cluster_glycopeptide_antibiotic	7	1131	1131	1.0000000
barcode22_1405Gb	contig_28182	17413	19165	vanW gene in vanI cluster_glycopeptide_antibiotic	8	1752	1752	1.0000000
barcode22_1405Gb	contig_28301	51456	52395	tet(O)_tetracycline_antibiotic	293	939	939	1.0000000
barcode22_1405Gb	contig_28301	52378	53383	tet(O)_tetracycline_antibiotic	315	1005	1005	1.0000000
barcode22_1405Gb	contig_28408	2299	3565	vanW gene in vanI cluster_glycopeptide_antibiotic	3	1266	1266	1.0000000
barcode22_1405Gb	contig_28598	3310	4294	vanH gene in vanO cluster_glycopeptide_antibiotic	7	984	984	1.0000000
barcode22_1405Gb	contig_28627	74902	76558	ArnT_peptide_antibiotic	18	1656	1656	1.0000000
barcode22_1405Gb	contig_28627	79432	80416	PmrF_peptide_antibiotic	23	984	984	1.0000000
barcode22_1405Gb	contig_28864	491	2273	vanT gene in vanG cluster_glycopeptide_antibiotic	4	1782	1782	1.0000000
barcode22_1405Gb	contig_29092	74789	75608	vanY gene in vanB cluster_glycopeptide_antibiotic	5	819	819	1.0000000
barcode22_1405Gb	contig_29130	15414	16098	vanY gene in vanG cluster_glycopeptide_antibiotic	3	684	684	1.0000000
barcode22_1405Gb	contig_29332	20755	21865	vanT gene in vanG cluster_glycopeptide_antibiotic	6	1110	1110	1.0000000
barcode22_1405Gb	contig_29345	285	627	vanY gene in vanF cluster_glycopeptide_antibiotic	5	342	342	1.0000000
barcode22_1405Gb	contig_29457	7084	10204	adeF_fluoroquinolone_antibiotic;_tetracycline_antibiotic	6	3120	3120	1.0000000
barcode22_1405Gb	contig_29463	27313	29551	vanT gene in vanG cluster_glycopeptide_antibiotic	9	2238	2238	1.0000000
barcode22_1405Gb	contig_29481	9673	10597	vanY gene in vanB cluster_glycopeptide_antibiotic	5	924	924	1.0000000
barcode22_1405Gb	contig_29529	2866	3295	vanW gene in vanI cluster_glycopeptide_antibiotic	5	429	429	1.0000000
barcode22_1405Gb	contig_29595	19137	19695	vanY gene in vanB cluster_glycopeptide_antibiotic	5	558	558	1.0000000
barcode22_1405Gb	contig_29795	2321	3383	lnuF_lincosamide_antibiotic	8	1062	1062	1.0000000
barcode22_1405Gb	contig_29795	3498	4719	EreA_macrolide_antibiotic	6	1221	1221	1.0000000
barcode22_1405Gb	contig_29795	4816	5602	aadA7_aminoglycoside_antibiotic	8	786	786	1.0000000
barcode22_1405Gb	contig_29798	954	2091	vanT gene in vanG cluster_glycopeptide_antibiotic	6	1137	1137	1.0000000
barcode22_1405Gb	contig_29817	28200	28791	vanW gene in vanI cluster_glycopeptide_antibiotic	8	591	591	1.0000000
barcode22_1405Gb	contig_29817	28729	29593	vanW gene in vanI cluster_glycopeptide_antibiotic	11	864	864	1.0000000
barcode22_1405Gb	contig_30026	20764	21679	vanY gene in vanB cluster_glycopeptide_antibiotic	20	915	915	1.0000000
barcode22_1405Gb	contig_30044	13745	16427	tet(Q)_tetracycline_antibiotic	4	2682	2682	1.0000000
barcode22_1405Gb	contig_30072	19	526	dfrA6_diaminopyrimidine_antibiotic	11	507	507	1.0000000
barcode22_1405Gb	contig_30348	5462	6038	vanY gene in vanB cluster_glycopeptide_antibiotic	8	576	576	1.0000000
barcode22_1405Gb	contig_30539	2854	3670	vanY gene in vanF cluster_glycopeptide_antibiotic	6	816	816	1.0000000
barcode22_1405Gb	contig_30590	13396	13720	qacJ_disinfecting_agents_and_antiseptics	3	324	324	1.0000000
barcode22_1405Gb	contig_31417	12880	14308	vanT gene in vanG cluster_glycopeptide_antibiotic	6	1428	1428	1.0000000
barcode22_1405Gb	contig_31487	12678	13725	vanG_glycopeptide_antibiotic	4	1047	1047	1.0000000
barcode22_1405Gb	contig_31487	13721	14462	vanXY gene in vanG cluster_glycopeptide_antibiotic	8	741	741	1.0000000
barcode22_1405Gb	contig_31487	14466	16608	vanT gene in vanG cluster_glycopeptide_antibiotic	6	2142	2142	1.0000000
barcode22_1405Gb	contig_31835	8075	9233	vanT gene in vanG cluster_glycopeptide_antibiotic	6	1158	1158	1.0000000
barcode22_1405Gb	contig_31882	6909	7896	vanH gene in vanB cluster_glycopeptide_antibiotic	8	987	987	1.0000000
barcode22_1405Gb	contig_31925	3876	6591	tet(36)_tetracycline_antibiotic	4	2715	2715	1.0000000
barcode22_1405Gb	contig_32120	2	866	vanW gene in vanB cluster_glycopeptide_antibiotic	18	864	864	1.0000000
barcode22_1405Gb	contig_3223	26404	27163	vanY gene in vanB cluster_glycopeptide_antibiotic	7	759	759	1.0000000
barcode22_1405Gb	contig_3228	187146	189030	vanY gene in vanB cluster_glycopeptide_antibiotic	9	1884	1884	1.0000000
barcode22_1405Gb	contig_3228	325758	326082	qacG_disinfecting_agents_and_antiseptics	10	324	324	1.0000000
barcode22_1405Gb	contig_32791	14152	14962	vanY gene in vanB cluster_glycopeptide_antibiotic	8	810	810	1.0000000
barcode22_1405Gb	contig_32872	134238	137349	adeF_fluoroquinolone_antibiotic;_tetracycline_antibiotic	15	3111	3111	1.0000000
barcode22_1405Gb	contig_33638	7569	8325	vanY gene in vanG cluster_glycopeptide_antibiotic	3	756	756	1.0000000
barcode22_1405Gb	contig_33778	30469	31192	baeR_aminoglycoside_antibiotic;_aminocoumarin_antibiotic	17	723	723	1.0000000
barcode22_1405Gb	contig_34130	13891	15055	vanT gene in vanG cluster_glycopeptide_antibiotic	9	1164	1164	1.0000000
barcode22_1405Gb	contig_34430	7727	8624	vanY gene in vanB cluster_glycopeptide_antibiotic	6	897	897	1.0000000
barcode22_1405Gb	contig_3455	99	879	APH(3')-VIa_aminoglycoside_antibiotic	51	780	780	1.0000000
barcode22_1405Gb	contig_34743	2022	2646	Campylobacter coli chloramphenicol acetyltransferase_phenicol_antibiotic	14	624	624	1.0000000
barcode22_1405Gb	contig_34746	18913	20584	vanW gene in vanI cluster_glycopeptide_antibiotic	4	1671	1671	1.0000000
barcode22_1405Gb	contig_34765	1329	1791	vanW gene in vanI cluster_glycopeptide_antibiotic	1	462	462	1.0000000
barcode22_1405Gb	contig_34767	15695	16211	vanW gene in vanI cluster_glycopeptide_antibiotic	3	516	516	1.0000000
barcode22_1405Gb	contig_34928	6268	7765	lsaA_lincosamide_antibiotic;_streptogramin_antibiotic;_streptogramin_A_antibiotic;_streptogramin_B_antibiotic;_pleuromutilin_antibiotic	4	1497	1497	1.0000000
barcode22_1405Gb	contig_3528	188	608	FosXCC_phosphonic_acid_antibiotic	184	420	420	1.0000000
barcode22_1405Gb	contig_3529	171	909	ErmB_macrolide_antibiotic;_lincosamide_antibiotic;_streptogramin_antibiotic;_streptogramin_A_antibiotic;_streptogramin_B_antibiotic	122	738	738	1.0000000
barcode22_1405Gb	contig_35330	145	472	vanY gene in vanA cluster_glycopeptide_antibiotic	3	327	327	1.0000000
barcode22_1405Gb	contig_35330	1542	2151	vanT gene in vanG cluster_glycopeptide_antibiotic	3	609	609	1.0000000
barcode22_1405Gb	contig_35375	8606	9806	vanT gene in vanG cluster_glycopeptide_antibiotic	23	1200	1200	1.0000000
barcode22_1405Gb	contig_35499	239	1823	vanW gene in vanI cluster_glycopeptide_antibiotic	4	1584	1584	1.0000000
barcode22_1405Gb	contig_35584	10658	11423	vanW gene in vanG cluster_glycopeptide_antibiotic	2	765	765	1.0000000
barcode22_1405Gb	contig_35587	1879	2512	CRP_macrolide_antibiotic;_fluoroquinolone_antibiotic;_penam	9	633	633	1.0000000
barcode22_1405Gb	contig_35856	2	587	vanY gene in vanG cluster_glycopeptide_antibiotic	4	585	585	1.0000000
barcode22_1405Gb	contig_35922	4569	5706	vanT gene in vanG cluster_glycopeptide_antibiotic	4	1137	1137	1.0000000
barcode22_1405Gb	contig_36019	12854	13973	vanT gene in vanG cluster_glycopeptide_antibiotic	6	1119	1119	1.0000000
barcode22_1405Gb	contig_36137	15869	17054	vanT gene in vanG cluster_glycopeptide_antibiotic	6	1185	1185	1.0000000
barcode22_1405Gb	contig_36154	2841	4011	vanTr gene in vanL cluster_glycopeptide_antibiotic	5	1170	1170	1.0000000
barcode22_1405Gb	contig_36162	14619	15468	vanW gene in vanI cluster_glycopeptide_antibiotic	34	849	849	1.0000000
barcode22_1405Gb	contig_36166	5605	6670	vanG_glycopeptide_antibiotic	12	1065	1065	1.0000000
barcode22_1405Gb	contig_36193	3399	4608	bcr-1_bicyclomycin-like_antibiotic	6	1209	1209	1.0000000
barcode22_1405Gb	contig_36542	5842	6340	nimI_nitroimidazole_antibiotic	7	498	498	1.0000000
barcode22_1405Gb	contig_36811	5100	5982	vanT gene in vanG cluster_glycopeptide_antibiotic	4	882	882	1.0000000
barcode22_1405Gb	contig_36835	5062	6214	vanT gene in vanG cluster_glycopeptide_antibiotic	3	1152	1152	1.0000000
barcode22_1405Gb	contig_37003	5194	5620	vanY gene in vanB cluster_glycopeptide_antibiotic	7	426	426	1.0000000
barcode22_1405Gb	contig_37015	1913	2387	dfrF_diaminopyrimidine_antibiotic	80	474	474	1.0000000
barcode22_1405Gb	contig_37076	1959	2454	lnuC_lincosamide_antibiotic	68	495	495	1.0000000
barcode22_1405Gb	contig_37183	7966	8953	vanH gene in vanO cluster_glycopeptide_antibiotic	6	987	987	1.0000000
barcode22_1405Gb	contig_37186	3977	5897	poxtA_tetracycline_antibiotic;_oxazolidinone_antibiotic;_phenicol_antibiotic	7	1920	1920	1.0000000
barcode22_1405Gb	contig_37189	6807	7977	vanT gene in vanG cluster_glycopeptide_antibiotic	11	1170	1170	1.0000000
barcode22_1405Gb	contig_37392	7567	8554	vanH gene in vanO cluster_glycopeptide_antibiotic	3	987	987	1.0000000
barcode22_1405Gb	contig_37444	15494	16640	vanT gene in vanG cluster_glycopeptide_antibiotic	13	1146	1146	1.0000000
barcode22_1405Gb	contig_37564	110026	110875	vanY gene in vanB cluster_glycopeptide_antibiotic	18	849	849	1.0000000
barcode22_1405Gb	contig_37736	6998	7817	vanW gene in vanG cluster_glycopeptide_antibiotic	6	819	819	1.0000000
barcode22_1405Gb	contig_37736	7822	8863	vanG_glycopeptide_antibiotic	3	1041	1041	1.0000000
barcode22_1405Gb	contig_37736	8859	9561	vanXY gene in vanG cluster_glycopeptide_antibiotic	2	702	702	1.0000000
barcode22_1405Gb	contig_37736	9745	10585	vanT gene in vanG cluster_glycopeptide_antibiotic	3	840	840	1.0000000
barcode22_1405Gb	contig_37736	10574	11708	vanT gene in vanG cluster_glycopeptide_antibiotic	2	1134	1134	1.0000000
barcode22_1405Gb	contig_37758	3485	4547	vanG_glycopeptide_antibiotic	5	1062	1062	1.0000000
barcode22_1405Gb	contig_37820	9015	11736	vanW gene in vanI cluster_glycopeptide_antibiotic	3	2721	2721	1.0000000
barcode22_1405Gb	contig_37935	1	2326	vanT gene in vanG cluster_glycopeptide_antibiotic	4	2325	2325	1.0000000
barcode22_1405Gb	contig_37940	4330	5578	vanTr gene in vanL cluster_glycopeptide_antibiotic	7	1248	1248	1.0000000
barcode22_1405Gb	contig_38027	1016	2231	vanT gene in vanG cluster_glycopeptide_antibiotic	3	1215	1215	1.0000000
barcode22_1405Gb	contig_38036	2645	4748	vanT gene in vanG cluster_glycopeptide_antibiotic	4	2103	2103	1.0000000
barcode22_1405Gb	contig_38412	2933	3767	vanY gene in vanB cluster_glycopeptide_antibiotic	10	834	834	1.0000000
barcode22_1405Gb	contig_38540	9006	10746	vanW gene in vanI cluster_glycopeptide_antibiotic	9	1740	1740	1.0000000
barcode22_1405Gb	contig_38997	17328	18198	vanW gene in vanI cluster_glycopeptide_antibiotic	4	870	870	1.0000000
barcode22_1405Gb	contig_39027	8165	9506	vanW gene in vanI cluster_glycopeptide_antibiotic	5	1341	1341	1.0000000
barcode22_1405Gb	contig_39027	17768	19469	vanW gene in vanI cluster_glycopeptide_antibiotic	6	1701	1701	1.0000000
barcode22_1405Gb	contig_39037	9406	10498	vanG_glycopeptide_antibiotic	6	1092	1092	1.0000000
barcode22_1405Gb	contig_39055	1449	3915	vanT gene in vanG cluster_glycopeptide_antibiotic	2	2466	2466	1.0000000
barcode22_1405Gb	contig_39080	566	1664	vanY gene in vanG cluster_glycopeptide_antibiotic	5	1098	1098	1.0000000
barcode22_1405Gb	contig_39227	3826	4450	Campylobacter coli chloramphenicol acetyltransferase_phenicol_antibiotic	10	624	624	1.0000000
barcode22_1405Gb	contig_39301	54451	55159	baeR_aminoglycoside_antibiotic;_aminocoumarin_antibiotic	11	708	708	1.0000000
barcode22_1405Gb	contig_39336	1	856	vanW gene in vanI cluster_glycopeptide_antibiotic	5	855	855	1.0000000
barcode22_1405Gb	contig_39503	464	797	qacJ_disinfecting_agents_and_antiseptics	22	333	333	1.0000000
barcode22_1405Gb	contig_39503	926	1754	OXA-2_carbapenem;_cephalosporin;_penam	39	828	828	1.0000000
barcode22_1405Gb	contig_3972	14994	16299	tet(32)_tetracycline_antibiotic	32	1305	1305	1.0000000
barcode22_1405Gb	contig_39763	5679	6480	ErmF_macrolide_antibiotic;_lincosamide_antibiotic;_streptogramin_antibiotic;_streptogramin_A_antibiotic;_streptogramin_B_antibiotic	139	801	801	1.0000000
barcode22_1405Gb	contig_39763	6970	8197	EreD_macrolide_antibiotic	3	1227	1227	1.0000000
barcode22_1405Gb	contig_39766	869	2003	vanT gene in vanG cluster_glycopeptide_antibiotic	5	1134	1134	1.0000000
barcode22_1405Gb	contig_39815	35414	36509	vanG_glycopeptide_antibiotic	14	1095	1095	1.0000000
barcode22_1405Gb	contig_39866	1543	1909	vanW gene in vanI cluster_glycopeptide_antibiotic	7	366	366	1.0000000
barcode22_1405Gb	contig_39992	3298	4351	vanT gene in vanG cluster_glycopeptide_antibiotic	5	1053	1053	1.0000000
barcode22_1405Gb	contig_4	5444	8126	tet(36)_tetracycline_antibiotic	17	2682	2682	1.0000000
barcode22_1405Gb	contig_40159	673	2212	vanW gene in vanI cluster_glycopeptide_antibiotic	5	1539	1539	1.0000000
barcode22_1405Gb	contig_40232	81314	82550	vanW gene in vanI cluster_glycopeptide_antibiotic	4	1236	1236	1.0000000
barcode22_1405Gb	contig_40290	10242	11229	vanH gene in vanP cluster_glycopeptide_antibiotic	4	987	987	1.0000000
barcode22_1405Gb	contig_40311	1404	2229	OXA-347_penam	5	825	825	1.0000000
barcode22_1405Gb	contig_40511	22557	22821	rsmA_fluoroquinolone_antibiotic;_diaminopyrimidine_antibiotic;_phenicol_antibiotic	8	264	264	1.0000000
barcode22_1405Gb	contig_40531	3734	4838	vanH gene in vanB cluster_glycopeptide_antibiotic	15	1104	1104	1.0000000
barcode22_1405Gb	contig_40865	7722	8889	vanT gene in vanG cluster_glycopeptide_antibiotic	4	1167	1167	1.0000000
barcode22_1405Gb	contig_40973	786	2403	vanT gene in vanG cluster_glycopeptide_antibiotic	3	1617	1617	1.0000000
barcode22_1405Gb	contig_40987	943	2107	vanT gene in vanG cluster_glycopeptide_antibiotic	11	1164	1164	1.0000000
barcode22_1405Gb	contig_41060	2786	3695	vanW gene in vanI cluster_glycopeptide_antibiotic	5	909	909	1.0000000
barcode22_1405Gb	contig_41330	2	710	vanXY gene in vanG cluster_glycopeptide_antibiotic	5	708	708	1.0000000
barcode22_1405Gb	contig_41330	702	2211	vanT gene in vanG cluster_glycopeptide_antibiotic	1	1509	1509	1.0000000
barcode22_1405Gb	contig_41684	3377	3830	vanY gene in vanM cluster_glycopeptide_antibiotic	4	453	453	1.0000000
barcode22_1405Gb	contig_41855	28046	31031	adeF_fluoroquinolone_antibiotic;_tetracycline_antibiotic	10	2985	2985	1.0000000
barcode22_1405Gb	contig_41881	22583	23429	vanY gene in vanB cluster_glycopeptide_antibiotic	4	846	846	1.0000000
barcode22_1405Gb	contig_41890	560	1439	vanY gene in vanB cluster_glycopeptide_antibiotic	10	879	879	1.0000000
barcode22_1405Gb	contig_41919	20290	22756	vanT gene in vanG cluster_glycopeptide_antibiotic	6	2466	2466	1.0000000
barcode22_1405Gb	contig_42073	56981	58730	msbA_nitroimidazole_antibiotic	10	1749	1749	1.0000000
barcode22_1405Gb	contig_42079	13042	14224	vanT gene in vanG cluster_glycopeptide_antibiotic	6	1182	1182	1.0000000
barcode22_1405Gb	contig_42157	30579	33717	adeF_fluoroquinolone_antibiotic;_tetracycline_antibiotic	4	3138	3138	1.0000000
barcode22_1405Gb	contig_42176	79737	80556	vanW gene in vanG cluster_glycopeptide_antibiotic	7	819	819	1.0000000
barcode22_1405Gb	contig_42176	80561	81599	vanG_glycopeptide_antibiotic	7	1038	1038	1.0000000
barcode22_1405Gb	contig_42176	81595	82330	vanXY gene in vanG cluster_glycopeptide_antibiotic	7	735	735	1.0000000
barcode22_1405Gb	contig_42176	82322	84440	vanT gene in vanG cluster_glycopeptide_antibiotic	6	2118	2118	1.0000000
barcode22_1405Gb	contig_42187	9434	10571	vanT gene in vanG cluster_glycopeptide_antibiotic	3	1137	1137	1.0000000
barcode22_1405Gb	contig_42245	4107	5640	vanW gene in vanI cluster_glycopeptide_antibiotic	12	1533	1533	1.0000000
barcode22_1405Gb	contig_42259	1092	2154	vanG_glycopeptide_antibiotic	5	1062	1062	1.0000000
barcode22_1405Gb	contig_42349	9491	9686	vanY gene in vanB cluster_glycopeptide_antibiotic	8	195	195	1.0000000
barcode22_1405Gb	contig_42455	16875	18102	mdtG_phosphonic_acid_antibiotic	15	1227	1227	1.0000000
barcode22_1405Gb	contig_42495	655	1477	vanY gene in vanB cluster_glycopeptide_antibiotic	8	822	822	1.0000000
barcode22_1405Gb	contig_42517	3600	4770	vanT gene in vanG cluster_glycopeptide_antibiotic	6	1170	1170	1.0000000
barcode22_1405Gb	contig_42549	14388	15333	vanY gene in vanA cluster_glycopeptide_antibiotic	8	945	945	1.0000000
barcode22_1405Gb	contig_42561	23624	24296	vanY gene in vanB cluster_glycopeptide_antibiotic	4	672	672	1.0000000
barcode22_1405Gb	contig_42642	1	727	tet(W/N/W)_tetracycline_antibiotic	12	726	726	1.0000000
barcode22_1405Gb	contig_42656	7782	8496	vanY gene in vanB cluster_glycopeptide_antibiotic	54	714	714	1.0000000
barcode22_1405Gb	contig_42706	26474	26909	Escherichia coli AcrAB-TolC with MarR mutations conferring resistance to ciprofloxacin and tetracycline_fluoroquinolone_antibiotic;_cephalosporin;_glycylcycline;_penam;_tetracycline_antibiotic;_rifamycin_antibiotic;_phenicol_antibiotic;_disinfecting_agents_and_antiseptics	12	435	435	1.0000000
barcode22_1405Gb	contig_42771	1012	2932	tet(W)_tetracycline_antibiotic	220	1920	1920	1.0000000
barcode22_1405Gb	contig_42796	70542	72015	vanW gene in vanI cluster_glycopeptide_antibiotic	12	1473	1473	1.0000000
barcode22_1405Gb	contig_42824	1412	2255	OXA-58_carbapenem;_penam	38	843	843	1.0000000
barcode22_1405Gb	contig_43060	23666	23930	rsmA_fluoroquinolone_antibiotic;_diaminopyrimidine_antibiotic;_phenicol_antibiotic	11	264	264	1.0000000
barcode22_1405Gb	contig_43093	5036	6533	aadT_macrolide_antibiotic;_tetracycline_antibiotic;_disinfecting_agents_and_antiseptics	13	1497	1497	1.0000000
barcode22_1405Gb	contig_43112	6193	6667	dfrF_diaminopyrimidine_antibiotic	105	474	474	1.0000000
barcode22_1405Gb	contig_43119	41120	41651	vanW gene in vanI cluster_glycopeptide_antibiotic	7	531	531	1.0000000
barcode22_1405Gb	contig_43123	64956	66774	vanW gene in vanI cluster_glycopeptide_antibiotic	4	1818	1818	1.0000000
barcode22_1405Gb	contig_43264	27655	30028	vanT gene in vanG cluster_glycopeptide_antibiotic	10	2373	2373	1.0000000
barcode22_1405Gb	contig_43301	25866	26670	vanY gene in vanB cluster_glycopeptide_antibiotic	10	804	804	1.0000000
barcode22_1405Gb	contig_4335	14222	14588	qacG_disinfecting_agents_and_antiseptics	472	366	366	1.0000000
barcode22_1405Gb	contig_43479	8692	9751	vanG_glycopeptide_antibiotic	4	1059	1059	1.0000000
barcode22_1405Gb	contig_43513	15962	16520	vanW gene in vanI cluster_glycopeptide_antibiotic	4	558	558	1.0000000
barcode22_1405Gb	contig_43658	0	507	nimD_nitroimidazole_antibiotic	55	507	507	1.0000000
barcode22_1405Gb	contig_43683	5834	7082	mdtA_aminocoumarin_antibiotic	8	1248	1248	1.0000000
barcode22_1405Gb	contig_43715	2262	3462	vanT gene in vanG cluster_glycopeptide_antibiotic	26	1200	1200	1.0000000
barcode22_1405Gb	contig_4373	5521	7441	tet(W)_tetracycline_antibiotic	238	1920	1920	1.0000000
barcode22_1405Gb	contig_43769	37856	39053	vanT gene in vanG cluster_glycopeptide_antibiotic	18	1197	1197	1.0000000
barcode22_1405Gb	contig_43783	75916	76102	rsmA_fluoroquinolone_antibiotic;_diaminopyrimidine_antibiotic;_phenicol_antibiotic	22	186	186	1.0000000
barcode22_1405Gb	contig_43783	83135	84683	emrB_fluoroquinolone_antibiotic	7	1548	1548	1.0000000
barcode22_1405Gb	contig_43783	86003	86534	emrR_fluoroquinolone_antibiotic	18	531	531	1.0000000
barcode22_1405Gb	contig_43793	6330	6942	vanY gene in vanB cluster_glycopeptide_antibiotic	23	612	612	1.0000000
barcode22_1405Gb	contig_43809	18265	19213	vanY gene in vanF cluster_glycopeptide_antibiotic	16	948	948	1.0000000
barcode22_1405Gb	contig_43811	8830	9823	vanG_glycopeptide_antibiotic	14	993	993	1.0000000
barcode22_1405Gb	contig_43933	297	3423	adeF_fluoroquinolone_antibiotic;_tetracycline_antibiotic	9	3126	3126	1.0000000
barcode22_1405Gb	contig_44184	2162	2375	vanU gene in vanG cluster_glycopeptide_antibiotic	88	213	213	1.0000000
barcode22_1405Gb	contig_44187	3185	4379	vanT gene in vanG cluster_glycopeptide_antibiotic	5	1194	1194	1.0000000
barcode22_1405Gb	contig_44188	7669	9301	vanW gene in vanI cluster_glycopeptide_antibiotic	5	1632	1632	1.0000000
barcode22_1405Gb	contig_44237	506	1403	vanY gene in vanB cluster_glycopeptide_antibiotic	5	897	897	1.0000000
barcode22_1405Gb	contig_44270	4888	6532	YojI_peptide_antibiotic	9	1644	1644	1.0000000
barcode22_1405Gb	contig_44270	34719	37347	Escherichia coli gyrA conferring resistance to fluoroquinolones_fluoroquinolone_antibiotic	8	2628	2628	1.0000000
barcode22_1405Gb	contig_44287	3138	4125	vanH gene in vanO cluster_glycopeptide_antibiotic	11	987	987	1.0000000
barcode22_1405Gb	contig_44302	30595	31087	nimK_nitroimidazole_antibiotic	5	492	492	1.0000000
barcode22_1405Gb	contig_44314	16313	17375	vanG_glycopeptide_antibiotic	12	1062	1062	1.0000000
barcode22_1405Gb	contig_44415	14487	15588	vanG_glycopeptide_antibiotic	18	1101	1101	1.0000000
barcode22_1405Gb	contig_44442	125156	126797	vanW gene in vanI cluster_glycopeptide_antibiotic	15	1641	1641	1.0000000
barcode22_1405Gb	contig_44566	18176	18551	ramA_fluoroquinolone_antibiotic;_monobactam;_carbapenem;_cephalosporin;_glycylcycline;_cephamycin;_penam;_tetracycline_antibiotic;_rifamycin_antibiotic;_phenicol_antibiotic;_penem;_disinfecting_agents_and_antiseptics	15	375	375	1.0000000
barcode22_1405Gb	contig_44566	95241	96435	Enterobacter cloacae acrA_fluoroquinolone_antibiotic;_cephalosporin;_glycylcycline;_penam;_tetracycline_antibiotic;_rifamycin_antibiotic;_phenicol_antibiotic;_disinfecting_agents_and_antiseptics	10	1194	1194	1.0000000
barcode22_1405Gb	contig_44566	96457	99604	acrB_fluoroquinolone_antibiotic;_cephalosporin;_glycylcycline;_penam;_tetracycline_antibiotic;_rifamycin_antibiotic;_phenicol_antibiotic;_disinfecting_agents_and_antiseptics	15	3147	3147	1.0000000
barcode22_1405Gb	contig_44584	4515	6987	vanT gene in vanG cluster_glycopeptide_antibiotic	7	2472	2472	1.0000000
barcode22_1405Gb	contig_44602	18653	19832	vanT gene in vanG cluster_glycopeptide_antibiotic	6	1179	1179	1.0000000
barcode22_1405Gb	contig_44728	63738	64662	vanY gene in vanG cluster_glycopeptide_antibiotic	10	924	924	1.0000000
barcode22_1405Gb	contig_44800	11683	12334	vanY gene in vanG cluster_glycopeptide_antibiotic	13	651	651	1.0000000
barcode22_1405Gb	contig_44996	48065	49190	vanT gene in vanG cluster_glycopeptide_antibiotic	9	1125	1125	1.0000000
barcode22_1405Gb	contig_45002	8988	10062	vanG_glycopeptide_antibiotic	6	1074	1074	1.0000000
barcode22_1405Gb	contig_45049	12124	12772	vanY gene in vanB cluster_glycopeptide_antibiotic	5	648	648	1.0000000
barcode22_1405Gb	contig_45079	3299	3554	rsmA_fluoroquinolone_antibiotic;_diaminopyrimidine_antibiotic;_phenicol_antibiotic	5	255	255	1.0000000
barcode22_1405Gb	contig_45092	16296	16788	nimA_nitroimidazole_antibiotic	13	492	492	1.0000000
barcode22_1405Gb	contig_45324	2	575	vanY gene in vanB cluster_glycopeptide_antibiotic	5	573	573	1.0000000
barcode22_1405Gb	contig_45328	68391	69135	vanY gene in vanF cluster_glycopeptide_antibiotic	10	744	744	1.0000000
barcode22_1405Gb	contig_45328	69148	69979	vanW gene in vanB cluster_glycopeptide_antibiotic	10	831	831	1.0000000
barcode22_1405Gb	contig_45328	69975	70944	vanH gene in vanF cluster_glycopeptide_antibiotic	12	969	969	1.0000000
barcode22_1405Gb	contig_45328	70936	71971	vanA_glycopeptide_antibiotic	14	1035	1035	1.0000000
barcode22_1405Gb	contig_45328	71973	72582	vanX gene in vanB cluster_glycopeptide_antibiotic	13	609	609	1.0000000
barcode22_1405Gb	contig_45418	15791	16622	vanY gene in vanB cluster_glycopeptide_antibiotic	4	831	831	1.0000000
barcode22_1405Gb	contig_45523	61867	63100	Escherichia coli mdfA_tetracycline_antibiotic;_disinfecting_agents_and_antiseptics	11	1233	1233	1.0000000
barcode22_1405Gb	contig_45642	3534	4710	vanT gene in vanG cluster_glycopeptide_antibiotic	8	1176	1176	1.0000000
barcode22_1405Gb	contig_45690	23045	23375	Klebsiella pneumoniae KpnF_macrolide_antibiotic;_aminoglycoside_antibiotic;_cephalosporin;_tetracycline_antibiotic;_peptide_antibiotic;_rifamycin_antibiotic;_disinfecting_agents_and_antiseptics	10	330	330	1.0000000
barcode22_1405Gb	contig_45690	23361	23727	Klebsiella pneumoniae KpnE_macrolide_antibiotic;_aminoglycoside_antibiotic;_cephalosporin;_tetracycline_antibiotic;_peptide_antibiotic;_rifamycin_antibiotic;_disinfecting_agents_and_antiseptics	9	366	366	1.0000000
barcode22_1405Gb	contig_45693	53186	53603	vanY gene in vanB cluster_glycopeptide_antibiotic	4	417	417	1.0000000
barcode22_1405Gb	contig_45736	2703	3870	vanT gene in vanG cluster_glycopeptide_antibiotic	6	1167	1167	1.0000000
barcode22_1405Gb	contig_45805	8869	10603	vanW gene in vanI cluster_glycopeptide_antibiotic	16	1734	1734	1.0000000
barcode22_1405Gb	contig_45882	5060	5567	nimK_nitroimidazole_antibiotic	4	507	507	1.0000000
barcode22_1405Gb	contig_45885	24666	27780	adeF_fluoroquinolone_antibiotic;_tetracycline_antibiotic	11	3114	3114	1.0000000
barcode22_1405Gb	contig_45885	27917	28808	CblA-1_cephalosporin	14	891	891	1.0000000
barcode22_1405Gb	contig_45964	47778	48777	vanY gene in vanG cluster_glycopeptide_antibiotic	9	999	999	1.0000000
barcode22_1405Gb	contig_4628	223	1447	mef(C)_macrolide_antibiotic;_tetracycline_antibiotic	10	1224	1224	1.0000000
barcode22_1405Gb	contig_5022	150696	151509	vanY gene in vanB cluster_glycopeptide_antibiotic	14	813	813	1.0000000
barcode22_1405Gb	contig_5026	850	1612	vanY gene in vanB cluster_glycopeptide_antibiotic	76	762	762	1.0000000
barcode22_1405Gb	contig_5085	208108	209893	patB_fluoroquinolone_antibiotic	8	1785	1785	1.0000000
barcode22_1405Gb	contig_5085	209893	211600	patA_fluoroquinolone_antibiotic	12	1707	1707	1.0000000
barcode22_1405Gb	contig_5090	515910	516648	ErmB_macrolide_antibiotic;_lincosamide_antibiotic;_streptogramin_antibiotic;_streptogramin_A_antibiotic;_streptogramin_B_antibiotic	99	738	738	1.0000000
barcode22_1405Gb	contig_5107	40881	41742	AAC(3)-IIe_aminoglycoside_antibiotic	72	861	861	1.0000000
barcode22_1405Gb	contig_5107	41883	42744	TEM-1_monobactam;_cephalosporin;_penam;_penem	111	861	861	1.0000000
barcode22_1405Gb	contig_5410	5717	6560	OXA-58_carbapenem;_penam	46	843	843	1.0000000
barcode22_1405Gb	contig_5410	14220	15081	AAC(3)-IId_aminoglycoside_antibiotic	10	861	861	1.0000000
barcode22_1405Gb	contig_5688	8961	10881	tet(O)_tetracycline_antibiotic	205	1920	1920	1.0000000
barcode22_1405Gb	contig_6288	1	1243	tet(A)_tetracycline_antibiotic	3	1242	1242	1.0000000
barcode22_1405Gb	contig_640	2942	4110	tet(X3)_glycylcycline;_tetracycline_antibiotic	27	1168	1168	1.0000000
barcode22_1405Gb	contig_640	7484	8300	sul2_sulfonamide_antibiotic	149	816	816	1.0000000
barcode22_1405Gb	contig_6548	35420	36680	EreB_macrolide_antibiotic	18	1260	1260	1.0000000
barcode22_1405Gb	contig_6548	37609	39049	AAC(6')-Ie-APH(2'')-Ia bifunctional protein_aminoglycoside_antibiotic	17	1440	1440	1.0000000
barcode22_1405Gb	contig_7134	46081	47158	vanG_glycopeptide_antibiotic	16	1077	1077	1.0000000
barcode22_1405Gb	contig_7134	47151	48303	vanT gene in vanE cluster_glycopeptide_antibiotic	20	1152	1152	1.0000000
barcode22_1405Gb	contig_7134	129233	129776	lnuC_lincosamide_antibiotic	73	543	543	1.0000000
barcode22_1405Gb	contig_7135	60067	61240	vanY gene in vanB cluster_glycopeptide_antibiotic	18	1173	1173	1.0000000
barcode22_1405Gb	contig_7137	19536	20577	vanY gene in vanM cluster_glycopeptide_antibiotic	15	1041	1041	1.0000000
barcode22_1405Gb	contig_7142	103534	104611	vanT gene in vanG cluster_glycopeptide_antibiotic	24	1077	1077	1.0000000
barcode22_1405Gb	contig_7143	46809	47628	vanY gene in vanF cluster_glycopeptide_antibiotic	31	819	819	1.0000000
barcode22_1405Gb	contig_7145	34290	35442	vanY gene in vanM cluster_glycopeptide_antibiotic	25	1152	1152	1.0000000
barcode22_1405Gb	contig_7145	522039	523332	vanY gene in vanM cluster_glycopeptide_antibiotic	26	1293	1293	1.0000000
barcode22_1405Gb	contig_7145	632570	633065	dfrF_diaminopyrimidine_antibiotic	110	495	495	1.0000000
barcode22_1405Gb	contig_7157	605485	606601	vanT gene in vanG cluster_glycopeptide_antibiotic	72	1116	1116	1.0000000
barcode22_1405Gb	contig_7157	2971225	2973151	tet(Q)_tetracycline_antibiotic	101	1926	1926	1.0000000
barcode22_1405Gb	contig_7157	2973888	2975025	tet(X)_glycylcycline;_tetracycline_antibiotic	196	1137	1137	1.0000000
barcode22_1405Gb	contig_7157	2975237	2976038	ErmF_macrolide_antibiotic;_lincosamide_antibiotic;_streptogramin_antibiotic;_streptogramin_A_antibiotic;_streptogramin_B_antibiotic	361	801	801	1.0000000
barcode22_1405Gb	contig_7157	3737356	3738322	CfxA2_cephamycin	346	966	966	1.0000000
barcode22_1405Gb	contig_7184	84453	85653	vanT gene in vanG cluster_glycopeptide_antibiotic	17	1200	1200	1.0000000
barcode22_1405Gb	contig_7198	19257	19731	dfrF_diaminopyrimidine_antibiotic	119	474	474	1.0000000
barcode22_1405Gb	contig_7213	27570	28737	vanT gene in vanG cluster_glycopeptide_antibiotic	20	1167	1167	1.0000000
barcode22_1405Gb	contig_7220	54353	55112	vanW gene in vanG cluster_glycopeptide_antibiotic	614	759	759	1.0000000
barcode22_1405Gb	contig_7231	192607	194527	tet(M)_tetracycline_antibiotic	26	1920	1920	1.0000000
barcode22_1405Gb	contig_7231	196032	196362	mef(H)_macrolide_antibiotic	11	330	330	1.0000000
barcode22_1405Gb	contig_7237	3274	5194	tet(O)_tetracycline_antibiotic	94	1920	1920	1.0000000
barcode22_1405Gb	contig_7256	8902	9746	OXA-58_carbapenem;_penam	64	844	844	1.0000000
barcode22_1405Gb	contig_7256	12391	13906	aadT_macrolide_antibiotic;_tetracycline_antibiotic;_disinfecting_agents_and_antiseptics	29	1515	1515	1.0000000
barcode22_1405Gb	contig_7256	22246	23062	sul2_sulfonamide_antibiotic	79	816	816	1.0000000
barcode22_1405Gb	contig_7257	24443	25958	aadT_macrolide_antibiotic;_tetracycline_antibiotic;_disinfecting_agents_and_antiseptics	87	1515	1515	1.0000000
barcode22_1405Gb	contig_7272	10358	11450	vanG_glycopeptide_antibiotic	19	1092	1092	1.0000000
barcode22_1405Gb	contig_7272	55197	56193	vanH gene in vanO cluster_glycopeptide_antibiotic	13	996	996	1.0000000
barcode22_1405Gb	contig_7275	53874	54870	vanH gene in vanO cluster_glycopeptide_antibiotic	25	996	996	1.0000000
barcode22_1405Gb	contig_7277	7011	8931	tet(W)_tetracycline_antibiotic	189	1920	1920	1.0000000
barcode22_1405Gb	contig_7282	17512	18217	vanY gene in vanB cluster_glycopeptide_antibiotic	11	705	705	1.0000000
barcode22_1405Gb	contig_7284	10258	11038	APH(3')-VIa_aminoglycoside_antibiotic	129	780	780	1.0000000
barcode22_1405Gb	contig_7285	13778	14660	KPC-2_monobactam;_carbapenem;_cephalosporin;_penam	221	882	882	1.0000000
barcode22_1405Gb	contig_7288	181624	182446	bacA_peptide_antibiotic	17	822	822	1.0000000
barcode22_1405Gb	contig_7290	576	2496	tet(W)_tetracycline_antibiotic	254	1920	1920	1.0000000
barcode22_1405Gb	contig_7298	718283	719414	vanT gene in vanG cluster_glycopeptide_antibiotic	202	1131	1131	1.0000000
barcode22_1405Gb	contig_7303	462140	462893	vanY gene in vanB cluster_glycopeptide_antibiotic	30	753	753	1.0000000
barcode22_1405Gb	contig_7308	18971	19697	vanY gene in vanB cluster_glycopeptide_antibiotic	159	726	726	1.0000000
barcode22_1405Gb	contig_7321	7320	9240	tet(W)_tetracycline_antibiotic	202	1920	1920	1.0000000
barcode22_1405Gb	contig_7352	3911	4838	PER-2_monobactam;_carbapenem;_cephalosporin;_penam;_penem	11	927	927	1.0000000
barcode22_1405Gb	contig_7352	14197	14821	tetR_tetracycline_antibiotic	5	624	624	1.0000000
barcode22_1405Gb	contig_7352	14902	16108	tet(B)_tetracycline_antibiotic	4	1206	1206	1.0000000
barcode22_1405Gb	contig_7353	288	1092	APH(3'')-Ib_aminoglycoside_antibiotic	46	804	804	1.0000000
barcode22_1405Gb	contig_7353	1497	2277	APH(3')-VIb_aminoglycoside_antibiotic	7	780	780	1.0000000
barcode22_1405Gb	contig_7353	4670	5597	PER-3_monobactam;_carbapenem;_cephalosporin;_penam;_penem	14	927	927	1.0000000
barcode22_1405Gb	contig_7355	41536	42316	APH(3')-VIa_aminoglycoside_antibiotic	221	780	780	1.0000000
barcode22_1405Gb	contig_7355	49350	50130	APH(3')-VIa_aminoglycoside_antibiotic	198	780	780	1.0000000
barcode22_1405Gb	contig_7355	51407	52220	NDM-1_carbapenem;_cephalosporin;_cephamycin;_penam	189	813	813	1.0000000
barcode22_1405Gb	contig_7355	55728	56568	sul1_sulfonamide_antibiotic	216	840	840	1.0000000
barcode22_1405Gb	contig_7355	56561	56909	qacEdelta1_disinfecting_agents_and_antiseptics	247	348	348	1.0000000
barcode22_1405Gb	contig_7355	57077	57665	AAC(6')-Ib9_aminoglycoside_antibiotic	141	588	588	1.0000000
barcode22_1405Gb	contig_7355	57770	58223	arr-3_rifamycin_antibiotic	115	453	453	1.0000000
barcode22_1405Gb	contig_7364	30986	31199	vanU gene in vanG cluster_glycopeptide_antibiotic	96	213	213	1.0000000
barcode22_1405Gb	contig_7461	200479	201205	vanY gene in vanB cluster_glycopeptide_antibiotic	292	726	726	1.0000000
barcode22_1405Gb	contig_7461	279507	281136	vanW gene in vanI cluster_glycopeptide_antibiotic	243	1629	1629	1.0000000
barcode22_1405Gb	contig_7464	67512	69021	vanW gene in vanI cluster_glycopeptide_antibiotic	11	1509	1509	1.0000000
barcode22_1405Gb	contig_7489	54214	54715	nimJ_nitroimidazole_antibiotic	48	501	501	1.0000000
barcode22_1405Gb	contig_7500	16396	17656	EreB_macrolide_antibiotic	20	1260	1260	1.0000000
barcode22_1405Gb	contig_7523	133897	134710	vanY gene in vanF cluster_glycopeptide_antibiotic	26	813	813	1.0000000
barcode22_1405Gb	contig_7575	133370	133901	vanY gene in vanB cluster_glycopeptide_antibiotic	23	531	531	1.0000000
barcode22_1405Gb	contig_7585	2732	3695	tet(O)_tetracycline_antibiotic	230	963	963	1.0000000
barcode22_1405Gb	contig_7585	3736	4660	tet(O)_tetracycline_antibiotic	350	924	924	1.0000000
barcode22_1405Gb	contig_7587	35531	37451	tet(O)_tetracycline_antibiotic	74	1920	1920	1.0000000
barcode22_1405Gb	contig_7601	36410	37568	mdtE_macrolide_antibiotic;_fluoroquinolone_antibiotic;_penam	13	1158	1158	1.0000000
barcode22_1405Gb	contig_7601	37592	40706	mdtF_macrolide_antibiotic;_fluoroquinolone_antibiotic;_penam	9	3114	3114	1.0000000
barcode22_1405Gb	contig_7601	41068	41797	gadW_macrolide_antibiotic;_fluoroquinolone_antibiotic;_penam	11	729	729	1.0000000
barcode22_1405Gb	contig_7601	42164	42989	gadX_macrolide_antibiotic;_fluoroquinolone_antibiotic;_penam	13	825	825	1.0000000
barcode22_1405Gb	contig_7606	36007	38011	tet(Q)_tetracycline_antibiotic	16	2004	2004	1.0000000
barcode22_1405Gb	contig_7622	10472	11213	IMP-16_carbapenem;_cephalosporin;_cephamycin;_penam;_penem	32	741	741	1.0000000
barcode22_1405Gb	contig_7689	48210	49266	vanG_glycopeptide_antibiotic	17	1056	1056	1.0000000
barcode22_1405Gb	contig_7689	49259	50411	vanT gene in vanE cluster_glycopeptide_antibiotic	14	1152	1152	1.0000000
barcode22_1405Gb	contig_7774	28793	30713	tet(O)_tetracycline_antibiotic	397	1920	1920	1.0000000
barcode22_1405Gb	contig_7775	32891	33302	FosXCC_phosphonic_acid_antibiotic	155	411	411	1.0000000
barcode22_1405Gb	contig_7789	17796	19002	vanT gene in vanG cluster_glycopeptide_antibiotic	17	1206	1206	1.0000000
barcode22_1405Gb	contig_7789	37351	39136	tet(O)_tetracycline_antibiotic	60	1785	1785	1.0000000
barcode22_1405Gb	contig_7792	835	2755	tet(W)_tetracycline_antibiotic	206	1920	1920	1.0000000
barcode22_1405Gb	contig_7803	5876	7796	tet(W/N/W)_tetracycline_antibiotic	30	1920	1920	1.0000000
barcode22_1405Gb	contig_7808	1110	1950	sul1_sulfonamide_antibiotic	127	840	840	1.0000000
barcode22_1405Gb	contig_7808	1943	2291	qacEdelta1_disinfecting_agents_and_antiseptics	167	348	348	1.0000000
barcode22_1405Gb	contig_7808	2727	3558	OXA-4_cephalosporin;_penam	66	831	831	1.0000000
barcode22_1405Gb	contig_7808	3688	4093	AAC(6')-Ib10_aminoglycoside_antibiotic	84	405	405	1.0000000
barcode22_1405Gb	contig_7809	84646	85180	ANT(2'')-Ia_aminoglycoside_antibiotic	68	534	534	1.0000000
barcode22_1405Gb	contig_7809	85302	86166	GES-1_carbapenem;_cephalosporin;_penam	75	864	864	1.0000000
barcode22_1405Gb	contig_7809	86239	86698	AAC(6')-Il_aminoglycoside_antibiotic	80	459	459	1.0000000
barcode22_1405Gb	contig_7810	4498	4831	qacJ_disinfecting_agents_and_antiseptics	22	333	333	1.0000000
barcode22_1405Gb	contig_7811	7428	8268	sul1_sulfonamide_antibiotic	153	840	840	1.0000000
barcode22_1405Gb	contig_7811	8261	8609	qacEdelta1_disinfecting_agents_and_antiseptics	191	348	348	1.0000000
barcode22_1405Gb	contig_7811	8820	9651	OXA-4_cephalosporin;_penam	83	831	831	1.0000000
barcode22_1405Gb	contig_7811	9781	10300	AAC(6')-Ib9_aminoglycoside_antibiotic	94	519	519	1.0000000
barcode22_1405Gb	contig_7811	10489	11167	IMP-16_carbapenem;_cephalosporin;_cephamycin;_penam;_penem	68	678	678	1.0000000
barcode22_1405Gb	contig_7811	11348	11681	qacJ_disinfecting_agents_and_antiseptics	58	333	333	1.0000000
barcode22_1405Gb	contig_7812	3773	5012	Mrx_macrolide_antibiotic	13	1239	1239	1.0000000
barcode22_1405Gb	contig_7812	5008	5914	mphA_macrolide_antibiotic	8	906	906	1.0000000
barcode22_1405Gb	contig_7820	246580	247789	vanT gene in vanG cluster_glycopeptide_antibiotic	12	1209	1209	1.0000000
barcode22_1405Gb	contig_7820	501714	502824	vanG_glycopeptide_antibiotic	12	1110	1110	1.0000000
barcode22_1405Gb	contig_7826	202306	203680	cpxA_aminoglycoside_antibiotic;_aminocoumarin_antibiotic	15	1374	1374	1.0000000
barcode22_1405Gb	contig_7826	274650	275835	Escherichia coli EF-Tu mutants conferring resistance to Pulvomycin_elfamycin_antibiotic	27	1185	1185	1.0000000
barcode22_1405Gb	contig_7826	375866	376190	Escherichia coli soxS with mutation conferring antibiotic resistance_fluoroquinolone_antibiotic;_monobactam;_carbapenem;_cephalosporin;_glycylcycline;_cephamycin;_penam;_tetracycline_antibiotic;_rifamycin_antibiotic;_phenicol_antibiotic;_penem;_disinfecting_agents_and_antiseptics	26	324	324	1.0000000
barcode22_1405Gb	contig_7826	376275	376740	Escherichia coli soxR with mutation conferring antibiotic resistance_fluoroquinolone_antibiotic;_cephalosporin;_glycylcycline;_penam;_tetracycline_antibiotic;_rifamycin_antibiotic;_phenicol_antibiotic;_disinfecting_agents_and_antiseptics	24	465	465	1.0000000
barcode22_1405Gb	contig_7826	398258	399725	mdtP_nucleoside_antibiotic;_disinfecting_agents_and_antiseptics	18	1467	1467	1.0000000
barcode22_1405Gb	contig_7826	399721	401773	mdtO_nucleoside_antibiotic;_disinfecting_agents_and_antiseptics	16	2052	2052	1.0000000
barcode22_1405Gb	contig_7826	401772	402804	mdtN_nucleoside_antibiotic;_disinfecting_agents_and_antiseptics	21	1032	1032	1.0000000
barcode22_1405Gb	contig_7826	427964	429608	eptA_peptide_antibiotic	10	1644	1644	1.0000000
barcode22_1405Gb	contig_7826	571305	572439	Escherichia coli ampC beta-lactamase_cephalosporin;_penam	10	1134	1134	1.0000000
barcode22_1405Gb	contig_7840	4178	4913	tet(O)_tetracycline_antibiotic	242	735	735	1.0000000
barcode22_1405Gb	contig_7840	5171	6110	tet(O)_tetracycline_antibiotic	241	939	939	1.0000000
barcode22_1405Gb	contig_7878	56745	57000	rsmA_fluoroquinolone_antibiotic;_diaminopyrimidine_antibiotic;_phenicol_antibiotic	548	255	255	1.0000000
barcode22_1405Gb	contig_7879	189	444	rsmA_fluoroquinolone_antibiotic;_diaminopyrimidine_antibiotic;_phenicol_antibiotic	61	255	255	1.0000000
barcode22_1405Gb	contig_7973	775	1963	tet(39)_tetracycline_antibiotic	52	1188	1188	1.0000000
barcode22_1405Gb	contig_7975	9812	11000	tet(39)_tetracycline_antibiotic	56	1188	1188	1.0000000
barcode22_1405Gb	contig_8003	23560	25480	tet(O)_tetracycline_antibiotic	124	1920	1920	1.0000000
barcode22_1405Gb	contig_8003	25531	26770	tet(40)_tetracycline_antibiotic	125	1239	1239	1.0000000
barcode22_1405Gb	contig_8065	183359	185999	tet(36)_tetracycline_antibiotic	13	2640	2640	1.0000000
barcode22_1405Gb	contig_8068	131	1031	VEB-9_monobactam;_cephalosporin	24	900	900	1.0000000
barcode22_1405Gb	contig_8202	20695	21433	ErmB_macrolide_antibiotic;_lincosamide_antibiotic;_streptogramin_antibiotic;_streptogramin_A_antibiotic;_streptogramin_B_antibiotic	177	738	738	1.0000000
barcode22_1405Gb	contig_8240	46258	47404	vanT gene in vanG cluster_glycopeptide_antibiotic	64	1146	1146	1.0000000
barcode22_1405Gb	contig_8252	11059	12742	vanW gene in vanI cluster_glycopeptide_antibiotic	100	1683	1683	1.0000000
barcode22_1405Gb	contig_8269	222	1002	APH(3')-VIa_aminoglycoside_antibiotic	104	780	780	1.0000000
barcode22_1405Gb	contig_8269	11995	12862	SCO-1_cephalosporin;_penam;_penem	21	867	867	1.0000000
barcode22_1405Gb	contig_8269	18293	19154	AAC(3)-IIe_aminoglycoside_antibiotic	31	861	861	1.0000000
barcode22_1405Gb	contig_8270	3608	4118	dfrA8_diaminopyrimidine_antibiotic	19	510	510	1.0000000
barcode22_1405Gb	contig_8270	44465	45302	APH(6)-Id_aminoglycoside_antibiotic	162	837	837	1.0000000
barcode22_1405Gb	contig_8270	45301	46105	APH(3'')-Ib_aminoglycoside_antibiotic	166	804	804	1.0000000
barcode22_1405Gb	contig_8270	50906	51767	AAC(3)-IIe_aminoglycoside_antibiotic	38	861	861	1.0000000
barcode22_1405Gb	contig_8270	52254	52899	QnrB19_fluoroquinolone_antibiotic	77	645	645	1.0000000
barcode22_1405Gb	contig_8292	4032	5952	tet(O)_tetracycline_antibiotic	62	1920	1920	1.0000000
barcode22_1405Gb	contig_8312	9265	9760	lnuC_lincosamide_antibiotic	148	495	495	1.0000000
barcode22_1405Gb	contig_8325	1737	2661	tet(O)_tetracycline_antibiotic	409	924	924	1.0000000
barcode22_1405Gb	contig_8325	2991	3657	tet(O)_tetracycline_antibiotic	351	666	666	1.0000000
barcode22_1405Gb	contig_8366	20652	21114	vanW gene in vanG cluster_glycopeptide_antibiotic	29	462	462	1.0000000
barcode22_1405Gb	contig_8404	34051	35971	tet(W)_tetracycline_antibiotic	120	1920	1920	1.0000000
barcode22_1405Gb	contig_8404	45361	46177	sul2_sulfonamide_antibiotic	59	816	816	1.0000000
barcode22_1405Gb	contig_8404	46237	47041	APH(3'')-Ib_aminoglycoside_antibiotic	160	804	804	1.0000000
barcode22_1405Gb	contig_8404	47040	47877	APH(6)-Id_aminoglycoside_antibiotic	155	837	837	1.0000000
barcode22_1405Gb	contig_8412	14094	16314	Acinetobacter baumannii parC conferring resistance to fluoroquinolones_fluoroquinolone_antibiotic	15	2220	2220	1.0000000
barcode22_1405Gb	contig_8465	567	1302	ErmG_macrolide_antibiotic;_lincosamide_antibiotic;_streptogramin_antibiotic;_streptogramin_A_antibiotic;_streptogramin_B_antibiotic	30	735	735	1.0000000
barcode22_1405Gb	contig_8504	1981	2911	Erm(52)_macrolide_antibiotic;_lincosamide_antibiotic;_streptogramin_antibiotic	18	930	930	1.0000000
barcode22_1405Gb	contig_8517	35628	37632	tet(Q)_tetracycline_antibiotic	14	2004	2004	1.0000000
barcode22_1405Gb	contig_8558	248	1148	VEB-9_monobactam;_cephalosporin	24	900	900	1.0000000
barcode22_1405Gb	contig_8560	77776	78235	vanY gene in vanB cluster_glycopeptide_antibiotic	17	459	459	1.0000000
barcode22_1405Gb	contig_8578	1587	2487	tet(O)_tetracycline_antibiotic	160	900	900	1.0000000
barcode22_1405Gb	contig_8578	2524	3514	tet(O)_tetracycline_antibiotic	326	990	990	1.0000000
barcode22_1405Gb	contig_8610	1851	2586	tet(O)_tetracycline_antibiotic	393	735	735	1.0000000
barcode22_1405Gb	contig_8610	2759	3782	tet(O)_tetracycline_antibiotic	311	1023	1023	1.0000000
barcode22_1405Gb	contig_8657	276519	277515	vanH gene in vanB cluster_glycopeptide_antibiotic	23	996	996	1.0000000
barcode22_1405Gb	contig_8713	3190	4393	vanT gene in vanG cluster_glycopeptide_antibiotic	39	1203	1203	1.0000000
barcode22_1405Gb	contig_8714	6052	7255	vanT gene in vanG cluster_glycopeptide_antibiotic	14	1203	1203	1.0000000
barcode22_1405Gb	contig_8782	41094	41598	vanY gene in vanB cluster_glycopeptide_antibiotic	147	504	504	1.0000000
barcode22_1405Gb	contig_8834	246567	248487	tet(M)_tetracycline_antibiotic	39	1920	1920	1.0000000
barcode22_1405Gb	contig_8834	496454	497108	vanY gene in vanB cluster_glycopeptide_antibiotic	26	654	654	1.0000000
barcode22_1405Gb	contig_8851	104184	105000	vanY gene in vanB cluster_glycopeptide_antibiotic	17	816	816	1.0000000
barcode22_1405Gb	contig_8931	14220	17385	adeF_fluoroquinolone_antibiotic;_tetracycline_antibiotic	129	3165	3165	1.0000000
barcode22_1405Gb	contig_8961	396	1209	NDM-1_carbapenem;_cephalosporin;_cephamycin;_penam	228	813	813	1.0000000
barcode22_1405Gb	contig_8961	2486	3266	APH(3')-VIa_aminoglycoside_antibiotic	312	780	780	1.0000000
barcode22_1405Gb	contig_8965	1599	2814	floR_phenicol_antibiotic	76	1215	1215	1.0000000
barcode22_1405Gb	contig_9025	13	928	Erm(49)_macrolide_antibiotic;_lincosamide_antibiotic;_streptogramin_antibiotic	6	915	915	1.0000000
barcode22_1405Gb	contig_9049	251716	252703	vanH gene in vanO cluster_glycopeptide_antibiotic	16	987	987	1.0000000
barcode22_1405Gb	contig_9118	14175	14388	vanU gene in vanG cluster_glycopeptide_antibiotic	82	213	213	1.0000000
barcode22_1405Gb	contig_9184	913	1741	OXA-72_carbapenem;_penam	26	828	828	1.0000000
barcode22_1405Gb	contig_9184	6576	6921	qacG_disinfecting_agents_and_antiseptics	43	345	345	1.0000000
barcode22_1405Gb	contig_9475	39096	39351	rsmA_fluoroquinolone_antibiotic;_diaminopyrimidine_antibiotic;_phenicol_antibiotic	31	255	255	1.0000000
barcode22_1405Gb	contig_9529	20987	22028	vanG_glycopeptide_antibiotic	10	1041	1041	1.0000000
barcode22_1405Gb	contig_9529	22024	22390	vanY gene in vanF cluster_glycopeptide_antibiotic	17	366	366	1.0000000
barcode22_1405Gb	contig_9553	1523	2714	tet(C)_tetracycline_antibiotic	12	1191	1191	1.0000000
barcode22_1405Gb	contig_9588	56941	57679	ErmB_macrolide_antibiotic;_lincosamide_antibiotic;_streptogramin_antibiotic;_streptogramin_A_antibiotic;_streptogramin_B_antibiotic	217	738	738	1.0000000
barcode22_1405Gb	contig_9647	70826	72353	vanW gene in vanI cluster_glycopeptide_antibiotic	21	1527	1527	1.0000000
barcode22_1405Gb	contig_9682	3612	5109	aadT_macrolide_antibiotic;_tetracycline_antibiotic;_disinfecting_agents_and_antiseptics	13	1497	1497	1.0000000
barcode22_1405Gb	contig_9683	15401	16898	aadT_macrolide_antibiotic;_tetracycline_antibiotic;_disinfecting_agents_and_antiseptics	12	1497	1497	1.0000000
barcode22_1405Gb	contig_9705	885	1860	vanH gene in vanO cluster_glycopeptide_antibiotic	8	975	975	1.0000000
barcode22_1405Gb	contig_9711	6326	7184	vanW gene in vanG cluster_glycopeptide_antibiotic	4	858	858	1.0000000
barcode22_1405Gb	contig_9907	9661	10156	ANT(3'')-IIb_aminoglycoside_antibiotic	5	495	495	1.0000000
barcode22_1405Gb	contig_9944	1139	1634	lnuC_lincosamide_antibiotic	142	495	495	1.0000000
barcode23_1405Gb	contig_10013	23124	24111	vanH gene in vanO cluster_glycopeptide_antibiotic	12	987	987	1.0000000
barcode23_1405Gb	contig_10087	15435	17028	vanW gene in vanI cluster_glycopeptide_antibiotic	220	1593	1593	1.0000000
barcode23_1405Gb	contig_10098	63860	65387	vanW gene in vanI cluster_glycopeptide_antibiotic	16	1527	1527	1.0000000
barcode23_1405Gb	contig_10103	64862	66335	vanW gene in vanI cluster_glycopeptide_antibiotic	21	1473	1473	1.0000000
barcode23_1405Gb	contig_10129	17518	18262	vanY gene in vanB cluster_glycopeptide_antibiotic	44	744	744	1.0000000
barcode23_1405Gb	contig_10145	1921	3124	vanT gene in vanG cluster_glycopeptide_antibiotic	10	1203	1203	1.0000000
barcode23_1405Gb	contig_10154	25351	27034	vanW gene in vanI cluster_glycopeptide_antibiotic	97	1683	1683	1.0000000
barcode23_1405Gb	contig_10165	4552	5083	vanY gene in vanB cluster_glycopeptide_antibiotic	30	531	531	1.0000000
barcode23_1405Gb	contig_10166	40609	42394	vanW gene in vanI cluster_glycopeptide_antibiotic	18	1785	1785	1.0000000
barcode23_1405Gb	contig_10170	16030	17236	vanT gene in vanG cluster_glycopeptide_antibiotic	23	1206	1206	1.0000000
barcode23_1405Gb	contig_10188	4127	6899	tet(Q)_tetracycline_antibiotic	24	2772	2772	1.0000000
barcode23_1405Gb	contig_10188	25327	26137	vanY gene in vanB cluster_glycopeptide_antibiotic	34	810	810	1.0000000
barcode23_1405Gb	contig_102	16868	17450	vanY gene in vanM cluster_glycopeptide_antibiotic	13	582	582	1.0000000
barcode23_1405Gb	contig_10204	24521	25442	tet(O)_tetracycline_antibiotic	647	921	921	1.0000000
barcode23_1405Gb	contig_10204	25621	26455	tet(O)_tetracycline_antibiotic	406	834	834	1.0000000
barcode23_1405Gb	contig_10204	26749	27487	ErmB_macrolide_antibiotic;_lincosamide_antibiotic;_streptogramin_antibiotic;_streptogramin_A_antibiotic;_streptogramin_B_antibiotic	189	738	738	1.0000000
barcode23_1405Gb	contig_10205	83	1013	Erm(52)_macrolide_antibiotic;_lincosamide_antibiotic;_streptogramin_antibiotic	44	930	930	1.0000000
barcode23_1405Gb	contig_10249	11110	11521	FosXCC_phosphonic_acid_antibiotic	181	411	411	1.0000000
barcode23_1405Gb	contig_10258	4811	5987	vanW gene in vanI cluster_glycopeptide_antibiotic	1	1176	1176	1.0000000
barcode23_1405Gb	contig_10273	7330	8392	vanG_glycopeptide_antibiotic	11	1062	1062	1.0000000
barcode23_1405Gb	contig_10286	72958	74053	vanG_glycopeptide_antibiotic	43	1095	1095	1.0000000
barcode23_1405Gb	contig_10301	114907	115723	vanY gene in vanB cluster_glycopeptide_antibiotic	30	816	816	1.0000000
barcode23_1405Gb	contig_10325	118315	119164	vanY gene in vanB cluster_glycopeptide_antibiotic	25	849	849	1.0000000
barcode23_1405Gb	contig_10358	197086	198256	vanT gene in vanG cluster_glycopeptide_antibiotic	17	1170	1170	1.0000000
barcode23_1405Gb	contig_10367	7614	8088	dfrF_diaminopyrimidine_antibiotic	95	474	474	1.0000000
barcode23_1405Gb	contig_10380	7404	7680	vanY gene in vanB cluster_glycopeptide_antibiotic	72	276	276	1.0000000
barcode23_1405Gb	contig_10382	15071	16991	tet(W)_tetracycline_antibiotic	106	1920	1920	1.0000000
barcode23_1405Gb	contig_10396	20769	21423	vanY gene in vanB cluster_glycopeptide_antibiotic	23	654	654	1.0000000
barcode23_1405Gb	contig_10397	17040	17502	vanY gene in vanB cluster_glycopeptide_antibiotic	29	462	462	1.0000000
barcode23_1405Gb	contig_10459	32831	34034	vanT gene in vanG cluster_glycopeptide_antibiotic	19	1203	1203	1.0000000
barcode23_1405Gb	contig_10460	28195	29398	vanT gene in vanG cluster_glycopeptide_antibiotic	29	1203	1203	1.0000000
barcode23_1405Gb	contig_10468	122	617	dfrF_diaminopyrimidine_antibiotic	73	495	495	1.0000000
barcode23_1405Gb	contig_10472	19279	20482	vanT gene in vanG cluster_glycopeptide_antibiotic	35	1203	1203	1.0000000
barcode23_1405Gb	contig_10628	7813	8539	vanY gene in vanB cluster_glycopeptide_antibiotic	181	726	726	1.0000000
barcode23_1405Gb	contig_10646	149259	150108	vanW gene in vanI cluster_glycopeptide_antibiotic	28	849	849	1.0000000
barcode23_1405Gb	contig_10684	113368	114364	vanH gene in vanB cluster_glycopeptide_antibiotic	20	996	996	1.0000000
barcode23_1405Gb	contig_10727	4895	5813	tet(O)_tetracycline_antibiotic	865	918	918	1.0000000
barcode23_1405Gb	contig_10727	5992	6826	tet(O)_tetracycline_antibiotic	859	834	834	1.0000000
barcode23_1405Gb	contig_10730	330535	331708	vanT gene in vanG cluster_glycopeptide_antibiotic	33	1173	1173	1.0000000
barcode23_1405Gb	contig_10730	462898	465601	tet(36)_tetracycline_antibiotic	22	2703	2703	1.0000000
barcode23_1405Gb	contig_10760	60081	60996	vanY gene in vanB cluster_glycopeptide_antibiotic	35	915	915	1.0000000
barcode23_1405Gb	contig_10771	2459	3659	vanT gene in vanG cluster_glycopeptide_antibiotic	18	1200	1200	1.0000000
barcode23_1405Gb	contig_10776	65802	66564	vanY gene in vanB cluster_glycopeptide_antibiotic	34	762	762	1.0000000
barcode23_1405Gb	contig_10786	13374	13869	dfrF_diaminopyrimidine_antibiotic	116	495	495	1.0000000
barcode23_1405Gb	contig_10793	162	888	vanY gene in vanB cluster_glycopeptide_antibiotic	114	726	726	1.0000000
barcode23_1405Gb	contig_10954	141815	142913	vanY gene in vanG cluster_glycopeptide_antibiotic	10	1098	1098	1.0000000
barcode23_1405Gb	contig_10954	333349	333943	vanY gene in vanB cluster_glycopeptide_antibiotic	18	594	594	1.0000000
barcode23_1405Gb	contig_10954	551024	552650	poxtA_tetracycline_antibiotic;_oxazolidinone_antibiotic;_phenicol_antibiotic	14	1626	1626	1.0000000
barcode23_1405Gb	contig_10954	807771	808737	vanY gene in vanG cluster_glycopeptide_antibiotic	12	966	966	1.0000000
barcode23_1405Gb	contig_11050	9847	10834	vanH gene in vanO cluster_glycopeptide_antibiotic	7	987	987	1.0000000
barcode23_1405Gb	contig_11071	4512	6090	vanW gene in vanI cluster_glycopeptide_antibiotic	22	1578	1578	1.0000000
barcode23_1405Gb	contig_11082	18409	19963	vanW gene in vanI cluster_glycopeptide_antibiotic	7	1554	1554	1.0000000
barcode23_1405Gb	contig_11082	35768	36506	ErmB_macrolide_antibiotic;_lincosamide_antibiotic;_streptogramin_antibiotic;_streptogramin_A_antibiotic;_streptogramin_B_antibiotic	82	738	738	1.0000000
barcode23_1405Gb	contig_11091	2714	3164	vanY gene in vanB cluster_glycopeptide_antibiotic	10	450	450	1.0000000
barcode23_1405Gb	contig_11091	3114	3450	vanY gene in vanG cluster_glycopeptide_antibiotic	12	336	336	1.0000000
barcode23_1405Gb	contig_11095	80578	81568	vanH gene in vanB cluster_glycopeptide_antibiotic	46	990	990	1.0000000
barcode23_1405Gb	contig_11104	28289	28853	vanY gene in vanF cluster_glycopeptide_antibiotic	14	564	564	1.0000000
barcode23_1405Gb	contig_11110	52453	53965	vanW gene in vanI cluster_glycopeptide_antibiotic	5	1512	1512	1.0000000
barcode23_1405Gb	contig_11138	204399	207081	tet(36)_tetracycline_antibiotic	21	2682	2682	1.0000000
barcode23_1405Gb	contig_11173	104	599	dfrF_diaminopyrimidine_antibiotic	84	495	495	1.0000000
barcode23_1405Gb	contig_11175	10815	11955	vanG_glycopeptide_antibiotic	19	1140	1140	1.0000000
barcode23_1405Gb	contig_11208	74208	75306	vanG_glycopeptide_antibiotic	18	1098	1098	1.0000000
barcode23_1405Gb	contig_11260	38154	40077	vanW gene in vanI cluster_glycopeptide_antibiotic	13	1923	1923	1.0000000
barcode23_1405Gb	contig_11305	7794	9000	vanT gene in vanG cluster_glycopeptide_antibiotic	6	1206	1206	1.0000000
barcode23_1405Gb	contig_11316	27886	29557	vanW gene in vanI cluster_glycopeptide_antibiotic	8	1671	1671	1.0000000
barcode23_1405Gb	contig_11477	53883	55056	vanY gene in vanB cluster_glycopeptide_antibiotic	24	1173	1173	1.0000000
barcode23_1405Gb	contig_11487	1757	2483	vanY gene in vanB cluster_glycopeptide_antibiotic	6	726	726	1.0000000
barcode23_1405Gb	contig_11589	71952	74430	vanT gene in vanG cluster_glycopeptide_antibiotic	37	2478	2478	1.0000000
barcode23_1405Gb	contig_11643	8964	10161	vanT gene in vanG cluster_glycopeptide_antibiotic	14	1197	1197	1.0000000
barcode23_1405Gb	contig_11695	13541	15545	vanT gene in vanG cluster_glycopeptide_antibiotic	8	2004	2004	1.0000000
barcode23_1405Gb	contig_11700	1790	4919	adeF_fluoroquinolone_antibiotic;_tetracycline_antibiotic	3	3129	3129	1.0000000
barcode23_1405Gb	contig_11730	37492	38188	vanY gene in vanB cluster_glycopeptide_antibiotic	259	696	696	1.0000000
barcode23_1405Gb	contig_11730	98323	99334	vanH gene in vanO cluster_glycopeptide_antibiotic	202	1011	1011	1.0000000
barcode23_1405Gb	contig_11730	1752432	1753509	vanT gene in vanG cluster_glycopeptide_antibiotic	202	1077	1077	1.0000000
barcode23_1405Gb	contig_11730	1755590	1755785	rsmA_fluoroquinolone_antibiotic;_diaminopyrimidine_antibiotic;_phenicol_antibiotic	267	195	195	1.0000000
barcode23_1405Gb	contig_11730	1821501	1822686	Escherichia coli EF-Tu mutants conferring resistance to Pulvomycin_elfamycin_antibiotic	266	1185	1185	1.0000000
barcode23_1405Gb	contig_11730	1839774	1840959	Escherichia coli EF-Tu mutants conferring resistance to Pulvomycin_elfamycin_antibiotic	267	1185	1185	1.0000000
barcode23_1405Gb	contig_11730	2785432	2788588	adeF_fluoroquinolone_antibiotic;_tetracycline_antibiotic	162	3156	3156	1.0000000
barcode23_1405Gb	contig_11908	98348	99170	vanY gene in vanB cluster_glycopeptide_antibiotic	34	822	822	1.0000000
barcode23_1405Gb	contig_11922	8310	9132	vanY gene in vanB cluster_glycopeptide_antibiotic	8	822	822	1.0000000
barcode23_1405Gb	contig_12156	72048	73206	vanT gene in vanG cluster_glycopeptide_antibiotic	9	1158	1158	1.0000000
barcode23_1405Gb	contig_12164	107971	108958	vanH gene in vanO cluster_glycopeptide_antibiotic	8	987	987	1.0000000
barcode23_1405Gb	contig_12219	230143	230968	gadX_macrolide_antibiotic;_fluoroquinolone_antibiotic;_penam	20	825	825	1.0000000
barcode23_1405Gb	contig_12219	231335	232064	gadW_macrolide_antibiotic;_fluoroquinolone_antibiotic;_penam	19	729	729	1.0000000
barcode23_1405Gb	contig_12219	232426	235540	mdtF_macrolide_antibiotic;_fluoroquinolone_antibiotic;_penam	18	3114	3114	1.0000000
barcode23_1405Gb	contig_12219	235564	236722	mdtE_macrolide_antibiotic;_fluoroquinolone_antibiotic;_penam	19	1158	1158	1.0000000
barcode23_1405Gb	contig_12221	71510	72188	kdpE_aminoglycoside_antibiotic	9	678	678	1.0000000
barcode23_1405Gb	contig_12285	194	524	mef(H)_macrolide_antibiotic	12	330	330	1.0000000
barcode23_1405Gb	contig_12288	2321	3419	vanY gene in vanG cluster_glycopeptide_antibiotic	9	1098	1098	1.0000000
barcode23_1405Gb	contig_12321	74313	75159	vanY gene in vanB cluster_glycopeptide_antibiotic	35	846	846	1.0000000
barcode23_1405Gb	contig_12360	171691	172837	ACT-28_carbapenem;_cephalosporin;_cephamycin;_penam	14	1146	1146	1.0000000
barcode23_1405Gb	contig_12361	18049	19150	vanG_glycopeptide_antibiotic	15	1101	1101	1.0000000
barcode23_1405Gb	contig_12376	6693	7878	Escherichia coli EF-Tu mutants conferring resistance to Pulvomycin_elfamycin_antibiotic	24	1185	1185	1.0000000
barcode23_1405Gb	contig_12384	9655	10915	mdtM_fluoroquinolone_antibiotic;_lincosamide_antibiotic;_nucleoside_antibiotic;_phenicol_antibiotic;_disinfecting_agents_and_antiseptics	12	1260	1260	1.0000000
barcode23_1405Gb	contig_12394	88316	88742	FosA2_phosphonic_acid_antibiotic	16	426	426	1.0000000
barcode23_1405Gb	contig_12411	9847	11074	mdtG_phosphonic_acid_antibiotic	12	1227	1227	1.0000000
barcode23_1405Gb	contig_12418	20597	21479	KPC-2_monobactam;_carbapenem;_cephalosporin;_penam	177	882	882	1.0000000
barcode23_1405Gb	contig_12447	22718	24236	vanW gene in vanI cluster_glycopeptide_antibiotic	20	1518	1518	1.0000000
barcode23_1405Gb	contig_12449	144707	145250	lnuC_lincosamide_antibiotic	60	543	543	1.0000000
barcode23_1405Gb	contig_12469	28494	31608	adeF_fluoroquinolone_antibiotic;_tetracycline_antibiotic	11	3114	3114	1.0000000
barcode23_1405Gb	contig_12470	3215	4004	aadA_aminoglycoside_antibiotic	61	789	789	1.0000000
barcode23_1405Gb	contig_12470	4061	4586	SAT-2_nucleoside_antibiotic	30	525	525	1.0000000
barcode23_1405Gb	contig_12470	4680	5154	dfrA1_diaminopyrimidine_antibiotic	29	474	474	1.0000000
barcode23_1405Gb	contig_12470	210893	212267	cpxA_aminoglycoside_antibiotic;_aminocoumarin_antibiotic	16	1374	1374	1.0000000
barcode23_1405Gb	contig_12470	283178	284363	Escherichia coli EF-Tu mutants conferring resistance to Pulvomycin_elfamycin_antibiotic	22	1185	1185	1.0000000
barcode23_1405Gb	contig_12470	383780	384104	Escherichia coli soxS with mutation conferring antibiotic resistance_fluoroquinolone_antibiotic;_monobactam;_carbapenem;_cephalosporin;_glycylcycline;_cephamycin;_penam;_tetracycline_antibiotic;_rifamycin_antibiotic;_phenicol_antibiotic;_penem;_disinfecting_agents_and_antiseptics	21	324	324	1.0000000
barcode23_1405Gb	contig_12470	384189	384654	Escherichia coli soxR with mutation conferring antibiotic resistance_fluoroquinolone_antibiotic;_cephalosporin;_glycylcycline;_penam;_tetracycline_antibiotic;_rifamycin_antibiotic;_phenicol_antibiotic;_disinfecting_agents_and_antiseptics	24	465	465	1.0000000
barcode23_1405Gb	contig_12470	406172	407639	mdtP_nucleoside_antibiotic;_disinfecting_agents_and_antiseptics	20	1467	1467	1.0000000
barcode23_1405Gb	contig_12470	407635	409687	mdtO_nucleoside_antibiotic;_disinfecting_agents_and_antiseptics	19	2052	2052	1.0000000
barcode23_1405Gb	contig_12470	409686	410718	mdtN_nucleoside_antibiotic;_disinfecting_agents_and_antiseptics	19	1032	1032	1.0000000
barcode23_1405Gb	contig_12470	435878	437522	eptA_peptide_antibiotic	21	1644	1644	1.0000000
barcode23_1405Gb	contig_12471	132928	133873	leuO_nucleoside_antibiotic;_disinfecting_agents_and_antiseptics	5	945	945	1.0000000
barcode23_1405Gb	contig_12471	139973	141740	Haemophilus influenzae PBP3 conferring resistance to beta-lactam antibiotics_cephalosporin;_cephamycin;_penam	12	1767	1767	1.0000000
barcode23_1405Gb	contig_12472	97402	98035	CRP_macrolide_antibiotic;_fluoroquinolone_antibiotic;_penam	22	633	633	1.0000000
barcode23_1405Gb	contig_12472	112834	114019	Escherichia coli EF-Tu mutants conferring resistance to Pulvomycin_elfamycin_antibiotic	20	1185	1185	1.0000000
barcode23_1405Gb	contig_12472	150963	154068	AcrF_fluoroquinolone_antibiotic;_cephalosporin;_cephamycin;_penam	12	3105	3105	1.0000000
barcode23_1405Gb	contig_12472	154079	155237	AcrE_fluoroquinolone_antibiotic;_cephalosporin;_cephamycin;_penam	19	1158	1158	1.0000000
barcode23_1405Gb	contig_12472	155635	156298	AcrS_fluoroquinolone_antibiotic;_cephalosporin;_glycylcycline;_cephamycin;_penam;_tetracycline_antibiotic;_rifamycin_antibiotic;_phenicol_antibiotic;_disinfecting_agents_and_antiseptics	14	663	663	1.0000000
barcode23_1405Gb	contig_12472	364074	364896	bacA_peptide_antibiotic	12	822	822	1.0000000
barcode23_1405Gb	contig_12472	388736	390225	TolC_macrolide_antibiotic;_fluoroquinolone_antibiotic;_aminoglycoside_antibiotic;_carbapenem;_cephalosporin;_glycylcycline;_cephamycin;_penam;_tetracycline_antibiotic;_peptide_antibiotic;_aminocoumarin_antibiotic;_rifamycin_antibiotic;_phenicol_antibiotic;_penem;_disinfecting_agents_and_antiseptics	18	1489	1489	1.0000000
barcode23_1405Gb	contig_12476	33806	34991	Escherichia coli EF-Tu mutants conferring resistance to Pulvomycin_elfamycin_antibiotic	25	1185	1185	1.0000000
barcode23_1405Gb	contig_12480	3181	4264	vanT gene in vanG cluster_glycopeptide_antibiotic	31	1083	1083	1.0000000
barcode23_1405Gb	contig_12552	5221	6040	vanY gene in vanB cluster_glycopeptide_antibiotic	18	819	819	1.0000000
barcode23_1405Gb	contig_12685	8076	9243	vanT gene in vanG cluster_glycopeptide_antibiotic	16	1167	1167	1.0000000
barcode23_1405Gb	contig_12685	24666	25833	vanT gene in vanG cluster_glycopeptide_antibiotic	12	1167	1167	1.0000000
barcode23_1405Gb	contig_12913	7026	8250	tet(40)_tetracycline_antibiotic	122	1224	1224	1.0000000
barcode23_1405Gb	contig_12953	6146	9245	adeF_fluoroquinolone_antibiotic;_tetracycline_antibiotic	13	3099	3099	1.0000000
barcode23_1405Gb	contig_12976	27891	30264	vanT gene in vanG cluster_glycopeptide_antibiotic	13	2373	2373	1.0000000
barcode23_1405Gb	contig_13001	48	786	ErmB_macrolide_antibiotic;_lincosamide_antibiotic;_streptogramin_antibiotic;_streptogramin_A_antibiotic;_streptogramin_B_antibiotic	160	738	738	1.0000000
barcode23_1405Gb	contig_13514	5002	6136	vanT gene in vanG cluster_glycopeptide_antibiotic	5	1134	1134	1.0000000
barcode23_1405Gb	contig_13574	5773	7282	vanW gene in vanI cluster_glycopeptide_antibiotic	12	1509	1509	1.0000000
barcode23_1405Gb	contig_13682	14476	15574	vanG_glycopeptide_antibiotic	11	1098	1098	1.0000000
barcode23_1405Gb	contig_13713	10102	10888	vanY gene in vanB cluster_glycopeptide_antibiotic	6	786	786	1.0000000
barcode23_1405Gb	contig_13730	71421	72531	vanG_glycopeptide_antibiotic	12	1110	1110	1.0000000
barcode23_1405Gb	contig_13730	325732	326941	vanT gene in vanG cluster_glycopeptide_antibiotic	9	1209	1209	1.0000000
barcode23_1405Gb	contig_13874	5263	6259	vanH gene in vanO cluster_glycopeptide_antibiotic	10	996	996	1.0000000
barcode23_1405Gb	contig_13879	22976	24452	vanW gene in vanI cluster_glycopeptide_antibiotic	21	1476	1476	1.0000000
barcode23_1405Gb	contig_13884	25281	25773	nimJ_nitroimidazole_antibiotic	19	492	492	1.0000000
barcode23_1405Gb	contig_13906	75950	76946	vanH gene in vanO cluster_glycopeptide_antibiotic	21	996	996	1.0000000
barcode23_1405Gb	contig_13908	14960	16142	vanT gene in vanG cluster_glycopeptide_antibiotic	11	1182	1182	1.0000000
barcode23_1405Gb	contig_13956	26600	29066	vanT gene in vanG cluster_glycopeptide_antibiotic	6	2466	2466	1.0000000
barcode23_1405Gb	contig_14117	703	1177	dfrA6_diaminopyrimidine_antibiotic	25	474	474	1.0000000
barcode23_1405Gb	contig_14117	1335	1992	QnrVC1_fluoroquinolone_antibiotic	40	657	657	1.0000000
barcode23_1405Gb	contig_14118	349	1177	OXA-2_carbapenem;_cephalosporin;_penam	33	828	828	1.0000000
barcode23_1405Gb	contig_14119	1482	2016	ANT(2'')-Ia_aminoglycoside_antibiotic	61	534	534	1.0000000
barcode23_1405Gb	contig_14153	18354	19182	vanY gene in vanF cluster_glycopeptide_antibiotic	6	828	828	1.0000000
barcode23_1405Gb	contig_14170	197264	198086	vanW gene in vanB cluster_glycopeptide_antibiotic	14	822	822	1.0000000
barcode23_1405Gb	contig_14256	9421	9916	lnuC_lincosamide_antibiotic	138	495	495	1.0000000
barcode23_1405Gb	contig_14374	147345	148479	vanT gene in vanG cluster_glycopeptide_antibiotic	22	1134	1134	1.0000000
barcode23_1405Gb	contig_14497	88990	89521	emrR_fluoroquinolone_antibiotic	23	531	531	1.0000000
barcode23_1405Gb	contig_14497	89647	90820	emrA_fluoroquinolone_antibiotic	13	1173	1173	1.0000000
barcode23_1405Gb	contig_14497	90836	92375	emrB_fluoroquinolone_antibiotic	8	1539	1539	1.0000000
barcode23_1405Gb	contig_14497	96906	97092	rsmA_fluoroquinolone_antibiotic;_diaminopyrimidine_antibiotic;_phenicol_antibiotic	17	186	186	1.0000000
barcode23_1405Gb	contig_14557	6717	7221	nimD_nitroimidazole_antibiotic	52	504	504	1.0000000
barcode23_1405Gb	contig_14636	61062	62238	vanT gene in vanG cluster_glycopeptide_antibiotic	13	1176	1176	1.0000000
barcode23_1405Gb	contig_14810	40321	42325	tet(Q)_tetracycline_antibiotic	22	2004	2004	1.0000000
barcode23_1405Gb	contig_14994	660	2580	tet(W)_tetracycline_antibiotic	118	1920	1920	1.0000000
barcode23_1405Gb	contig_14994	2661	3840	Erm(49)_macrolide_antibiotic;_lincosamide_antibiotic;_streptogramin_antibiotic	8	1179	1179	1.0000000
barcode23_1405Gb	contig_15046	22352	24104	vanW gene in vanI cluster_glycopeptide_antibiotic	11	1752	1752	1.0000000
barcode23_1405Gb	contig_15165	26531	27479	vanY gene in vanF cluster_glycopeptide_antibiotic	16	948	948	1.0000000
barcode23_1405Gb	contig_15189	9171	10263	vanG_glycopeptide_antibiotic	21	1092	1092	1.0000000
barcode23_1405Gb	contig_15223	12373	12748	ramA_fluoroquinolone_antibiotic;_monobactam;_carbapenem;_cephalosporin;_glycylcycline;_cephamycin;_penam;_tetracycline_antibiotic;_rifamycin_antibiotic;_phenicol_antibiotic;_penem;_disinfecting_agents_and_antiseptics	11	375	375	1.0000000
barcode23_1405Gb	contig_15223	89836	91030	Enterobacter cloacae acrA_fluoroquinolone_antibiotic;_cephalosporin;_glycylcycline;_penam;_tetracycline_antibiotic;_rifamycin_antibiotic;_phenicol_antibiotic;_disinfecting_agents_and_antiseptics	11	1194	1194	1.0000000
barcode23_1405Gb	contig_15295	12511	15139	Escherichia coli gyrA conferring resistance to fluoroquinolones_fluoroquinolone_antibiotic	10	2628	2628	1.0000000
barcode23_1405Gb	contig_15295	42701	43670	PmrF_peptide_antibiotic	9	969	969	1.0000000
barcode23_1405Gb	contig_15295	46538	48191	ArnT_peptide_antibiotic	7	1653	1653	1.0000000
barcode23_1405Gb	contig_15295	153123	154662	emrY_tetracycline_antibiotic	11	1539	1539	1.0000000
barcode23_1405Gb	contig_15295	154661	155717	emrK_tetracycline_antibiotic	10	1056	1056	1.0000000
barcode23_1405Gb	contig_15295	156240	156855	evgA_macrolide_antibiotic;_fluoroquinolone_antibiotic;_penam;_tetracycline_antibiotic	8	615	615	1.0000000
barcode23_1405Gb	contig_15295	156859	160453	evgS_macrolide_antibiotic;_fluoroquinolone_antibiotic;_penam;_tetracycline_antibiotic	8	3594	3594	1.0000000
barcode23_1405Gb	contig_15362	96591	97239	Escherichia coli AcrAB-TolC with AcrR mutation conferring resistance to ciprofloxacin, tetracycline, and ceftazidime_fluoroquinolone_antibiotic;_cephalosporin;_glycylcycline;_penam;_tetracycline_antibiotic;_rifamycin_antibiotic;_phenicol_antibiotic;_disinfecting_agents_and_antiseptics	19	648	648	1.0000000
barcode23_1405Gb	contig_15362	97380	98370	Shigella flexneri acrA_fluoroquinolone_antibiotic;_cephalosporin;_glycylcycline;_penam;_tetracycline_antibiotic;_rifamycin_antibiotic;_phenicol_antibiotic;_disinfecting_agents_and_antiseptics	17	990	990	1.0000000
barcode23_1405Gb	contig_15362	98597	101699	acrB_fluoroquinolone_antibiotic;_cephalosporin;_glycylcycline;_penam;_tetracycline_antibiotic;_rifamycin_antibiotic;_phenicol_antibiotic;_disinfecting_agents_and_antiseptics	18	3102	3102	1.0000000
barcode23_1405Gb	contig_15362	183154	184249	vanG_glycopeptide_antibiotic	6	1095	1095	1.0000000
barcode23_1405Gb	contig_15459	16872	17703	vanY gene in vanB cluster_glycopeptide_antibiotic	31	831	831	1.0000000
barcode23_1405Gb	contig_15495	11884	12868	PmrF_peptide_antibiotic	12	984	984	1.0000000
barcode23_1405Gb	contig_15495	15820	17476	ArnT_peptide_antibiotic	20	1656	1656	1.0000000
barcode23_1405Gb	contig_15537	122710	123697	vanH gene in vanD cluster_glycopeptide_antibiotic	6	987	987	1.0000000
barcode23_1405Gb	contig_15576	16742	17867	vanT gene in vanG cluster_glycopeptide_antibiotic	8	1125	1125	1.0000000
barcode23_1405Gb	contig_15709	36406	37231	vanW gene in vanB cluster_glycopeptide_antibiotic	16	825	825	1.0000000
barcode23_1405Gb	contig_15824	3536	4163	vanY gene in vanM cluster_glycopeptide_antibiotic	10	627	627	1.0000000
barcode23_1405Gb	contig_15853	30888	32361	vanW gene in vanI cluster_glycopeptide_antibiotic	17	1473	1473	1.0000000
barcode23_1405Gb	contig_15858	2237	2711	vanY gene in vanG cluster_glycopeptide_antibiotic	14	474	474	1.0000000
barcode23_1405Gb	contig_15879	24130	24931	ErmF_macrolide_antibiotic;_lincosamide_antibiotic;_streptogramin_antibiotic;_streptogramin_A_antibiotic;_streptogramin_B_antibiotic	263	801	801	1.0000000
barcode23_1405Gb	contig_16370	2866	4786	tet(W)_tetracycline_antibiotic	69	1920	1920	1.0000000
barcode23_1405Gb	contig_16536	14970	16515	vanW gene in vanI cluster_glycopeptide_antibiotic	11	1545	1545	1.0000000
barcode23_1405Gb	contig_16592	26901	28107	Mef(En2)_macrolide_antibiotic;_lincosamide_antibiotic	119	1206	1206	1.0000000
barcode23_1405Gb	contig_16597	6266	7472	Mef(En2)_macrolide_antibiotic;_lincosamide_antibiotic	122	1206	1206	1.0000000
barcode23_1405Gb	contig_16598	1432	2638	Mef(En2)_macrolide_antibiotic;_lincosamide_antibiotic	97	1206	1206	1.0000000
barcode23_1405Gb	contig_16826	32494	33301	vanY gene in vanB cluster_glycopeptide_antibiotic	10	807	807	1.0000000
barcode23_1405Gb	contig_17169	6827	7466	CRP_macrolide_antibiotic;_fluoroquinolone_antibiotic;_penam	6	639	639	1.0000000
barcode23_1405Gb	contig_17208	14994	15807	vanY gene in vanB cluster_glycopeptide_antibiotic	13	813	813	1.0000000
barcode23_1405Gb	contig_17660	19975	22453	vanT gene in vanG cluster_glycopeptide_antibiotic	11	2478	2478	1.0000000
barcode23_1405Gb	contig_17672	8709	9252	lnuC_lincosamide_antibiotic	60	543	543	1.0000000
barcode23_1405Gb	contig_17747	90153	92622	vanT gene in vanG cluster_glycopeptide_antibiotic	15	2469	2469	1.0000000
barcode23_1405Gb	contig_17820	2000	3185	Escherichia coli EF-Tu mutants conferring resistance to Pulvomycin_elfamycin_antibiotic	15	1185	1185	1.0000000
barcode23_1405Gb	contig_17886	82082	83168	vanY gene in vanB cluster_glycopeptide_antibiotic	26	1086	1086	1.0000000
barcode23_1405Gb	contig_17886	139838	140555	vanY gene in vanB cluster_glycopeptide_antibiotic	22	717	717	1.0000000
barcode23_1405Gb	contig_17891	14464	15649	Escherichia coli EF-Tu mutants conferring resistance to Pulvomycin_elfamycin_antibiotic	21	1185	1185	1.0000000
barcode23_1405Gb	contig_17930	7516	9037	vanW gene in vanI cluster_glycopeptide_antibiotic	3	1521	1521	1.0000000
barcode23_1405Gb	contig_18117	395012	395831	vanY gene in vanF cluster_glycopeptide_antibiotic	5	819	819	1.0000000
barcode23_1405Gb	contig_18117	395938	396553	vanW gene in vanB cluster_glycopeptide_antibiotic	7	615	615	1.0000000
barcode23_1405Gb	contig_18117	396673	397642	vanH gene in vanF cluster_glycopeptide_antibiotic	6	969	969	1.0000000
barcode23_1405Gb	contig_18117	397634	398669	vanA_glycopeptide_antibiotic	6	1035	1035	1.0000000
barcode23_1405Gb	contig_18117	398671	399280	vanX gene in vanB cluster_glycopeptide_antibiotic	8	609	609	1.0000000
barcode23_1405Gb	contig_18137	111498	113205	patA_fluoroquinolone_antibiotic	12	1707	1707	1.0000000
barcode23_1405Gb	contig_18137	113205	114990	patB_fluoroquinolone_antibiotic	9	1785	1785	1.0000000
barcode23_1405Gb	contig_18150	108398	108722	qacG_disinfecting_agents_and_antiseptics	7	324	324	1.0000000
barcode23_1405Gb	contig_18264	29392	30553	vanW gene in vanI cluster_glycopeptide_antibiotic	6	1161	1161	1.0000000
barcode23_1405Gb	contig_18472	2573	3644	vanG_glycopeptide_antibiotic	10	1071	1071	1.0000000
barcode23_1405Gb	contig_18656	30423	30858	Escherichia coli AcrAB-TolC with MarR mutations conferring resistance to ciprofloxacin and tetracycline_fluoroquinolone_antibiotic;_cephalosporin;_glycylcycline;_penam;_tetracycline_antibiotic;_rifamycin_antibiotic;_phenicol_antibiotic;_disinfecting_agents_and_antiseptics	13	435	435	1.0000000
barcode23_1405Gb	contig_18656	30877	31258	marA_fluoroquinolone_antibiotic;_monobactam;_carbapenem;_cephalosporin;_glycylcycline;_cephamycin;_penam;_tetracycline_antibiotic;_rifamycin_antibiotic;_phenicol_antibiotic;_penem;_disinfecting_agents_and_antiseptics	10	381	381	1.0000000
barcode23_1405Gb	contig_18812	53584	54730	vanT gene in vanG cluster_glycopeptide_antibiotic	51	1146	1146	1.0000000
barcode23_1405Gb	contig_19072	9563	10748	vanT gene in vanG cluster_glycopeptide_antibiotic	6	1185	1185	1.0000000
barcode23_1405Gb	contig_19107	8884	9508	catS_phenicol_antibiotic	29	624	624	1.0000000
barcode23_1405Gb	contig_19186	33379	34585	Mef(En2)_macrolide_antibiotic;_lincosamide_antibiotic	120	1206	1206	1.0000000
barcode23_1405Gb	contig_19252	20795	22028	Escherichia coli mdfA_tetracycline_antibiotic;_disinfecting_agents_and_antiseptics	15	1233	1233	1.0000000
barcode23_1405Gb	contig_19257	9127	9916	aadA_aminoglycoside_antibiotic	60	789	789	1.0000000
barcode23_1405Gb	contig_19257	9973	10498	SAT-2_nucleoside_antibiotic	24	525	525	1.0000000
barcode23_1405Gb	contig_19352	25734	27870	vanW gene in vanI cluster_glycopeptide_antibiotic	4	2136	2136	1.0000000
barcode23_1405Gb	contig_19385	171	672	nimJ_nitroimidazole_antibiotic	39	501	501	1.0000000
barcode23_1405Gb	contig_19389	158	518	FosXCC_phosphonic_acid_antibiotic	45	360	360	1.0000000
barcode23_1405Gb	contig_19411	3706	4549	vanY gene in vanB cluster_glycopeptide_antibiotic	2	843	843	1.0000000
barcode23_1405Gb	contig_19579	15628	16795	vanT gene in vanG cluster_glycopeptide_antibiotic	8	1167	1167	1.0000000
barcode23_1405Gb	contig_19854	570	1305	ErmG_macrolide_antibiotic;_lincosamide_antibiotic;_streptogramin_antibiotic;_streptogramin_A_antibiotic;_streptogramin_B_antibiotic	25	735	735	1.0000000
barcode23_1405Gb	contig_19970	44367	45105	ErmB_macrolide_antibiotic;_lincosamide_antibiotic;_streptogramin_antibiotic;_streptogramin_A_antibiotic;_streptogramin_B_antibiotic	208	738	738	1.0000000
barcode23_1405Gb	contig_19998	13274	14474	vanT gene in vanG cluster_glycopeptide_antibiotic	27	1200	1200	1.0000000
barcode23_1405Gb	contig_20067	7490	7856	qacG_disinfecting_agents_and_antiseptics	48	366	366	1.0000000
barcode23_1405Gb	contig_20068	7220	7565	qacG_disinfecting_agents_and_antiseptics	141	345	345	1.0000000
barcode23_1405Gb	contig_20429	21065	21389	qacG_disinfecting_agents_and_antiseptics	5	324	324	1.0000000
barcode23_1405Gb	contig_20469	24182	25085	vanY gene in vanB cluster_glycopeptide_antibiotic	8	903	903	1.0000000
barcode23_1405Gb	contig_20538	0	1245	tet(W)_tetracycline_antibiotic	7	1245	1245	1.0000000
barcode23_1405Gb	contig_20748	27909	30375	vanT gene in vanG cluster_glycopeptide_antibiotic	6	2466	2466	1.0000000
barcode23_1405Gb	contig_20749	17724	20190	vanT gene in vanG cluster_glycopeptide_antibiotic	24	2466	2466	1.0000000
barcode23_1405Gb	contig_20763	6508	7549	vanG_glycopeptide_antibiotic	26	1041	1041	1.0000000
barcode23_1405Gb	contig_20763	7545	8298	vanXY gene in vanG cluster_glycopeptide_antibiotic	23	753	753	1.0000000
barcode23_1405Gb	contig_20763	8284	10366	vanT gene in vanG cluster_glycopeptide_antibiotic	14	2082	2082	1.0000000
barcode23_1405Gb	contig_20840	2708	5531	vanW gene in vanI cluster_glycopeptide_antibiotic	5	2823	2823	1.0000000
barcode23_1405Gb	contig_20959	1054	1378	qacG_disinfecting_agents_and_antiseptics	5	324	324	1.0000000
barcode23_1405Gb	contig_21183	10894	12154	EreB_macrolide_antibiotic	27	1260	1260	1.0000000
barcode23_1405Gb	contig_21359	11020	11455	Escherichia coli AcrAB-TolC with MarR mutations conferring resistance to ciprofloxacin and tetracycline_fluoroquinolone_antibiotic;_cephalosporin;_glycylcycline;_penam;_tetracycline_antibiotic;_rifamycin_antibiotic;_phenicol_antibiotic;_disinfecting_agents_and_antiseptics	13	435	435	1.0000000
barcode23_1405Gb	contig_21359	11474	11858	marA_fluoroquinolone_antibiotic;_monobactam;_carbapenem;_cephalosporin;_glycylcycline;_cephamycin;_penam;_tetracycline_antibiotic;_rifamycin_antibiotic;_phenicol_antibiotic;_penem;_disinfecting_agents_and_antiseptics	11	384	384	1.0000000
barcode23_1405Gb	contig_21536	17158	18838	vanW gene in vanI cluster_glycopeptide_antibiotic	4	1680	1680	1.0000000
barcode23_1405Gb	contig_21608	56158	57145	vanH gene in vanP cluster_glycopeptide_antibiotic	5	987	987	1.0000000
barcode23_1405Gb	contig_21850	30261	31329	vanG_glycopeptide_antibiotic	3	1068	1068	1.0000000
barcode23_1405Gb	contig_22203	1468	2653	Escherichia coli EF-Tu mutants conferring resistance to Pulvomycin_elfamycin_antibiotic	7	1185	1185	1.0000000
barcode23_1405Gb	contig_22203	19753	20938	Escherichia coli EF-Tu mutants conferring resistance to Pulvomycin_elfamycin_antibiotic	10	1185	1185	1.0000000
barcode23_1405Gb	contig_2248	42	843	ErmF_macrolide_antibiotic;_lincosamide_antibiotic;_streptogramin_antibiotic;_streptogramin_A_antibiotic;_streptogramin_B_antibiotic	323	801	801	1.0000000
barcode23_1405Gb	contig_2248	2085	2949	aadS_aminoglycoside_antibiotic	225	864	864	1.0000000
barcode23_1405Gb	contig_22732	62203	62533	vanY gene in vanM cluster_glycopeptide_antibiotic	5	330	330	1.0000000
barcode23_1405Gb	contig_22826	7473	10596	adeF_fluoroquinolone_antibiotic;_tetracycline_antibiotic	8	3123	3123	1.0000000
barcode23_1405Gb	contig_2292	46051	46912	AAC(3)-IId_aminoglycoside_antibiotic	10	861	861	1.0000000
barcode23_1405Gb	contig_2292	54572	55416	OXA-58_carbapenem;_penam	61	844	844	1.0000000
barcode23_1405Gb	contig_2292	65254	66067	NDM-1_carbapenem;_cephalosporin;_cephamycin;_penam	96	813	813	1.0000000
barcode23_1405Gb	contig_2295	1412	2255	OXA-58_carbapenem;_penam	40	843	843	1.0000000
barcode23_1405Gb	contig_23028	37826	39650	vanW gene in vanI cluster_glycopeptide_antibiotic	18	1824	1824	1.0000000
barcode23_1405Gb	contig_23356	5820	6558	vanY gene in vanG cluster_glycopeptide_antibiotic	2	738	738	1.0000000
barcode23_1405Gb	contig_23380	5981	7175	vanT gene in vanG cluster_glycopeptide_antibiotic	7	1194	1194	1.0000000
barcode23_1405Gb	contig_23419	28942	29509	vanY gene in vanB cluster_glycopeptide_antibiotic	5	567	567	1.0000000
barcode23_1405Gb	contig_23462	127679	128012	qacG_disinfecting_agents_and_antiseptics	66	333	333	1.0000000
barcode23_1405Gb	contig_23490	271	1921	vanW gene in vanI cluster_glycopeptide_antibiotic	9	1650	1650	1.0000000
barcode23_1405Gb	contig_23669	67872	68700	OXA-2_carbapenem;_cephalosporin;_penam	68	828	828	1.0000000
barcode23_1405Gb	contig_23669	68829	69162	qacJ_disinfecting_agents_and_antiseptics	52	333	333	1.0000000
barcode23_1405Gb	contig_23669	69343	70021	IMP-16_carbapenem;_cephalosporin;_cephamycin;_penam;_penem	34	678	678	1.0000000
barcode23_1405Gb	contig_23700	16410	17115	vanY gene in vanB cluster_glycopeptide_antibiotic	5	705	705	1.0000000
barcode23_1405Gb	contig_23730	2772	5487	tet(36)_tetracycline_antibiotic	8	2715	2715	1.0000000
barcode23_1405Gb	contig_23784	8388	10038	poxtA_tetracycline_antibiotic;_oxazolidinone_antibiotic;_phenicol_antibiotic	4	1650	1650	1.0000000
barcode23_1405Gb	contig_24338	3523	5527	tet(Q)_tetracycline_antibiotic	14	2004	2004	1.0000000
barcode23_1405Gb	contig_24339	3518	5522	tet(Q)_tetracycline_antibiotic	19	2004	2004	1.0000000
barcode23_1405Gb	contig_24340	5910	7914	tet(Q)_tetracycline_antibiotic	10	2004	2004	1.0000000
barcode23_1405Gb	contig_24396	20813	21986	vanY gene in vanB cluster_glycopeptide_antibiotic	9	1173	1173	1.0000000
barcode23_1405Gb	contig_24545	81597	83895	vanT gene in vanG cluster_glycopeptide_antibiotic	3	2298	2298	1.0000000
barcode23_1405Gb	contig_24591	1779	4257	vanT gene in vanG cluster_glycopeptide_antibiotic	20	2478	2478	1.0000000
barcode23_1405Gb	contig_24922	8265	8763	tet(Q)_tetracycline_antibiotic	219	498	498	1.0000000
barcode23_1405Gb	contig_25512	3029	5813	tet(Q)_tetracycline_antibiotic	12	2784	2784	1.0000000
barcode23_1405Gb	contig_25655	10516	10852	qacG_disinfecting_agents_and_antiseptics	8	336	336	1.0000000
barcode23_1405Gb	contig_25669	6297	8667	vanT gene in vanG cluster_glycopeptide_antibiotic	12	2370	2370	1.0000000
barcode23_1405Gb	contig_25754	16612	19084	vanT gene in vanG cluster_glycopeptide_antibiotic	6	2472	2472	1.0000000
barcode23_1405Gb	contig_25799	543	1320	aadA_aminoglycoside_antibiotic	47	777	777	1.0000000
barcode23_1405Gb	contig_25828	13179	14235	vanG_glycopeptide_antibiotic	9	1056	1056	1.0000000
barcode23_1405Gb	contig_25828	14228	15380	vanT gene in vanE cluster_glycopeptide_antibiotic	6	1152	1152	1.0000000
barcode23_1405Gb	contig_26003	4198	5179	vanH gene in vanO cluster_glycopeptide_antibiotic	13	981	981	1.0000000
barcode23_1405Gb	contig_26067	122179	125743	Bifidobacterium adolescentis rpoB mutants conferring resistance to rifampicin_rifamycin_antibiotic	7	3564	3564	1.0000000
barcode23_1405Gb	contig_26196	1244	2426	vanT gene in vanG cluster_glycopeptide_antibiotic	6	1182	1182	1.0000000
barcode23_1405Gb	contig_26275	19239	19716	nimJ_nitroimidazole_antibiotic	6	477	477	1.0000000
barcode23_1405Gb	contig_26369	2505	4134	vanW gene in vanI cluster_glycopeptide_antibiotic	3	1629	1629	1.0000000
barcode23_1405Gb	contig_26426	17873	19622	msbA_nitroimidazole_antibiotic	7	1749	1749	1.0000000
barcode23_1405Gb	contig_26640	644	1820	vanT gene in vanG cluster_glycopeptide_antibiotic	3	1176	1176	1.0000000
barcode23_1405Gb	contig_26921	13029	13953	vanY gene in vanG cluster_glycopeptide_antibiotic	5	924	924	1.0000000
barcode23_1405Gb	contig_26925	25919	27350	vanW gene in vanI cluster_glycopeptide_antibiotic	6	1431	1431	1.0000000
barcode23_1405Gb	contig_27515	0	297	vanY gene in vanB cluster_glycopeptide_antibiotic	3	297	297	1.0000000
barcode23_1405Gb	contig_27889	8536	8827	vanY gene in vanB cluster_glycopeptide_antibiotic	2	291	291	1.0000000
barcode23_1405Gb	contig_27936	11299	12307	vanH gene in vanO cluster_glycopeptide_antibiotic	3	1008	1008	1.0000000
barcode23_1405Gb	contig_27968	2772	2946	vanY gene in vanG cluster_glycopeptide_antibiotic	4	174	174	1.0000000
barcode23_1405Gb	contig_27969	3667	3982	vanY gene in vanG cluster_glycopeptide_antibiotic	6	315	315	1.0000000
barcode23_1405Gb	contig_28091	4174	4507	Escherichia coli emrE_macrolide_antibiotic	14	333	333	1.0000000
barcode23_1405Gb	contig_28391	8496	9663	vanT gene in vanG cluster_glycopeptide_antibiotic	4	1167	1167	1.0000000
barcode23_1405Gb	contig_28790	91506	92604	vanG_glycopeptide_antibiotic	22	1098	1098	1.0000000
barcode23_1405Gb	contig_28890	58331	59129	vanY gene in vanM cluster_glycopeptide_antibiotic	3	798	798	1.0000000
barcode23_1405Gb	contig_28921	6168	7407	mef(H)_macrolide_antibiotic	3	1239	1239	1.0000000
barcode23_1405Gb	contig_29028	8165	11273	adeF_fluoroquinolone_antibiotic;_tetracycline_antibiotic	5	3108	3108	1.0000000
barcode23_1405Gb	contig_29090	25438	27211	vanT gene in vanG cluster_glycopeptide_antibiotic	6	1773	1773	1.0000000
barcode23_1405Gb	contig_29097	12539	13385	aadA11_aminoglycoside_antibiotic	24	846	846	1.0000000
barcode23_1405Gb	contig_29289	29640	30234	vanY gene in vanB cluster_glycopeptide_antibiotic	12	594	594	1.0000000
barcode23_1405Gb	contig_29463	8257	10750	vanT gene in vanG cluster_glycopeptide_antibiotic	8	2493	2493	1.0000000
barcode23_1405Gb	contig_29646	4431	5310	vanW gene in vanI cluster_glycopeptide_antibiotic	5	879	879	1.0000000
barcode23_1405Gb	contig_29740	26224	27394	vanT gene in vanG cluster_glycopeptide_antibiotic	15	1170	1170	1.0000000
barcode23_1405Gb	contig_29903	92171	93920	msbA_nitroimidazole_antibiotic	11	1749	1749	1.0000000
barcode23_1405Gb	contig_29989	2294	2639	qacG_disinfecting_agents_and_antiseptics	30	345	345	1.0000000
barcode23_1405Gb	contig_30092	9059	10064	vanH gene in vanO cluster_glycopeptide_antibiotic	4	1005	1005	1.0000000
barcode23_1405Gb	contig_30155	812	2045	Escherichia coli mdfA_tetracycline_antibiotic;_disinfecting_agents_and_antiseptics	21	1233	1233	1.0000000
barcode23_1405Gb	contig_30379	13441	15835	vanT gene in vanG cluster_glycopeptide_antibiotic	7	2394	2394	1.0000000
barcode23_1405Gb	contig_30498	447	3024	tet(36)_tetracycline_antibiotic	2	2577	2577	1.0000000
barcode23_1405Gb	contig_30631	15242	16190	leuO_nucleoside_antibiotic;_disinfecting_agents_and_antiseptics	4	948	948	1.0000000
barcode23_1405Gb	contig_30751	131010	132777	Haemophilus influenzae PBP3 conferring resistance to beta-lactam antibiotics_cephalosporin;_cephamycin;_penam	11	1767	1767	1.0000000
barcode23_1405Gb	contig_30908	114404	116072	vanY gene in vanF cluster_glycopeptide_antibiotic	4	1668	1668	1.0000000
barcode23_1405Gb	contig_30941	1	745	tet(W)_tetracycline_antibiotic	30	744	744	1.0000000
barcode23_1405Gb	contig_31009	6793	7855	vanG_glycopeptide_antibiotic	8	1062	1062	1.0000000
barcode23_1405Gb	contig_31085	2791	3124	qacJ_disinfecting_agents_and_antiseptics	19	333	333	1.0000000
barcode23_1405Gb	contig_31091	3446	4442	vanH gene in vanO cluster_glycopeptide_antibiotic	31	996	996	1.0000000
barcode23_1405Gb	contig_31136	2	1682	vanT gene in vanG cluster_glycopeptide_antibiotic	4	1680	1680	1.0000000
barcode23_1405Gb	contig_31706	2461	2968	nimK_nitroimidazole_antibiotic	5	507	507	1.0000000
barcode23_1405Gb	contig_32047	7	541	ANT(2'')-Ia_aminoglycoside_antibiotic	53	534	534	1.0000000
barcode23_1405Gb	contig_32065	8502	9375	vanY gene in vanB cluster_glycopeptide_antibiotic	16	873	873	1.0000000
barcode23_1405Gb	contig_32245	95083	95878	vanY gene in vanB cluster_glycopeptide_antibiotic	9	795	795	1.0000000
barcode23_1405Gb	contig_32325	12889	13186	vanY gene in vanM cluster_glycopeptide_antibiotic	20	297	297	1.0000000
barcode23_1405Gb	contig_32478	5525	6509	vanH gene in vanO cluster_glycopeptide_antibiotic	4	984	984	1.0000000
barcode23_1405Gb	contig_32839	3208	3997	aadA_aminoglycoside_antibiotic	59	789	789	1.0000000
barcode23_1405Gb	contig_32839	4054	4579	SAT-2_nucleoside_antibiotic	26	525	525	1.0000000
barcode23_1405Gb	contig_32839	65654	67046	Escherichia coli UhpT with mutation conferring resistance to fosfomycin_phosphonic_acid_antibiotic	13	1392	1392	1.0000000
barcode23_1405Gb	contig_32940	6390	7389	vanW gene in vanI cluster_glycopeptide_antibiotic	5	999	999	1.0000000
barcode23_1405Gb	contig_33133	1911	3063	MOX-13_cephalosporin;_cephamycin;_penam	6	1152	1152	1.0000000
barcode23_1405Gb	contig_33174	1955	5057	adeF_fluoroquinolone_antibiotic;_tetracycline_antibiotic	6	3102	3102	1.0000000
barcode23_1405Gb	contig_33286	9809	10520	vanY gene in vanB cluster_glycopeptide_antibiotic	4	711	711	1.0000000
barcode23_1405Gb	contig_33320	884	3362	vanT gene in vanG cluster_glycopeptide_antibiotic	6	2478	2478	1.0000000
barcode23_1405Gb	contig_33681	1719	2883	vanT gene in vanG cluster_glycopeptide_antibiotic	5	1164	1164	1.0000000
barcode23_1405Gb	contig_34528	2573	3434	TEM-1_monobactam;_cephalosporin;_penam;_penem	44	861	861	1.0000000
barcode23_1405Gb	contig_34932	3197	3767	vanY gene in vanB cluster_glycopeptide_antibiotic	5	570	570	1.0000000
barcode23_1405Gb	contig_35034	38	695	QnrVC1_fluoroquinolone_antibiotic	41	657	657	1.0000000
barcode23_1405Gb	contig_35034	1525	1999	dfrA6_diaminopyrimidine_antibiotic	26	474	474	1.0000000
barcode23_1405Gb	contig_35111	644	1652	vanH gene in vanB cluster_glycopeptide_antibiotic	4	1008	1008	1.0000000
barcode23_1405Gb	contig_35155	6712	7771	vanT gene in vanG cluster_glycopeptide_antibiotic	2	1059	1059	1.0000000
barcode23_1405Gb	contig_35213	1954	2848	vanY gene in vanG cluster_glycopeptide_antibiotic	4	894	894	1.0000000
barcode23_1405Gb	contig_35228	860	2060	vanT gene in vanG cluster_glycopeptide_antibiotic	10	1200	1200	1.0000000
barcode23_1405Gb	contig_35521	73373	74540	vanT gene in vanG cluster_glycopeptide_antibiotic	29	1167	1167	1.0000000
barcode23_1405Gb	contig_3597	2584	3412	OXA-253_carbapenem;_penam	58	828	828	1.0000000
barcode23_1405Gb	contig_36173	15853	17404	vanW gene in vanI cluster_glycopeptide_antibiotic	4	1551	1551	1.0000000
barcode23_1405Gb	contig_36792	2999	3497	nimI_nitroimidazole_antibiotic	7	498	498	1.0000000
barcode23_1405Gb	contig_36793	63513	64638	vanT gene in vanG cluster_glycopeptide_antibiotic	11	1125	1125	1.0000000
barcode23_1405Gb	contig_37128	13717	14599	vanT gene in vanG cluster_glycopeptide_antibiotic	6	882	882	1.0000000
barcode23_1405Gb	contig_37391	15277	16132	ErmX_macrolide_antibiotic;_lincosamide_antibiotic;_streptogramin_antibiotic;_streptogramin_A_antibiotic;_streptogramin_B_antibiotic	29	855	855	1.0000000
barcode23_1405Gb	contig_37457	3528	4209	vanW gene in vanI cluster_glycopeptide_antibiotic	5	681	681	1.0000000
barcode23_1405Gb	contig_37476	3471	4632	vanT gene in vanG cluster_glycopeptide_antibiotic	5	1161	1161	1.0000000
barcode23_1405Gb	contig_37609	7517	7916	FosA8_phosphonic_acid_antibiotic	5	399	399	1.0000000
barcode23_1405Gb	contig_37635	565	1732	vanT gene in vanG cluster_glycopeptide_antibiotic	3	1167	1167	1.0000000
barcode23_1405Gb	contig_37817	4015	5344	vanY gene in vanB cluster_glycopeptide_antibiotic	8	1329	1329	1.0000000
barcode23_1405Gb	contig_37864	4521	5010	vanW gene in vanI cluster_glycopeptide_antibiotic	7	489	489	1.0000000
barcode23_1405Gb	contig_37864	4963	6091	vanW gene in vanI cluster_glycopeptide_antibiotic	5	1128	1128	1.0000000
barcode23_1405Gb	contig_37983	11103	11832	vanY gene in vanG cluster_glycopeptide_antibiotic	4	729	729	1.0000000
barcode23_1405Gb	contig_38269	13320	14514	vanT gene in vanG cluster_glycopeptide_antibiotic	4	1194	1194	1.0000000
barcode23_1405Gb	contig_38282	3516	4497	vanH gene in vanO cluster_glycopeptide_antibiotic	4	981	981	1.0000000
barcode23_1405Gb	contig_38351	69518	70910	vanW gene in vanI cluster_glycopeptide_antibiotic	13	1392	1392	1.0000000
barcode23_1405Gb	contig_38391	43763	45563	vanW gene in vanI cluster_glycopeptide_antibiotic	13	1800	1800	1.0000000
barcode23_1405Gb	contig_38568	195138	196308	vanT gene in vanG cluster_glycopeptide_antibiotic	9	1170	1170	1.0000000
barcode23_1405Gb	contig_39168	1482	2931	vanW gene in vanI cluster_glycopeptide_antibiotic	4	1449	1449	1.0000000
barcode23_1405Gb	contig_39192	4110	4905	APH(3')-IIIa_aminoglycoside_antibiotic	42	795	795	1.0000000
barcode23_1405Gb	contig_39218	2113	3283	vanT gene in vanG cluster_glycopeptide_antibiotic	3	1170	1170	1.0000000
barcode23_1405Gb	contig_39239	18583	19906	tet(36)_tetracycline_antibiotic	5	1323	1323	1.0000000
barcode23_1405Gb	contig_39340	918	2118	tet(A)_tetracycline_antibiotic	7	1200	1200	1.0000000
barcode23_1405Gb	contig_39615	1	553	vanW gene in vanI cluster_glycopeptide_antibiotic	5	552	552	1.0000000
barcode23_1405Gb	contig_40058	10923	11478	vanY gene in vanF cluster_glycopeptide_antibiotic	5	555	555	1.0000000
barcode23_1405Gb	contig_40228	25193	26363	vanY gene in vanB cluster_glycopeptide_antibiotic	5	1170	1170	1.0000000
barcode23_1405Gb	contig_40368	924	2040	tet(W/N/W)_tetracycline_antibiotic	8	1116	1116	1.0000000
barcode23_1405Gb	contig_40368	2047	2845	tet(W/N/W)_tetracycline_antibiotic	28	798	798	1.0000000
barcode23_1405Gb	contig_40396	15856	17224	Haemophilus influenzae PBP3 conferring resistance to beta-lactam antibiotics_cephalosporin;_cephamycin;_penam	10	1368	1368	1.0000000
barcode23_1405Gb	contig_40747	28003	30595	adeF_fluoroquinolone_antibiotic;_tetracycline_antibiotic	10	2592	2592	1.0000000
barcode23_1405Gb	contig_40754	5132	7814	tet(Q)_tetracycline_antibiotic	3	2682	2682	1.0000000
barcode23_1405Gb	contig_41190	7769	8333	vanY gene in vanM cluster_glycopeptide_antibiotic	10	564	564	1.0000000
barcode23_1405Gb	contig_41199	787	1240	fosA5_fluoroquinolone_antibiotic;_aminoglycoside_antibiotic;_phosphonic_acid_antibiotic	5	453	453	1.0000000
barcode23_1405Gb	contig_41529	1513	2299	aadA13_aminoglycoside_antibiotic	7	786	786	1.0000000
barcode23_1405Gb	contig_41540	1	1744	vanW gene in vanI cluster_glycopeptide_antibiotic	5	1743	1743	1.0000000
barcode23_1405Gb	contig_41625	967	1852	vanY gene in vanB cluster_glycopeptide_antibiotic	3	885	885	1.0000000
barcode23_1405Gb	contig_41744	2039	2645	Campylobacter coli chloramphenicol acetyltransferase_phenicol_antibiotic	17	606	606	1.0000000
barcode23_1405Gb	contig_41972	557	1361	lnuB_lincosamide_antibiotic	8	804	804	1.0000000
barcode23_1405Gb	contig_42	63046	64087	vanY gene in vanM cluster_glycopeptide_antibiotic	14	1041	1041	1.0000000
barcode23_1405Gb	contig_42101	3183	4050	vanY gene in vanG cluster_glycopeptide_antibiotic	6	867	867	1.0000000
barcode23_1405Gb	contig_42206	4808	5219	vanY gene in vanB cluster_glycopeptide_antibiotic	5	411	411	1.0000000
barcode23_1405Gb	contig_42206	5178	5490	vanY gene in vanB cluster_glycopeptide_antibiotic	3	312	312	1.0000000
barcode23_1405Gb	contig_42279	2032	3226	vanT gene in vanG cluster_glycopeptide_antibiotic	7	1194	1194	1.0000000
barcode23_1405Gb	contig_42297	11444	12431	vanH gene in vanB cluster_glycopeptide_antibiotic	7	987	987	1.0000000
barcode23_1405Gb	contig_42302	2634	5013	vanW gene in vanI cluster_glycopeptide_antibiotic	7	2379	2379	1.0000000
barcode23_1405Gb	contig_42311	26030	27203	vanT gene in vanG cluster_glycopeptide_antibiotic	16	1173	1173	1.0000000
barcode23_1405Gb	contig_42311	41727	43461	vanW gene in vanI cluster_glycopeptide_antibiotic	13	1734	1734	1.0000000
barcode23_1405Gb	contig_42355	5123	6071	vanY gene in vanB cluster_glycopeptide_antibiotic	5	948	948	1.0000000
barcode23_1405Gb	contig_42407	19198	20068	vanY gene in vanB cluster_glycopeptide_antibiotic	8	870	870	1.0000000
barcode23_1405Gb	contig_42732	10596	11271	vanW gene in vanI cluster_glycopeptide_antibiotic	7	675	675	1.0000000
barcode23_1405Gb	contig_42756	5083	8188	adeF_fluoroquinolone_antibiotic;_tetracycline_antibiotic	8	3105	3105	1.0000000
barcode23_1405Gb	contig_42829	5596	6643	vanG_glycopeptide_antibiotic	5	1047	1047	1.0000000
barcode23_1405Gb	contig_42829	6639	7323	vanXY gene in vanG cluster_glycopeptide_antibiotic	5	684	684	1.0000000
barcode23_1405Gb	contig_42829	7385	9098	vanT gene in vanG cluster_glycopeptide_antibiotic	4	1713	1713	1.0000000
barcode23_1405Gb	contig_42839	24299	24923	vanW gene in vanI cluster_glycopeptide_antibiotic	5	624	624	1.0000000
barcode23_1405Gb	contig_42885	3900	4206	Klebsiella pneumoniae KpnE_macrolide_antibiotic;_aminoglycoside_antibiotic;_cephalosporin;_tetracycline_antibiotic;_peptide_antibiotic;_rifamycin_antibiotic;_disinfecting_agents_and_antiseptics	7	306	306	1.0000000
barcode23_1405Gb	contig_42921	20703	23850	adeF_fluoroquinolone_antibiotic;_tetracycline_antibiotic	4	3147	3147	1.0000000
barcode23_1405Gb	contig_42988	39403	40582	vanT gene in vanG cluster_glycopeptide_antibiotic	8	1179	1179	1.0000000
barcode23_1405Gb	contig_43123	1194	1527	qacG_disinfecting_agents_and_antiseptics	10	333	333	1.0000000
barcode23_1405Gb	contig_43258	5777	7697	poxtA_tetracycline_antibiotic;_oxazolidinone_antibiotic;_phenicol_antibiotic	5	1920	1920	1.0000000
barcode23_1405Gb	contig_43300	6937	7733	APH(3')-IIIa_aminoglycoside_antibiotic	36	796	796	1.0000000
barcode23_1405Gb	contig_43378	1036	2227	tet(C)_tetracycline_antibiotic	11	1191	1191	1.0000000
barcode23_1405Gb	contig_43398	22926	23751	OXA-651_carbapenem;_penam	616	825	825	1.0000000
barcode23_1405Gb	contig_43471	1583	2771	vanT gene in vanG cluster_glycopeptide_antibiotic	19	1188	1188	1.0000000
barcode23_1405Gb	contig_43597	17511	18297	vanY gene in vanB cluster_glycopeptide_antibiotic	22	786	786	1.0000000
barcode23_1405Gb	contig_43702	2558	3191	CRP_macrolide_antibiotic;_fluoroquinolone_antibiotic;_penam	25	633	633	1.0000000
barcode23_1405Gb	contig_43702	26452	27637	Escherichia coli EF-Tu mutants conferring resistance to Pulvomycin_elfamycin_antibiotic	23	1185	1185	1.0000000
barcode23_1405Gb	contig_43870	24665	25652	vanH gene in vanO cluster_glycopeptide_antibiotic	17	987	987	1.0000000
barcode23_1405Gb	contig_43887	125	746	AAC(6')-Ib9_aminoglycoside_antibiotic	44	621	621	1.0000000
barcode23_1405Gb	contig_43887	914	1262	qacEdelta1_disinfecting_agents_and_antiseptics	105	348	348	1.0000000
barcode23_1405Gb	contig_43920	3341	4505	vanT gene in vanG cluster_glycopeptide_antibiotic	8	1164	1164	1.0000000
barcode23_1405Gb	contig_43978	8531	10649	vanT gene in vanG cluster_glycopeptide_antibiotic	4	2118	2118	1.0000000
barcode23_1405Gb	contig_43978	10641	11376	vanXY gene in vanG cluster_glycopeptide_antibiotic	8	735	735	1.0000000
barcode23_1405Gb	contig_43978	11372	12410	vanG_glycopeptide_antibiotic	5	1038	1038	1.0000000
barcode23_1405Gb	contig_43978	12415	13234	vanW gene in vanG cluster_glycopeptide_antibiotic	4	819	819	1.0000000
barcode23_1405Gb	contig_44003	10036	11128	vanG_glycopeptide_antibiotic	19	1092	1092	1.0000000
barcode23_1405Gb	contig_44034	5394	6246	vanY gene in vanB cluster_glycopeptide_antibiotic	16	852	852	1.0000000
barcode23_1405Gb	contig_44117	21964	22522	vanY gene in vanB cluster_glycopeptide_antibiotic	16	558	558	1.0000000
barcode23_1405Gb	contig_44171	30175	32641	vanT gene in vanG cluster_glycopeptide_antibiotic	6	2466	2466	1.0000000
barcode23_1405Gb	contig_44283	35648	36749	vanG_glycopeptide_antibiotic	18	1101	1101	1.0000000
barcode23_1405Gb	contig_44300	30587	31118	vanW gene in vanI cluster_glycopeptide_antibiotic	8	531	531	1.0000000
barcode23_1405Gb	contig_44331	80410	80734	qacJ_disinfecting_agents_and_antiseptics	4	324	324	1.0000000
barcode23_1405Gb	contig_44331	96991	98185	vanT gene in vanG cluster_glycopeptide_antibiotic	4	1194	1194	1.0000000
barcode23_1405Gb	contig_44376	6433	7246	vanY gene in vanB cluster_glycopeptide_antibiotic	8	813	813	1.0000000
barcode23_1405Gb	contig_44379	62439	64122	vanW gene in vanI cluster_glycopeptide_antibiotic	10	1683	1683	1.0000000
barcode23_1405Gb	contig_44477	86864	89978	adeF_fluoroquinolone_antibiotic;_tetracycline_antibiotic	5	3114	3114	1.0000000
barcode23_1405Gb	contig_44477	90114	91005	CblA-1_cephalosporin	9	891	891	1.0000000
barcode23_1405Gb	contig_44485	72833	73019	rsmA_fluoroquinolone_antibiotic;_diaminopyrimidine_antibiotic;_phenicol_antibiotic	16	186	186	1.0000000
barcode23_1405Gb	contig_44485	80065	81613	emrB_fluoroquinolone_antibiotic	12	1548	1548	1.0000000
barcode23_1405Gb	contig_44485	81629	82802	emrA_fluoroquinolone_antibiotic	14	1173	1173	1.0000000
barcode23_1405Gb	contig_44485	82928	83459	emrR_fluoroquinolone_antibiotic	17	531	531	1.0000000
barcode23_1405Gb	contig_44487	24130	25264	Escherichia coli ampC beta-lactamase_cephalosporin;_penam	16	1134	1134	1.0000000
barcode23_1405Gb	contig_44548	28866	29346	nimE_nitroimidazole_antibiotic	13	480	480	1.0000000
barcode23_1405Gb	contig_44614	3460	6613	oqxB_fluoroquinolone_antibiotic;_glycylcycline;_tetracycline_antibiotic;_diaminopyrimidine_antibiotic;_nitrofuran_antibiotic	9	3153	3153	1.0000000
barcode23_1405Gb	contig_44614	6637	7813	oqxA_fluoroquinolone_antibiotic;_glycylcycline;_tetracycline_antibiotic;_diaminopyrimidine_antibiotic;_nitrofuran_antibiotic	16	1176	1176	1.0000000
barcode23_1405Gb	contig_4462	101527	102695	tet(X3)_glycylcycline;_tetracycline_antibiotic	33	1168	1168	1.0000000
barcode23_1405Gb	contig_4462	106069	106885	sul2_sulfonamide_antibiotic	116	816	816	1.0000000
barcode23_1405Gb	contig_44627	16286	20771	adeF_fluoroquinolone_antibiotic;_tetracycline_antibiotic	5	4485	4485	1.0000000
barcode23_1405Gb	contig_44702	14933	16313	vanW gene in vanI cluster_glycopeptide_antibiotic	8	1380	1380	1.0000000
barcode23_1405Gb	contig_44710	5589	6312	baeR_aminoglycoside_antibiotic;_aminocoumarin_antibiotic	14	723	723	1.0000000
barcode23_1405Gb	contig_44710	6308	7712	baeS_aminoglycoside_antibiotic;_aminocoumarin_antibiotic	12	1404	1404	1.0000000
barcode23_1405Gb	contig_44710	9124	12202	mdtC_aminocoumarin_antibiotic	11	3078	3078	1.0000000
barcode23_1405Gb	contig_44710	12202	15325	mdtB_aminocoumarin_antibiotic	14	3123	3123	1.0000000
barcode23_1405Gb	contig_44720	665	1775	vanT gene in vanG cluster_glycopeptide_antibiotic	6	1110	1110	1.0000000
barcode23_1405Gb	contig_44775	24022	25096	vanG_glycopeptide_antibiotic	7	1074	1074	1.0000000
barcode23_1405Gb	contig_44829	18695	18935	vanY gene in vanF cluster_glycopeptide_antibiotic	10	240	240	1.0000000
barcode23_1405Gb	contig_44958	18791	19886	vanG_glycopeptide_antibiotic	13	1095	1095	1.0000000
barcode23_1405Gb	contig_44965	22955	24095	vanY gene in vanB cluster_glycopeptide_antibiotic	7	1140	1140	1.0000000
barcode23_1405Gb	contig_45128	14496	15282	vanY gene in vanB cluster_glycopeptide_antibiotic	19	786	786	1.0000000
barcode23_1405Gb	contig_45248	48	825	vanW gene in vanG cluster_glycopeptide_antibiotic	8	777	777	1.0000000
barcode23_1405Gb	contig_45266	10646	12464	vanW gene in vanI cluster_glycopeptide_antibiotic	8	1818	1818	1.0000000
barcode23_1405Gb	contig_45326	6101	9251	adeF_fluoroquinolone_antibiotic;_tetracycline_antibiotic	6	3150	3150	1.0000000
barcode23_1405Gb	contig_45433	10014	10911	vanY gene in vanB cluster_glycopeptide_antibiotic	10	897	897	1.0000000
barcode23_1405Gb	contig_45453	16753	17923	vanT gene in vanG cluster_glycopeptide_antibiotic	7	1170	1170	1.0000000
barcode23_1405Gb	contig_45550	29560	30739	vanT gene in vanG cluster_glycopeptide_antibiotic	13	1179	1179	1.0000000
barcode23_1405Gb	contig_45561	4787	5387	AAC(6')-Ib-cr6_fluoroquinolone_antibiotic;_aminoglycoside_antibiotic	45	600	600	1.0000000
barcode23_1405Gb	contig_45664	896	1229	qacG_disinfecting_agents_and_antiseptics	12	333	333	1.0000000
barcode23_1405Gb	contig_45678	3804	5172	mdtA_aminocoumarin_antibiotic	8	1368	1368	1.0000000
barcode23_1405Gb	contig_45678	5171	8294	mdtB_aminocoumarin_antibiotic	6	3123	3123	1.0000000
barcode23_1405Gb	contig_45678	14186	14909	baeR_aminoglycoside_antibiotic;_aminocoumarin_antibiotic	8	723	723	1.0000000
barcode23_1405Gb	contig_45722	3686	4934	mef(H)_macrolide_antibiotic	5	1248	1248	1.0000000
barcode23_1405Gb	contig_45822	5921	7112	vanT gene in vanG cluster_glycopeptide_antibiotic	8	1191	1191	1.0000000
barcode23_1405Gb	contig_46060	21680	22859	vanW gene in vanI cluster_glycopeptide_antibiotic	6	1179	1179	1.0000000
barcode23_1405Gb	contig_46085	11918	12098	vanY gene in vanB cluster_glycopeptide_antibiotic	10	180	180	1.0000000
barcode23_1405Gb	contig_46085	18029	19175	vanT gene in vanG cluster_glycopeptide_antibiotic	5	1146	1146	1.0000000
barcode23_1405Gb	contig_46241	49487	49901	H-NS_macrolide_antibiotic;_fluoroquinolone_antibiotic;_cephalosporin;_cephamycin;_penam;_tetracycline_antibiotic	9	414	414	1.0000000
barcode23_1405Gb	contig_46276	1647	1977	Klebsiella pneumoniae KpnF_macrolide_antibiotic;_aminoglycoside_antibiotic;_cephalosporin;_tetracycline_antibiotic;_peptide_antibiotic;_rifamycin_antibiotic;_disinfecting_agents_and_antiseptics	9	330	330	1.0000000
barcode23_1405Gb	contig_46281	28248	29070	lnuF_lincosamide_antibiotic	6	822	822	1.0000000
barcode23_1405Gb	contig_46281	29185	30406	EreA_macrolide_antibiotic	8	1221	1221	1.0000000
barcode23_1405Gb	contig_46281	30491	31289	aadA7_aminoglycoside_antibiotic	6	798	798	1.0000000
barcode23_1405Gb	contig_46338	773	2306	vanW gene in vanI cluster_glycopeptide_antibiotic	5	1533	1533	1.0000000
barcode23_1405Gb	contig_46408	9609	10029	FosI_phosphonic_acid_antibiotic	5	420	420	1.0000000
barcode23_1405Gb	contig_46455	125	1079	vanY gene in vanB cluster_glycopeptide_antibiotic	8	954	954	1.0000000
barcode23_1405Gb	contig_46513	38574	38898	vanW gene in vanG cluster_glycopeptide_antibiotic	9	324	324	1.0000000
barcode23_1405Gb	contig_46513	38911	39394	vanW gene in vanG cluster_glycopeptide_antibiotic	8	483	483	1.0000000
barcode23_1405Gb	contig_46513	39399	40440	vanG_glycopeptide_antibiotic	6	1041	1041	1.0000000
barcode23_1405Gb	contig_46513	40436	41171	vanXY gene in vanG cluster_glycopeptide_antibiotic	7	735	735	1.0000000
barcode23_1405Gb	contig_46513	41170	42166	vanT gene in vanG cluster_glycopeptide_antibiotic	8	996	996	1.0000000
barcode23_1405Gb	contig_46513	42195	43287	vanT gene in vanG cluster_glycopeptide_antibiotic	8	1092	1092	1.0000000
barcode23_1405Gb	contig_46599	4103	4292	rsmA_fluoroquinolone_antibiotic;_diaminopyrimidine_antibiotic;_phenicol_antibiotic	21	189	189	1.0000000
barcode23_1405Gb	contig_46686	3778	4420	vanW gene in vanI cluster_glycopeptide_antibiotic	7	642	642	1.0000000
barcode23_1405Gb	contig_46686	40603	41407	vanW gene in vanI cluster_glycopeptide_antibiotic	5	804	804	1.0000000
barcode23_1405Gb	contig_46769	801	4305	adeF_fluoroquinolone_antibiotic;_tetracycline_antibiotic	3	3504	3504	1.0000000
barcode23_1405Gb	contig_46784	11915	12974	vanG_glycopeptide_antibiotic	7	1059	1059	1.0000000
barcode23_1405Gb	contig_46784	55192	56350	vanT gene in vanG cluster_glycopeptide_antibiotic	5	1158	1158	1.0000000
barcode23_1405Gb	contig_49	75176	75929	vanY gene in vanB cluster_glycopeptide_antibiotic	17	753	753	1.0000000
barcode23_1405Gb	contig_55	6299	6842	lnuC_lincosamide_antibiotic	65	543	543	1.0000000
barcode23_1405Gb	contig_55	87771	88923	vanT gene in vanE cluster_glycopeptide_antibiotic	22	1152	1152	1.0000000
barcode23_1405Gb	contig_55	88916	89993	vanG_glycopeptide_antibiotic	17	1077	1077	1.0000000
barcode23_1405Gb	contig_5751	6400	8320	tet(W)_tetracycline_antibiotic	172	1920	1920	1.0000000
barcode23_1405Gb	contig_5753	29348	31268	tet(32)_tetracycline_antibiotic	32	1920	1920	1.0000000
barcode23_1405Gb	contig_5764	614928	616059	vanT gene in vanG cluster_glycopeptide_antibiotic	235	1131	1131	1.0000000
barcode23_1405Gb	contig_5783	36702	37908	Mef(En2)_macrolide_antibiotic;_lincosamide_antibiotic	123	1206	1206	1.0000000
barcode23_1405Gb	contig_5793	5018	6533	aadT_macrolide_antibiotic;_tetracycline_antibiotic;_disinfecting_agents_and_antiseptics	69	1515	1515	1.0000000
barcode23_1405Gb	contig_5805	361119	361773	vanY gene in vanB cluster_glycopeptide_antibiotic	25	654	654	1.0000000
barcode23_1405Gb	contig_5805	609740	610436	tet(M)_tetracycline_antibiotic	125	696	696	1.0000000
barcode23_1405Gb	contig_5805	610461	611427	tet(M)_tetracycline_antibiotic	121	966	966	1.0000000
barcode23_1405Gb	contig_5812	4544	6059	aadT_macrolide_antibiotic;_tetracycline_antibiotic;_disinfecting_agents_and_antiseptics	24	1515	1515	1.0000000
barcode23_1405Gb	contig_5820	38563	39073	dfrA8_diaminopyrimidine_antibiotic	27	510	510	1.0000000
barcode23_1405Gb	contig_5820	43005	43650	QnrB19_fluoroquinolone_antibiotic	80	645	645	1.0000000
barcode23_1405Gb	contig_5820	44137	44998	AAC(3)-IIe_aminoglycoside_antibiotic	41	861	861	1.0000000
barcode23_1405Gb	contig_5820	49799	50603	APH(3'')-Ib_aminoglycoside_antibiotic	62	804	804	1.0000000
barcode23_1405Gb	contig_5820	50602	51439	APH(6)-Id_aminoglycoside_antibiotic	89	837	837	1.0000000
barcode23_1405Gb	contig_5821	1775	2660	mphE_macrolide_antibiotic	154	885	885	1.0000000
barcode23_1405Gb	contig_5821	2715	4191	msrE_macrolide_antibiotic;_streptogramin_antibiotic	209	1476	1476	1.0000000
barcode23_1405Gb	contig_5851	17277	18057	APH(3')-VIa_aminoglycoside_antibiotic	422	780	780	1.0000000
barcode23_1405Gb	contig_5851	19334	20147	NDM-1_carbapenem;_cephalosporin;_cephamycin;_penam	579	813	813	1.0000000
barcode23_1405Gb	contig_5870	14225	14963	ErmB_macrolide_antibiotic;_lincosamide_antibiotic;_streptogramin_antibiotic;_streptogramin_A_antibiotic;_streptogramin_B_antibiotic	184	738	738	1.0000000
barcode23_1405Gb	contig_5871	34442	35180	ErmB_macrolide_antibiotic;_lincosamide_antibiotic;_streptogramin_antibiotic;_streptogramin_A_antibiotic;_streptogramin_B_antibiotic	206	738	738	1.0000000
barcode23_1405Gb	contig_5876	206992	207988	CfxA6_cephamycin	357	996	996	1.0000000
barcode23_1405Gb	contig_5915	3865	4384	vanW gene in vanG cluster_glycopeptide_antibiotic	5	519	519	1.0000000
barcode23_1405Gb	contig_5947	420	753	qacJ_disinfecting_agents_and_antiseptics	31	333	333	1.0000000
barcode23_1405Gb	contig_5949	15455	15803	qacEdelta1_disinfecting_agents_and_antiseptics	226	348	348	1.0000000
barcode23_1405Gb	contig_5949	15796	16636	sul1_sulfonamide_antibiotic	204	840	840	1.0000000
barcode23_1405Gb	contig_5949	17989	18727	ErmB_macrolide_antibiotic;_lincosamide_antibiotic;_streptogramin_antibiotic;_streptogramin_A_antibiotic;_streptogramin_B_antibiotic	152	738	738	1.0000000
barcode23_1405Gb	contig_5999	126	759	catB3_phenicol_antibiotic	21	633	633	1.0000000
barcode23_1405Gb	contig_5999	896	1727	OXA-4_cephalosporin;_penam	57	831	831	1.0000000
barcode23_1405Gb	contig_5999	1857	2412	AAC(6')-Ib4_aminoglycoside_antibiotic	65	555	555	1.0000000
barcode23_1405Gb	contig_5999	2556	3234	IMP-16_carbapenem;_cephalosporin;_cephamycin;_penam;_penem	55	678	678	1.0000000
barcode23_1405Gb	contig_5999	9517	10297	APH(3')-VIa_aminoglycoside_antibiotic	99	780	780	1.0000000
barcode23_1405Gb	contig_5999	17363	18269	mphA_macrolide_antibiotic	21	906	906	1.0000000
barcode23_1405Gb	contig_5999	18265	19504	Mrx_macrolide_antibiotic	18	1239	1239	1.0000000
barcode23_1405Gb	contig_5999	22516	23356	sul1_sulfonamide_antibiotic	162	840	840	1.0000000
barcode23_1405Gb	contig_5999	23349	23697	qacEdelta1_disinfecting_agents_and_antiseptics	180	348	348	1.0000000
barcode23_1405Gb	contig_6020	10587	11415	OXA-72_carbapenem;_penam	33	828	828	1.0000000
barcode23_1405Gb	contig_6020	12450	12795	qacG_disinfecting_agents_and_antiseptics	42	345	345	1.0000000
barcode23_1405Gb	contig_6039	597362	598478	vanT gene in vanG cluster_glycopeptide_antibiotic	59	1116	1116	1.0000000
barcode23_1405Gb	contig_6039	2963099	2965025	tet(Q)_tetracycline_antibiotic	125	1926	1926	1.0000000
barcode23_1405Gb	contig_6039	2965762	2966899	tet(X)_glycylcycline;_tetracycline_antibiotic	221	1137	1137	1.0000000
barcode23_1405Gb	contig_6039	2967111	2967912	ErmF_macrolide_antibiotic;_lincosamide_antibiotic;_streptogramin_antibiotic;_streptogramin_A_antibiotic;_streptogramin_B_antibiotic	404	801	801	1.0000000
barcode23_1405Gb	contig_6039	3733936	3734902	CfxA2_cephamycin	358	966	966	1.0000000
barcode23_1405Gb	contig_6135	2317793	2318912	vanT gene in vanG cluster_glycopeptide_antibiotic	28	1119	1119	1.0000000
barcode23_1405Gb	contig_6138	3895	4762	SCO-1_cephalosporin;_penam;_penem	21	867	867	1.0000000
barcode23_1405Gb	contig_6138	13650	14511	AAC(3)-IIe_aminoglycoside_antibiotic	75	861	861	1.0000000
barcode23_1405Gb	contig_6138	14652	15513	TEM-1_monobactam;_cephalosporin;_penam;_penem	93	861	861	1.0000000
barcode23_1405Gb	contig_6139	3318	4179	AAC(3)-IIe_aminoglycoside_antibiotic	24	861	861	1.0000000
barcode23_1405Gb	contig_6139	9976	10837	AAC(3)-IIe_aminoglycoside_antibiotic	28	861	861	1.0000000
barcode23_1405Gb	contig_6139	11324	11969	QnrB19_fluoroquinolone_antibiotic	61	645	645	1.0000000
barcode23_1405Gb	contig_6245	58325	61436	adeF_fluoroquinolone_antibiotic;_tetracycline_antibiotic	7	3111	3111	1.0000000
barcode23_1405Gb	contig_6261	4952	5732	aadA2_aminoglycoside_antibiotic	14	780	780	1.0000000
barcode23_1405Gb	contig_6264	23634	23889	rsmA_fluoroquinolone_antibiotic;_diaminopyrimidine_antibiotic;_phenicol_antibiotic	533	255	255	1.0000000
barcode23_1405Gb	contig_6293	19353	20829	msrE_macrolide_antibiotic;_streptogramin_antibiotic	216	1476	1476	1.0000000
barcode23_1405Gb	contig_6300	13891	14650	vanY gene in vanB cluster_glycopeptide_antibiotic	11	759	759	1.0000000
barcode23_1405Gb	contig_6300	101264	102704	AAC(6')-Ie-APH(2'')-Ia bifunctional protein_aminoglycoside_antibiotic	15	1440	1440	1.0000000
barcode23_1405Gb	contig_6300	210072	210810	ErmB_macrolide_antibiotic;_lincosamide_antibiotic;_streptogramin_antibiotic;_streptogramin_A_antibiotic;_streptogramin_B_antibiotic	101	738	738	1.0000000
barcode23_1405Gb	contig_6312	1813	2458	QnrB19_fluoroquinolone_antibiotic	67	645	645	1.0000000
barcode23_1405Gb	contig_6471	54338	54860	vanW gene in vanG cluster_glycopeptide_antibiotic	4	522	522	1.0000000
barcode23_1405Gb	contig_6482	624	969	qacG_disinfecting_agents_and_antiseptics	150	345	345	1.0000000
barcode23_1405Gb	contig_6483	29149	29515	qacG_disinfecting_agents_and_antiseptics	391	366	366	1.0000000
barcode23_1405Gb	contig_6592	33788	36266	vanT gene in vanG cluster_glycopeptide_antibiotic	26	2478	2478	1.0000000
barcode23_1405Gb	contig_6668	8241	9057	sul2_sulfonamide_antibiotic	57	816	816	1.0000000
barcode23_1405Gb	contig_6668	16412	17888	msrE_macrolide_antibiotic;_streptogramin_antibiotic	285	1476	1476	1.0000000
barcode23_1405Gb	contig_6668	17943	18828	mphE_macrolide_antibiotic	206	885	885	1.0000000
barcode23_1405Gb	contig_6668	19699	20914	floR_phenicol_antibiotic	59	1215	1215	1.0000000
barcode23_1405Gb	contig_6739	6209	7037	OXA-253_carbapenem;_penam	58	828	828	1.0000000
barcode23_1405Gb	contig_6759	8215	9097	vanW gene in vanG cluster_glycopeptide_antibiotic	578	882	882	1.0000000
barcode23_1405Gb	contig_6765	972	1752	APH(3')-VIa_aminoglycoside_antibiotic	97	780	780	1.0000000
barcode23_1405Gb	contig_6765	12901	13681	APH(3')-VIa_aminoglycoside_antibiotic	110	780	780	1.0000000
barcode23_1405Gb	contig_6802	65058	68619	Bifidobacterium adolescentis rpoB mutants conferring resistance to rifampicin_rifamycin_antibiotic	37	3561	3561	1.0000000
barcode23_1405Gb	contig_6803	12623	13508	mphE_macrolide_antibiotic	468	885	885	1.0000000
barcode23_1405Gb	contig_6803	13563	15039	msrE_macrolide_antibiotic;_streptogramin_antibiotic	384	1476	1476	1.0000000
barcode23_1405Gb	contig_6803	20685	21522	APH(6)-Id_aminoglycoside_antibiotic	170	837	837	1.0000000
barcode23_1405Gb	contig_6803	21521	22325	APH(3'')-Ib_aminoglycoside_antibiotic	150	804	804	1.0000000
barcode23_1405Gb	contig_6804	7378	8194	APH(3')-Ia_aminoglycoside_antibiotic	15	816	816	1.0000000
barcode23_1405Gb	contig_6804	9270	9930	catA1_phenicol_antibiotic	7	660	660	1.0000000
barcode23_1405Gb	contig_6840	193	766	AAC(6')-Ian_aminoglycoside_antibiotic	6	573	573	1.0000000
barcode23_1405Gb	contig_6967	106991	107255	rsmA_fluoroquinolone_antibiotic;_diaminopyrimidine_antibiotic;_phenicol_antibiotic	26	264	264	1.0000000
barcode23_1405Gb	contig_6997	18173	20120	tet(Q)_tetracycline_antibiotic	536	1947	1947	1.0000000
barcode23_1405Gb	contig_7067	40841	41102	rsmA_fluoroquinolone_antibiotic;_diaminopyrimidine_antibiotic;_phenicol_antibiotic	4	261	261	1.0000000
barcode23_1405Gb	contig_7068	37573	37828	rsmA_fluoroquinolone_antibiotic;_diaminopyrimidine_antibiotic;_phenicol_antibiotic	23	255	255	1.0000000
barcode23_1405Gb	contig_7073	57	858	ErmF_macrolide_antibiotic;_lincosamide_antibiotic;_streptogramin_antibiotic;_streptogramin_A_antibiotic;_streptogramin_B_antibiotic	237	801	801	1.0000000
barcode23_1405Gb	contig_7319	134127	136644	vanT gene in vanG cluster_glycopeptide_antibiotic	15	2517	2517	1.0000000
barcode23_1405Gb	contig_7392	1165	2080	EstT_macrolide_antibiotic;_glycylcycline;_tetracycline_antibiotic	26	915	915	1.0000000
barcode23_1405Gb	contig_7399	223	1447	mef(C)_macrolide_antibiotic;_tetracycline_antibiotic	17	1224	1224	1.0000000
barcode23_1405Gb	contig_7441	28519	30997	vanT gene in vanG cluster_glycopeptide_antibiotic	69	2478	2478	1.0000000
barcode23_1405Gb	contig_7546	4586	5897	vanW gene in vanI cluster_glycopeptide_antibiotic	7	1311	1311	1.0000000
barcode23_1405Gb	contig_7548	58751	60191	AAC(6')-Ie-APH(2'')-Ia bifunctional protein_aminoglycoside_antibiotic	17	1440	1440	1.0000000
barcode23_1405Gb	contig_7563	9	543	ANT(2'')-Ia_aminoglycoside_antibiotic	48	534	534	1.0000000
barcode23_1405Gb	contig_7570	248	1148	VEB-9_monobactam;_cephalosporin	27	900	900	1.0000000
barcode23_1405Gb	contig_7617	15185	16391	tet(B)_tetracycline_antibiotic	12	1206	1206	1.0000000
barcode23_1405Gb	contig_7617	16472	17096	tetR_tetracycline_antibiotic	11	624	624	1.0000000
barcode23_1405Gb	contig_7674	69090	72192	adeF_fluoroquinolone_antibiotic;_tetracycline_antibiotic	23	3102	3102	1.0000000
barcode23_1405Gb	contig_7802	925	1384	AAC(6')-Il_aminoglycoside_antibiotic	56	459	459	1.0000000
barcode23_1405Gb	contig_7802	1531	1981	AAC(6')-IIa_aminoglycoside_antibiotic	6	450	450	1.0000000
barcode23_1405Gb	contig_7896	6236	7052	sul2_sulfonamide_antibiotic	30	816	816	1.0000000
barcode23_1405Gb	contig_7933	9439	10228	ANT(3'')-IIa_aminoglycoside_antibiotic	5	789	789	1.0000000
barcode23_1405Gb	contig_7953	702	1494	aadA_aminoglycoside_antibiotic	46	792	792	1.0000000
barcode23_1405Gb	contig_7973	28862	31082	Acinetobacter baumannii parC conferring resistance to fluoroquinolones_fluoroquinolone_antibiotic	20	2220	2220	1.0000000
barcode23_1405Gb	contig_8217	3319	5539	Acinetobacter baumannii parC conferring resistance to fluoroquinolones_fluoroquinolone_antibiotic	8	2220	2220	1.0000000
barcode23_1405Gb	contig_8226	0	747	ANT(2'')-Ia_aminoglycoside_antibiotic	38	747	747	1.0000000
barcode23_1405Gb	contig_8260	29412	31890	vanT gene in vanG cluster_glycopeptide_antibiotic	46	2478	2478	1.0000000
barcode23_1405Gb	contig_8314	99	882	LCR-1_cephalosporin;_penam	10	783	783	1.0000000
barcode23_1405Gb	contig_8394	1	619	tet(M)_tetracycline_antibiotic	19	618	618	1.0000000
barcode23_1405Gb	contig_8395	1	640	tet(M)_tetracycline_antibiotic	21	639	639	1.0000000
barcode23_1405Gb	contig_8426	0	663	tet(O)_tetracycline_antibiotic	162	663	663	1.0000000
barcode23_1405Gb	contig_8510	49519	50332	vanY gene in vanF cluster_glycopeptide_antibiotic	30	813	813	1.0000000
barcode23_1405Gb	contig_859	37264	40429	adeF_fluoroquinolone_antibiotic;_tetracycline_antibiotic	122	3165	3165	1.0000000
barcode23_1405Gb	contig_8705	99438	100644	vanT gene in vanG cluster_glycopeptide_antibiotic	10	1206	1206	1.0000000
barcode23_1405Gb	contig_8708	2125	3328	vanT gene in vanG cluster_glycopeptide_antibiotic	35	1203	1203	1.0000000
barcode23_1405Gb	contig_8856	473	893	FosXCC_phosphonic_acid_antibiotic	154	420	420	1.0000000
barcode23_1405Gb	contig_889	2	812	OXA-651_carbapenem;_penam	390	810	810	1.0000000
barcode23_1405Gb	contig_9193	46	457	FosXCC_phosphonic_acid_antibiotic	84	411	411	1.0000000
barcode23_1405Gb	contig_9235	11061	12258	vanT gene in vanG cluster_glycopeptide_antibiotic	15	1197	1197	1.0000000
barcode23_1405Gb	contig_9303	12836	13541	vanY gene in vanB cluster_glycopeptide_antibiotic	12	705	705	1.0000000
barcode23_1405Gb	contig_9384	26519	27083	vanY gene in vanF cluster_glycopeptide_antibiotic	28	564	564	1.0000000
barcode23_1405Gb	contig_95	12030	12966	vanY gene in vanG cluster_glycopeptide_antibiotic	8	936	936	1.0000000
barcode23_1405Gb	contig_95	14201	14951	vanY gene in vanG cluster_glycopeptide_antibiotic	13	750	750	1.0000000
barcode23_1405Gb	contig_9708	824425	824899	dfrF_diaminopyrimidine_antibiotic	85	474	474	1.0000000
barcode23_1405Gb	contig_9710	172591	173791	vanT gene in vanG cluster_glycopeptide_antibiotic	16	1200	1200	1.0000000
barcode23_1405Gb	contig_9733	189699	190629	vanY gene in vanB cluster_glycopeptide_antibiotic	13	930	930	1.0000000
barcode23_1405Gb	contig_9745	1802	2015	vanU gene in vanG cluster_glycopeptide_antibiotic	81	213	213	1.0000000
barcode23_1405Gb	contig_9752	17273	18470	vanT gene in vanG cluster_glycopeptide_antibiotic	5	1197	1197	1.0000000
barcode23_1405Gb	contig_9761	82166	83261	vanG_glycopeptide_antibiotic	28	1095	1095	1.0000000
barcode23_1405Gb	contig_9761	160285	161281	vanH gene in vanO cluster_glycopeptide_antibiotic	14	996	996	1.0000000
barcode23_1405Gb	contig_9794	68767	69919	vanY gene in vanM cluster_glycopeptide_antibiotic	23	1152	1152	1.0000000
barcode23_1405Gb	contig_9794	562586	563879	vanY gene in vanM cluster_glycopeptide_antibiotic	31	1293	1293	1.0000000
barcode23_1405Gb	contig_9794	686923	687418	dfrF_diaminopyrimidine_antibiotic	81	495	495	1.0000000
barcode23_1405Gb	contig_9794	917233	918310	vanT gene in vanG cluster_glycopeptide_antibiotic	31	1077	1077	1.0000000
barcode23_1405Gb	contig_9794	1055232	1056051	vanY gene in vanF cluster_glycopeptide_antibiotic	44	819	819	1.0000000
barcode23_1405Gb	contig_9823	27617	27830	vanU gene in vanG cluster_glycopeptide_antibiotic	32	213	213	1.0000000
barcode23_1405Gb	contig_9828	440	989	tet(M)_tetracycline_antibiotic	37	549	549	1.0000000
barcode23_1405Gb	contig_9841	15261	15975	vanY gene in vanB cluster_glycopeptide_antibiotic	56	714	714	1.0000000
barcode23_1405Gb	contig_9866	66825	67551	vanY gene in vanB cluster_glycopeptide_antibiotic	251	726	726	1.0000000
barcode23_1405Gb	contig_9893	32699	34619	tet(W)_tetracycline_antibiotic	282	1920	1920	1.0000000
barcode23_1405Gb	contig_9903	655	2575	tet(W)_tetracycline_antibiotic	335	1920	1920	1.0000000
barcode24_1405Gb	contig_10016	30437	31622	Escherichia coli EF-Tu mutants conferring resistance to Pulvomycin_elfamycin_antibiotic	69	1185	1185	1.0000000
barcode24_1405Gb	contig_10022	14889	15309	fosA5_fluoroquinolone_antibiotic;_aminoglycoside_antibiotic;_phosphonic_acid_antibiotic	37	420	420	1.0000000
barcode24_1405Gb	contig_10024	3095	4280	Escherichia coli EF-Tu mutants conferring resistance to Pulvomycin_elfamycin_antibiotic	71	1185	1185	1.0000000
barcode24_1405Gb	contig_10056	3263	4448	Escherichia coli EF-Tu mutants conferring resistance to Pulvomycin_elfamycin_antibiotic	196	1185	1185	1.0000000
barcode24_1405Gb	contig_10067	30793	33907	adeF_fluoroquinolone_antibiotic;_tetracycline_antibiotic	18	3114	3114	1.0000000
barcode24_1405Gb	contig_10068	24508	24928	FosA6_phosphonic_acid_antibiotic	15	420	420	1.0000000
barcode24_1405Gb	contig_10096	78111	78642	emrR_fluoroquinolone_antibiotic	36	531	531	1.0000000
barcode24_1405Gb	contig_10096	79963	81502	emrB_fluoroquinolone_antibiotic	28	1539	1539	1.0000000
barcode24_1405Gb	contig_10096	89506	89692	rsmA_fluoroquinolone_antibiotic;_diaminopyrimidine_antibiotic;_phenicol_antibiotic	35	186	186	1.0000000
barcode24_1405Gb	contig_10202	7221	9141	tet(M)_tetracycline_antibiotic	17	1920	1920	1.0000000
barcode24_1405Gb	contig_10214	21432	21756	qacG_disinfecting_agents_and_antiseptics	134	324	324	1.0000000
barcode24_1405Gb	contig_10268	65	614	tet(M)_tetracycline_antibiotic	4	549	549	1.0000000
barcode24_1405Gb	contig_10411	9372	10248	ORN-1_carbapenem;_cephalosporin	31	876	876	1.0000000
barcode24_1405Gb	contig_10411	93415	93796	marA_fluoroquinolone_antibiotic;_monobactam;_carbapenem;_cephalosporin;_glycylcycline;_cephamycin;_penam;_tetracycline_antibiotic;_rifamycin_antibiotic;_phenicol_antibiotic;_penem;_disinfecting_agents_and_antiseptics	27	381	381	1.0000000
barcode24_1405Gb	contig_10411	93813	94248	Escherichia coli AcrAB-TolC with MarR mutations conferring resistance to ciprofloxacin and tetracycline_fluoroquinolone_antibiotic;_cephalosporin;_glycylcycline;_penam;_tetracycline_antibiotic;_rifamycin_antibiotic;_phenicol_antibiotic;_disinfecting_agents_and_antiseptics	24	435	435	1.0000000
barcode24_1405Gb	contig_10413	120435	120798	Klebsiella pneumoniae KpnE_macrolide_antibiotic;_aminoglycoside_antibiotic;_cephalosporin;_tetracycline_antibiotic;_peptide_antibiotic;_rifamycin_antibiotic;_disinfecting_agents_and_antiseptics	33	363	363	1.0000000
barcode24_1405Gb	contig_10413	120784	121114	Klebsiella pneumoniae KpnF_macrolide_antibiotic;_aminoglycoside_antibiotic;_cephalosporin;_tetracycline_antibiotic;_peptide_antibiotic;_rifamycin_antibiotic;_disinfecting_agents_and_antiseptics	34	330	330	1.0000000
barcode24_1405Gb	contig_10425	19220	20894	eptB_peptide_antibiotic	16	1674	1674	1.0000000
barcode24_1405Gb	contig_10469	45098	45284	rsmA_fluoroquinolone_antibiotic;_diaminopyrimidine_antibiotic;_phenicol_antibiotic	83	186	186	1.0000000
barcode24_1405Gb	contig_10469	53614	55153	Klebsiella pneumoniae KpnH_macrolide_antibiotic;_fluoroquinolone_antibiotic;_aminoglycoside_antibiotic;_carbapenem;_cephalosporin;_penam;_peptide_antibiotic;_penem	75	1539	1539	1.0000000
barcode24_1405Gb	contig_10469	55168	56341	Klebsiella pneumoniae KpnG_macrolide_antibiotic;_fluoroquinolone_antibiotic;_aminoglycoside_antibiotic;_carbapenem;_cephalosporin;_penam;_peptide_antibiotic;_penem	75	1173	1173	1.0000000
barcode24_1405Gb	contig_10469	56471	57002	emrR_fluoroquinolone_antibiotic	80	531	531	1.0000000
barcode24_1405Gb	contig_10469	113881	117034	oqxB_fluoroquinolone_antibiotic;_glycylcycline;_tetracycline_antibiotic;_diaminopyrimidine_antibiotic;_nitrofuran_antibiotic	52	3153	3153	1.0000000
barcode24_1405Gb	contig_1054	208	553	qacG_disinfecting_agents_and_antiseptics	44	345	345	1.0000000
barcode24_1405Gb	contig_10566	9957	11913	tet(T)_tetracycline_antibiotic	3	1956	1956	1.0000000
barcode24_1405Gb	contig_10644	2925	3726	ErmF_macrolide_antibiotic;_lincosamide_antibiotic;_streptogramin_antibiotic;_streptogramin_A_antibiotic;_streptogramin_B_antibiotic	113	801	801	1.0000000
barcode24_1405Gb	contig_10644	3928	4753	OXA-347_penam	13	825	825	1.0000000
barcode24_1405Gb	contig_10860	2474179	2474515	qacG_disinfecting_agents_and_antiseptics	120	336	336	1.0000000
barcode24_1405Gb	contig_10895	336454	336784	qacG_disinfecting_agents_and_antiseptics	41	330	330	1.0000000
barcode24_1405Gb	contig_11259	120955	121798	vanW gene in vanG cluster_glycopeptide_antibiotic	20	843	843	1.0000000
barcode24_1405Gb	contig_11269	111632	112382	BlaB-11_carbapenem;_penam	4	750	750	1.0000000
barcode24_1405Gb	contig_11367	12720	14487	Haemophilus influenzae PBP3 conferring resistance to beta-lactam antibiotics_cephalosporin;_cephamycin;_penam	8	1767	1767	1.0000000
barcode24_1405Gb	contig_11405	2673	4362	eptB_peptide_antibiotic	12	1689	1689	1.0000000
barcode24_1405Gb	contig_11695	18698	19874	oqxA_fluoroquinolone_antibiotic;_glycylcycline;_tetracycline_antibiotic;_diaminopyrimidine_antibiotic;_nitrofuran_antibiotic	34	1176	1176	1.0000000
barcode24_1405Gb	contig_11695	19897	23050	oqxB_fluoroquinolone_antibiotic;_glycylcycline;_tetracycline_antibiotic;_diaminopyrimidine_antibiotic;_nitrofuran_antibiotic	24	3153	3153	1.0000000
barcode24_1405Gb	contig_11881	126372	128061	eptB_peptide_antibiotic	30	1689	1689	1.0000000
barcode24_1405Gb	contig_11881	225683	226667	PmrF_peptide_antibiotic	29	984	984	1.0000000
barcode24_1405Gb	contig_11881	229548	231204	ArnT_peptide_antibiotic	25	1656	1656	1.0000000
barcode24_1405Gb	contig_11892	37074	37935	LEN-16_penam;_penem	10	861	861	1.0000000
barcode24_1405Gb	contig_11903	102035	102668	CRP_macrolide_antibiotic;_fluoroquinolone_antibiotic;_penam	29	633	633	1.0000000
barcode24_1405Gb	contig_11914	11795	12428	CRP_macrolide_antibiotic;_fluoroquinolone_antibiotic;_penam	76	633	633	1.0000000
barcode24_1405Gb	contig_11915	19552	20185	CRP_macrolide_antibiotic;_fluoroquinolone_antibiotic;_penam	26	633	633	1.0000000
barcode24_1405Gb	contig_11918	2361	2994	CRP_macrolide_antibiotic;_fluoroquinolone_antibiotic;_penam	13	633	633	1.0000000
barcode24_1405Gb	contig_11919	4339	5524	Escherichia coli EF-Tu mutants conferring resistance to Pulvomycin_elfamycin_antibiotic	106	1185	1185	1.0000000
barcode24_1405Gb	contig_11921	72961	73594	CRP_macrolide_antibiotic;_fluoroquinolone_antibiotic;_penam	12	633	633	1.0000000
barcode24_1405Gb	contig_11921	96934	98119	Escherichia coli EF-Tu mutants conferring resistance to Pulvomycin_elfamycin_antibiotic	35	1185	1185	1.0000000
barcode24_1405Gb	contig_11922	48	1233	Escherichia coli EF-Tu mutants conferring resistance to Pulvomycin_elfamycin_antibiotic	30	1185	1185	1.0000000
barcode24_1405Gb	contig_11922	24356	24989	CRP_macrolide_antibiotic;_fluoroquinolone_antibiotic;_penam	11	633	633	1.0000000
barcode24_1405Gb	contig_11923	15700	16333	CRP_macrolide_antibiotic;_fluoroquinolone_antibiotic;_penam	70	633	633	1.0000000
barcode24_1405Gb	contig_12006	1	607	vanW gene in vanB cluster_glycopeptide_antibiotic	7	606	606	1.0000000
barcode24_1405Gb	contig_12054	31642	32068	FosA2_phosphonic_acid_antibiotic	13	426	426	1.0000000
barcode24_1405Gb	contig_12054	195496	196441	leuO_nucleoside_antibiotic;_disinfecting_agents_and_antiseptics	24	945	945	1.0000000
barcode24_1405Gb	contig_12054	202590	204357	Haemophilus influenzae PBP3 conferring resistance to beta-lactam antibiotics_cephalosporin;_cephamycin;_penam	20	1767	1767	1.0000000
barcode24_1405Gb	contig_12120	48250	49372	Shigella flexneri acrA_fluoroquinolone_antibiotic;_cephalosporin;_glycylcycline;_penam;_tetracycline_antibiotic;_rifamycin_antibiotic;_phenicol_antibiotic;_disinfecting_agents_and_antiseptics	66	1122	1122	1.0000000
barcode24_1405Gb	contig_12120	49467	52614	acrB_fluoroquinolone_antibiotic;_cephalosporin;_glycylcycline;_penam;_tetracycline_antibiotic;_rifamycin_antibiotic;_phenicol_antibiotic;_disinfecting_agents_and_antiseptics	58	3147	3147	1.0000000
barcode24_1405Gb	contig_12196	10918	12310	Escherichia coli UhpT with mutation conferring resistance to fosfomycin_phosphonic_acid_antibiotic	30	1392	1392	1.0000000
barcode24_1405Gb	contig_12219	15227	15560	qacG_disinfecting_agents_and_antiseptics	8	333	333	1.0000000
barcode24_1405Gb	contig_12234	733	1909	oqxA_fluoroquinolone_antibiotic;_glycylcycline;_tetracycline_antibiotic;_diaminopyrimidine_antibiotic;_nitrofuran_antibiotic	15	1176	1176	1.0000000
barcode24_1405Gb	contig_12265	28306	29980	eptB_peptide_antibiotic	17	1674	1674	1.0000000
barcode24_1405Gb	contig_12307	28242	28686	fosA5_fluoroquinolone_antibiotic;_aminoglycoside_antibiotic;_phosphonic_acid_antibiotic	28	444	444	1.0000000
barcode24_1405Gb	contig_12310	181513	183880	LptD_carbapenem;_peptide_antibiotic;_aminocoumarin_antibiotic;_rifamycin_antibiotic	25	2367	2367	1.0000000
barcode24_1405Gb	contig_12310	222206	223157	leuO_nucleoside_antibiotic;_disinfecting_agents_and_antiseptics	24	951	951	1.0000000
barcode24_1405Gb	contig_12310	229357	231124	Haemophilus influenzae PBP3 conferring resistance to beta-lactam antibiotics_cephalosporin;_cephamycin;_penam	24	1767	1767	1.0000000
barcode24_1405Gb	contig_12313	25411	25741	Klebsiella pneumoniae KpnF_macrolide_antibiotic;_aminoglycoside_antibiotic;_cephalosporin;_tetracycline_antibiotic;_peptide_antibiotic;_rifamycin_antibiotic;_disinfecting_agents_and_antiseptics	42	330	330	1.0000000
barcode24_1405Gb	contig_12313	25727	26090	Klebsiella pneumoniae KpnE_macrolide_antibiotic;_aminoglycoside_antibiotic;_cephalosporin;_tetracycline_antibiotic;_peptide_antibiotic;_rifamycin_antibiotic;_disinfecting_agents_and_antiseptics	41	363	363	1.0000000
barcode24_1405Gb	contig_12338	25325	25973	Escherichia coli AcrAB-TolC with AcrR mutation conferring resistance to ciprofloxacin, tetracycline, and ceftazidime_fluoroquinolone_antibiotic;_cephalosporin;_glycylcycline;_penam;_tetracycline_antibiotic;_rifamycin_antibiotic;_phenicol_antibiotic;_disinfecting_agents_and_antiseptics	4	648	648	1.0000000
barcode24_1405Gb	contig_12338	26114	27311	Escherichia coli acrA_fluoroquinolone_antibiotic;_cephalosporin;_glycylcycline;_penam;_tetracycline_antibiotic;_rifamycin_antibiotic;_phenicol_antibiotic;_disinfecting_agents_and_antiseptics	5	1197	1197	1.0000000
barcode24_1405Gb	contig_12619	179	1385	Mef(En2)_macrolide_antibiotic;_lincosamide_antibiotic	7	1206	1206	1.0000000
barcode24_1405Gb	contig_12634	229	868	ErmG_macrolide_antibiotic;_lincosamide_antibiotic;_streptogramin_antibiotic;_streptogramin_A_antibiotic;_streptogramin_B_antibiotic	14	639	639	1.0000000
barcode24_1405Gb	contig_12636	161	2087	tet(Q)_tetracycline_antibiotic	31	1926	1926	1.0000000
barcode24_1405Gb	contig_12645	14434	15169	ErmG_macrolide_antibiotic;_lincosamide_antibiotic;_streptogramin_antibiotic;_streptogramin_A_antibiotic;_streptogramin_B_antibiotic	64	735	735	1.0000000
barcode24_1405Gb	contig_12705	17845	18793	leuO_nucleoside_antibiotic;_disinfecting_agents_and_antiseptics	20	948	948	1.0000000
barcode24_1405Gb	contig_12705	24977	26744	Haemophilus influenzae PBP3 conferring resistance to beta-lactam antibiotics_cephalosporin;_cephamycin;_penam	9	1767	1767	1.0000000
barcode24_1405Gb	contig_12713	641	2033	Escherichia coli UhpT with mutation conferring resistance to fosfomycin_phosphonic_acid_antibiotic	31	1392	1392	1.0000000
barcode24_1405Gb	contig_12715	49	1441	Escherichia coli UhpT with mutation conferring resistance to fosfomycin_phosphonic_acid_antibiotic	12	1392	1392	1.0000000
barcode24_1405Gb	contig_12888	74175	75867	eptB_peptide_antibiotic	101	1692	1692	1.0000000
barcode24_1405Gb	contig_12891	1043	2141	vanG_glycopeptide_antibiotic	10	1098	1098	1.0000000
barcode24_1405Gb	contig_12938	39297	40395	vanG_glycopeptide_antibiotic	74	1098	1098	1.0000000
barcode24_1405Gb	contig_12943	2017	3115	vanG_glycopeptide_antibiotic	19	1098	1098	1.0000000
barcode24_1405Gb	contig_12952	56668	59815	acrB_fluoroquinolone_antibiotic;_cephalosporin;_glycylcycline;_penam;_tetracycline_antibiotic;_rifamycin_antibiotic;_phenicol_antibiotic;_disinfecting_agents_and_antiseptics	23	3147	3147	1.0000000
barcode24_1405Gb	contig_12970	91587	91929	ramA_fluoroquinolone_antibiotic;_monobactam;_carbapenem;_cephalosporin;_glycylcycline;_cephamycin;_penam;_tetracycline_antibiotic;_rifamycin_antibiotic;_phenicol_antibiotic;_penem;_disinfecting_agents_and_antiseptics	26	342	342	1.0000000
barcode24_1405Gb	contig_12979	1902	2244	ramA_fluoroquinolone_antibiotic;_monobactam;_carbapenem;_cephalosporin;_glycylcycline;_cephamycin;_penam;_tetracycline_antibiotic;_rifamycin_antibiotic;_phenicol_antibiotic;_penem;_disinfecting_agents_and_antiseptics	12	342	342	1.0000000
barcode24_1405Gb	contig_12983	33625	33811	rsmA_fluoroquinolone_antibiotic;_diaminopyrimidine_antibiotic;_phenicol_antibiotic	9	186	186	1.0000000
barcode24_1405Gb	contig_12983	42759	43959	Klebsiella pneumoniae KpnH_macrolide_antibiotic;_fluoroquinolone_antibiotic;_aminoglycoside_antibiotic;_carbapenem;_cephalosporin;_penam;_peptide_antibiotic;_penem	4	1200	1200	1.0000000
barcode24_1405Gb	contig_12983	45518	46049	emrR_fluoroquinolone_antibiotic	2	531	531	1.0000000
barcode24_1405Gb	contig_13020	10516	11668	MOX-12_cephalosporin;_cephamycin;_penam	76	1152	1152	1.0000000
barcode24_1405Gb	contig_13023	3880	5032	MOX-13_cephalosporin;_cephamycin;_penam	70	1152	1152	1.0000000
barcode24_1405Gb	contig_13269	301251	302010	vanY gene in vanB cluster_glycopeptide_antibiotic	11	759	759	1.0000000
barcode24_1405Gb	contig_13271	9436	10567	vanT gene in vanG cluster_glycopeptide_antibiotic	9	1131	1131	1.0000000
barcode24_1405Gb	contig_13286	46293	47415	vanT gene in vanG cluster_glycopeptide_antibiotic	16	1122	1122	1.0000000
barcode24_1405Gb	contig_13309	89472	91914	vanT gene in vanG cluster_glycopeptide_antibiotic	21	2442	2442	1.0000000
barcode24_1405Gb	contig_13452	59090	62204	acrD_aminoglycoside_antibiotic	56	3114	3114	1.0000000
barcode24_1405Gb	contig_13582	46367	47351	PmrF_peptide_antibiotic	60	984	984	1.0000000
barcode24_1405Gb	contig_13582	50231	51887	ArnT_peptide_antibiotic	30	1656	1656	1.0000000
barcode24_1405Gb	contig_13736	7105	8002	CfxA6_cephamycin	38	897	897	1.0000000
barcode24_1405Gb	contig_13811	55685	57170	vanT gene in vanG cluster_glycopeptide_antibiotic	4	1485	1485	1.0000000
barcode24_1405Gb	contig_13824	85652	86303	vanY gene in vanB cluster_glycopeptide_antibiotic	14	651	651	1.0000000
barcode24_1405Gb	contig_13827	64625	65399	vanY gene in vanB cluster_glycopeptide_antibiotic	24	774	774	1.0000000
barcode24_1405Gb	contig_13911	12190	14656	vanT gene in vanG cluster_glycopeptide_antibiotic	79	2466	2466	1.0000000
barcode24_1405Gb	contig_13919	6870	9336	vanT gene in vanG cluster_glycopeptide_antibiotic	42	2466	2466	1.0000000
barcode24_1405Gb	contig_13953	76372	77605	Escherichia coli mdfA_tetracycline_antibiotic;_disinfecting_agents_and_antiseptics	33	1233	1233	1.0000000
barcode24_1405Gb	contig_13953	178452	180201	msbA_nitroimidazole_antibiotic	26	1749	1749	1.0000000
barcode24_1405Gb	contig_14001	22029	22905	OXY-1-2_monobactam;_cephalosporin;_penam	28	876	876	1.0000000
barcode24_1405Gb	contig_14009	9690	10491	ErmF_macrolide_antibiotic;_lincosamide_antibiotic;_streptogramin_antibiotic;_streptogramin_A_antibiotic;_streptogramin_B_antibiotic	211	801	801	1.0000000
barcode24_1405Gb	contig_14110	1963	3124	vanL_glycopeptide_antibiotic	11	1161	1161	1.0000000
barcode24_1405Gb	contig_14218	16589	17003	H-NS_macrolide_antibiotic;_fluoroquinolone_antibiotic;_cephalosporin;_cephamycin;_penam;_tetracycline_antibiotic	11	414	414	1.0000000
barcode24_1405Gb	contig_14360	59469	59811	qacG_disinfecting_agents_and_antiseptics	7	342	342	1.0000000
barcode24_1405Gb	contig_14433	622	1360	ErmB_macrolide_antibiotic;_lincosamide_antibiotic;_streptogramin_antibiotic;_streptogramin_A_antibiotic;_streptogramin_B_antibiotic	65	738	738	1.0000000
barcode24_1405Gb	contig_14564	18400	18724	qacG_disinfecting_agents_and_antiseptics	116	324	324	1.0000000
barcode24_1405Gb	contig_14566	6188	6512	qacG_disinfecting_agents_and_antiseptics	135	324	324	1.0000000
barcode24_1405Gb	contig_14568	1384	1708	qacG_disinfecting_agents_and_antiseptics	116	324	324	1.0000000
barcode24_1405Gb	contig_14699	50482	50845	Klebsiella pneumoniae KpnE_macrolide_antibiotic;_aminoglycoside_antibiotic;_cephalosporin;_tetracycline_antibiotic;_peptide_antibiotic;_rifamycin_antibiotic;_disinfecting_agents_and_antiseptics	33	363	363	1.0000000
barcode24_1405Gb	contig_14699	50831	51161	Klebsiella pneumoniae KpnF_macrolide_antibiotic;_aminoglycoside_antibiotic;_cephalosporin;_tetracycline_antibiotic;_peptide_antibiotic;_rifamycin_antibiotic;_disinfecting_agents_and_antiseptics	36	330	330	1.0000000
barcode24_1405Gb	contig_14726	6433	7378	leuO_nucleoside_antibiotic;_disinfecting_agents_and_antiseptics	20	945	945	1.0000000
barcode24_1405Gb	contig_14794	70647	72267	msbA_nitroimidazole_antibiotic	39	1620	1620	1.0000000
barcode24_1405Gb	contig_14880	35751	36849	vanG_glycopeptide_antibiotic	17	1098	1098	1.0000000
barcode24_1405Gb	contig_14899	7770	8301	emrR_fluoroquinolone_antibiotic	13	531	531	1.0000000
barcode24_1405Gb	contig_14899	8430	9603	emrA_fluoroquinolone_antibiotic	13	1173	1173	1.0000000
barcode24_1405Gb	contig_14899	9619	11158	emrB_fluoroquinolone_antibiotic	14	1539	1539	1.0000000
barcode24_1405Gb	contig_14899	17583	17769	rsmA_fluoroquinolone_antibiotic;_diaminopyrimidine_antibiotic;_phenicol_antibiotic	17	186	186	1.0000000
barcode24_1405Gb	contig_15003	608	1250	catII_phenicol_antibiotic	29	642	642	1.0000000
barcode24_1405Gb	contig_15024	24286	24778	Escherichia coli AcrAB-TolC with MarR mutations conferring resistance to ciprofloxacin and tetracycline_fluoroquinolone_antibiotic;_cephalosporin;_glycylcycline;_penam;_tetracycline_antibiotic;_rifamycin_antibiotic;_phenicol_antibiotic;_disinfecting_agents_and_antiseptics	11	492	492	1.0000000
barcode24_1405Gb	contig_15062	39072	39450	Escherichia coli AcrAB-TolC with MarR mutations conferring resistance to ciprofloxacin and tetracycline_fluoroquinolone_antibiotic;_cephalosporin;_glycylcycline;_penam;_tetracycline_antibiotic;_rifamycin_antibiotic;_phenicol_antibiotic;_disinfecting_agents_and_antiseptics	4	378	378	1.0000000
barcode24_1405Gb	contig_15202	13014	14454	MdtQ_monobactam;_carbapenem;_cephalosporin;_cephamycin;_penam;_penem	44	1440	1440	1.0000000
barcode24_1405Gb	contig_15202	64296	65019	baeR_aminoglycoside_antibiotic;_aminocoumarin_antibiotic	79	723	723	1.0000000
barcode24_1405Gb	contig_15202	67908	70986	mdtC_aminocoumarin_antibiotic	83	3078	3078	1.0000000
barcode24_1405Gb	contig_15202	70986	74109	mdtB_aminocoumarin_antibiotic	67	3123	3123	1.0000000
barcode24_1405Gb	contig_15244	80267	83414	acrB_fluoroquinolone_antibiotic;_cephalosporin;_glycylcycline;_penam;_tetracycline_antibiotic;_rifamycin_antibiotic;_phenicol_antibiotic;_disinfecting_agents_and_antiseptics	59	3147	3147	1.0000000
barcode24_1405Gb	contig_15244	83436	84630	Shigella flexneri acrA_fluoroquinolone_antibiotic;_cephalosporin;_glycylcycline;_penam;_tetracycline_antibiotic;_rifamycin_antibiotic;_phenicol_antibiotic;_disinfecting_agents_and_antiseptics	65	1194	1194	1.0000000
barcode24_1405Gb	contig_15388	5857	7096	tet(40)_tetracycline_antibiotic	7	1239	1239	1.0000000
barcode24_1405Gb	contig_15388	7152	9072	tet(O)_tetracycline_antibiotic	15	1920	1920	1.0000000
barcode24_1405Gb	contig_15393	0	513	tet(O)_tetracycline_antibiotic	9	513	513	1.0000000
barcode24_1405Gb	contig_15394	7	742	tet(O)_tetracycline_antibiotic	11	735	735	1.0000000
barcode24_1405Gb	contig_15418	20409	21066	QnrS2_fluoroquinolone_antibiotic	33	657	657	1.0000000
barcode24_1405Gb	contig_15578	203	992	aadA27_aminoglycoside_antibiotic	7	789	789	1.0000000
barcode24_1405Gb	contig_15657	89056	89389	qacG_disinfecting_agents_and_antiseptics	6	333	333	1.0000000
barcode24_1405Gb	contig_15848	2575	4216	emrB_fluoroquinolone_antibiotic	7	1641	1641	1.0000000
barcode24_1405Gb	contig_15848	8725	8911	rsmA_fluoroquinolone_antibiotic;_diaminopyrimidine_antibiotic;_phenicol_antibiotic	14	186	186	1.0000000
barcode24_1405Gb	contig_15959	16486	17347	OKP-B-17_cephalosporin;_penam	9	861	861	1.0000000
barcode24_1405Gb	contig_15959	37461	37836	marA_fluoroquinolone_antibiotic;_monobactam;_carbapenem;_cephalosporin;_glycylcycline;_cephamycin;_penam;_tetracycline_antibiotic;_rifamycin_antibiotic;_phenicol_antibiotic;_penem;_disinfecting_agents_and_antiseptics	18	375	375	1.0000000
barcode24_1405Gb	contig_15959	37856	38291	Escherichia coli AcrAB-TolC with MarR mutations conferring resistance to ciprofloxacin and tetracycline_fluoroquinolone_antibiotic;_cephalosporin;_glycylcycline;_penam;_tetracycline_antibiotic;_rifamycin_antibiotic;_phenicol_antibiotic;_disinfecting_agents_and_antiseptics	13	435	435	1.0000000
barcode24_1405Gb	contig_16006	5492	7241	msbA_nitroimidazole_antibiotic	66	1749	1749	1.0000000
barcode24_1405Gb	contig_16009	20464	21535	OmpA_peptide_antibiotic	47	1071	1071	1.0000000
barcode24_1405Gb	contig_16010	20559	21630	OmpA_peptide_antibiotic	22	1071	1071	1.0000000
barcode24_1405Gb	contig_16026	86332	87724	Escherichia coli UhpT with mutation conferring resistance to fosfomycin_phosphonic_acid_antibiotic	26	1392	1392	1.0000000
barcode24_1405Gb	contig_16028	26158	27550	Escherichia coli UhpT with mutation conferring resistance to fosfomycin_phosphonic_acid_antibiotic	23	1392	1392	1.0000000
barcode24_1405Gb	contig_16036	1014	1338	qacG_disinfecting_agents_and_antiseptics	118	324	324	1.0000000
barcode24_1405Gb	contig_16038	28149	28968	bacA_peptide_antibiotic	9	819	819	1.0000000
barcode24_1405Gb	contig_16223	8405	10868	adeF_fluoroquinolone_antibiotic;_tetracycline_antibiotic	17	2463	2463	1.0000000
barcode24_1405Gb	contig_16284	134737	135721	PmrF_peptide_antibiotic	7	984	984	1.0000000
barcode24_1405Gb	contig_16284	139253	140261	ArnT_peptide_antibiotic	8	1008	1008	1.0000000
barcode24_1405Gb	contig_16331	26778	27954	oqxA_fluoroquinolone_antibiotic;_glycylcycline;_tetracycline_antibiotic;_diaminopyrimidine_antibiotic;_nitrofuran_antibiotic	45	1176	1176	1.0000000
barcode24_1405Gb	contig_16365	4436	4871	Escherichia coli AcrAB-TolC with MarR mutations conferring resistance to ciprofloxacin and tetracycline_fluoroquinolone_antibiotic;_cephalosporin;_glycylcycline;_penam;_tetracycline_antibiotic;_rifamycin_antibiotic;_phenicol_antibiotic;_disinfecting_agents_and_antiseptics	5	435	435	1.0000000
barcode24_1405Gb	contig_16365	4888	5269	marA_fluoroquinolone_antibiotic;_monobactam;_carbapenem;_cephalosporin;_glycylcycline;_cephamycin;_penam;_tetracycline_antibiotic;_rifamycin_antibiotic;_phenicol_antibiotic;_penem;_disinfecting_agents_and_antiseptics	7	381	381	1.0000000
barcode24_1405Gb	contig_16366	57728	58109	marA_fluoroquinolone_antibiotic;_monobactam;_carbapenem;_cephalosporin;_glycylcycline;_cephamycin;_penam;_tetracycline_antibiotic;_rifamycin_antibiotic;_phenicol_antibiotic;_penem;_disinfecting_agents_and_antiseptics	12	381	381	1.0000000
barcode24_1405Gb	contig_16366	58126	58561	Escherichia coli AcrAB-TolC with MarR mutations conferring resistance to ciprofloxacin and tetracycline_fluoroquinolone_antibiotic;_cephalosporin;_glycylcycline;_penam;_tetracycline_antibiotic;_rifamycin_antibiotic;_phenicol_antibiotic;_disinfecting_agents_and_antiseptics	11	435	435	1.0000000
barcode24_1405Gb	contig_16394	737	1253	tet(Q)_tetracycline_antibiotic	33	516	516	1.0000000
barcode24_1405Gb	contig_16445	10170	10509	qacJ_disinfecting_agents_and_antiseptics	6	339	339	1.0000000
barcode24_1405Gb	contig_16476	1277	1736	Pseudomonas aeruginosa soxR_fluoroquinolone_antibiotic;_cephalosporin;_glycylcycline;_penam;_tetracycline_antibiotic;_rifamycin_antibiotic;_phenicol_antibiotic;_disinfecting_agents_and_antiseptics	5	459	459	1.0000000
barcode24_1405Gb	contig_16495	2086	2365	qacJ_disinfecting_agents_and_antiseptics	72	279	279	1.0000000
barcode24_1405Gb	contig_16533	58488	59721	Escherichia coli mdfA_tetracycline_antibiotic;_disinfecting_agents_and_antiseptics	10	1233	1233	1.0000000
barcode24_1405Gb	contig_16534	92364	93597	Escherichia coli mdfA_tetracycline_antibiotic;_disinfecting_agents_and_antiseptics	30	1233	1233	1.0000000
barcode24_1405Gb	contig_16557	2737	3475	ErmB_macrolide_antibiotic;_lincosamide_antibiotic;_streptogramin_antibiotic;_streptogramin_A_antibiotic;_streptogramin_B_antibiotic	43	738	738	1.0000000
barcode24_1405Gb	contig_16628	708953	712124	adeF_fluoroquinolone_antibiotic;_tetracycline_antibiotic	6	3171	3171	1.0000000
barcode24_1405Gb	contig_16628	814745	817538	adeF_fluoroquinolone_antibiotic;_tetracycline_antibiotic	9	2793	2793	1.0000000
barcode24_1405Gb	contig_16685	133843	135610	Haemophilus influenzae PBP3 conferring resistance to beta-lactam antibiotics_cephalosporin;_cephamycin;_penam	10	1767	1767	1.0000000
barcode24_1405Gb	contig_16685	141772	142744	leuO_nucleoside_antibiotic;_disinfecting_agents_and_antiseptics	18	972	972	1.0000000
barcode24_1405Gb	contig_16775	9630	10710	vanT gene in vanG cluster_glycopeptide_antibiotic	5	1080	1080	1.0000000
barcode24_1405Gb	contig_16929	6176	6950	vanY gene in vanB cluster_glycopeptide_antibiotic	6	774	774	1.0000000
barcode24_1405Gb	contig_16975	14802	16305	Acinetobacter baumannii AmvA_macrolide_antibiotic;_disinfecting_agents_and_antiseptics	4	1503	1503	1.0000000
barcode24_1405Gb	contig_17122	15803	16625	bacA_peptide_antibiotic	32	822	822	1.0000000
barcode24_1405Gb	contig_17455	25707	26922	Escherichia coli acrA_fluoroquinolone_antibiotic;_cephalosporin;_glycylcycline;_penam;_tetracycline_antibiotic;_rifamycin_antibiotic;_phenicol_antibiotic;_disinfecting_agents_and_antiseptics	12	1215	1215	1.0000000
barcode24_1405Gb	contig_17455	26925	30075	acrB_fluoroquinolone_antibiotic;_cephalosporin;_glycylcycline;_penam;_tetracycline_antibiotic;_rifamycin_antibiotic;_phenicol_antibiotic;_disinfecting_agents_and_antiseptics	15	3150	3150	1.0000000
barcode24_1405Gb	contig_17464	36558	37380	bacA_peptide_antibiotic	39	822	822	1.0000000
barcode24_1405Gb	contig_17499	91590	94737	acrB_fluoroquinolone_antibiotic;_cephalosporin;_glycylcycline;_penam;_tetracycline_antibiotic;_rifamycin_antibiotic;_phenicol_antibiotic;_disinfecting_agents_and_antiseptics	20	3147	3147	1.0000000
barcode24_1405Gb	contig_17499	94759	95953	Shigella flexneri acrA_fluoroquinolone_antibiotic;_cephalosporin;_glycylcycline;_penam;_tetracycline_antibiotic;_rifamycin_antibiotic;_phenicol_antibiotic;_disinfecting_agents_and_antiseptics	27	1194	1194	1.0000000
barcode24_1405Gb	contig_17697	126927	129276	LptD_carbapenem;_peptide_antibiotic;_aminocoumarin_antibiotic;_rifamycin_antibiotic	9	2349	2349	1.0000000
barcode24_1405Gb	contig_1787	38	524	dfrA14_diaminopyrimidine_antibiotic	19	486	486	1.0000000
barcode24_1405Gb	contig_17934	7694	9539	vanT gene in vanG cluster_glycopeptide_antibiotic	9	1845	1845	1.0000000
barcode24_1405Gb	contig_18028	22433	23384	leuO_nucleoside_antibiotic;_disinfecting_agents_and_antiseptics	12	951	951	1.0000000
barcode24_1405Gb	contig_18028	29602	31369	Haemophilus influenzae PBP3 conferring resistance to beta-lactam antibiotics_cephalosporin;_cephamycin;_penam	34	1767	1767	1.0000000
barcode24_1405Gb	contig_18029	82428	84195	Haemophilus influenzae PBP3 conferring resistance to beta-lactam antibiotics_cephalosporin;_cephamycin;_penam	22	1767	1767	1.0000000
barcode24_1405Gb	contig_18029	90413	91364	leuO_nucleoside_antibiotic;_disinfecting_agents_and_antiseptics	26	951	951	1.0000000
barcode24_1405Gb	contig_18029	129903	132252	LptD_carbapenem;_peptide_antibiotic;_aminocoumarin_antibiotic;_rifamycin_antibiotic	14	2349	2349	1.0000000
barcode24_1405Gb	contig_18170	10986	11859	CMY-136_cephalosporin;_cephamycin	8	873	873	1.0000000
barcode24_1405Gb	contig_18186	4454	5651	Shigella flexneri acrA_fluoroquinolone_antibiotic;_cephalosporin;_glycylcycline;_penam;_tetracycline_antibiotic;_rifamycin_antibiotic;_phenicol_antibiotic;_disinfecting_agents_and_antiseptics	17	1197	1197	1.0000000
barcode24_1405Gb	contig_18205	107776	108904	vanT gene in vanG cluster_glycopeptide_antibiotic	13	1128	1128	1.0000000
barcode24_1405Gb	contig_18369	45449	45944	dfrF_diaminopyrimidine_antibiotic	11	495	495	1.0000000
barcode24_1405Gb	contig_18402	10077	10263	rsmA_fluoroquinolone_antibiotic;_diaminopyrimidine_antibiotic;_phenicol_antibiotic	10	186	186	1.0000000
barcode24_1405Gb	contig_18403	10917	11103	rsmA_fluoroquinolone_antibiotic;_diaminopyrimidine_antibiotic;_phenicol_antibiotic	10	186	186	1.0000000
barcode24_1405Gb	contig_18411	19097	19517	fosA5_fluoroquinolone_antibiotic;_aminoglycoside_antibiotic;_phosphonic_acid_antibiotic	38	420	420	1.0000000
barcode24_1405Gb	contig_18413	21270	21714	fosA5_fluoroquinolone_antibiotic;_aminoglycoside_antibiotic;_phosphonic_acid_antibiotic	20	444	444	1.0000000
barcode24_1405Gb	contig_18414	101963	102383	fosA5_fluoroquinolone_antibiotic;_aminoglycoside_antibiotic;_phosphonic_acid_antibiotic	68	420	420	1.0000000
barcode24_1405Gb	contig_18464	17478	18459	PmrF_peptide_antibiotic	19	981	981	1.0000000
barcode24_1405Gb	contig_18464	21340	22477	ArnT_peptide_antibiotic	12	1137	1137	1.0000000
barcode24_1405Gb	contig_18495	21336	24513	adeF_fluoroquinolone_antibiotic;_tetracycline_antibiotic	30	3177	3177	1.0000000
barcode24_1405Gb	contig_18577	622	2419	tet(W)_tetracycline_antibiotic	13	1797	1797	1.0000000
barcode24_1405Gb	contig_18670	4162	5839	vanW gene in vanI cluster_glycopeptide_antibiotic	4	1677	1677	1.0000000
barcode24_1405Gb	contig_18779	1280	1610	qacG_disinfecting_agents_and_antiseptics	387	330	330	1.0000000
barcode24_1405Gb	contig_18798	6366	8115	msbA_nitroimidazole_antibiotic	9	1749	1749	1.0000000
barcode24_1405Gb	contig_18799	2461	4210	msbA_nitroimidazole_antibiotic	34	1749	1749	1.0000000
barcode24_1405Gb	contig_18800	2510	4259	msbA_nitroimidazole_antibiotic	7	1749	1749	1.0000000
barcode24_1405Gb	contig_18801	2722	4471	msbA_nitroimidazole_antibiotic	12	1749	1749	1.0000000
barcode24_1405Gb	contig_18840	15135	15537	FosA8_phosphonic_acid_antibiotic	140	402	402	1.0000000
barcode24_1405Gb	contig_18919	20803	21133	Escherichia coli soxS with mutation conferring antibiotic resistance_fluoroquinolone_antibiotic;_monobactam;_carbapenem;_cephalosporin;_glycylcycline;_cephamycin;_penam;_tetracycline_antibiotic;_rifamycin_antibiotic;_phenicol_antibiotic;_penem;_disinfecting_agents_and_antiseptics	40	330	330	1.0000000
barcode24_1405Gb	contig_18988	2009	3155	CMY-4_cephamycin	34	1146	1146	1.0000000
barcode24_1405Gb	contig_18990	3944	5090	CMY-129_cephamycin	15	1146	1146	1.0000000
barcode24_1405Gb	contig_18991	3946	5092	CMY-48_cephamycin	9	1146	1146	1.0000000
barcode24_1405Gb	contig_19007	13807	14227	FosA6_phosphonic_acid_antibiotic	37	420	420	1.0000000
barcode24_1405Gb	contig_19104	7482	8247	aadA27_aminoglycoside_antibiotic	3	765	765	1.0000000
barcode24_1405Gb	contig_19261	53413	54046	CRP_macrolide_antibiotic;_fluoroquinolone_antibiotic;_penam	12	633	633	1.0000000
barcode24_1405Gb	contig_19261	72435	73620	Escherichia coli EF-Tu mutants conferring resistance to Pulvomycin_elfamycin_antibiotic	58	1185	1185	1.0000000
barcode24_1405Gb	contig_19332	28081	28405	Escherichia coli soxS with mutation conferring antibiotic resistance_fluoroquinolone_antibiotic;_monobactam;_carbapenem;_cephalosporin;_glycylcycline;_cephamycin;_penam;_tetracycline_antibiotic;_rifamycin_antibiotic;_phenicol_antibiotic;_penem;_disinfecting_agents_and_antiseptics	15	324	324	1.0000000
barcode24_1405Gb	contig_19416	3238	4999	vanW gene in vanG cluster_glycopeptide_antibiotic	5	1761	1761	1.0000000
barcode24_1405Gb	contig_19480	10909	11875	leuO_nucleoside_antibiotic;_disinfecting_agents_and_antiseptics	6	966	966	1.0000000
barcode24_1405Gb	contig_19724	1477	2122	QnrD1_fluoroquinolone_antibiotic	14	645	645	1.0000000
barcode24_1405Gb	contig_19739	5947	9127	adeF_fluoroquinolone_antibiotic;_tetracycline_antibiotic	4	3180	3180	1.0000000
barcode24_1405Gb	contig_19815	144	867	baeR_aminoglycoside_antibiotic;_aminocoumarin_antibiotic	13	723	723	1.0000000
barcode24_1405Gb	contig_1987	60059	63233	adeF_fluoroquinolone_antibiotic;_tetracycline_antibiotic	13	3174	3174	1.0000000
barcode24_1405Gb	contig_1987	100831	101476	qnrE2_fluoroquinolone_antibiotic	18	645	645	1.0000000
barcode24_1405Gb	contig_19925	3035	3848	vanY gene in vanG cluster_glycopeptide_antibiotic	3	813	813	1.0000000
barcode24_1405Gb	contig_19939	17859	18189	Klebsiella pneumoniae KpnF_macrolide_antibiotic;_aminoglycoside_antibiotic;_cephalosporin;_tetracycline_antibiotic;_peptide_antibiotic;_rifamycin_antibiotic;_disinfecting_agents_and_antiseptics	7	330	330	1.0000000
barcode24_1405Gb	contig_2	41752	44866	acrD_aminoglycoside_antibiotic	19	3114	3114	1.0000000
barcode24_1405Gb	contig_2	380771	381494	baeR_aminoglycoside_antibiotic;_aminocoumarin_antibiotic	19	723	723	1.0000000
barcode24_1405Gb	contig_2	384441	387519	mdtC_aminocoumarin_antibiotic	20	3078	3078	1.0000000
barcode24_1405Gb	contig_2	387519	390642	mdtB_aminocoumarin_antibiotic	21	3123	3123	1.0000000
barcode24_1405Gb	contig_20039	11908	12166	rsmA_fluoroquinolone_antibiotic;_diaminopyrimidine_antibiotic;_phenicol_antibiotic	9	258	258	1.0000000
barcode24_1405Gb	contig_20069	172618	173053	Escherichia coli AcrAB-TolC with MarR mutations conferring resistance to ciprofloxacin and tetracycline_fluoroquinolone_antibiotic;_cephalosporin;_glycylcycline;_penam;_tetracycline_antibiotic;_rifamycin_antibiotic;_phenicol_antibiotic;_disinfecting_agents_and_antiseptics	33	435	435	1.0000000
barcode24_1405Gb	contig_20069	173073	173454	marA_fluoroquinolone_antibiotic;_monobactam;_carbapenem;_cephalosporin;_glycylcycline;_cephamycin;_penam;_tetracycline_antibiotic;_rifamycin_antibiotic;_phenicol_antibiotic;_penem;_disinfecting_agents_and_antiseptics	30	381	381	1.0000000
barcode24_1405Gb	contig_20143	3594	4854	EreB_macrolide_antibiotic	13	1260	1260	1.0000000
barcode24_1405Gb	contig_20380	10678	11386	EBR-4_carbapenem;_cephalosporin;_penam	202	708	708	1.0000000
barcode24_1405Gb	contig_20425	46846	48595	msbA_nitroimidazole_antibiotic	7	1749	1749	1.0000000
barcode24_1405Gb	contig_20499	1971	2799	vanW gene in vanB cluster_glycopeptide_antibiotic	7	828	828	1.0000000
barcode24_1405Gb	contig_20625	39321	39852	emrR_fluoroquinolone_antibiotic	63	531	531	1.0000000
barcode24_1405Gb	contig_20625	39977	41150	Klebsiella pneumoniae KpnG_macrolide_antibiotic;_fluoroquinolone_antibiotic;_aminoglycoside_antibiotic;_carbapenem;_cephalosporin;_penam;_peptide_antibiotic;_penem	65	1173	1173	1.0000000
barcode24_1405Gb	contig_20625	41165	42704	Klebsiella pneumoniae KpnH_macrolide_antibiotic;_fluoroquinolone_antibiotic;_aminoglycoside_antibiotic;_carbapenem;_cephalosporin;_penam;_peptide_antibiotic;_penem	50	1539	1539	1.0000000
barcode24_1405Gb	contig_20625	50439	50625	rsmA_fluoroquinolone_antibiotic;_diaminopyrimidine_antibiotic;_phenicol_antibiotic	63	186	186	1.0000000
barcode24_1405Gb	contig_20640	42046	43279	Escherichia coli mdfA_tetracycline_antibiotic;_disinfecting_agents_and_antiseptics	8	1233	1233	1.0000000
barcode24_1405Gb	contig_20641	3879	5217	Escherichia coli mdfA_tetracycline_antibiotic;_disinfecting_agents_and_antiseptics	14	1338	1338	1.0000000
barcode24_1405Gb	contig_20676	22571	22898	Escherichia coli soxS with mutation conferring antibiotic resistance_fluoroquinolone_antibiotic;_monobactam;_carbapenem;_cephalosporin;_glycylcycline;_cephamycin;_penam;_tetracycline_antibiotic;_rifamycin_antibiotic;_phenicol_antibiotic;_penem;_disinfecting_agents_and_antiseptics	14	327	327	1.0000000
barcode24_1405Gb	contig_20705	31122	32277	Klebsiella pneumoniae OmpK37_monobactam;_carbapenem;_cephalosporin;_cephamycin;_penam;_penem	10	1155	1155	1.0000000
barcode24_1405Gb	contig_20796	1859	2681	bacA_peptide_antibiotic	8	822	822	1.0000000
barcode24_1405Gb	contig_20814	5495	6257	OXA-464_penam	11	762	762	1.0000000
barcode24_1405Gb	contig_20873	17445	17640	FosA8_phosphonic_acid_antibiotic	4	195	195	1.0000000
barcode24_1405Gb	contig_20897	9724	12847	mdtB_aminocoumarin_antibiotic	19	3123	3123	1.0000000
barcode24_1405Gb	contig_20897	12857	15926	mdtC_aminocoumarin_antibiotic	16	3069	3069	1.0000000
barcode24_1405Gb	contig_20914	3371	3701	Escherichia coli soxS with mutation conferring antibiotic resistance_fluoroquinolone_antibiotic;_monobactam;_carbapenem;_cephalosporin;_glycylcycline;_cephamycin;_penam;_tetracycline_antibiotic;_rifamycin_antibiotic;_phenicol_antibiotic;_penem;_disinfecting_agents_and_antiseptics	5	330	330	1.0000000
barcode24_1405Gb	contig_21015	0	495	vanY gene in vanB cluster_glycopeptide_antibiotic	7	495	495	1.0000000
barcode24_1405Gb	contig_21089	349	718	Klebsiella pneumoniae KpnE_macrolide_antibiotic;_aminoglycoside_antibiotic;_cephalosporin;_tetracycline_antibiotic;_peptide_antibiotic;_rifamycin_antibiotic;_disinfecting_agents_and_antiseptics	7	369	369	1.0000000
barcode24_1405Gb	contig_21089	704	1034	Klebsiella pneumoniae KpnF_macrolide_antibiotic;_aminoglycoside_antibiotic;_cephalosporin;_tetracycline_antibiotic;_peptide_antibiotic;_rifamycin_antibiotic;_disinfecting_agents_and_antiseptics	8	330	330	1.0000000
barcode24_1405Gb	contig_21254	876	1320	FosA8_phosphonic_acid_antibiotic	1	444	444	1.0000000
barcode24_1405Gb	contig_21318	515	701	rsmA_fluoroquinolone_antibiotic;_diaminopyrimidine_antibiotic;_phenicol_antibiotic	7	186	186	1.0000000
barcode24_1405Gb	contig_21319	5373	5559	rsmA_fluoroquinolone_antibiotic;_diaminopyrimidine_antibiotic;_phenicol_antibiotic	19	186	186	1.0000000
barcode24_1405Gb	contig_21396	2574	4014	MdtQ_monobactam;_carbapenem;_cephalosporin;_cephamycin;_penam;_penem	14	1440	1440	1.0000000
barcode24_1405Gb	contig_21413	1408	1741	qacG_disinfecting_agents_and_antiseptics	3	333	333	1.0000000
barcode24_1405Gb	contig_21521	16615	16801	rsmA_fluoroquinolone_antibiotic;_diaminopyrimidine_antibiotic;_phenicol_antibiotic	4	186	186	1.0000000
barcode24_1405Gb	contig_21712	8233	8659	FosA8_phosphonic_acid_antibiotic	4	426	426	1.0000000
barcode24_1405Gb	contig_21826	1	2413	vanT gene in vanG cluster_glycopeptide_antibiotic	6	2412	2412	1.0000000
barcode24_1405Gb	contig_21837	3001	4588	emrB_fluoroquinolone_antibiotic	9	1587	1587	1.0000000
barcode24_1405Gb	contig_21891	16217	16850	CRP_macrolide_antibiotic;_fluoroquinolone_antibiotic;_penam	14	633	633	1.0000000
barcode24_1405Gb	contig_21907	0	309	FosA8_phosphonic_acid_antibiotic	5	309	309	1.0000000
barcode24_1405Gb	contig_21986	19513	21169	ArnT_peptide_antibiotic	31	1656	1656	1.0000000
barcode24_1405Gb	contig_21986	24046	25030	PmrF_peptide_antibiotic	36	984	984	1.0000000
barcode24_1405Gb	contig_21987	19689	21345	ArnT_peptide_antibiotic	57	1656	1656	1.0000000
barcode24_1405Gb	contig_21987	24222	25206	PmrF_peptide_antibiotic	70	984	984	1.0000000
barcode24_1405Gb	contig_21989	31688	33344	ArnT_peptide_antibiotic	33	1656	1656	1.0000000
barcode24_1405Gb	contig_21989	36221	37205	PmrF_peptide_antibiotic	41	984	984	1.0000000
barcode24_1405Gb	contig_22098	7128	7554	FosA2_phosphonic_acid_antibiotic	7	426	426	1.0000000
barcode24_1405Gb	contig_2224	6438	7278	sul1_sulfonamide_antibiotic	225	840	840	1.0000000
barcode24_1405Gb	contig_2224	7271	7619	qacEdelta1_disinfecting_agents_and_antiseptics	253	348	348	1.0000000
barcode24_1405Gb	contig_2224	7841	8294	arr-3_rifamycin_antibiotic	103	453	453	1.0000000
barcode24_1405Gb	contig_2224	8378	9011	catB3_phenicol_antibiotic	98	633	633	1.0000000
barcode24_1405Gb	contig_2224	9148	9979	OXA-1_cephalosporin;_penam	122	831	831	1.0000000
barcode24_1405Gb	contig_2224	10109	10709	AAC(6')-Ib-cr6_fluoroquinolone_antibiotic;_aminoglycoside_antibiotic	140	600	600	1.0000000
barcode24_1405Gb	contig_22248	10229	11048	bacA_peptide_antibiotic	15	819	819	1.0000000
barcode24_1405Gb	contig_22524	13372	13696	qacJ_disinfecting_agents_and_antiseptics	5	324	324	1.0000000
barcode24_1405Gb	contig_22534	12915	13899	PmrF_peptide_antibiotic	28	984	984	1.0000000
barcode24_1405Gb	contig_22534	16779	18435	ArnT_peptide_antibiotic	31	1656	1656	1.0000000
barcode24_1405Gb	contig_22536	10557	11541	PmrF_peptide_antibiotic	24	984	984	1.0000000
barcode24_1405Gb	contig_22536	14421	16077	ArnT_peptide_antibiotic	11	1656	1656	1.0000000
barcode24_1405Gb	contig_22537	12189	13173	PmrF_peptide_antibiotic	58	984	984	1.0000000
barcode24_1405Gb	contig_22537	16053	17709	ArnT_peptide_antibiotic	34	1656	1656	1.0000000
barcode24_1405Gb	contig_22857	853	1837	PmrF_peptide_antibiotic	7	984	984	1.0000000
barcode24_1405Gb	contig_23002	9737	12866	adeF_fluoroquinolone_antibiotic;_tetracycline_antibiotic	8	3129	3129	1.0000000
barcode24_1405Gb	contig_23392	18236	18575	qacG_disinfecting_agents_and_antiseptics	3	339	339	1.0000000
barcode24_1405Gb	contig_23426	8663	9761	vanG_glycopeptide_antibiotic	23	1098	1098	1.0000000
barcode24_1405Gb	contig_23427	5123	6221	vanG_glycopeptide_antibiotic	18	1098	1098	1.0000000
barcode24_1405Gb	contig_23437	21309	22260	leuO_nucleoside_antibiotic;_disinfecting_agents_and_antiseptics	51	951	951	1.0000000
barcode24_1405Gb	contig_23437	28478	30245	Haemophilus influenzae PBP3 conferring resistance to beta-lactam antibiotics_cephalosporin;_cephamycin;_penam	41	1767	1767	1.0000000
barcode24_1405Gb	contig_23540	319	1858	Klebsiella pneumoniae KpnH_macrolide_antibiotic;_fluoroquinolone_antibiotic;_aminoglycoside_antibiotic;_carbapenem;_cephalosporin;_penam;_peptide_antibiotic;_penem	13	1539	1539	1.0000000
barcode24_1405Gb	contig_23559	7118	7751	CRP_macrolide_antibiotic;_fluoroquinolone_antibiotic;_penam	53	633	633	1.0000000
barcode24_1405Gb	contig_23560	7125	7758	CRP_macrolide_antibiotic;_fluoroquinolone_antibiotic;_penam	26	633	633	1.0000000
barcode24_1405Gb	contig_23561	11189	11822	CRP_macrolide_antibiotic;_fluoroquinolone_antibiotic;_penam	31	633	633	1.0000000
barcode24_1405Gb	contig_23730	16934	17660	vanY gene in vanB cluster_glycopeptide_antibiotic	17	726	726	1.0000000
barcode24_1405Gb	contig_239	202	982	APH(3')-VIa_aminoglycoside_antibiotic	102	780	780	1.0000000
barcode24_1405Gb	contig_24067	1879	2212	qacG_disinfecting_agents_and_antiseptics	4	333	333	1.0000000
barcode24_1405Gb	contig_24069	58	391	qacG_disinfecting_agents_and_antiseptics	7	333	333	1.0000000
barcode24_1405Gb	contig_24272	18924	19647	baeR_aminoglycoside_antibiotic;_aminocoumarin_antibiotic	16	723	723	1.0000000
barcode24_1405Gb	contig_24272	22501	25579	mdtC_aminocoumarin_antibiotic	17	3078	3078	1.0000000
barcode24_1405Gb	contig_24272	25579	28702	mdtB_aminocoumarin_antibiotic	11	3123	3123	1.0000000
barcode24_1405Gb	contig_24670	109026	109800	vanY gene in vanB cluster_glycopeptide_antibiotic	19	774	774	1.0000000
barcode24_1405Gb	contig_25220	4107	5649	Klebsiella pneumoniae KpnH_macrolide_antibiotic;_fluoroquinolone_antibiotic;_aminoglycoside_antibiotic;_carbapenem;_cephalosporin;_penam;_peptide_antibiotic;_penem	5	1542	1542	1.0000000
barcode24_1405Gb	contig_25255	5898	9003	acrD_aminoglycoside_antibiotic	8	3105	3105	1.0000000
barcode24_1405Gb	contig_25364	10645	11464	bacA_peptide_antibiotic	10	819	819	1.0000000
barcode24_1405Gb	contig_25509	38263	38698	Escherichia coli AcrAB-TolC with MarR mutations conferring resistance to ciprofloxacin and tetracycline_fluoroquinolone_antibiotic;_cephalosporin;_glycylcycline;_penam;_tetracycline_antibiotic;_rifamycin_antibiotic;_phenicol_antibiotic;_disinfecting_agents_and_antiseptics	6	435	435	1.0000000
barcode24_1405Gb	contig_25509	38718	39102	marA_fluoroquinolone_antibiotic;_monobactam;_carbapenem;_cephalosporin;_glycylcycline;_cephamycin;_penam;_tetracycline_antibiotic;_rifamycin_antibiotic;_phenicol_antibiotic;_penem;_disinfecting_agents_and_antiseptics	7	384	384	1.0000000
barcode24_1405Gb	contig_25532	48437	49142	vanW gene in vanG cluster_glycopeptide_antibiotic	6	705	705	1.0000000
barcode24_1405Gb	contig_2558	3753	4596	OXA-58_carbapenem;_penam	329	843	843	1.0000000
barcode24_1405Gb	contig_25780	4084	5476	Escherichia coli UhpT with mutation conferring resistance to fosfomycin_phosphonic_acid_antibiotic	18	1392	1392	1.0000000
barcode24_1405Gb	contig_25811	8445	11568	mdtB_aminocoumarin_antibiotic	8	3123	3123	1.0000000
barcode24_1405Gb	contig_25929	31736	32414	kdpE_aminoglycoside_antibiotic	4	678	678	1.0000000
barcode24_1405Gb	contig_25974	9027	9357	Klebsiella pneumoniae KpnF_macrolide_antibiotic;_aminoglycoside_antibiotic;_cephalosporin;_tetracycline_antibiotic;_peptide_antibiotic;_rifamycin_antibiotic;_disinfecting_agents_and_antiseptics	4	330	330	1.0000000
barcode24_1405Gb	contig_25974	9343	9706	Klebsiella pneumoniae KpnE_macrolide_antibiotic;_aminoglycoside_antibiotic;_cephalosporin;_tetracycline_antibiotic;_peptide_antibiotic;_rifamycin_antibiotic;_disinfecting_agents_and_antiseptics	5	363	363	1.0000000
barcode24_1405Gb	contig_26018	21088	22480	Escherichia coli UhpT with mutation conferring resistance to fosfomycin_phosphonic_acid_antibiotic	58	1392	1392	1.0000000
barcode24_1405Gb	contig_26130	41709	43479	Haemophilus influenzae PBP3 conferring resistance to beta-lactam antibiotics_cephalosporin;_cephamycin;_penam	8	1770	1770	1.0000000
barcode24_1405Gb	contig_26433	16668	18060	Escherichia coli UhpT with mutation conferring resistance to fosfomycin_phosphonic_acid_antibiotic	22	1392	1392	1.0000000
barcode24_1405Gb	contig_2651	555	1212	QnrS1_fluoroquinolone_antibiotic	89	657	657	1.0000000
barcode24_1405Gb	contig_26581	13326	14325	vanH gene in vanA cluster_glycopeptide_antibiotic	11	999	999	1.0000000
barcode24_1405Gb	contig_26641	75772	76450	kdpE_aminoglycoside_antibiotic	11	678	678	1.0000000
barcode24_1405Gb	contig_26644	13597	15244	ArnT_peptide_antibiotic	8	1647	1647	1.0000000
barcode24_1405Gb	contig_26792	11780	13529	msbA_nitroimidazole_antibiotic	9	1749	1749	1.0000000
barcode24_1405Gb	contig_27143	240	1032	Erm(51)_macrolide_antibiotic;_lincosamide_antibiotic;_streptogramin_antibiotic;_streptogramin_B_antibiotic	3	792	792	1.0000000
barcode24_1405Gb	contig_27163	27746	28082	qacG_disinfecting_agents_and_antiseptics	6	336	336	1.0000000
barcode24_1405Gb	contig_27228	14147	15125	leuO_nucleoside_antibiotic;_disinfecting_agents_and_antiseptics	9	978	978	1.0000000
barcode24_1405Gb	contig_27309	2546	2960	H-NS_macrolide_antibiotic;_fluoroquinolone_antibiotic;_cephalosporin;_cephamycin;_penam;_tetracycline_antibiotic	9	414	414	1.0000000
barcode24_1405Gb	contig_27398	16045	16681	FosA8_phosphonic_acid_antibiotic	17	636	636	1.0000000
barcode24_1405Gb	contig_27444	0	597	lnuA_lincosamide_antibiotic	9	597	597	1.0000000
barcode24_1405Gb	contig_27928	16148	17912	Haemophilus influenzae PBP3 conferring resistance to beta-lactam antibiotics_cephalosporin;_cephamycin;_penam	4	1764	1764	1.0000000
barcode24_1405Gb	contig_28022	17950	20320	LptD_carbapenem;_peptide_antibiotic;_aminocoumarin_antibiotic;_rifamycin_antibiotic	7	2370	2370	1.0000000
barcode24_1405Gb	contig_28035	9287	9920	CRP_macrolide_antibiotic;_fluoroquinolone_antibiotic;_penam	8	633	633	1.0000000
barcode24_1405Gb	contig_28066	3056	3779	baeR_aminoglycoside_antibiotic;_aminocoumarin_antibiotic	11	723	723	1.0000000
barcode24_1405Gb	contig_28112	18909	20205	ramA_fluoroquinolone_antibiotic;_monobactam;_carbapenem;_cephalosporin;_glycylcycline;_cephamycin;_penam;_tetracycline_antibiotic;_rifamycin_antibiotic;_phenicol_antibiotic;_penem;_disinfecting_agents_and_antiseptics	16	1296	1296	1.0000000
barcode24_1405Gb	contig_2820	113	446	qacL_disinfecting_agents_and_antiseptics	27	333	333	1.0000000
barcode24_1405Gb	contig_2820	534	1090	AAC(6')-Ib4_aminoglycoside_antibiotic	73	556	556	1.0000000
barcode24_1405Gb	contig_28302	12674	12863	rsmA_fluoroquinolone_antibiotic;_diaminopyrimidine_antibiotic;_phenicol_antibiotic	146	189	189	1.0000000
barcode24_1405Gb	contig_28354	749	1988	Mrx_macrolide_antibiotic	85	1239	1239	1.0000000
barcode24_1405Gb	contig_28354	1984	2851	mphA_macrolide_antibiotic	104	867	867	1.0000000
barcode24_1405Gb	contig_28421	1248	2106	LAP-2_cephalosporin;_penam;_penem	85	858	858	1.0000000
barcode24_1405Gb	contig_28486	15966	16875	NDM-44_carbapenem;_cephalosporin;_cephamycin;_penam	263	909	909	1.0000000
barcode24_1405Gb	contig_28618	16202	19367	adeF_fluoroquinolone_antibiotic;_tetracycline_antibiotic	67	3165	3165	1.0000000
barcode24_1405Gb	contig_28720	42	906	GES-11_carbapenem;_cephalosporin;_penam	138	864	864	1.0000000
barcode24_1405Gb	contig_28720	952	1508	AAC(6')-Ib4_aminoglycoside_antibiotic	77	556	556	1.0000000
barcode24_1405Gb	contig_28720	1602	2061	dfrA15b_diaminopyrimidine_antibiotic	15	459	459	1.0000000
barcode24_1405Gb	contig_29019	4945	5446	vanY gene in vanB cluster_glycopeptide_antibiotic	3	501	501	1.0000000
barcode24_1405Gb	contig_29021	4376	6842	vanT gene in vanG cluster_glycopeptide_antibiotic	10	2466	2466	1.0000000
barcode24_1405Gb	contig_29022	4105	6571	vanT gene in vanG cluster_glycopeptide_antibiotic	19	2466	2466	1.0000000
barcode24_1405Gb	contig_29054	18173	18806	CRP_macrolide_antibiotic;_fluoroquinolone_antibiotic;_penam	7	633	633	1.0000000
barcode24_1405Gb	contig_29067	7045	7921	KLUC-1_cephalosporin	7	876	876	1.0000000
barcode24_1405Gb	contig_29116	9513	10611	vanG_glycopeptide_antibiotic	6	1098	1098	1.0000000
barcode24_1405Gb	contig_29228	16029	17796	Haemophilus influenzae PBP3 conferring resistance to beta-lactam antibiotics_cephalosporin;_cephamycin;_penam	6	1767	1767	1.0000000
barcode24_1405Gb	contig_29231	1042	1363	Klebsiella pneumoniae KpnF_macrolide_antibiotic;_aminoglycoside_antibiotic;_cephalosporin;_tetracycline_antibiotic;_peptide_antibiotic;_rifamycin_antibiotic;_disinfecting_agents_and_antiseptics	5	321	321	1.0000000
barcode24_1405Gb	contig_29231	1349	1712	Klebsiella pneumoniae KpnE_macrolide_antibiotic;_aminoglycoside_antibiotic;_cephalosporin;_tetracycline_antibiotic;_peptide_antibiotic;_rifamycin_antibiotic;_disinfecting_agents_and_antiseptics	5	363	363	1.0000000
barcode24_1405Gb	contig_2928	152134	153223	vanT gene in vanG cluster_glycopeptide_antibiotic	48	1089	1089	1.0000000
barcode24_1405Gb	contig_29628	407	1052	QnrD1_fluoroquinolone_antibiotic	18	645	645	1.0000000
barcode24_1405Gb	contig_29673	5879	6212	qacL_disinfecting_agents_and_antiseptics	25	333	333	1.0000000
barcode24_1405Gb	contig_29723	10495	10825	Klebsiella pneumoniae KpnF_macrolide_antibiotic;_aminoglycoside_antibiotic;_cephalosporin;_tetracycline_antibiotic;_peptide_antibiotic;_rifamycin_antibiotic;_disinfecting_agents_and_antiseptics	17	330	330	1.0000000
barcode24_1405Gb	contig_29723	10811	11174	Klebsiella pneumoniae KpnE_macrolide_antibiotic;_aminoglycoside_antibiotic;_cephalosporin;_tetracycline_antibiotic;_peptide_antibiotic;_rifamycin_antibiotic;_disinfecting_agents_and_antiseptics	15	363	363	1.0000000
barcode24_1405Gb	contig_29734	22835	23165	Escherichia coli soxS with mutation conferring antibiotic resistance_fluoroquinolone_antibiotic;_monobactam;_carbapenem;_cephalosporin;_glycylcycline;_cephamycin;_penam;_tetracycline_antibiotic;_rifamycin_antibiotic;_phenicol_antibiotic;_penem;_disinfecting_agents_and_antiseptics	11	330	330	1.0000000
barcode24_1405Gb	contig_29790	869	1733	aadS_aminoglycoside_antibiotic	295	864	864	1.0000000
barcode24_1405Gb	contig_29798	20899	22297	Escherichia coli UhpT with mutation conferring resistance to fosfomycin_phosphonic_acid_antibiotic	9	1398	1398	1.0000000
barcode24_1405Gb	contig_29832	1258	1591	qacG_disinfecting_agents_and_antiseptics	15	333	333	1.0000000
barcode24_1405Gb	contig_29885	2783	3113	qacG_disinfecting_agents_and_antiseptics	55	330	330	1.0000000
barcode24_1405Gb	contig_3054	62625	65775	adeF_fluoroquinolone_antibiotic;_tetracycline_antibiotic	55	3150	3150	1.0000000
barcode24_1405Gb	contig_3128	17060	17945	mphE_macrolide_antibiotic	304	885	885	1.0000000
barcode24_1405Gb	contig_3200	26789	27119	qacG_disinfecting_agents_and_antiseptics	35	330	330	1.0000000
barcode24_1405Gb	contig_3286	93	1299	tet(B)_tetracycline_antibiotic	10	1206	1206	1.0000000
barcode24_1405Gb	contig_3286	1380	2004	tetR_tetracycline_antibiotic	15	624	624	1.0000000
barcode24_1405Gb	contig_3468	314	887	AAC(6')-Ian_aminoglycoside_antibiotic	57	573	573	1.0000000
barcode24_1405Gb	contig_3831	1	1051	vanT gene in vanG cluster_glycopeptide_antibiotic	28	1050	1050	1.0000000
barcode24_1405Gb	contig_3905	6077	7070	vanH gene in vanA cluster_glycopeptide_antibiotic	193	993	993	1.0000000
barcode24_1405Gb	contig_4064	17246	18071	OXA-644_carbapenem;_penam	617	825	825	1.0000000
barcode24_1405Gb	contig_4473	128933	129278	qacG_disinfecting_agents_and_antiseptics	47	345	345	1.0000000
barcode24_1405Gb	contig_4473	422495	422825	qacG_disinfecting_agents_and_antiseptics	34	330	330	1.0000000
barcode24_1405Gb	contig_4652	239	773	ANT(2'')-Ia_aminoglycoside_antibiotic	76	534	534	1.0000000
barcode24_1405Gb	contig_4652	1177	1957	APH(3')-VIa_aminoglycoside_antibiotic	130	780	780	1.0000000
barcode24_1405Gb	contig_4761	19549	20314	vanY gene in vanM cluster_glycopeptide_antibiotic	69	765	765	1.0000000
barcode24_1405Gb	contig_4761	115515	116280	vanY gene in vanM cluster_glycopeptide_antibiotic	81	765	765	1.0000000
barcode24_1405Gb	contig_4841	36249	36504	rsmA_fluoroquinolone_antibiotic;_diaminopyrimidine_antibiotic;_phenicol_antibiotic	47	255	255	1.0000000
barcode24_1405Gb	contig_5036	19	847	OXA-2_carbapenem;_cephalosporin;_penam	46	828	828	1.0000000
barcode24_1405Gb	contig_5073	116972	117407	Escherichia coli AcrAB-TolC with MarR mutations conferring resistance to ciprofloxacin and tetracycline_fluoroquinolone_antibiotic;_cephalosporin;_glycylcycline;_penam;_tetracycline_antibiotic;_rifamycin_antibiotic;_phenicol_antibiotic;_disinfecting_agents_and_antiseptics	25	435	435	1.0000000
barcode24_1405Gb	contig_5073	117427	117808	marA_fluoroquinolone_antibiotic;_monobactam;_carbapenem;_cephalosporin;_glycylcycline;_cephamycin;_penam;_tetracycline_antibiotic;_rifamycin_antibiotic;_phenicol_antibiotic;_penem;_disinfecting_agents_and_antiseptics	32	381	381	1.0000000
barcode24_1405Gb	contig_5073	137908	138769	OKP-A-11_cephalosporin;_penam	22	861	861	1.0000000
barcode24_1405Gb	contig_5397	143908	145675	Haemophilus influenzae PBP3 conferring resistance to beta-lactam antibiotics_cephalosporin;_cephamycin;_penam	73	1767	1767	1.0000000
barcode24_1405Gb	contig_5397	151914	152865	leuO_nucleoside_antibiotic;_disinfecting_agents_and_antiseptics	54	951	951	1.0000000
barcode24_1405Gb	contig_5397	184619	186989	LptD_carbapenem;_peptide_antibiotic;_aminocoumarin_antibiotic;_rifamycin_antibiotic	56	2370	2370	1.0000000
barcode24_1405Gb	contig_5417	53	587	ANT(2'')-Ia_aminoglycoside_antibiotic	25	534	534	1.0000000
barcode24_1405Gb	contig_5418	117	981	GES-1_carbapenem;_cephalosporin;_penam	140	864	864	1.0000000
barcode24_1405Gb	contig_5532	33148	33988	sul1_sulfonamide_antibiotic	408	840	840	1.0000000
barcode24_1405Gb	contig_5532	33981	34329	qacEdelta1_disinfecting_agents_and_antiseptics	382	348	348	1.0000000
barcode24_1405Gb	contig_5532	35410	35863	arr-3_rifamycin_antibiotic	212	453	453	1.0000000
barcode24_1405Gb	contig_5819	220519	223690	adeF_fluoroquinolone_antibiotic;_tetracycline_antibiotic	13	3171	3171	1.0000000
barcode24_1405Gb	contig_5834	1643	2324	QnrB6_fluoroquinolone_antibiotic	13	681	681	1.0000000
barcode24_1405Gb	contig_5858	149	515	qacG_disinfecting_agents_and_antiseptics	69	366	366	1.0000000
barcode24_1405Gb	contig_5977	33763	35068	Acinetobacter baumannii AbaQ_fluoroquinolone_antibiotic	24	1305	1305	1.0000000
barcode24_1405Gb	contig_6056	47817	49512	eptB_peptide_antibiotic	58	1695	1695	1.0000000
barcode24_1405Gb	contig_6086	16176	17013	APH(6)-Id_aminoglycoside_antibiotic	402	837	837	1.0000000
barcode24_1405Gb	contig_6086	30638	31433	rmtG_aminoglycoside_antibiotic	6	795	795	1.0000000
barcode24_1405Gb	contig_6188	19	493	dfrA1_diaminopyrimidine_antibiotic	19	474	474	1.0000000
barcode24_1405Gb	contig_6204	9630	10065	Escherichia coli AcrAB-TolC with MarR mutations conferring resistance to ciprofloxacin and tetracycline_fluoroquinolone_antibiotic;_cephalosporin;_glycylcycline;_penam;_tetracycline_antibiotic;_rifamycin_antibiotic;_phenicol_antibiotic;_disinfecting_agents_and_antiseptics	4	435	435	1.0000000
barcode24_1405Gb	contig_6204	10083	10467	marA_fluoroquinolone_antibiotic;_monobactam;_carbapenem;_cephalosporin;_glycylcycline;_cephamycin;_penam;_tetracycline_antibiotic;_rifamycin_antibiotic;_phenicol_antibiotic;_penem;_disinfecting_agents_and_antiseptics	6	384	384	1.0000000
barcode24_1405Gb	contig_6204	50247	50577	Klebsiella pneumoniae KpnF_macrolide_antibiotic;_aminoglycoside_antibiotic;_cephalosporin;_tetracycline_antibiotic;_peptide_antibiotic;_rifamycin_antibiotic;_disinfecting_agents_and_antiseptics	7	330	330	1.0000000
barcode24_1405Gb	contig_6204	50563	50926	Klebsiella pneumoniae KpnE_macrolide_antibiotic;_aminoglycoside_antibiotic;_cephalosporin;_tetracycline_antibiotic;_peptide_antibiotic;_rifamycin_antibiotic;_disinfecting_agents_and_antiseptics	7	363	363	1.0000000
barcode24_1405Gb	contig_6515	1168	1942	armA_aminoglycoside_antibiotic	53	774	774	1.0000000
barcode24_1405Gb	contig_6614	240686	241508	OXA-563_carbapenem;_penam	34	822	822	1.0000000
barcode24_1405Gb	contig_6614	707484	707739	rsmA_fluoroquinolone_antibiotic;_diaminopyrimidine_antibiotic;_phenicol_antibiotic	49	255	255	1.0000000
barcode24_1405Gb	contig_6614	1455141	1456242	LpsB_peptide_antibiotic	49	1101	1101	1.0000000
barcode24_1405Gb	contig_6614	1498856	1500203	abeM_fluoroquinolone_antibiotic;_disinfecting_agents_and_antiseptics	58	1347	1347	1.0000000
barcode24_1405Gb	contig_6614	1696101	1698321	Acinetobacter baumannii parC conferring resistance to fluoroquinolones_fluoroquinolone_antibiotic	50	2220	2220	1.0000000
barcode24_1405Gb	contig_6614	2703989	2707166	adeJ_macrolide_antibiotic;_fluoroquinolone_antibiotic;_lincosamide_antibiotic;_carbapenem;_cephalosporin;_tetracycline_antibiotic;_rifamycin_antibiotic;_diaminopyrimidine_antibiotic;_phenicol_antibiotic;_penem	45	3177	3177	1.0000000
barcode24_1405Gb	contig_6614	2707178	2708426	adeI_macrolide_antibiotic;_fluoroquinolone_antibiotic;_lincosamide_antibiotic;_carbapenem;_cephalosporin;_tetracycline_antibiotic;_rifamycin_antibiotic;_diaminopyrimidine_antibiotic;_phenicol_antibiotic;_penem	48	1248	1248	1.0000000
barcode24_1405Gb	contig_6614	3089703	3090855	ADC-70_cephalosporin	27	1152	1152	1.0000000
barcode24_1405Gb	contig_6614	3195021	3198201	adeF_fluoroquinolone_antibiotic;_tetracycline_antibiotic	39	3180	3180	1.0000000
barcode24_1405Gb	contig_6614	3204007	3204337	abeS_macrolide_antibiotic;_aminocoumarin_antibiotic	36	330	330	1.0000000
barcode24_1405Gb	contig_6614	3467895	3469374	Acinetobacter baumannii AmvA_macrolide_antibiotic;_disinfecting_agents_and_antiseptics	32	1479	1479	1.0000000
barcode24_1405Gb	contig_6660	6482	7295	NDM-1_carbapenem;_cephalosporin;_cephamycin;_penam	197	813	813	1.0000000
barcode24_1405Gb	contig_6725	99615	99945	Escherichia coli soxS with mutation conferring antibiotic resistance_fluoroquinolone_antibiotic;_monobactam;_carbapenem;_cephalosporin;_glycylcycline;_cephamycin;_penam;_tetracycline_antibiotic;_rifamycin_antibiotic;_phenicol_antibiotic;_penem;_disinfecting_agents_and_antiseptics	13	330	330	1.0000000
barcode24_1405Gb	contig_6734	11321	13787	vanT gene in vanG cluster_glycopeptide_antibiotic	96	2466	2466	1.0000000
barcode24_1405Gb	contig_6769	75570	75825	rsmA_fluoroquinolone_antibiotic;_diaminopyrimidine_antibiotic;_phenicol_antibiotic	520	255	255	1.0000000
barcode24_1405Gb	contig_6788	192710	193895	Escherichia coli EF-Tu mutants conferring resistance to Pulvomycin_elfamycin_antibiotic	130	1185	1185	1.0000000
barcode24_1405Gb	contig_6788	211918	213103	Escherichia coli EF-Tu mutants conferring resistance to Pulvomycin_elfamycin_antibiotic	127	1185	1185	1.0000000
barcode24_1405Gb	contig_6832	4553	5414	AAC(3)-IIe_aminoglycoside_antibiotic	106	861	861	1.0000000
barcode24_1405Gb	contig_6832	5648	6515	SCO-1_cephalosporin;_penam;_penem	101	867	867	1.0000000
barcode24_1405Gb	contig_6850	1629	2469	sul1_sulfonamide_antibiotic	268	840	840	1.0000000
barcode24_1405Gb	contig_6850	2462	2810	qacEdelta1_disinfecting_agents_and_antiseptics	240	348	348	1.0000000
barcode24_1405Gb	contig_6850	3513	3987	dfrA1_diaminopyrimidine_antibiotic	47	474	474	1.0000000
barcode24_1405Gb	contig_6850	5219	6419	tet(A)_tetracycline_antibiotic	129	1200	1200	1.0000000
barcode24_1405Gb	contig_6913	45742	47134	Escherichia coli UhpT with mutation conferring resistance to fosfomycin_phosphonic_acid_antibiotic	24	1392	1392	1.0000000
barcode24_1405Gb	contig_6917	482	1139	QnrVC1_fluoroquinolone_antibiotic	90	657	657	1.0000000
barcode24_1405Gb	contig_6917	1297	1771	dfrA6_diaminopyrimidine_antibiotic	66	474	474	1.0000000
barcode24_1405Gb	contig_6927	4905	5250	qacG_disinfecting_agents_and_antiseptics	487	345	345	1.0000000
barcode24_1405Gb	contig_6970	50286	51471	Escherichia coli EF-Tu mutants conferring resistance to Pulvomycin_elfamycin_antibiotic	88	1185	1185	1.0000000
barcode24_1405Gb	contig_7015	127263	129012	msbA_nitroimidazole_antibiotic	14	1749	1749	1.0000000
barcode24_1405Gb	contig_7018	202105	202360	rsmA_fluoroquinolone_antibiotic;_diaminopyrimidine_antibiotic;_phenicol_antibiotic	27	255	255	1.0000000
barcode24_1405Gb	contig_7021	15176	15506	Escherichia coli soxS with mutation conferring antibiotic resistance_fluoroquinolone_antibiotic;_monobactam;_carbapenem;_cephalosporin;_glycylcycline;_cephamycin;_penam;_tetracycline_antibiotic;_rifamycin_antibiotic;_phenicol_antibiotic;_penem;_disinfecting_agents_and_antiseptics	20	330	330	1.0000000
barcode24_1405Gb	contig_7036	2084	3599	aadT_macrolide_antibiotic;_tetracycline_antibiotic;_disinfecting_agents_and_antiseptics	178	1515	1515	1.0000000
barcode24_1405Gb	contig_7053	16218	17103	mphG_macrolide_antibiotic	45	885	885	1.0000000
barcode24_1405Gb	contig_7053	17106	18330	mef(C)_macrolide_antibiotic;_tetracycline_antibiotic	33	1224	1224	1.0000000
barcode24_1405Gb	contig_7111	8348	9164	sul2_sulfonamide_antibiotic	348	816	816	1.0000000
barcode24_1405Gb	contig_7111	17804	19280	msrE_macrolide_antibiotic;_streptogramin_antibiotic	382	1476	1476	1.0000000
barcode24_1405Gb	contig_7111	19335	20220	mphE_macrolide_antibiotic	337	885	885	1.0000000
barcode24_1405Gb	contig_7111	21941	23156	floR_phenicol_antibiotic	214	1215	1215	1.0000000
barcode24_1405Gb	contig_7111	144935	146103	tet(X3)_glycylcycline;_tetracycline_antibiotic	109	1168	1168	1.0000000
barcode24_1405Gb	contig_7111	149477	150293	sul2_sulfonamide_antibiotic	434	816	816	1.0000000
barcode24_1405Gb	contig_7111	155596	156463	SCO-1_cephalosporin;_penam;_penem	64	867	867	1.0000000
barcode24_1405Gb	contig_7193	11257	12139	KPC-2_monobactam;_carbapenem;_cephalosporin;_penam	75	882	882	1.0000000
barcode24_1405Gb	contig_7193	18566	19223	QnrVC1_fluoroquinolone_antibiotic	56	657	657	1.0000000
barcode24_1405Gb	contig_7194	31	490	AAC(6')-Il_aminoglycoside_antibiotic	153	459	459	1.0000000
barcode24_1405Gb	contig_7206	130177	130810	CRP_macrolide_antibiotic;_fluoroquinolone_antibiotic;_penam	40	633	633	1.0000000
barcode24_1405Gb	contig_7206	153911	155096	Escherichia coli EF-Tu mutants conferring resistance to Pulvomycin_elfamycin_antibiotic	123	1185	1185	1.0000000
barcode24_1405Gb	contig_7209	72380	73454	vanT gene in vanG cluster_glycopeptide_antibiotic	97	1074	1074	1.0000000
barcode24_1405Gb	contig_7232	49677	50592	vanW gene in vanG cluster_glycopeptide_antibiotic	628	915	915	1.0000000
barcode24_1405Gb	contig_7255	126351	127074	baeR_aminoglycoside_antibiotic;_aminocoumarin_antibiotic	5	723	723	1.0000000
barcode24_1405Gb	contig_7255	132992	136115	mdtB_aminocoumarin_antibiotic	5	3123	3123	1.0000000
barcode24_1405Gb	contig_7255	184094	185261	ugd_peptide_antibiotic	12	1167	1167	1.0000000
barcode24_1405Gb	contig_7268	58897	60094	Shigella flexneri acrA_fluoroquinolone_antibiotic;_cephalosporin;_glycylcycline;_penam;_tetracycline_antibiotic;_rifamycin_antibiotic;_phenicol_antibiotic;_disinfecting_agents_and_antiseptics	15	1197	1197	1.0000000
barcode24_1405Gb	contig_7268	167391	168552	vanG_glycopeptide_antibiotic	10	1161	1161	1.0000000
barcode24_1405Gb	contig_7272	152029	153214	Escherichia coli EF-Tu mutants conferring resistance to Pulvomycin_elfamycin_antibiotic	198	1185	1185	1.0000000
barcode24_1405Gb	contig_7272	444911	446303	Escherichia coli UhpT with mutation conferring resistance to fosfomycin_phosphonic_acid_antibiotic	41	1392	1392	1.0000000
barcode24_1405Gb	contig_7284	96158	97391	Escherichia coli mdfA_tetracycline_antibiotic;_disinfecting_agents_and_antiseptics	11	1233	1233	1.0000000
barcode24_1405Gb	contig_7336	10190	12572	vanT gene in vanG cluster_glycopeptide_antibiotic	46	2382	2382	1.0000000
barcode24_1405Gb	contig_7380	70016	71210	Shigella flexneri acrA_fluoroquinolone_antibiotic;_cephalosporin;_glycylcycline;_penam;_tetracycline_antibiotic;_rifamycin_antibiotic;_phenicol_antibiotic;_disinfecting_agents_and_antiseptics	13	1194	1194	1.0000000
barcode24_1405Gb	contig_7380	71232	74382	acrB_fluoroquinolone_antibiotic;_cephalosporin;_glycylcycline;_penam;_tetracycline_antibiotic;_rifamycin_antibiotic;_phenicol_antibiotic;_disinfecting_agents_and_antiseptics	9	3150	3150	1.0000000
barcode24_1405Gb	contig_7407	1240	2101	AAC(3)-IId_aminoglycoside_antibiotic	61	861	861	1.0000000
barcode24_1405Gb	contig_7439	175	523	qacEdelta1_disinfecting_agents_and_antiseptics	95	348	348	1.0000000
barcode24_1405Gb	contig_7439	2738	3539	OXA-10_cephalosporin;_penam	42	801	801	1.0000000
barcode24_1405Gb	contig_7439	3803	4961	cmlA5_phenicol_antibiotic	24	1158	1158	1.0000000
barcode24_1405Gb	contig_7445	66630	67518	vanW gene in vanG cluster_glycopeptide_antibiotic	26	888	888	1.0000000
barcode24_1405Gb	contig_7472	1133	1934	ErmF_macrolide_antibiotic;_lincosamide_antibiotic;_streptogramin_antibiotic;_streptogramin_A_antibiotic;_streptogramin_B_antibiotic	118	801	801	1.0000000
barcode24_1405Gb	contig_7503	9846	11031	Escherichia coli EF-Tu mutants conferring resistance to Pulvomycin_elfamycin_antibiotic	80	1185	1185	1.0000000
barcode24_1405Gb	contig_7516	4922	5252	qacG_disinfecting_agents_and_antiseptics	16	330	330	1.0000000
barcode24_1405Gb	contig_7589	1221	1827	AAC(6')-Ib10_aminoglycoside_antibiotic	68	606	606	1.0000000
barcode24_1405Gb	contig_7589	1908	2685	aadA_aminoglycoside_antibiotic	76	777	777	1.0000000
barcode24_1405Gb	contig_7589	5423	6284	TEM-1_monobactam;_cephalosporin;_penam;_penem	149	861	861	1.0000000
barcode24_1405Gb	contig_7620	27469	27910	AAC(6')-Ic_aminoglycoside_antibiotic	6	441	441	1.0000000
barcode24_1405Gb	contig_7631	46383	47607	mef(C)_macrolide_antibiotic;_tetracycline_antibiotic	45	1224	1224	1.0000000
barcode24_1405Gb	contig_7631	47610	48495	mphG_macrolide_antibiotic	44	885	885	1.0000000
barcode24_1405Gb	contig_7690	52	625	AAC(6')-Ian_aminoglycoside_antibiotic	6	573	573	1.0000000
barcode24_1405Gb	contig_7767	75457	76420	CfxA6_cephamycin	41	963	963	1.0000000
barcode24_1405Gb	contig_7844	5778	8244	vanT gene in vanG cluster_glycopeptide_antibiotic	74	2466	2466	1.0000000
barcode24_1405Gb	contig_7874	1864	2209	qacG_disinfecting_agents_and_antiseptics	417	345	345	1.0000000
barcode24_1405Gb	contig_7875	1551	2412	SHV-12_carbapenem;_cephalosporin;_penam	43	861	861	1.0000000
barcode24_1405Gb	contig_7876	29615	30050	Escherichia coli AcrAB-TolC with MarR mutations conferring resistance to ciprofloxacin and tetracycline_fluoroquinolone_antibiotic;_cephalosporin;_glycylcycline;_penam;_tetracycline_antibiotic;_rifamycin_antibiotic;_phenicol_antibiotic;_disinfecting_agents_and_antiseptics	10	435	435	1.0000000
barcode24_1405Gb	contig_7876	30070	30445	marA_fluoroquinolone_antibiotic;_monobactam;_carbapenem;_cephalosporin;_glycylcycline;_cephamycin;_penam;_tetracycline_antibiotic;_rifamycin_antibiotic;_phenicol_antibiotic;_penem;_disinfecting_agents_and_antiseptics	13	375	375	1.0000000
barcode24_1405Gb	contig_7876	50546	51407	SHV-5_carbapenem;_cephalosporin;_penam	65	861	861	1.0000000
barcode24_1405Gb	contig_7876	91438	91768	Klebsiella pneumoniae KpnF_macrolide_antibiotic;_aminoglycoside_antibiotic;_cephalosporin;_tetracycline_antibiotic;_peptide_antibiotic;_rifamycin_antibiotic;_disinfecting_agents_and_antiseptics	16	330	330	1.0000000
barcode24_1405Gb	contig_7876	91754	92117	Klebsiella pneumoniae KpnE_macrolide_antibiotic;_aminoglycoside_antibiotic;_cephalosporin;_tetracycline_antibiotic;_peptide_antibiotic;_rifamycin_antibiotic;_disinfecting_agents_and_antiseptics	18	363	363	1.0000000
barcode24_1405Gb	contig_7903	25149	25965	vanY gene in vanA cluster_glycopeptide_antibiotic	68	816	816	1.0000000
barcode24_1405Gb	contig_7980	199371	199557	rsmA_fluoroquinolone_antibiotic;_diaminopyrimidine_antibiotic;_phenicol_antibiotic	23	186	186	1.0000000
barcode24_1405Gb	contig_7980	207660	208191	emrR_fluoroquinolone_antibiotic	11	531	531	1.0000000
barcode24_1405Gb	contig_8013	15245	15500	rsmA_fluoroquinolone_antibiotic;_diaminopyrimidine_antibiotic;_phenicol_antibiotic	15	255	255	1.0000000
barcode24_1405Gb	contig_8077	905	1745	sul1_sulfonamide_antibiotic	190	840	840	1.0000000
barcode24_1405Gb	contig_8077	1738	2086	qacEdelta1_disinfecting_agents_and_antiseptics	235	348	348	1.0000000
barcode24_1405Gb	contig_8077	3450	3948	dfrA12_diaminopyrimidine_antibiotic	88	498	498	1.0000000
barcode24_1405Gb	contig_8077	32558	33353	OXA-780_penam	118	795	795	1.0000000
barcode24_1405Gb	contig_8086	135635	137951	LptD_carbapenem;_peptide_antibiotic;_aminocoumarin_antibiotic;_rifamycin_antibiotic	56	2316	2316	1.0000000
barcode24_1405Gb	contig_8103	25105	26305	tet(A)_tetracycline_antibiotic	52	1200	1200	1.0000000
barcode24_1405Gb	contig_8109	13135	16300	adeF_fluoroquinolone_antibiotic;_tetracycline_antibiotic	67	3165	3165	1.0000000
barcode24_1405Gb	contig_8179	22471	23617	CMY-70_cephamycin	8	1146	1146	1.0000000
barcode24_1405Gb	contig_8190	30685	31120	Escherichia coli AcrAB-TolC with MarR mutations conferring resistance to ciprofloxacin and tetracycline_fluoroquinolone_antibiotic;_cephalosporin;_glycylcycline;_penam;_tetracycline_antibiotic;_rifamycin_antibiotic;_phenicol_antibiotic;_disinfecting_agents_and_antiseptics	11	435	435	1.0000000
barcode24_1405Gb	contig_8190	31138	31522	marA_fluoroquinolone_antibiotic;_monobactam;_carbapenem;_cephalosporin;_glycylcycline;_cephamycin;_penam;_tetracycline_antibiotic;_rifamycin_antibiotic;_phenicol_antibiotic;_penem;_disinfecting_agents_and_antiseptics	11	384	384	1.0000000
barcode24_1405Gb	contig_8271	156777	157410	CRP_macrolide_antibiotic;_fluoroquinolone_antibiotic;_penam	15	633	633	1.0000000
barcode24_1405Gb	contig_8271	180670	181855	Escherichia coli EF-Tu mutants conferring resistance to Pulvomycin_elfamycin_antibiotic	128	1185	1185	1.0000000
barcode24_1405Gb	contig_8284	112289	115403	acrD_aminoglycoside_antibiotic	16	3114	3114	1.0000000
barcode24_1405Gb	contig_8287	2840	3701	TEM-1_monobactam;_cephalosporin;_penam;_penem	216	861	861	1.0000000
barcode24_1405Gb	contig_8287	3842	4703	AAC(3)-IIe_aminoglycoside_antibiotic	108	861	861	1.0000000
barcode24_1405Gb	contig_8294	4815	5145	Escherichia coli soxS with mutation conferring antibiotic resistance_fluoroquinolone_antibiotic;_monobactam;_carbapenem;_cephalosporin;_glycylcycline;_cephamycin;_penam;_tetracycline_antibiotic;_rifamycin_antibiotic;_phenicol_antibiotic;_penem;_disinfecting_agents_and_antiseptics	40	330	330	1.0000000
barcode24_1405Gb	contig_8333	54552	57018	vanT gene in vanG cluster_glycopeptide_antibiotic	31	2466	2466	1.0000000
barcode24_1405Gb	contig_8374	8005	9520	aadT_macrolide_antibiotic;_tetracycline_antibiotic;_disinfecting_agents_and_antiseptics	89	1515	1515	1.0000000
barcode24_1405Gb	contig_8438	46173	49287	acrD_aminoglycoside_antibiotic	30	3114	3114	1.0000000
barcode24_1405Gb	contig_8526	110	974	aadS_aminoglycoside_antibiotic	285	864	864	1.0000000
barcode24_1405Gb	contig_8551	105317	106388	OmpA_peptide_antibiotic	20	1071	1071	1.0000000
barcode24_1405Gb	contig_8551	147731	149480	msbA_nitroimidazole_antibiotic	15	1749	1749	1.0000000
barcode24_1405Gb	contig_8609	9527	10718	tet(C)_tetracycline_antibiotic	21	1191	1191	1.0000000
barcode24_1405Gb	contig_8609	14610	15390	aadA2_aminoglycoside_antibiotic	90	780	780	1.0000000
barcode24_1405Gb	contig_8609	15553	15901	qacEdelta1_disinfecting_agents_and_antiseptics	171	348	348	1.0000000
barcode24_1405Gb	contig_8641	85406	85751	qacG_disinfecting_agents_and_antiseptics	24	345	345	1.0000000
barcode24_1405Gb	contig_8652	2678	3905	EreD_macrolide_antibiotic	8	1227	1227	1.0000000
barcode24_1405Gb	contig_8653	23164	23944	APH(3')-VIa_aminoglycoside_antibiotic	354	780	780	1.0000000
barcode24_1405Gb	contig_8683	71588	72404	APH(3')-Ia_aminoglycoside_antibiotic	59	816	816	1.0000000
barcode24_1405Gb	contig_8690	96	429	qacJ_disinfecting_agents_and_antiseptics	18	333	333	1.0000000
barcode24_1405Gb	contig_8690	539	1385	aadA6_aminoglycoside_antibiotic	24	846	846	1.0000000
barcode24_1405Gb	contig_8690	1496	1829	qacJ_disinfecting_agents_and_antiseptics	17	333	333	1.0000000
barcode24_1405Gb	contig_8745	13236	14112	CTX-M-3_cephalosporin;_cephamycin;_penam	9	876	876	1.0000000
barcode24_1405Gb	contig_8858	1506	1980	dfrA6_diaminopyrimidine_antibiotic	70	474	474	1.0000000
barcode24_1405Gb	contig_8867	8993	9875	KPC-2_monobactam;_carbapenem;_cephalosporin;_penam	65	882	882	1.0000000
barcode24_1405Gb	contig_8867	12290	13070	APH(3')-VIa_aminoglycoside_antibiotic	219	780	780	1.0000000
barcode24_1405Gb	contig_8872	20589	21120	emrR_fluoroquinolone_antibiotic	33	531	531	1.0000000
barcode24_1405Gb	contig_8872	22439	23987	emrB_fluoroquinolone_antibiotic	30	1548	1548	1.0000000
barcode24_1405Gb	contig_8872	31009	31195	rsmA_fluoroquinolone_antibiotic;_diaminopyrimidine_antibiotic;_phenicol_antibiotic	36	186	186	1.0000000
barcode24_1405Gb	contig_8875	823	3697	adeF_fluoroquinolone_antibiotic;_tetracycline_antibiotic	5	2874	2874	1.0000000
barcode24_1405Gb	contig_8921	119675	121079	baeS_aminoglycoside_antibiotic;_aminocoumarin_antibiotic	33	1404	1404	1.0000000
barcode24_1405Gb	contig_8921	121075	121798	baeR_aminoglycoside_antibiotic;_aminocoumarin_antibiotic	35	723	723	1.0000000
barcode24_1405Gb	contig_8921	398207	401321	acrD_aminoglycoside_antibiotic	28	3114	3114	1.0000000
barcode24_1405Gb	contig_8921	438442	441595	oqxB_fluoroquinolone_antibiotic;_glycylcycline;_tetracycline_antibiotic;_diaminopyrimidine_antibiotic;_nitrofuran_antibiotic	24	3153	3153	1.0000000
barcode24_1405Gb	contig_8952	9410	10073	FosA2_phosphonic_acid_antibiotic	13	663	663	1.0000000
barcode24_1405Gb	contig_8981	21221	21944	baeR_aminoglycoside_antibiotic;_aminocoumarin_antibiotic	57	723	723	1.0000000
barcode24_1405Gb	contig_8981	24872	27950	mdtC_aminocoumarin_antibiotic	75	3078	3078	1.0000000
barcode24_1405Gb	contig_8981	27950	31073	mdtB_aminocoumarin_antibiotic	69	3123	3123	1.0000000
barcode24_1405Gb	contig_9008	118191	118554	Klebsiella pneumoniae KpnE_macrolide_antibiotic;_aminoglycoside_antibiotic;_cephalosporin;_tetracycline_antibiotic;_peptide_antibiotic;_rifamycin_antibiotic;_disinfecting_agents_and_antiseptics	16	363	363	1.0000000
barcode24_1405Gb	contig_9008	118540	118870	Klebsiella pneumoniae KpnF_macrolide_antibiotic;_aminoglycoside_antibiotic;_cephalosporin;_tetracycline_antibiotic;_peptide_antibiotic;_rifamycin_antibiotic;_disinfecting_agents_and_antiseptics	19	330	330	1.0000000
barcode24_1405Gb	contig_9008	150459	151335	PLA-2a_carbapenem;_cephalosporin	18	876	876	1.0000000
barcode24_1405Gb	contig_9009	12415	13180	cphA7_carbapenem	7	765	765	1.0000000
barcode24_1405Gb	contig_9044	13	1180	tet(X)_glycylcycline;_tetracycline_antibiotic	90	1167	1167	1.0000000
barcode24_1405Gb	contig_9044	1389	2190	ErmF_macrolide_antibiotic;_lincosamide_antibiotic;_streptogramin_antibiotic;_streptogramin_A_antibiotic;_streptogramin_B_antibiotic	274	801	801	1.0000000
barcode24_1405Gb	contig_9046	83934	84627	CRP_macrolide_antibiotic;_fluoroquinolone_antibiotic;_penam	4	693	693	1.0000000
barcode24_1405Gb	contig_9046	108974	110159	Escherichia coli EF-Tu mutants conferring resistance to Pulvomycin_elfamycin_antibiotic	8	1185	1185	1.0000000
barcode24_1405Gb	contig_9053	106624	109039	Morganella morganii gyrB conferring resistance to fluoroquinolones_fluoroquinolone_antibiotic	32	2415	2415	1.0000000
barcode24_1405Gb	contig_9053	142299	143691	Escherichia coli UhpT with mutation conferring resistance to fosfomycin_phosphonic_acid_antibiotic	42	1392	1392	1.0000000
barcode24_1405Gb	contig_9059	84922	85600	kdpE_aminoglycoside_antibiotic	16	678	678	1.0000000
barcode24_1405Gb	contig_9131	6851	7181	Escherichia coli soxS with mutation conferring antibiotic resistance_fluoroquinolone_antibiotic;_monobactam;_carbapenem;_cephalosporin;_glycylcycline;_cephamycin;_penam;_tetracycline_antibiotic;_rifamycin_antibiotic;_phenicol_antibiotic;_penem;_disinfecting_agents_and_antiseptics	39	330	330	1.0000000
barcode24_1405Gb	contig_9142	222664	223849	Escherichia coli EF-Tu mutants conferring resistance to Pulvomycin_elfamycin_antibiotic	34	1185	1185	1.0000000
barcode24_1405Gb	contig_9184	43226	44351	Klebsiella pneumoniae OmpK37_monobactam;_carbapenem;_cephalosporin;_cephamycin;_penam;_penem	32	1125	1125	1.0000000
barcode24_1405Gb	contig_9189	48551	51665	acrD_aminoglycoside_antibiotic	22	3114	3114	1.0000000
barcode24_1405Gb	contig_9214	993	1653	catA1_phenicol_antibiotic	31	660	660	1.0000000
barcode24_1405Gb	contig_9298	1315	1960	QnrB19_fluoroquinolone_antibiotic	173	645	645	1.0000000
barcode24_1405Gb	contig_9309	63362	63743	marA_fluoroquinolone_antibiotic;_monobactam;_carbapenem;_cephalosporin;_glycylcycline;_cephamycin;_penam;_tetracycline_antibiotic;_rifamycin_antibiotic;_phenicol_antibiotic;_penem;_disinfecting_agents_and_antiseptics	20	381	381	1.0000000
barcode24_1405Gb	contig_9309	63760	64195	Escherichia coli AcrAB-TolC with MarR mutations conferring resistance to ciprofloxacin and tetracycline_fluoroquinolone_antibiotic;_cephalosporin;_glycylcycline;_penam;_tetracycline_antibiotic;_rifamycin_antibiotic;_phenicol_antibiotic;_disinfecting_agents_and_antiseptics	23	435	435	1.0000000
barcode24_1405Gb	contig_9314	125292	126078	vanY gene in vanB cluster_glycopeptide_antibiotic	27	786	786	1.0000000
barcode24_1405Gb	contig_9396	297	756	AAC(6')-Il_aminoglycoside_antibiotic	94	459	459	1.0000000
barcode24_1405Gb	contig_9396	785	1244	AAC(6')-Il_aminoglycoside_antibiotic	54	459	459	1.0000000
barcode24_1405Gb	contig_9396	2551	3106	AAC(6')-Ib4_aminoglycoside_antibiotic	64	555	555	1.0000000
barcode24_1405Gb	contig_9396	3595	3943	qacEdelta1_disinfecting_agents_and_antiseptics	126	348	348	1.0000000
barcode24_1405Gb	contig_9396	3936	4737	sul1_sulfonamide_antibiotic	68	801	801	1.0000000
barcode24_1405Gb	contig_9397	298	757	AAC(6')-Il_aminoglycoside_antibiotic	120	459	459	1.0000000
barcode24_1405Gb	contig_9397	889	1348	AAC(6')-Il_aminoglycoside_antibiotic	85	459	459	1.0000000
barcode24_1405Gb	contig_9397	2206	2884	IMP-16_carbapenem;_cephalosporin;_cephamycin;_penam;_penem	42	678	678	1.0000000
barcode24_1405Gb	contig_9397	3022	3556	ANT(2'')-Ia_aminoglycoside_antibiotic	59	534	534	1.0000000
barcode24_1405Gb	contig_9397	3674	4505	OXA-4_cephalosporin;_penam	63	831	831	1.0000000
barcode24_1405Gb	contig_9397	4716	5064	qacEdelta1_disinfecting_agents_and_antiseptics	261	348	348	1.0000000
barcode24_1405Gb	contig_9397	5057	5897	sul1_sulfonamide_antibiotic	298	840	840	1.0000000
barcode24_1405Gb	contig_9399	54566	56315	msbA_nitroimidazole_antibiotic	11	1749	1749	1.0000000
barcode24_1405Gb	contig_9485	18132	18465	qacG_disinfecting_agents_and_antiseptics	6	333	333	1.0000000
barcode24_1405Gb	contig_9512	78998	79328	qacJ_disinfecting_agents_and_antiseptics	7	330	330	1.0000000
barcode24_1405Gb	contig_9522	8948	9737	aadA_aminoglycoside_antibiotic	116	789	789	1.0000000
barcode24_1405Gb	contig_9522	9794	10319	SAT-2_nucleoside_antibiotic	65	525	525	1.0000000
barcode24_1405Gb	contig_9539	22311	23133	bacA_peptide_antibiotic	17	822	822	1.0000000
barcode24_1405Gb	contig_9564	4679	5774	vanG_glycopeptide_antibiotic	12	1095	1095	1.0000000
barcode24_1405Gb	contig_9620	40427	41528	vanG_glycopeptide_antibiotic	19	1101	1101	1.0000000
barcode24_1405Gb	contig_9625	160611	160938	Escherichia coli soxS with mutation conferring antibiotic resistance_fluoroquinolone_antibiotic;_monobactam;_carbapenem;_cephalosporin;_glycylcycline;_cephamycin;_penam;_tetracycline_antibiotic;_rifamycin_antibiotic;_phenicol_antibiotic;_penem;_disinfecting_agents_and_antiseptics	15	327	327	1.0000000
barcode24_1405Gb	contig_9640	26202	27186	PmrF_peptide_antibiotic	13	984	984	1.0000000
barcode24_1405Gb	contig_9640	30063	31722	ArnT_peptide_antibiotic	7	1659	1659	1.0000000
barcode24_1405Gb	contig_9728	100762	102412	ArnT_peptide_antibiotic	11	1650	1650	1.0000000
barcode24_1405Gb	contig_9742	53	875	vanY gene in vanA cluster_glycopeptide_antibiotic	6	822	822	1.0000000
barcode24_1405Gb	contig_9776	57301	57487	rsmA_fluoroquinolone_antibiotic;_diaminopyrimidine_antibiotic;_phenicol_antibiotic	14	186	186	1.0000000
barcode24_1405Gb	contig_9806	1370	2297	PER-2_monobactam;_carbapenem;_cephalosporin;_penam;_penem	10	927	927	1.0000000
barcode24_1405Gb	contig_9807	281	1076	APH(3'')-Ib_aminoglycoside_antibiotic	126	795	795	1.0000000
barcode24_1405Gb	contig_9807	2517	3027	dfrA8_diaminopyrimidine_antibiotic	39	510	510	1.0000000
barcode24_1405Gb	contig_9818	111587	112685	vanG_glycopeptide_antibiotic	60	1098	1098	1.0000000
barcode24_1405Gb	contig_9831	3657	4380	baeR_aminoglycoside_antibiotic;_aminocoumarin_antibiotic	16	723	723	1.0000000
barcode24_1405Gb	contig_9831	7222	10300	mdtC_aminocoumarin_antibiotic	9	3078	3078	1.0000000
barcode24_1405Gb	contig_9831	10300	13423	mdtB_aminocoumarin_antibiotic	9	3123	3123	1.0000000
barcode24_1405Gb	contig_9873	4328	5111	LnuH_lincosamide_antibiotic	33	783	783	1.0000000
barcode24_1405Gb	contig_9873	5309	6476	tet(X3)_glycylcycline;_tetracycline_antibiotic	28	1167	1167	1.0000000
barcode24_1405Gb	contig_9894	2099	2939	sul1_sulfonamide_antibiotic	295	840	840	1.0000000
barcode24_1405Gb	contig_9894	2932	3280	qacEdelta1_disinfecting_agents_and_antiseptics	269	348	348	1.0000000
barcode24_1405Gb	contig_9894	3463	3937	dfrA14_diaminopyrimidine_antibiotic	96	474	474	1.0000000
barcode24_1405Gb	contig_9948	1109	2585	msrE_macrolide_antibiotic;_streptogramin_antibiotic	336	1476	1476	1.0000000
barcode24_1405Gb	contig_9948	2640	3525	mphE_macrolide_antibiotic	388	885	885	1.0000000
barcode24_1405Gb	contig_9964	1457	1931	dfrA1_diaminopyrimidine_antibiotic	15	474	474	1.0000000
