Muestra	Contig	Start	End	Feature	Conteo	Numero_bases_cubiertas	Longitud_del_gen	Fraccion_cubierta
barcode01_DS_3.8GB	contig_106	338677	341806	adeF_fluoroquinolone_antibiotic;_tetracycline_antibiotic	103	3129	3129	1.0000000
barcode01_DS_3.8GB	contig_1177	100146	100908	OXA-464_penam	43	762	762	1.0000000
barcode01_DS_3.8GB	contig_1310	10020	13149	adeF_fluoroquinolone_antibiotic;_tetracycline_antibiotic	20	3129	3129	1.0000000
barcode01_DS_3.8GB	contig_1380	37440	37971	emrR_fluoroquinolone_antibiotic	102	531	531	1.0000000
barcode01_DS_3.8GB	contig_1380	39287	40835	Klebsiella pneumoniae KpnH_macrolide_antibiotic;_fluoroquinolone_antibiotic;_aminoglycoside_antibiotic;_carbapenem;_cephalosporin;_penam;_peptide_antibiotic;_penem	96	1548	1548	1.0000000
barcode01_DS_3.8GB	contig_1380	48070	48256	rsmA_fluoroquinolone_antibiotic;_diaminopyrimidine_antibiotic;_phenicol_antibiotic	133	186	186	1.0000000
barcode01_DS_3.8GB	contig_1403	57130	57787	QnrVC1_fluoroquinolone_antibiotic	30	657	657	1.0000000
barcode01_DS_3.8GB	contig_1445	4575	5232	QnrVC1_fluoroquinolone_antibiotic	126	657	657	1.0000000
barcode01_DS_3.8GB	contig_1445	5561	6425	GES-1_carbapenem;_cephalosporin;_penam	114	864	864	1.0000000
barcode01_DS_3.8GB	contig_1445	6498	6957	AAC(6')-Il_aminoglycoside_antibiotic	127	459	459	1.0000000
barcode01_DS_3.8GB	contig_1490	13643	14594	leuO_nucleoside_antibiotic;_disinfecting_agents_and_antiseptics	9	951	951	1.0000000
barcode01_DS_3.8GB	contig_1539	518361	520812	vanT gene in vanG cluster_glycopeptide_antibiotic	24	2451	2451	1.0000000
barcode01_DS_3.8GB	contig_1548	91227	94356	adeF_fluoroquinolone_antibiotic;_tetracycline_antibiotic	77	3129	3129	1.0000000
barcode01_DS_3.8GB	contig_1573	47645	48779	EC-14_cephalosporin	15	1134	1134	1.0000000
barcode01_DS_3.8GB	contig_1573	91230	92874	eptA_peptide_antibiotic	7	1644	1644	1.0000000
barcode01_DS_3.8GB	contig_1607	138730	141853	mdtB_aminocoumarin_antibiotic	70	3123	3123	1.0000000
barcode01_DS_3.8GB	contig_1607	141853	144931	mdtC_aminocoumarin_antibiotic	74	3078	3078	1.0000000
barcode01_DS_3.8GB	contig_1607	146343	147747	baeS_aminoglycoside_antibiotic;_aminocoumarin_antibiotic	117	1404	1404	1.0000000
barcode01_DS_3.8GB	contig_1607	147743	148466	baeR_aminoglycoside_antibiotic;_aminocoumarin_antibiotic	111	723	723	1.0000000
barcode01_DS_3.8GB	contig_1607	307308	309945	Escherichia coli gyrA conferring resistance to fluoroquinolones_fluoroquinolone_antibiotic	88	2637	2637	1.0000000
barcode01_DS_3.8GB	contig_1614	7879	9073	PDC-16_monobactam;_carbapenem;_cephalosporin	7	1194	1194	1.0000000
barcode01_DS_3.8GB	contig_1677	77469	78249	APH(3')-VIa_aminoglycoside_antibiotic	16	780	780	1.0000000
barcode01_DS_3.8GB	contig_1848	2325	2958	CRP_macrolide_antibiotic;_fluoroquinolone_antibiotic;_penam	5	633	633	1.0000000
barcode01_DS_3.8GB	contig_1851	40837	41641	APH(3'')-Ib_aminoglycoside_antibiotic	26	804	804	1.0000000
barcode01_DS_3.8GB	contig_1861	78775	80068	vanW gene in vanG cluster_glycopeptide_antibiotic	11	1293	1293	1.0000000
barcode01_DS_3.8GB	contig_1867	699521	700850	vanW gene in vanI cluster_glycopeptide_antibiotic	12	1329	1329	1.0000000
barcode01_DS_3.8GB	contig_1873	4949	6869	tet(W)_tetracycline_antibiotic	34	1920	1920	1.0000000
barcode01_DS_3.8GB	contig_189	60220	63349	adeF_fluoroquinolone_antibiotic;_tetracycline_antibiotic	92	3129	3129	1.0000000
barcode01_DS_3.8GB	contig_1895	64880	66647	Haemophilus influenzae PBP3 conferring resistance to beta-lactam antibiotics_cephalosporin;_cephamycin;_penam	122	1767	1767	1.0000000
barcode01_DS_3.8GB	contig_1895	72809	73754	leuO_nucleoside_antibiotic;_disinfecting_agents_and_antiseptics	113	945	945	1.0000000
barcode01_DS_3.8GB	contig_1913	37722	38448	vanY gene in vanB cluster_glycopeptide_antibiotic	11	726	726	1.0000000
barcode01_DS_3.8GB	contig_1914	1	448	vanY gene in vanB cluster_glycopeptide_antibiotic	3	447	447	1.0000000
barcode01_DS_3.8GB	contig_196	69918	70800	KPC-2_monobactam;_carbapenem;_cephalosporin;_penam	389	882	882	1.0000000
barcode01_DS_3.8GB	contig_208	234973	235957	PmrF_peptide_antibiotic	126	984	984	1.0000000
barcode01_DS_3.8GB	contig_208	238831	240490	ArnT_peptide_antibiotic	128	1659	1659	1.0000000
barcode01_DS_3.8GB	contig_208	360873	361506	CRP_macrolide_antibiotic;_fluoroquinolone_antibiotic;_penam	146	633	633	1.0000000
barcode01_DS_3.8GB	contig_208	376493	377678	Escherichia coli EF-Tu mutants conferring resistance to Pulvomycin_elfamycin_antibiotic	201	1185	1185	1.0000000
barcode01_DS_3.8GB	contig_214	289	1549	cmlA5_phenicol_antibiotic	37	1260	1260	1.0000000
barcode01_DS_3.8GB	contig_214	1813	2614	OXA-10_cephalosporin;_penam	47	801	801	1.0000000
barcode01_DS_3.8GB	contig_214	2606	3422	aadA_aminoglycoside_antibiotic	62	816	816	1.0000000
barcode01_DS_3.8GB	contig_214	3585	3933	qacEdelta1_disinfecting_agents_and_antiseptics	115	348	348	1.0000000
barcode01_DS_3.8GB	contig_214	3926	4766	sul1_sulfonamide_antibiotic	134	840	840	1.0000000
barcode01_DS_3.8GB	contig_2158	89454	91140	ArnT_peptide_antibiotic	8	1686	1686	1.0000000
barcode01_DS_3.8GB	contig_2160	7090	7423	qacJ_disinfecting_agents_and_antiseptics	15	333	333	1.0000000
barcode01_DS_3.8GB	contig_2160	7550	8426	OXA-4_cephalosporin;_penam	26	876	876	1.0000000
barcode01_DS_3.8GB	contig_2165	34102	34825	vanY gene in vanB cluster_glycopeptide_antibiotic	11	723	723	1.0000000
barcode01_DS_3.8GB	contig_2324	20811	21066	rsmA_fluoroquinolone_antibiotic;_diaminopyrimidine_antibiotic;_phenicol_antibiotic	27	255	255	1.0000000
barcode01_DS_3.8GB	contig_2341	71798	72593	OXA-504_penam	21	795	795	1.0000000
barcode01_DS_3.8GB	contig_2344	81398	82583	Escherichia coli EF-Tu mutants conferring resistance to Pulvomycin_elfamycin_antibiotic	20	1185	1185	1.0000000
barcode01_DS_3.8GB	contig_2344	100603	101788	Escherichia coli EF-Tu mutants conferring resistance to Pulvomycin_elfamycin_antibiotic	17	1185	1185	1.0000000
barcode01_DS_3.8GB	contig_2435	13463	14222	RSD2-2_carbapenem;_cephalosporin	479	759	759	1.0000000
barcode01_DS_3.8GB	contig_2534	3930	4713	LnuH_lincosamide_antibiotic	18	783	783	1.0000000
barcode01_DS_3.8GB	contig_258	4026	5211	Escherichia coli EF-Tu mutants conferring resistance to Pulvomycin_elfamycin_antibiotic	16	1185	1185	1.0000000
barcode01_DS_3.8GB	contig_258	105068	105392	Escherichia coli soxS with mutation conferring antibiotic resistance_fluoroquinolone_antibiotic;_monobactam;_carbapenem;_cephalosporin;_glycylcycline;_cephamycin;_penam;_tetracycline_antibiotic;_rifamycin_antibiotic;_phenicol_antibiotic;_penem;_disinfecting_agents_and_antiseptics	10	324	324	1.0000000
barcode01_DS_3.8GB	contig_258	105477	106194	Escherichia coli soxR with mutation conferring antibiotic resistance_fluoroquinolone_antibiotic;_cephalosporin;_glycylcycline;_penam;_tetracycline_antibiotic;_rifamycin_antibiotic;_phenicol_antibiotic;_disinfecting_agents_and_antiseptics	10	717	717	1.0000000
barcode01_DS_3.8GB	contig_260	25532	26690	AcrE_fluoroquinolone_antibiotic;_cephalosporin;_cephamycin;_penam	10	1158	1158	1.0000000
barcode01_DS_3.8GB	contig_260	27088	27751	AcrS_fluoroquinolone_antibiotic;_cephalosporin;_glycylcycline;_cephamycin;_penam;_tetracycline_antibiotic;_rifamycin_antibiotic;_phenicol_antibiotic;_disinfecting_agents_and_antiseptics	11	663	663	1.0000000
barcode01_DS_3.8GB	contig_266	9684	10032	qacEdelta1_disinfecting_agents_and_antiseptics	137	348	348	1.0000000
barcode01_DS_3.8GB	contig_266	10025	10865	sul1_sulfonamide_antibiotic	171	840	840	1.0000000
barcode01_DS_3.8GB	contig_2700	820	2170	vanT gene in vanG cluster_glycopeptide_antibiotic	3	1350	1350	1.0000000
barcode01_DS_3.8GB	contig_2700	2889	3387	vanXY gene in vanG cluster_glycopeptide_antibiotic	4	498	498	1.0000000
barcode01_DS_3.8GB	contig_2784	21529	22789	EreB_macrolide_antibiotic	8	1260	1260	1.0000000
barcode01_DS_3.8GB	contig_28	3254	4094	sul1_sulfonamide_antibiotic	190	840	840	1.0000000
barcode01_DS_3.8GB	contig_28	4087	4435	qacEdelta1_disinfecting_agents_and_antiseptics	167	348	348	1.0000000
barcode01_DS_3.8GB	contig_28	4602	5100	AAC(6')-Ib-cr4_fluoroquinolone_antibiotic;_aminoglycoside_antibiotic	60	498	498	1.0000000
barcode01_DS_3.8GB	contig_28	5253	5661	arr-3_rifamycin_antibiotic	53	408	408	1.0000000
barcode01_DS_3.8GB	contig_28	29866	30751	mphE_macrolide_antibiotic	102	885	885	1.0000000
barcode01_DS_3.8GB	contig_28	30806	32282	msrE_macrolide_antibiotic;_streptogramin_antibiotic	85	1476	1476	1.0000000
barcode01_DS_3.8GB	contig_28	36136	36973	APH(6)-Id_aminoglycoside_antibiotic	34	837	837	1.0000000
barcode01_DS_3.8GB	contig_28	36972	37776	APH(3'')-Ib_aminoglycoside_antibiotic	28	804	804	1.0000000
barcode01_DS_3.8GB	contig_28	42565	43381	APH(3')-Ia_aminoglycoside_antibiotic	7	816	816	1.0000000
barcode01_DS_3.8GB	contig_28	46229	47444	floR_phenicol_antibiotic	17	1215	1215	1.0000000
barcode01_DS_3.8GB	contig_2809	1229	1688	AAC(6')-Il_aminoglycoside_antibiotic	34	459	459	1.0000000
barcode01_DS_3.8GB	contig_2862	1415	2186	LnuH_lincosamide_antibiotic	23	771	771	1.0000000
barcode01_DS_3.8GB	contig_2882	7163	8195	ArnT_peptide_antibiotic	6	1032	1032	1.0000000
barcode01_DS_3.8GB	contig_2882	11711	12695	PmrF_peptide_antibiotic	15	984	984	1.0000000
barcode01_DS_3.8GB	contig_2905	5923	6604	vanY gene in vanB cluster_glycopeptide_antibiotic	17	681	681	1.0000000
barcode01_DS_3.8GB	contig_296	197104	200218	acrD_aminoglycoside_antibiotic	88	3114	3114	1.0000000
barcode01_DS_3.8GB	contig_3002	58080	59181	vanG_glycopeptide_antibiotic	110	1101	1101	1.0000000
barcode01_DS_3.8GB	contig_3021	4382	5795	Haemophilus influenzae PBP3 conferring resistance to beta-lactam antibiotics_cephalosporin;_cephamycin;_penam	11	1413	1413	1.0000000
barcode01_DS_3.8GB	contig_319	6803	7541	ErmB_macrolide_antibiotic;_lincosamide_antibiotic;_streptogramin_antibiotic;_streptogramin_A_antibiotic;_streptogramin_B_antibiotic	40	738	738	1.0000000
barcode01_DS_3.8GB	contig_3202	52467	52662	rsmA_fluoroquinolone_antibiotic;_diaminopyrimidine_antibiotic;_phenicol_antibiotic	37	195	195	1.0000000
barcode01_DS_3.8GB	contig_3202	81629	82268	CRP_macrolide_antibiotic;_fluoroquinolone_antibiotic;_penam	32	639	639	1.0000000
barcode01_DS_3.8GB	contig_3379	2307	3960	ArnT_peptide_antibiotic	13	1653	1653	1.0000000
barcode01_DS_3.8GB	contig_3379	53863	57019	adeF_fluoroquinolone_antibiotic;_tetracycline_antibiotic	23	3156	3156	1.0000000
barcode01_DS_3.8GB	contig_3404	17567	18290	baeR_aminoglycoside_antibiotic;_aminocoumarin_antibiotic	17	723	723	1.0000000
barcode01_DS_3.8GB	contig_352	20807	22067	EreB_macrolide_antibiotic	15	1260	1260	1.0000000
barcode01_DS_3.8GB	contig_3535	8881	9556	vanW gene in vanI cluster_glycopeptide_antibiotic	3	675	675	1.0000000
barcode01_DS_3.8GB	contig_3712	22427	22829	FosA8_phosphonic_acid_antibiotic	16	402	402	1.0000000
barcode01_DS_3.8GB	contig_3713	57812	58145	qacG_disinfecting_agents_and_antiseptics	10	333	333	1.0000000
barcode01_DS_3.8GB	contig_3749	30218	33761	evgS_macrolide_antibiotic;_fluoroquinolone_antibiotic;_penam;_tetracycline_antibiotic	6	3543	3543	1.0000000
barcode01_DS_3.8GB	contig_3749	34953	36009	emrK_tetracycline_antibiotic	7	1056	1056	1.0000000
barcode01_DS_3.8GB	contig_3749	36008	37547	emrY_tetracycline_antibiotic	9	1539	1539	1.0000000
barcode01_DS_3.8GB	contig_3797	1614	2454	sul1_sulfonamide_antibiotic	91	840	840	1.0000000
barcode01_DS_3.8GB	contig_3797	2447	2795	qacEdelta1_disinfecting_agents_and_antiseptics	90	348	348	1.0000000
barcode01_DS_3.8GB	contig_3822	12123	12951	OXA-253_carbapenem;_penam	33	828	828	1.0000000
barcode01_DS_3.8GB	contig_3957	34319	35504	Escherichia coli EF-Tu mutants conferring resistance to Pulvomycin_elfamycin_antibiotic	22	1185	1185	1.0000000
barcode01_DS_3.8GB	contig_4103	47874	48525	Klebsiella pneumoniae acrR with mutation conferring multidrug antibiotic resistance_fluoroquinolone_antibiotic;_cephalosporin;_glycylcycline;_penam;_tetracycline_antibiotic;_rifamycin_antibiotic;_phenicol_antibiotic;_disinfecting_agents_and_antiseptics	7	651	651	1.0000000
barcode01_DS_3.8GB	contig_413	484385	484766	marA_fluoroquinolone_antibiotic;_monobactam;_carbapenem;_cephalosporin;_glycylcycline;_cephamycin;_penam;_tetracycline_antibiotic;_rifamycin_antibiotic;_phenicol_antibiotic;_penem;_disinfecting_agents_and_antiseptics	77	381	381	1.0000000
barcode01_DS_3.8GB	contig_413	484786	485221	Escherichia coli AcrAB-TolC with MarR mutations conferring resistance to ciprofloxacin and tetracycline_fluoroquinolone_antibiotic;_cephalosporin;_glycylcycline;_penam;_tetracycline_antibiotic;_rifamycin_antibiotic;_phenicol_antibiotic;_disinfecting_agents_and_antiseptics	70	435	435	1.0000000
barcode01_DS_3.8GB	contig_4153	3686	4154	vanW gene in vanG cluster_glycopeptide_antibiotic	4	468	468	1.0000000
barcode01_DS_3.8GB	contig_4247	40329	40854	SAT-2_nucleoside_antibiotic	111	525	525	1.0000000
barcode01_DS_3.8GB	contig_4247	40911	41700	aadA_aminoglycoside_antibiotic	127	789	789	1.0000000
barcode01_DS_3.8GB	contig_4289	4052	4547	dfrF_diaminopyrimidine_antibiotic	11	495	495	1.0000000
barcode01_DS_3.8GB	contig_4342	10232	10961	gadW_macrolide_antibiotic;_fluoroquinolone_antibiotic;_penam	5	729	729	1.0000000
barcode01_DS_3.8GB	contig_4342	11328	12153	gadX_macrolide_antibiotic;_fluoroquinolone_antibiotic;_penam	7	825	825	1.0000000
barcode01_DS_3.8GB	contig_4447	17589	20736	adeF_fluoroquinolone_antibiotic;_tetracycline_antibiotic	20	3147	3147	1.0000000
barcode01_DS_3.8GB	contig_4493	4483	4669	rsmA_fluoroquinolone_antibiotic;_diaminopyrimidine_antibiotic;_phenicol_antibiotic	11	186	186	1.0000000
barcode01_DS_3.8GB	contig_462	277947	278145	rsmA_fluoroquinolone_antibiotic;_diaminopyrimidine_antibiotic;_phenicol_antibiotic	22	198	198	1.0000000
barcode01_DS_3.8GB	contig_4628	910	2527	vanW gene in vanI cluster_glycopeptide_antibiotic	11	1617	1617	1.0000000
barcode01_DS_3.8GB	contig_468	55644	56829	Escherichia coli EF-Tu mutants conferring resistance to Pulvomycin_elfamycin_antibiotic	22	1185	1185	1.0000000
barcode01_DS_3.8GB	contig_468	78495	79680	Escherichia coli EF-Tu mutants conferring resistance to Pulvomycin_elfamycin_antibiotic	25	1185	1185	1.0000000
barcode01_DS_3.8GB	contig_4748	38732	39365	CRP_macrolide_antibiotic;_fluoroquinolone_antibiotic;_penam	12	633	633	1.0000000
barcode01_DS_3.8GB	contig_4779	6928	7999	vanH gene in vanO cluster_glycopeptide_antibiotic	6	1071	1071	1.0000000
barcode01_DS_3.8GB	contig_4814	627	1455	OXA-253_carbapenem;_penam	30	828	828	1.0000000
barcode01_DS_3.8GB	contig_493	70948	72133	Escherichia coli EF-Tu mutants conferring resistance to Pulvomycin_elfamycin_antibiotic	26	1185	1185	1.0000000
barcode01_DS_3.8GB	contig_493	89210	90395	Escherichia coli EF-Tu mutants conferring resistance to Pulvomycin_elfamycin_antibiotic	35	1185	1185	1.0000000
barcode01_DS_3.8GB	contig_497	936	2127	tet(C)_tetracycline_antibiotic	102	1191	1191	1.0000000
barcode01_DS_3.8GB	contig_5043	29256	29640	marA_fluoroquinolone_antibiotic;_monobactam;_carbapenem;_cephalosporin;_glycylcycline;_cephamycin;_penam;_tetracycline_antibiotic;_rifamycin_antibiotic;_phenicol_antibiotic;_penem;_disinfecting_agents_and_antiseptics	4	384	384	1.0000000
barcode01_DS_3.8GB	contig_5052	24403	24589	rsmA_fluoroquinolone_antibiotic;_diaminopyrimidine_antibiotic;_phenicol_antibiotic	8	186	186	1.0000000
barcode01_DS_3.8GB	contig_5052	29637	30939	Klebsiella pneumoniae KpnH_macrolide_antibiotic;_fluoroquinolone_antibiotic;_aminoglycoside_antibiotic;_carbapenem;_cephalosporin;_penam;_peptide_antibiotic;_penem	4	1302	1302	1.0000000
barcode01_DS_3.8GB	contig_5052	30955	32128	emrA_fluoroquinolone_antibiotic	5	1173	1173	1.0000000
barcode01_DS_3.8GB	contig_5052	32254	32785	emrR_fluoroquinolone_antibiotic	4	531	531	1.0000000
barcode01_DS_3.8GB	contig_5058	1262	1499	FosA8_phosphonic_acid_antibiotic	10	237	237	1.0000000
barcode01_DS_3.8GB	contig_5058	1452	1692	FosA8_phosphonic_acid_antibiotic	10	240	240	1.0000000
barcode01_DS_3.8GB	contig_5140	7988	9203	tet(Y)_tetracycline_antibiotic	10	1215	1215	1.0000000
barcode01_DS_3.8GB	contig_5173	83309	83957	Escherichia coli AcrAB-TolC with AcrR mutation conferring resistance to ciprofloxacin, tetracycline, and ceftazidime_fluoroquinolone_antibiotic;_cephalosporin;_glycylcycline;_penam;_tetracycline_antibiotic;_rifamycin_antibiotic;_phenicol_antibiotic;_disinfecting_agents_and_antiseptics	12	648	648	1.0000000
barcode01_DS_3.8GB	contig_5295	2335	3503	tet(X3)_glycylcycline;_tetracycline_antibiotic	6	1168	1168	1.0000000
barcode01_DS_3.8GB	contig_5302	32992	33487	nimJ_nitroimidazole_antibiotic	11	495	495	1.0000000
barcode01_DS_3.8GB	contig_5387	21806	24023	adeF_fluoroquinolone_antibiotic;_tetracycline_antibiotic	13	2217	2217	1.0000000
barcode01_DS_3.8GB	contig_5387	24981	26157	oqxA_fluoroquinolone_antibiotic;_glycylcycline;_tetracycline_antibiotic;_diaminopyrimidine_antibiotic;_nitrofuran_antibiotic	10	1176	1176	1.0000000
barcode01_DS_3.8GB	contig_542	20518	21916	Escherichia coli UhpT with mutation conferring resistance to fosfomycin_phosphonic_acid_antibiotic	155	1398	1398	1.0000000
barcode01_DS_3.8GB	contig_542	187500	188685	Escherichia coli EF-Tu mutants conferring resistance to Pulvomycin_elfamycin_antibiotic	160	1185	1185	1.0000000
barcode01_DS_3.8GB	contig_542	293349	293676	Escherichia coli soxS with mutation conferring antibiotic resistance_fluoroquinolone_antibiotic;_monobactam;_carbapenem;_cephalosporin;_glycylcycline;_cephamycin;_penam;_tetracycline_antibiotic;_rifamycin_antibiotic;_phenicol_antibiotic;_penem;_disinfecting_agents_and_antiseptics	142	327	327	1.0000000
barcode01_DS_3.8GB	contig_542	360703	361849	ACT-29_carbapenem;_cephalosporin;_cephamycin;_penam	114	1146	1146	1.0000000
barcode01_DS_3.8GB	contig_543	4444	5206	OXA-464_penam	7	762	762	1.0000000
barcode01_DS_3.8GB	contig_5539	12453	13059	CRP_macrolide_antibiotic;_fluoroquinolone_antibiotic;_penam	7	606	606	1.0000000
barcode01_DS_3.8GB	contig_5694	29152	29956	lnuB_lincosamide_antibiotic	39	804	804	1.0000000
barcode01_DS_3.8GB	contig_579	10047	10440	Klebsiella pneumoniae KpnE_macrolide_antibiotic;_aminoglycoside_antibiotic;_cephalosporin;_tetracycline_antibiotic;_peptide_antibiotic;_rifamycin_antibiotic;_disinfecting_agents_and_antiseptics	40	393	393	1.0000000
barcode01_DS_3.8GB	contig_579	10426	10756	Klebsiella pneumoniae KpnF_macrolide_antibiotic;_aminoglycoside_antibiotic;_cephalosporin;_tetracycline_antibiotic;_peptide_antibiotic;_rifamycin_antibiotic;_disinfecting_agents_and_antiseptics	40	330	330	1.0000000
barcode01_DS_3.8GB	contig_586	11447	12638	tet(C)_tetracycline_antibiotic	71	1191	1191	1.0000000
barcode01_DS_3.8GB	contig_5923	4969	7318	LptD_carbapenem;_peptide_antibiotic;_aminocoumarin_antibiotic;_rifamycin_antibiotic	10	2349	2349	1.0000000
barcode01_DS_3.8GB	contig_6067	710	3761	adeF_fluoroquinolone_antibiotic;_tetracycline_antibiotic	9	3051	3051	1.0000000
barcode01_DS_3.8GB	contig_6092	2457	3357	VEB-9_monobactam;_cephalosporin	12	900	900	1.0000000
barcode01_DS_3.8GB	contig_6168	17827	18607	aadA2_aminoglycoside_antibiotic	23	780	780	1.0000000
barcode01_DS_3.8GB	contig_6168	19005	19806	OXA-10_cephalosporin;_penam	22	801	801	1.0000000
barcode01_DS_3.8GB	contig_6207	39091	40483	Escherichia coli UhpT with mutation conferring resistance to fosfomycin_phosphonic_acid_antibiotic	16	1392	1392	1.0000000
barcode01_DS_3.8GB	contig_6223	11668	12853	Escherichia coli EF-Tu mutants conferring resistance to Pulvomycin_elfamycin_antibiotic	13	1185	1185	1.0000000
barcode01_DS_3.8GB	contig_6261	38207	38552	qacG_disinfecting_agents_and_antiseptics	11	345	345	1.0000000
barcode01_DS_3.8GB	contig_6273	7079	8009	tet(M)_tetracycline_antibiotic	8	930	930	1.0000000
barcode01_DS_3.8GB	contig_631	16763	19916	oqxB_fluoroquinolone_antibiotic;_glycylcycline;_tetracycline_antibiotic;_diaminopyrimidine_antibiotic;_nitrofuran_antibiotic	85	3153	3153	1.0000000
barcode01_DS_3.8GB	contig_631	19939	21115	oqxA_fluoroquinolone_antibiotic;_glycylcycline;_tetracycline_antibiotic;_diaminopyrimidine_antibiotic;_nitrofuran_antibiotic	89	1176	1176	1.0000000
barcode01_DS_3.8GB	contig_631	122295	124044	msbA_nitroimidazole_antibiotic	76	1749	1749	1.0000000
barcode01_DS_3.8GB	contig_631	225788	227021	Escherichia coli mdfA_tetracycline_antibiotic;_disinfecting_agents_and_antiseptics	91	1233	1233	1.0000000
barcode01_DS_3.8GB	contig_631	589409	590603	Escherichia coli acrA_fluoroquinolone_antibiotic;_cephalosporin;_glycylcycline;_penam;_tetracycline_antibiotic;_rifamycin_antibiotic;_phenicol_antibiotic;_disinfecting_agents_and_antiseptics	125	1194	1194	1.0000000
barcode01_DS_3.8GB	contig_631	590625	593772	acrB_fluoroquinolone_antibiotic;_cephalosporin;_glycylcycline;_penam;_tetracycline_antibiotic;_rifamycin_antibiotic;_phenicol_antibiotic;_disinfecting_agents_and_antiseptics	113	3147	3147	1.0000000
barcode01_DS_3.8GB	contig_6388	445	1630	Escherichia coli EF-Tu mutants conferring resistance to Pulvomycin_elfamycin_antibiotic	23	1185	1185	1.0000000
barcode01_DS_3.8GB	contig_6413	5482	5935	vanY gene in vanB cluster_glycopeptide_antibiotic	8	453	453	1.0000000
barcode01_DS_3.8GB	contig_6457	344	878	ANT(2'')-Ia_aminoglycoside_antibiotic	13	534	534	1.0000000
barcode01_DS_3.8GB	contig_6457	2041	3301	cmlA5_phenicol_antibiotic	30	1260	1260	1.0000000
barcode01_DS_3.8GB	contig_6457	3515	4154	AAC(6')-Ib9_aminoglycoside_antibiotic	15	639	639	1.0000000
barcode01_DS_3.8GB	contig_6473	1785	2574	OXA-488_penam	5	789	789	1.0000000
barcode01_DS_3.8GB	contig_6483	1	682	aadA_aminoglycoside_antibiotic	22	681	681	1.0000000
barcode01_DS_3.8GB	contig_6483	778	1999	EreA_macrolide_antibiotic	11	1221	1221	1.0000000
barcode01_DS_3.8GB	contig_6595	3608	3959	rsmA_fluoroquinolone_antibiotic;_diaminopyrimidine_antibiotic;_phenicol_antibiotic	15	351	351	1.0000000
barcode01_DS_3.8GB	contig_6662	5312	5882	vanW gene in vanG cluster_glycopeptide_antibiotic	13	570	570	1.0000000
barcode01_DS_3.8GB	contig_673	43449	43698	vanW gene in vanG cluster_glycopeptide_antibiotic	12	249	249	1.0000000
barcode01_DS_3.8GB	contig_6756	2396	2801	vanY gene in vanB cluster_glycopeptide_antibiotic	3	405	405	1.0000000
barcode01_DS_3.8GB	contig_723	75631	76453	bacA_peptide_antibiotic	148	822	822	1.0000000
barcode01_DS_3.8GB	contig_7296	11683	12178	lnuC_lincosamide_antibiotic	31	495	495	1.0000000
barcode01_DS_3.8GB	contig_73	3218	5924	Salmonella isangi gyrA conferring resistance to fluoroquinolones_fluoroquinolone_antibiotic	9	2706	2706	1.0000000
barcode01_DS_3.8GB	contig_7303	9894	10863	PmrF_peptide_antibiotic	7	969	969	1.0000000
barcode01_DS_3.8GB	contig_7303	13733	15386	ArnT_peptide_antibiotic	8	1653	1653	1.0000000
barcode01_DS_3.8GB	contig_7324	25120	25375	rsmA_fluoroquinolone_antibiotic;_diaminopyrimidine_antibiotic;_phenicol_antibiotic	22	255	255	1.0000000
barcode01_DS_3.8GB	contig_7422	8800	10000	tet(A)_tetracycline_antibiotic	14	1200	1200	1.0000000
barcode01_DS_3.8GB	contig_7523	6187	9304	adeF_fluoroquinolone_antibiotic;_tetracycline_antibiotic	6	3117	3117	1.0000000
barcode01_DS_3.8GB	contig_7524	11989	13654	msbA_nitroimidazole_antibiotic	7	1665	1665	1.0000000
barcode01_DS_3.8GB	contig_7532	12683	13868	Escherichia coli EF-Tu mutants conferring resistance to Pulvomycin_elfamycin_antibiotic	10	1185	1185	1.0000000
barcode01_DS_3.8GB	contig_788	6765	7647	KPC-2_monobactam;_carbapenem;_cephalosporin;_penam	206	882	882	1.0000000
barcode01_DS_3.8GB	contig_8106	20503	21736	Escherichia coli mdfA_tetracycline_antibiotic;_disinfecting_agents_and_antiseptics	7	1233	1233	1.0000000
barcode01_DS_3.8GB	contig_8128	838	1783	leuO_nucleoside_antibiotic;_disinfecting_agents_and_antiseptics	7	945	945	1.0000000
barcode01_DS_3.8GB	contig_8492	8074	8605	emrR_fluoroquinolone_antibiotic	4	531	531	1.0000000
barcode01_DS_3.8GB	contig_8503	5888	6821	vanW gene in vanG cluster_glycopeptide_antibiotic	4	933	933	1.0000000
barcode01_DS_3.8GB	contig_8519	5700	7110	Klebsiella pneumoniae KpnH_macrolide_antibiotic;_fluoroquinolone_antibiotic;_aminoglycoside_antibiotic;_carbapenem;_cephalosporin;_penam;_peptide_antibiotic;_penem	12	1410	1410	1.0000000
barcode01_DS_3.8GB	contig_8519	7255	8428	Klebsiella pneumoniae KpnG_macrolide_antibiotic;_fluoroquinolone_antibiotic;_aminoglycoside_antibiotic;_carbapenem;_cephalosporin;_penam;_peptide_antibiotic;_penem	8	1173	1173	1.0000000
barcode01_DS_3.8GB	contig_8519	8553	9084	emrR_fluoroquinolone_antibiotic	6	531	531	1.0000000
barcode01_DS_3.8GB	contig_8532	9121	9307	rsmA_fluoroquinolone_antibiotic;_diaminopyrimidine_antibiotic;_phenicol_antibiotic	6	186	186	1.0000000
barcode01_DS_3.8GB	contig_8602	3945	4806	TEM-1_monobactam;_cephalosporin;_penam;_penem	467	861	861	1.0000000
barcode01_DS_3.8GB	contig_8602	5448	6228	APH(3')-VIa_aminoglycoside_antibiotic	32	780	780	1.0000000
barcode01_DS_3.8GB	contig_8605	2360	3005	QnrB17_fluoroquinolone_antibiotic	11	645	645	1.0000000
barcode01_DS_3.8GB	contig_8605	6204	6678	dfrA14_diaminopyrimidine_antibiotic	12	474	474	1.0000000
barcode01_DS_3.8GB	contig_8632	42994	44398	AAC(6')-Ie-APH(2'')-Ia bifunctional protein_aminoglycoside_antibiotic	9	1404	1404	1.0000000
barcode01_DS_3.8GB	contig_8649	16337	16526	rsmA_fluoroquinolone_antibiotic;_diaminopyrimidine_antibiotic;_phenicol_antibiotic	13	189	189	1.0000000
barcode01_DS_3.8GB	contig_865	973	1753	APH(3')-VIa_aminoglycoside_antibiotic	15	780	780	1.0000000
barcode01_DS_3.8GB	contig_874	9111	9987	CTX-M-15_cephalosporin;_penam	13	876	876	1.0000000
barcode01_DS_3.8GB	contig_877	286	1147	SHV-12_carbapenem;_cephalosporin;_penam	233	861	861	1.0000000
barcode01_DS_3.8GB	contig_877	3753	4614	SHV-12_carbapenem;_cephalosporin;_penam	322	861	861	1.0000000
barcode01_DS_3.8GB	contig_878	10480	11341	SHV-5_carbapenem;_cephalosporin;_penam	132	861	861	1.0000000
barcode01_DS_3.8GB	contig_878	22333	23149	sul2_sulfonamide_antibiotic	28	816	816	1.0000000
barcode01_DS_3.8GB	contig_8819	16926	18234	vanW gene in vanI cluster_glycopeptide_antibiotic	8	1308	1308	1.0000000
barcode01_DS_3.8GB	contig_883	16793	17615	linG_lincosamide_antibiotic	13	822	822	1.0000000
barcode01_DS_3.8GB	contig_884	578	1409	OXA-1_cephalosporin;_penam	232	831	831	1.0000000
barcode01_DS_3.8GB	contig_884	1539	2139	AAC(6')-Ib-cr6_fluoroquinolone_antibiotic;_aminoglycoside_antibiotic	244	600	600	1.0000000
barcode01_DS_3.8GB	contig_884	14528	15368	sul1_sulfonamide_antibiotic	334	840	840	1.0000000
barcode01_DS_3.8GB	contig_884	15361	15709	qacEdelta1_disinfecting_agents_and_antiseptics	307	348	348	1.0000000
barcode01_DS_3.8GB	contig_884	15931	16384	arr-3_rifamycin_antibiotic	201	453	453	1.0000000
barcode01_DS_3.8GB	contig_8900	2827	3679	sul1_sulfonamide_antibiotic	49	852	852	1.0000000
barcode01_DS_3.8GB	contig_892	99	963	GES-5_carbapenem;_cephalosporin;_penam	41	864	864	1.0000000
barcode01_DS_3.8GB	contig_8926	55169	56936	Haemophilus influenzae PBP3 conferring resistance to beta-lactam antibiotics_cephalosporin;_cephamycin;_penam	7	1767	1767	1.0000000
barcode01_DS_3.8GB	contig_896	13832	14693	SHV-12_carbapenem;_cephalosporin;_penam	365	861	861	1.0000000
barcode01_DS_3.8GB	contig_905	14	899	mphE_macrolide_antibiotic	108	885	885	1.0000000
barcode01_DS_3.8GB	contig_905	954	2430	msrE_macrolide_antibiotic;_streptogramin_antibiotic	119	1476	1476	1.0000000
barcode01_DS_3.8GB	contig_905	17134	17482	qacEdelta1_disinfecting_agents_and_antiseptics	178	348	348	1.0000000
barcode01_DS_3.8GB	contig_905	17475	18315	sul1_sulfonamide_antibiotic	188	840	840	1.0000000
barcode01_DS_3.8GB	contig_905	22390	23629	Mrx_macrolide_antibiotic	72	1239	1239	1.0000000
barcode01_DS_3.8GB	contig_905	23625	24531	mphA_macrolide_antibiotic	71	906	906	1.0000000
barcode01_DS_3.8GB	contig_905	26793	27984	tet(C)_tetracycline_antibiotic	230	1191	1191	1.0000000
barcode01_DS_3.8GB	contig_9075	20285	21518	Escherichia coli mdfA_tetracycline_antibiotic;_disinfecting_agents_and_antiseptics	10	1233	1233	1.0000000
barcode01_DS_3.8GB	contig_9093	8725	9955	tet(40)_tetracycline_antibiotic	17	1230	1230	1.0000000
barcode01_DS_3.8GB	contig_9180	41580	45150	Bifidobacterium adolescentis rpoB mutants conferring resistance to rifampicin_rifamycin_antibiotic	11	3570	3570	1.0000000
barcode01_DS_3.8GB	contig_9209	1759	2689	Erm(52)_macrolide_antibiotic;_lincosamide_antibiotic;_streptogramin_antibiotic	6	930	930	1.0000000
barcode01_DS_3.8GB	contig_9209	2869	3712	tet(M)_tetracycline_antibiotic	13	843	843	1.0000000
barcode01_DS_3.8GB	contig_9209	3690	4788	tet(M)_tetracycline_antibiotic	13	1098	1098	1.0000000
barcode01_DS_3.8GB	contig_921	1010	1880	AAC(6')-Ib-cr3_fluoroquinolone_antibiotic;_aminoglycoside_antibiotic	8	870	870	1.0000000
barcode01_DS_3.8GB	contig_932	171	1362	tet(C)_tetracycline_antibiotic	111	1191	1191	1.0000000
barcode01_DS_3.8GB	contig_932	2868	3897	tet(C)_tetracycline_antibiotic	100	1029	1029	1.0000000
barcode01_DS_3.8GB	contig_939	3941	4802	TEM-1_monobactam;_cephalosporin;_penam;_penem	256	861	861	1.0000000
barcode01_DS_3.8GB	contig_939	4943	5804	AAC(3)-IIe_aminoglycoside_antibiotic	13	861	861	1.0000000
barcode01_DS_3.8GB	contig_939	13702	14347	qnrE2_fluoroquinolone_antibiotic	3	645	645	1.0000000
barcode01_DS_3.8GB	contig_956	836	1337	LEN-14_penam;_penem	99	501	501	1.0000000
barcode01_DS_3.8GB	contig_956	7428	9348	tet(O)_tetracycline_antibiotic	52	1920	1920	1.0000000
barcode01_DS_3.8GB	contig_961	26054	26918	GES-1_carbapenem;_cephalosporin;_penam	73	864	864	1.0000000
barcode01_DS_3.8GB	contig_97	41719	42352	CRP_macrolide_antibiotic;_fluoroquinolone_antibiotic;_penam	14	633	633	1.0000000
barcode01_DS_3.8GB	contig_97	57148	58333	Escherichia coli EF-Tu mutants conferring resistance to Pulvomycin_elfamycin_antibiotic	23	1185	1185	1.0000000
barcode01_DS_3.8GB	contig_970	9668	10571	tet(C)_tetracycline_antibiotic	38	903	903	1.0000000
barcode01_DS_3.8GB	contig_974	3044	3542	dfrA21_diaminopyrimidine_antibiotic	52	498	498	1.0000000
barcode01_DS_3.8GB	contig_976	872	1637	aadA6_aminoglycoside_antibiotic	14	765	765	1.0000000
barcode01_DS_3.8GB	contig_979	213	1077	sul1_sulfonamide_antibiotic	13	864	864	1.0000000
barcode01_DS_3.8GB	contig_979	1070	1418	qacEdelta1_disinfecting_agents_and_antiseptics	44	348	348	1.0000000
barcode01_DS_3.8GB	contig_981	0	645	QnrB5_fluoroquinolone_antibiotic	397	645	645	1.0000000
barcode01_DS_3.8GB	contig_986	2230	3091	TEM-1_monobactam;_cephalosporin;_penam;_penem	185	861	861	1.0000000
barcode01_DS_3.8GB	contig_998	63157	63673	nimG_nitroimidazole_antibiotic	62	516	516	1.0000000
barcode02_DS_3.8GB	contig_1068	20	821	OXA-17_cephalosporin;_penam	402	801	801	1.0000000
barcode02_DS_3.8GB	contig_1068	813	1407	AAC(6')-Ib9_aminoglycoside_antibiotic	283	594	594	1.0000000
barcode02_DS_3.8GB	contig_1157	0	798	aadA_aminoglycoside_antibiotic	388	798	798	1.0000000
barcode02_DS_3.8GB	contig_1175	78623	79808	Escherichia coli EF-Tu mutants conferring resistance to Pulvomycin_elfamycin_antibiotic	273	1185	1185	1.0000000
barcode02_DS_3.8GB	contig_1175	96882	98067	Escherichia coli EF-Tu mutants conferring resistance to Pulvomycin_elfamycin_antibiotic	224	1185	1185	1.0000000
barcode02_DS_3.8GB	contig_1175	133666	134305	CRP_macrolide_antibiotic;_fluoroquinolone_antibiotic;_penam	242	639	639	1.0000000
barcode02_DS_3.8GB	contig_1175	163268	163463	rsmA_fluoroquinolone_antibiotic;_diaminopyrimidine_antibiotic;_phenicol_antibiotic	215	195	195	1.0000000
barcode02_DS_3.8GB	contig_1175	242837	243371	ANT(2'')-Ia_aminoglycoside_antibiotic	48	534	534	1.0000000
barcode02_DS_3.8GB	contig_1175	243515	244415	VEB-1_monobactam;_cephalosporin	26	900	900	1.0000000
barcode02_DS_3.8GB	contig_126	62	668	AAC(6')-Ib9_aminoglycoside_antibiotic	266	606	606	1.0000000
barcode02_DS_3.8GB	contig_1370	7281	8925	MCR-5.1_peptide_antibiotic	20	1644	1644	1.0000000
barcode02_DS_3.8GB	contig_1413	432258	432981	vanY gene in vanB cluster_glycopeptide_antibiotic	56	723	723	1.0000000
barcode02_DS_3.8GB	contig_143	0	435	qacJ_disinfecting_agents_and_antiseptics	99	435	435	1.0000000
barcode02_DS_3.8GB	contig_1585	4655	5342	vanY gene in vanB cluster_glycopeptide_antibiotic	28	687	687	1.0000000
barcode02_DS_3.8GB	contig_1612	220084	222790	Salmonella isangi gyrA conferring resistance to fluoroquinolones_fluoroquinolone_antibiotic	36	2706	2706	1.0000000
barcode02_DS_3.8GB	contig_169	2	758	OXA-464_penam	16	756	756	1.0000000
barcode02_DS_3.8GB	contig_1765	6238	7075	APH(6)-Id_aminoglycoside_antibiotic	20	837	837	1.0000000
barcode02_DS_3.8GB	contig_1862	81435	81630	rsmA_fluoroquinolone_antibiotic;_diaminopyrimidine_antibiotic;_phenicol_antibiotic	41	195	195	1.0000000
barcode02_DS_3.8GB	contig_1936	2	587	AAC(6')-Ib9_aminoglycoside_antibiotic	280	585	585	1.0000000
barcode02_DS_3.8GB	contig_1941	20	848	OXA-2_carbapenem;_cephalosporin;_penam	40	828	828	1.0000000
barcode02_DS_3.8GB	contig_196	826778	826976	rsmA_fluoroquinolone_antibiotic;_diaminopyrimidine_antibiotic;_phenicol_antibiotic	61	198	198	1.0000000
barcode02_DS_3.8GB	contig_196	1192754	1194407	ArnT_peptide_antibiotic	70	1653	1653	1.0000000
barcode02_DS_3.8GB	contig_196	1244311	1247467	adeF_fluoroquinolone_antibiotic;_tetracycline_antibiotic	66	3156	3156	1.0000000
barcode02_DS_3.8GB	contig_196	1721999	1723184	Escherichia coli EF-Tu mutants conferring resistance to Pulvomycin_elfamycin_antibiotic	71	1185	1185	1.0000000
barcode02_DS_3.8GB	contig_196	1744850	1746035	Escherichia coli EF-Tu mutants conferring resistance to Pulvomycin_elfamycin_antibiotic	83	1185	1185	1.0000000
barcode02_DS_3.8GB	contig_2126	9937	10741	APH(3'')-Ib_aminoglycoside_antibiotic	31	804	804	1.0000000
barcode02_DS_3.8GB	contig_2126	10740	11577	APH(6)-Id_aminoglycoside_antibiotic	29	837	837	1.0000000
barcode02_DS_3.8GB	contig_2134	129727	132874	adeF_fluoroquinolone_antibiotic;_tetracycline_antibiotic	28	3147	3147	1.0000000
barcode02_DS_3.8GB	contig_2219	91739	94886	adeF_fluoroquinolone_antibiotic;_tetracycline_antibiotic	212	3147	3147	1.0000000
barcode02_DS_3.8GB	contig_2299	519289	520975	ArnT_peptide_antibiotic	56	1686	1686	1.0000000
barcode02_DS_3.8GB	contig_2299	732992	736160	adeF_fluoroquinolone_antibiotic;_tetracycline_antibiotic	44	3168	3168	1.0000000
barcode02_DS_3.8GB	contig_2349	173	971	OXA-10_cephalosporin;_penam	422	798	798	1.0000000
barcode02_DS_3.8GB	contig_2574	57	690	catB2_phenicol_antibiotic	8	633	633	1.0000000
barcode02_DS_3.8GB	contig_2734	2	425	arr-8_rifamycin_antibiotic	30	423	423	1.0000000
barcode02_DS_3.8GB	contig_2774	0	1185	Escherichia coli EF-Tu mutants conferring resistance to Pulvomycin_elfamycin_antibiotic	52	1185	1185	1.0000000
barcode02_DS_3.8GB	contig_2774	18268	19453	Escherichia coli EF-Tu mutants conferring resistance to Pulvomycin_elfamycin_antibiotic	53	1185	1185	1.0000000
barcode02_DS_3.8GB	contig_2777	257785	258979	Escherichia coli acrA_fluoroquinolone_antibiotic;_cephalosporin;_glycylcycline;_penam;_tetracycline_antibiotic;_rifamycin_antibiotic;_phenicol_antibiotic;_disinfecting_agents_and_antiseptics	17	1194	1194	1.0000000
barcode02_DS_3.8GB	contig_2777	356771	357872	vanG_glycopeptide_antibiotic	19	1101	1101	1.0000000
barcode02_DS_3.8GB	contig_2778	232994	234179	Escherichia coli EF-Tu mutants conferring resistance to Pulvomycin_elfamycin_antibiotic	29	1185	1185	1.0000000
barcode02_DS_3.8GB	contig_2778	249166	249799	CRP_macrolide_antibiotic;_fluoroquinolone_antibiotic;_penam	14	633	633	1.0000000
barcode02_DS_3.8GB	contig_2778	372894	374553	ArnT_peptide_antibiotic	12	1659	1659	1.0000000
barcode02_DS_3.8GB	contig_2778	377427	378411	PmrF_peptide_antibiotic	13	984	984	1.0000000
barcode02_DS_3.8GB	contig_2778	659425	660214	aadA_aminoglycoside_antibiotic	424	789	789	1.0000000
barcode02_DS_3.8GB	contig_2778	660271	660796	SAT-2_nucleoside_antibiotic	16	525	525	1.0000000
barcode02_DS_3.8GB	contig_2778	727349	728747	Escherichia coli UhpT with mutation conferring resistance to fosfomycin_phosphonic_acid_antibiotic	17	1398	1398	1.0000000
barcode02_DS_3.8GB	contig_2778	896957	898142	Escherichia coli EF-Tu mutants conferring resistance to Pulvomycin_elfamycin_antibiotic	22	1185	1185	1.0000000
barcode02_DS_3.8GB	contig_2778	1002383	1002710	Escherichia coli soxS with mutation conferring antibiotic resistance_fluoroquinolone_antibiotic;_monobactam;_carbapenem;_cephalosporin;_glycylcycline;_cephamycin;_penam;_tetracycline_antibiotic;_rifamycin_antibiotic;_phenicol_antibiotic;_penem;_disinfecting_agents_and_antiseptics	20	327	327	1.0000000
barcode02_DS_3.8GB	contig_2778	1069724	1070870	ACT-29_carbapenem;_cephalosporin;_cephamycin;_penam	34	1146	1146	1.0000000
barcode02_DS_3.8GB	contig_2778	1402319	1403264	leuO_nucleoside_antibiotic;_disinfecting_agents_and_antiseptics	15	945	945	1.0000000
barcode02_DS_3.8GB	contig_2778	1409426	1411193	Haemophilus influenzae PBP3 conferring resistance to beta-lactam antibiotics_cephalosporin;_cephamycin;_penam	23	1767	1767	1.0000000
barcode02_DS_3.8GB	contig_2808	75431	76118	vanY gene in vanB cluster_glycopeptide_antibiotic	149	687	687	1.0000000
barcode02_DS_3.8GB	contig_2811	11422	11896	dfrA6_diaminopyrimidine_antibiotic	118	474	474	1.0000000
barcode02_DS_3.8GB	contig_2811	12726	13383	QnrVC1_fluoroquinolone_antibiotic	240	657	657	1.0000000
barcode02_DS_3.8GB	contig_2821	6031	6937	aadA3_aminoglycoside_antibiotic	208	906	906	1.0000000
barcode02_DS_3.8GB	contig_2839	49102	52231	adeF_fluoroquinolone_antibiotic;_tetracycline_antibiotic	103	3129	3129	1.0000000
barcode02_DS_3.8GB	contig_2843	58047	58563	nimG_nitroimidazole_antibiotic	87	516	516	1.0000000
barcode02_DS_3.8GB	contig_2879	17611	18268	QnrVC1_fluoroquinolone_antibiotic	133	657	657	1.0000000
barcode02_DS_3.8GB	contig_2879	19610	20084	dfrA6_diaminopyrimidine_antibiotic	57	474	474	1.0000000
barcode02_DS_3.8GB	contig_2892	4736	5600	GES-5_carbapenem;_cephalosporin;_penam	519	864	864	1.0000000
barcode02_DS_3.8GB	contig_2892	5721	6219	dfr22_diaminopyrimidine_antibiotic	47	498	498	1.0000000
barcode02_DS_3.8GB	contig_2895	23745	24711	CfxA2_cephamycin	27	966	966	1.0000000
barcode02_DS_3.8GB	contig_2905	4925	5807	KPC-2_monobactam;_carbapenem;_cephalosporin;_penam	1417	882	882	1.0000000
barcode02_DS_3.8GB	contig_2943	69555	70740	Escherichia coli EF-Tu mutants conferring resistance to Pulvomycin_elfamycin_antibiotic	137	1185	1185	1.0000000
barcode02_DS_3.8GB	contig_2943	87811	88996	Escherichia coli EF-Tu mutants conferring resistance to Pulvomycin_elfamycin_antibiotic	158	1185	1185	1.0000000
barcode02_DS_3.8GB	contig_2943	116679	117318	CRP_macrolide_antibiotic;_fluoroquinolone_antibiotic;_penam	131	639	639	1.0000000
barcode02_DS_3.8GB	contig_2943	145673	145868	rsmA_fluoroquinolone_antibiotic;_diaminopyrimidine_antibiotic;_phenicol_antibiotic	153	195	195	1.0000000
barcode02_DS_3.8GB	contig_2962	1504	2161	QnrVC1_fluoroquinolone_antibiotic	307	657	657	1.0000000
barcode02_DS_3.8GB	contig_298	855	1350	dfrA21_diaminopyrimidine_antibiotic	33	495	495	1.0000000
barcode02_DS_3.8GB	contig_2996	14644	15508	GES-5_carbapenem;_cephalosporin;_penam	791	864	864	1.0000000
barcode02_DS_3.8GB	contig_2996	15581	16040	AAC(6')-Il_aminoglycoside_antibiotic	894	459	459	1.0000000
barcode02_DS_3.8GB	contig_30	478482	480195	ArnT_peptide_antibiotic	31	1713	1713	1.0000000
barcode02_DS_3.8GB	contig_3000	35688	36549	TEM-1_monobactam;_cephalosporin;_penam;_penem	105	861	861	1.0000000
barcode02_DS_3.8GB	contig_3060	8026	8707	vanY gene in vanB cluster_glycopeptide_antibiotic	201	681	681	1.0000000
barcode02_DS_3.8GB	contig_311	13	979	CfxA2_cephamycin	9	966	966	1.0000000
barcode02_DS_3.8GB	contig_3169	7421	8066	QnrB19_fluoroquinolone_antibiotic	21	645	645	1.0000000
barcode02_DS_3.8GB	contig_3230	11961	15090	adeF_fluoroquinolone_antibiotic;_tetracycline_antibiotic	13	3129	3129	1.0000000
barcode02_DS_3.8GB	contig_3268	3748	4405	QnrS2_fluoroquinolone_antibiotic	14	657	657	1.0000000
barcode02_DS_3.8GB	contig_3376	1894	2710	sul2_sulfonamide_antibiotic	17	816	816	1.0000000
barcode02_DS_3.8GB	contig_3406	6724	7585	TEM-1_monobactam;_cephalosporin;_penam;_penem	105	861	861	1.0000000
barcode02_DS_3.8GB	contig_3410	4072	4732	catA1_phenicol_antibiotic	14	660	660	1.0000000
barcode02_DS_3.8GB	contig_3486	67262	70409	adeF_fluoroquinolone_antibiotic;_tetracycline_antibiotic	94	3147	3147	1.0000000
barcode02_DS_3.8GB	contig_3548	16689	17490	OXA-10_cephalosporin;_penam	355	801	801	1.0000000
barcode02_DS_3.8GB	contig_3699	21703	22483	aadA_aminoglycoside_antibiotic	371	780	780	1.0000000
barcode02_DS_3.8GB	contig_3699	22531	23359	OXA-2_carbapenem;_cephalosporin;_penam	105	828	828	1.0000000
barcode02_DS_3.8GB	contig_3755	2104	2737	catB3_phenicol_antibiotic	49	633	633	1.0000000
barcode02_DS_3.8GB	contig_3755	4671	5487	APH(3')-Ib_aminoglycoside_antibiotic	6	816	816	1.0000000
barcode02_DS_3.8GB	contig_3772	11952	12813	SHV-12_carbapenem;_cephalosporin;_penam	39	861	861	1.0000000
barcode02_DS_3.8GB	contig_3773	37281	38142	SHV-12_carbapenem;_cephalosporin;_penam	37	861	861	1.0000000
barcode02_DS_3.8GB	contig_3801	957	1428	AAC(3)-IIc_aminoglycoside_antibiotic	5	471	471	1.0000000
barcode02_DS_3.8GB	contig_4009	6671	7598	PER-2_monobactam;_carbapenem;_cephalosporin;_penam;_penem	8	927	927	1.0000000
barcode02_DS_3.8GB	contig_4045	114	567	arr-3_rifamycin_antibiotic	189	453	453	1.0000000
barcode02_DS_3.8GB	contig_4045	651	1185	ANT(2'')-Ia_aminoglycoside_antibiotic	46	534	534	1.0000000
barcode02_DS_3.8GB	contig_4219	13151	13973	bacA_peptide_antibiotic	25	822	822	1.0000000
barcode02_DS_3.8GB	contig_4235	92765	95888	mdtB_aminocoumarin_antibiotic	23	3123	3123	1.0000000
barcode02_DS_3.8GB	contig_4235	95888	98966	mdtC_aminocoumarin_antibiotic	16	3078	3078	1.0000000
barcode02_DS_3.8GB	contig_4235	101779	102502	baeR_aminoglycoside_antibiotic;_aminocoumarin_antibiotic	14	723	723	1.0000000
barcode02_DS_3.8GB	contig_4242	3222	4014	aadA_aminoglycoside_antibiotic	454	792	792	1.0000000
barcode02_DS_3.8GB	contig_4259	316221	317550	vanW gene in vanI cluster_glycopeptide_antibiotic	12	1329	1329	1.0000000
barcode02_DS_3.8GB	contig_4270	2892	4818	tet(Q)_tetracycline_antibiotic	12	1926	1926	1.0000000
barcode02_DS_3.8GB	contig_4409	3076	6205	adeF_fluoroquinolone_antibiotic;_tetracycline_antibiotic	29	3129	3129	1.0000000
barcode02_DS_3.8GB	contig_443	1	634	AAC(6')-Ib-cr6_fluoroquinolone_antibiotic;_aminoglycoside_antibiotic	267	633	633	1.0000000
barcode02_DS_3.8GB	contig_445	35	488	arr-3_rifamycin_antibiotic	147	453	453	1.0000000
barcode02_DS_3.8GB	contig_4528	6412	8770	vanT gene in vanG cluster_glycopeptide_antibiotic	7	2358	2358	1.0000000
barcode02_DS_3.8GB	contig_4568	10469	12920	vanT gene in vanG cluster_glycopeptide_antibiotic	59	2451	2451	1.0000000
barcode02_DS_3.8GB	contig_4705	464745	465432	vanW gene in vanG cluster_glycopeptide_antibiotic	46	687	687	1.0000000
barcode02_DS_3.8GB	contig_4803	31432	32194	OXA-464_penam	71	762	762	1.0000000
barcode02_DS_3.8GB	contig_4889	43673	44456	LnuH_lincosamide_antibiotic	47	783	783	1.0000000
barcode02_DS_3.8GB	contig_4895	30855	33306	vanT gene in vanG cluster_glycopeptide_antibiotic	67	2451	2451	1.0000000
barcode02_DS_3.8GB	contig_4895	43625	44396	LnuH_lincosamide_antibiotic	48	771	771	1.0000000
barcode02_DS_3.8GB	contig_5131	5366	8495	adeF_fluoroquinolone_antibiotic;_tetracycline_antibiotic	143	3129	3129	1.0000000
barcode02_DS_3.8GB	contig_5321	5111	5930	vanW gene in vanG cluster_glycopeptide_antibiotic	11	819	819	1.0000000
barcode02_DS_3.8GB	contig_5592	1941	2586	QnrB19_fluoroquinolone_antibiotic	37	645	645	1.0000000
barcode02_DS_3.8GB	contig_6314	41029	42262	Escherichia coli mdfA_tetracycline_antibiotic;_disinfecting_agents_and_antiseptics	9	1233	1233	1.0000000
barcode02_DS_3.8GB	contig_6314	149470	151219	msbA_nitroimidazole_antibiotic	20	1749	1749	1.0000000
barcode02_DS_3.8GB	contig_6314	252446	253622	oqxA_fluoroquinolone_antibiotic;_glycylcycline;_tetracycline_antibiotic;_diaminopyrimidine_antibiotic;_nitrofuran_antibiotic	21	1176	1176	1.0000000
barcode02_DS_3.8GB	contig_6314	253645	256798	oqxB_fluoroquinolone_antibiotic;_glycylcycline;_tetracycline_antibiotic;_diaminopyrimidine_antibiotic;_nitrofuran_antibiotic	19	3153	3153	1.0000000
barcode02_DS_3.8GB	contig_6814	130999	131185	rsmA_fluoroquinolone_antibiotic;_diaminopyrimidine_antibiotic;_phenicol_antibiotic	22	186	186	1.0000000
barcode02_DS_3.8GB	contig_6814	138419	139967	Klebsiella pneumoniae KpnH_macrolide_antibiotic;_fluoroquinolone_antibiotic;_aminoglycoside_antibiotic;_carbapenem;_cephalosporin;_penam;_peptide_antibiotic;_penem	19	1548	1548	1.0000000
barcode02_DS_3.8GB	contig_6814	141283	141814	emrR_fluoroquinolone_antibiotic	14	531	531	1.0000000
barcode02_DS_3.8GB	contig_6909	1571	4277	Salmonella isangi gyrA conferring resistance to fluoroquinolones_fluoroquinolone_antibiotic	11	2706	2706	1.0000000
barcode02_DS_3.8GB	contig_696	1504	1978	dfrA6_diaminopyrimidine_antibiotic	37	474	474	1.0000000
barcode02_DS_3.8GB	contig_7255	4227	4623	vanW gene in vanG cluster_glycopeptide_antibiotic	12	396	396	1.0000000
barcode02_DS_3.8GB	contig_7469	131220	131601	marA_fluoroquinolone_antibiotic;_monobactam;_carbapenem;_cephalosporin;_glycylcycline;_cephamycin;_penam;_tetracycline_antibiotic;_rifamycin_antibiotic;_phenicol_antibiotic;_penem;_disinfecting_agents_and_antiseptics	17	381	381	1.0000000
barcode02_DS_3.8GB	contig_7469	131621	132056	Escherichia coli AcrAB-TolC with MarR mutations conferring resistance to ciprofloxacin and tetracycline_fluoroquinolone_antibiotic;_cephalosporin;_glycylcycline;_penam;_tetracycline_antibiotic;_rifamycin_antibiotic;_phenicol_antibiotic;_disinfecting_agents_and_antiseptics	18	435	435	1.0000000
barcode02_DS_3.8GB	contig_7479	1399	1729	Klebsiella pneumoniae KpnF_macrolide_antibiotic;_aminoglycoside_antibiotic;_cephalosporin;_tetracycline_antibiotic;_peptide_antibiotic;_rifamycin_antibiotic;_disinfecting_agents_and_antiseptics	7	330	330	1.0000000
barcode02_DS_3.8GB	contig_7479	1715	2108	Klebsiella pneumoniae KpnE_macrolide_antibiotic;_aminoglycoside_antibiotic;_cephalosporin;_tetracycline_antibiotic;_peptide_antibiotic;_rifamycin_antibiotic;_disinfecting_agents_and_antiseptics	8	393	393	1.0000000
barcode02_DS_3.8GB	contig_7775	9813	10011	rsmA_fluoroquinolone_antibiotic;_diaminopyrimidine_antibiotic;_phenicol_antibiotic	12	198	198	1.0000000
barcode02_DS_3.8GB	contig_7940	837	2052	tet(Y)_tetracycline_antibiotic	8	1215	1215	1.0000000
barcode02_DS_3.8GB	contig_8046	49307	50171	aadS_aminoglycoside_antibiotic	19	864	864	1.0000000
barcode02_DS_3.8GB	contig_8139	2413	4879	vanT gene in vanG cluster_glycopeptide_antibiotic	8	2466	2466	1.0000000
barcode02_DS_3.8GB	contig_8149	4651	5455	OXA-253_carbapenem;_penam	5	804	804	1.0000000
barcode02_DS_3.8GB	contig_820	9177	10437	EreB_macrolide_antibiotic	41	1260	1260	1.0000000
barcode02_DS_3.8GB	contig_8363	395	728	Escherichia coli emrE_macrolide_antibiotic	3	333	333	1.0000000
barcode02_DS_3.8GB	contig_8614	6807	7377	vanW gene in vanG cluster_glycopeptide_antibiotic	3	570	570	1.0000000
barcode02_DS_3.8GB	contig_8809	6282	6969	vanY gene in vanB cluster_glycopeptide_antibiotic	66	687	687	1.0000000
barcode02_DS_3.8GB	contig_8909	1027	2266	Mrx_macrolide_antibiotic	23	1239	1239	1.0000000
barcode02_DS_3.8GB	contig_8909	2262	3168	mphA_macrolide_antibiotic	26	906	906	1.0000000
barcode02_DS_3.8GB	contig_9065	76	568	nimJ_nitroimidazole_antibiotic	19	492	492	1.0000000
barcode02_DS_3.8GB	contig_9304	28257	29742	lsaE_lincosamide_antibiotic;_streptogramin_antibiotic;_pleuromutilin_antibiotic	27	1485	1485	1.0000000
barcode02_DS_3.8GB	contig_9304	29795	30599	lnuB_lincosamide_antibiotic	24	804	804	1.0000000
barcode02_DS_3.8GB	contig_9417	22353	23040	vanY gene in vanB cluster_glycopeptide_antibiotic	4	687	687	1.0000000
barcode02_DS_3.8GB	contig_953	114	573	dfrA6_diaminopyrimidine_antibiotic	325	459	459	1.0000000
barcode03_DS_3.8GB	contig_1095	10	508	dfrA21_diaminopyrimidine_antibiotic	23	498	498	1.0000000
barcode03_DS_3.8GB	contig_1299	13571	14087	nimG_nitroimidazole_antibiotic	53	516	516	1.0000000
barcode03_DS_3.8GB	contig_1314	62765	63446	vanY gene in vanB cluster_glycopeptide_antibiotic	66	681	681	1.0000000
barcode03_DS_3.8GB	contig_1336	7444	8326	KPC-2_monobactam;_carbapenem;_cephalosporin;_penam	544	882	882	1.0000000
barcode03_DS_3.8GB	contig_1350	34	934	VEB-1_monobactam;_cephalosporin	17	900	900	1.0000000
barcode03_DS_3.8GB	contig_1350	1078	1612	ANT(2'')-Ia_aminoglycoside_antibiotic	26	534	534	1.0000000
barcode03_DS_3.8GB	contig_1400	96337	99505	adeF_fluoroquinolone_antibiotic;_tetracycline_antibiotic	21	3168	3168	1.0000000
barcode03_DS_3.8GB	contig_1420	168693	170022	vanW gene in vanI cluster_glycopeptide_antibiotic	9	1329	1329	1.0000000
barcode03_DS_3.8GB	contig_1435	48893	52040	adeF_fluoroquinolone_antibiotic;_tetracycline_antibiotic	57	3147	3147	1.0000000
barcode03_DS_3.8GB	contig_1451	278162	278360	rsmA_fluoroquinolone_antibiotic;_diaminopyrimidine_antibiotic;_phenicol_antibiotic	20	198	198	1.0000000
barcode03_DS_3.8GB	contig_1473	7264	8128	GES-5_carbapenem;_cephalosporin;_penam	199	864	864	1.0000000
barcode03_DS_3.8GB	contig_1473	8249	8747	dfr22_diaminopyrimidine_antibiotic	31	498	498	1.0000000
barcode03_DS_3.8GB	contig_1486	300431	301118	vanW gene in vanG cluster_glycopeptide_antibiotic	37	687	687	1.0000000
barcode03_DS_3.8GB	contig_1507	7451	10568	adeF_fluoroquinolone_antibiotic;_tetracycline_antibiotic	13	3117	3117	1.0000000
barcode03_DS_3.8GB	contig_1520	133917	135564	ArnT_peptide_antibiotic	18	1647	1647	1.0000000
barcode03_DS_3.8GB	contig_1521	11670	12129	AAC(6')-Il_aminoglycoside_antibiotic	372	459	459	1.0000000
barcode03_DS_3.8GB	contig_1521	12202	13066	GES-5_carbapenem;_cephalosporin;_penam	335	864	864	1.0000000
barcode03_DS_3.8GB	contig_1537	20431	23587	adeF_fluoroquinolone_antibiotic;_tetracycline_antibiotic	16	3156	3156	1.0000000
barcode03_DS_3.8GB	contig_1537	73490	75143	ArnT_peptide_antibiotic	26	1653	1653	1.0000000
barcode03_DS_3.8GB	contig_1551	62	668	AAC(6')-Ib10_aminoglycoside_antibiotic	81	606	606	1.0000000
barcode03_DS_3.8GB	contig_1552	858	1683	OXA-9_penam	12	825	825	1.0000000
barcode03_DS_3.8GB	contig_1591	116464	117226	OXA-464_penam	69	762	762	1.0000000
barcode03_DS_3.8GB	contig_1633	120342	123471	adeF_fluoroquinolone_antibiotic;_tetracycline_antibiotic	80	3129	3129	1.0000000
barcode03_DS_3.8GB	contig_1688	21498	22683	Escherichia coli EF-Tu mutants conferring resistance to Pulvomycin_elfamycin_antibiotic	87	1185	1185	1.0000000
barcode03_DS_3.8GB	contig_1688	39757	40942	Escherichia coli EF-Tu mutants conferring resistance to Pulvomycin_elfamycin_antibiotic	82	1185	1185	1.0000000
barcode03_DS_3.8GB	contig_1699	21898	23083	Escherichia coli EF-Tu mutants conferring resistance to Pulvomycin_elfamycin_antibiotic	20	1185	1185	1.0000000
barcode03_DS_3.8GB	contig_1699	40167	41352	Escherichia coli EF-Tu mutants conferring resistance to Pulvomycin_elfamycin_antibiotic	19	1185	1185	1.0000000
barcode03_DS_3.8GB	contig_1714	85367	88496	adeF_fluoroquinolone_antibiotic;_tetracycline_antibiotic	69	3129	3129	1.0000000
barcode03_DS_3.8GB	contig_173	25	853	OXA-2_carbapenem;_cephalosporin;_penam	36	828	828	1.0000000
barcode03_DS_3.8GB	contig_1733	48233	48428	rsmA_fluoroquinolone_antibiotic;_diaminopyrimidine_antibiotic;_phenicol_antibiotic	50	195	195	1.0000000
barcode03_DS_3.8GB	contig_1734	38040	38820	aadA_aminoglycoside_antibiotic	59	780	780	1.0000000
barcode03_DS_3.8GB	contig_1734	38980	39637	QnrVC1_fluoroquinolone_antibiotic	192	657	657	1.0000000
barcode03_DS_3.8GB	contig_1734	39913	40519	AAC(6')-Ib9_aminoglycoside_antibiotic	92	606	606	1.0000000
barcode03_DS_3.8GB	contig_1736	27	666	CRP_macrolide_antibiotic;_fluoroquinolone_antibiotic;_penam	27	639	639	1.0000000
barcode03_DS_3.8GB	contig_1737	3173	4034	TEM-1_monobactam;_cephalosporin;_penam;_penem	29	861	861	1.0000000
barcode03_DS_3.8GB	contig_176	102	933	OXA-4_cephalosporin;_penam	111	831	831	1.0000000
barcode03_DS_3.8GB	contig_177	97	430	qacJ_disinfecting_agents_and_antiseptics	34	333	333	1.0000000
barcode03_DS_3.8GB	contig_1852	32474	35621	adeF_fluoroquinolone_antibiotic;_tetracycline_antibiotic	34	3147	3147	1.0000000
barcode03_DS_3.8GB	contig_1916	138	486	qacEdelta1_disinfecting_agents_and_antiseptics	444	348	348	1.0000000
barcode03_DS_3.8GB	contig_1916	649	1555	aadA3_aminoglycoside_antibiotic	126	906	906	1.0000000
barcode03_DS_3.8GB	contig_1925	3270	4131	SHV-12_carbapenem;_cephalosporin;_penam	25	861	861	1.0000000
barcode03_DS_3.8GB	contig_194	118139	118862	vanY gene in vanB cluster_glycopeptide_antibiotic	20	723	723	1.0000000
barcode03_DS_3.8GB	contig_1947	1333	2977	MCR-5.1_peptide_antibiotic	10	1644	1644	1.0000000
barcode03_DS_3.8GB	contig_1971	27493	28018	SAT-2_nucleoside_antibiotic	4	525	525	1.0000000
barcode03_DS_3.8GB	contig_1971	28075	28867	aadA_aminoglycoside_antibiotic	36	792	792	1.0000000
barcode03_DS_3.8GB	contig_2002	38658	39345	vanY gene in vanB cluster_glycopeptide_antibiotic	25	687	687	1.0000000
barcode03_DS_3.8GB	contig_2008	111	951	GES-5_carbapenem;_cephalosporin;_penam	88	840	840	1.0000000
barcode03_DS_3.8GB	contig_2010	288	945	QnrS2_fluoroquinolone_antibiotic	10	657	657	1.0000000
barcode03_DS_3.8GB	contig_2049	1881	2727	aadA11_aminoglycoside_antibiotic	12	846	846	1.0000000
barcode03_DS_3.8GB	contig_2108	4375	5137	OXA-464_penam	21	762	762	1.0000000
barcode03_DS_3.8GB	contig_2121	6601	7786	Escherichia coli EF-Tu mutants conferring resistance to Pulvomycin_elfamycin_antibiotic	80	1185	1185	1.0000000
barcode03_DS_3.8GB	contig_2121	24857	26042	Escherichia coli EF-Tu mutants conferring resistance to Pulvomycin_elfamycin_antibiotic	81	1185	1185	1.0000000
barcode03_DS_3.8GB	contig_2190	2	590	AAC(6')-Ib-cr6_fluoroquinolone_antibiotic;_aminoglycoside_antibiotic	84	588	588	1.0000000
barcode03_DS_3.8GB	contig_2190	685	1144	dfrA15b_diaminopyrimidine_antibiotic	8	459	459	1.0000000
barcode03_DS_3.8GB	contig_2229	2011	2485	dfrA15b_diaminopyrimidine_antibiotic	8	474	474	1.0000000
barcode03_DS_3.8GB	contig_2383	446255	448706	vanT gene in vanG cluster_glycopeptide_antibiotic	42	2451	2451	1.0000000
barcode03_DS_3.8GB	contig_2408	169354	170137	LnuH_lincosamide_antibiotic	29	783	783	1.0000000
barcode03_DS_3.8GB	contig_2409	3030	3801	LnuH_lincosamide_antibiotic	39	771	771	1.0000000
barcode03_DS_3.8GB	contig_258	167	761	AAC(6')-Ib9_aminoglycoside_antibiotic	84	594	594	1.0000000
barcode03_DS_3.8GB	contig_258	753	1554	OXA-10_cephalosporin;_penam	33	801	801	1.0000000
barcode03_DS_3.8GB	contig_2722	24263	25067	lnuB_lincosamide_antibiotic	18	804	804	1.0000000
barcode03_DS_3.8GB	contig_2828	30995	32180	Escherichia coli EF-Tu mutants conferring resistance to Pulvomycin_elfamycin_antibiotic	40	1185	1185	1.0000000
barcode03_DS_3.8GB	contig_2828	53846	55031	Escherichia coli EF-Tu mutants conferring resistance to Pulvomycin_elfamycin_antibiotic	31	1185	1185	1.0000000
barcode03_DS_3.8GB	contig_2861	19496	20135	CRP_macrolide_antibiotic;_fluoroquinolone_antibiotic;_penam	96	639	639	1.0000000
barcode03_DS_3.8GB	contig_2861	49098	49293	rsmA_fluoroquinolone_antibiotic;_diaminopyrimidine_antibiotic;_phenicol_antibiotic	76	195	195	1.0000000
barcode03_DS_3.8GB	contig_2900	9997	10684	vanY gene in vanB cluster_glycopeptide_antibiotic	67	687	687	1.0000000
barcode03_DS_3.8GB	contig_2993	37784	40931	adeF_fluoroquinolone_antibiotic;_tetracycline_antibiotic	15	3147	3147	1.0000000
barcode03_DS_3.8GB	contig_3444	22188	22515	Escherichia coli soxS with mutation conferring antibiotic resistance_fluoroquinolone_antibiotic;_monobactam;_carbapenem;_cephalosporin;_glycylcycline;_cephamycin;_penam;_tetracycline_antibiotic;_rifamycin_antibiotic;_phenicol_antibiotic;_penem;_disinfecting_agents_and_antiseptics	12	327	327	1.0000000
barcode03_DS_3.8GB	contig_3739	33863	36755	PmrF_peptide_antibiotic	6	2892	2892	1.0000000
barcode03_DS_3.8GB	contig_3767	5897	6716	vanW gene in vanG cluster_glycopeptide_antibiotic	8	819	819	1.0000000
barcode03_DS_3.8GB	contig_3921	743	3872	adeF_fluoroquinolone_antibiotic;_tetracycline_antibiotic	26	3129	3129	1.0000000
barcode03_DS_3.8GB	contig_4026	9761	10484	baeR_aminoglycoside_antibiotic;_aminocoumarin_antibiotic	8	723	723	1.0000000
barcode03_DS_3.8GB	contig_4026	10480	11884	baeS_aminoglycoside_antibiotic;_aminocoumarin_antibiotic	7	1404	1404	1.0000000
barcode03_DS_3.8GB	contig_4177	17022	18168	ACT-38_carbapenem;_cephalosporin;_cephamycin;_penam	5	1146	1146	1.0000000
barcode03_DS_3.8GB	contig_4487	5622	5808	rsmA_fluoroquinolone_antibiotic;_diaminopyrimidine_antibiotic;_phenicol_antibiotic	7	186	186	1.0000000
barcode03_DS_3.8GB	contig_4822	5002	5341	qacG_disinfecting_agents_and_antiseptics	4	339	339	1.0000000
barcode03_DS_3.8GB	contig_4909	5042	6590	Klebsiella pneumoniae KpnH_macrolide_antibiotic;_fluoroquinolone_antibiotic;_aminoglycoside_antibiotic;_carbapenem;_cephalosporin;_penam;_peptide_antibiotic;_penem	8	1548	1548	1.0000000
barcode03_DS_3.8GB	contig_4909	7907	8438	emrR_fluoroquinolone_antibiotic	7	531	531	1.0000000
barcode03_DS_3.8GB	contig_5064	420	2106	tet(Q)_tetracycline_antibiotic	4	1686	1686	1.0000000
barcode03_DS_3.8GB	contig_5280	17010	17955	leuO_nucleoside_antibiotic;_disinfecting_agents_and_antiseptics	10	945	945	1.0000000
barcode03_DS_3.8GB	contig_5608	111	948	APH(6)-Id_aminoglycoside_antibiotic	18	837	837	1.0000000
barcode03_DS_3.8GB	contig_5608	947	1751	APH(3'')-Ib_aminoglycoside_antibiotic	11	804	804	1.0000000
barcode03_DS_3.8GB	contig_5629	1	1390	adeF_fluoroquinolone_antibiotic;_tetracycline_antibiotic	3	1389	1389	1.0000000
barcode03_DS_3.8GB	contig_5629	7181	7511	abeS_macrolide_antibiotic;_aminocoumarin_antibiotic	3	330	330	1.0000000
barcode03_DS_3.8GB	contig_5825	181	547	Klebsiella pneumoniae KpnE_macrolide_antibiotic;_aminoglycoside_antibiotic;_cephalosporin;_tetracycline_antibiotic;_peptide_antibiotic;_rifamycin_antibiotic;_disinfecting_agents_and_antiseptics	4	366	366	1.0000000
barcode03_DS_3.8GB	contig_5889	5672	8801	adeF_fluoroquinolone_antibiotic;_tetracycline_antibiotic	17	3129	3129	1.0000000
barcode03_DS_3.8GB	contig_5896	677	1151	dfrA6_diaminopyrimidine_antibiotic	64	474	474	1.0000000
barcode03_DS_3.8GB	contig_5936	1165	2026	TEM-1_monobactam;_cephalosporin;_penam;_penem	63	861	861	1.0000000
barcode03_DS_3.8GB	contig_5969	12361	12820	AAC(6')-Il_aminoglycoside_antibiotic	357	459	459	1.0000000
barcode03_DS_3.8GB	contig_5969	12893	13757	GES-5_carbapenem;_cephalosporin;_penam	330	864	864	1.0000000
barcode03_DS_3.8GB	contig_5978	3502	4141	CRP_macrolide_antibiotic;_fluoroquinolone_antibiotic;_penam	72	639	639	1.0000000
barcode03_DS_3.8GB	contig_6066	395	1871	msrE_macrolide_antibiotic;_streptogramin_antibiotic	49	1476	1476	1.0000000
barcode03_DS_3.8GB	contig_6066	1926	2811	mphE_macrolide_antibiotic	47	885	885	1.0000000
barcode03_DS_3.8GB	contig_6094	18144	19857	ArnT_peptide_antibiotic	14	1713	1713	1.0000000
barcode03_DS_3.8GB	contig_6095	9376	10567	tet(C)_tetracycline_antibiotic	589	1191	1191	1.0000000
barcode03_DS_3.8GB	contig_6131	19	493	dfrA6_diaminopyrimidine_antibiotic	37	474	474	1.0000000
barcode03_DS_3.8GB	contig_6150	888	1794	mphA_macrolide_antibiotic	5	906	906	1.0000000
barcode03_DS_3.8GB	contig_6150	1790	3029	Mrx_macrolide_antibiotic	6	1239	1239	1.0000000
barcode03_DS_3.8GB	contig_625	56	509	arr-3_rifamycin_antibiotic	54	453	453	1.0000000
barcode03_DS_3.8GB	contig_626	50	683	catB3_phenicol_antibiotic	15	633	633	1.0000000
barcode03_DS_3.8GB	contig_6399	8958	9591	CRP_macrolide_antibiotic;_fluoroquinolone_antibiotic;_penam	10	633	633	1.0000000
barcode03_DS_3.8GB	contig_6439	18118	19351	Escherichia coli mdfA_tetracycline_antibiotic;_disinfecting_agents_and_antiseptics	7	1233	1233	1.0000000
barcode03_DS_3.8GB	contig_6482	4568	4949	marA_fluoroquinolone_antibiotic;_monobactam;_carbapenem;_cephalosporin;_glycylcycline;_cephamycin;_penam;_tetracycline_antibiotic;_rifamycin_antibiotic;_phenicol_antibiotic;_penem;_disinfecting_agents_and_antiseptics	8	381	381	1.0000000
barcode03_DS_3.8GB	contig_6489	7180	7375	rsmA_fluoroquinolone_antibiotic;_diaminopyrimidine_antibiotic;_phenicol_antibiotic	12	195	195	1.0000000
barcode03_DS_3.8GB	contig_6523	10603	11341	ErmB_macrolide_antibiotic;_lincosamide_antibiotic;_streptogramin_antibiotic;_streptogramin_A_antibiotic;_streptogramin_B_antibiotic	7	738	738	1.0000000
barcode03_DS_3.8GB	contig_6584	6536	7568	mdtN_nucleoside_antibiotic;_disinfecting_agents_and_antiseptics	3	1032	1032	1.0000000
barcode03_DS_3.8GB	contig_710	363	822	dfrA6_diaminopyrimidine_antibiotic	141	459	459	1.0000000
barcode03_DS_3.8GB	contig_963	2739	3999	EreB_macrolide_antibiotic	17	1260	1260	1.0000000
barcode03_DS_3.8GB	contig_994	1142	1943	OXA-10_cephalosporin;_penam	187	801	801	1.0000000
barcode04_DS_3.8GB	contig_10021	8078	8843	vanY gene in vanM cluster_glycopeptide_antibiotic	11	765	765	1.0000000
barcode04_DS_3.8GB	contig_10070	4173	4713	emrR_fluoroquinolone_antibiotic	7	540	540	1.0000000
barcode04_DS_3.8GB	contig_10084	1234	1969	LnuH_lincosamide_antibiotic	12	735	735	1.0000000
barcode04_DS_3.8GB	contig_10125	14732	15206	dfrA1_diaminopyrimidine_antibiotic	13	474	474	1.0000000
barcode04_DS_3.8GB	contig_10125	15310	16087	aadA_aminoglycoside_antibiotic	31	777	777	1.0000000
barcode04_DS_3.8GB	contig_10416	9643	10027	vanY gene in vanM cluster_glycopeptide_antibiotic	7	384	384	1.0000000
barcode04_DS_3.8GB	contig_10426	4301	5723	vanW gene in vanG cluster_glycopeptide_antibiotic	5	1422	1422	1.0000000
barcode04_DS_3.8GB	contig_10570	19574	19919	Klebsiella pneumoniae KpnE_macrolide_antibiotic;_aminoglycoside_antibiotic;_cephalosporin;_tetracycline_antibiotic;_peptide_antibiotic;_rifamycin_antibiotic;_disinfecting_agents_and_antiseptics	7	345	345	1.0000000
barcode04_DS_3.8GB	contig_10702	4975	5683	EBR-3_carbapenem;_cephalosporin;_penam	7	708	708	1.0000000
barcode04_DS_3.8GB	contig_10803	9288	10083	OXA-504_penam	12	795	795	1.0000000
barcode04_DS_3.8GB	contig_10893	22962	24336	tet(45)_tetracycline_antibiotic	10	1374	1374	1.0000000
barcode04_DS_3.8GB	contig_10893	24340	26200	tet(36)_tetracycline_antibiotic	20	1860	1860	1.0000000
barcode04_DS_3.8GB	contig_1101	1	511	lnuC_lincosamide_antibiotic	10	510	510	1.0000000
barcode04_DS_3.8GB	contig_1126	128	929	tet(Q)_tetracycline_antibiotic	13	801	801	1.0000000
barcode04_DS_3.8GB	contig_11780	20391	20805	H-NS_macrolide_antibiotic;_fluoroquinolone_antibiotic;_cephalosporin;_cephamycin;_penam;_tetracycline_antibiotic	10	414	414	1.0000000
barcode04_DS_3.8GB	contig_1194	12489	14415	tet(Q)_tetracycline_antibiotic	148	1926	1926	1.0000000
barcode04_DS_3.8GB	contig_12163	4589	5489	CME-2_penam	6	900	900	1.0000000
barcode04_DS_3.8GB	contig_12265	7245	8415	vanY gene in vanG cluster_glycopeptide_antibiotic	4	1170	1170	1.0000000
barcode04_DS_3.8GB	contig_12286	16626	17328	vanY gene in vanB cluster_glycopeptide_antibiotic	11	702	702	1.0000000
barcode04_DS_3.8GB	contig_12433	3574	6049	vanT gene in vanG cluster_glycopeptide_antibiotic	6	2475	2475	1.0000000
barcode04_DS_3.8GB	contig_12461	422	917	lnuC_lincosamide_antibiotic	42	495	495	1.0000000
barcode04_DS_3.8GB	contig_1259	715	1510	APH(3')-IIIa_aminoglycoside_antibiotic	50	795	795	1.0000000
barcode04_DS_3.8GB	contig_1291	13753	15181	fexA_phenicol_antibiotic	21	1428	1428	1.0000000
barcode04_DS_3.8GB	contig_1291	25548	27405	tet(W)_tetracycline_antibiotic	75	1857	1857	1.0000000
barcode04_DS_3.8GB	contig_1294	5099	5594	lnuC_lincosamide_antibiotic	102	495	495	1.0000000
barcode04_DS_3.8GB	contig_13034	87	648	lnuA_lincosamide_antibiotic	15	561	561	1.0000000
barcode04_DS_3.8GB	contig_13059	1894	2425	emrR_fluoroquinolone_antibiotic	11	531	531	1.0000000
barcode04_DS_3.8GB	contig_13165	4591	5374	ANT(9)-Ia_aminoglycoside_antibiotic	17	783	783	1.0000000
barcode04_DS_3.8GB	contig_1318	51019	52117	vanG_glycopeptide_antibiotic	25	1098	1098	1.0000000
barcode04_DS_3.8GB	contig_1318	240393	241275	tet(W)_tetracycline_antibiotic	74	882	882	1.0000000
barcode04_DS_3.8GB	contig_1318	241363	242080	tet(W)_tetracycline_antibiotic	65	717	717	1.0000000
barcode04_DS_3.8GB	contig_1324	4463	5249	APH(3')-IIIa_aminoglycoside_antibiotic	74	786	786	1.0000000
barcode04_DS_3.8GB	contig_13271	29210	29408	rsmA_fluoroquinolone_antibiotic;_diaminopyrimidine_antibiotic;_phenicol_antibiotic	17	198	198	1.0000000
barcode04_DS_3.8GB	contig_1337	7973	8516	SAT-4_nucleoside_antibiotic	75	543	543	1.0000000
barcode04_DS_3.8GB	contig_1337	8608	9403	APH(3')-IIIa_aminoglycoside_antibiotic	123	795	795	1.0000000
barcode04_DS_3.8GB	contig_1337	39088	41008	tet(O)_tetracycline_antibiotic	72	1920	1920	1.0000000
barcode04_DS_3.8GB	contig_1337	41058	42279	tet(40)_tetracycline_antibiotic	114	1221	1221	1.0000000
barcode04_DS_3.8GB	contig_1345	3650	4148	dfrG_diaminopyrimidine_antibiotic	17	498	498	1.0000000
barcode04_DS_3.8GB	contig_13487	2476	4729	vanT gene in vanG cluster_glycopeptide_antibiotic	10	2253	2253	1.0000000
barcode04_DS_3.8GB	contig_1349	4423	5287	aadS_aminoglycoside_antibiotic	40	864	864	1.0000000
barcode04_DS_3.8GB	contig_1349	6529	7330	ErmF_macrolide_antibiotic;_lincosamide_antibiotic;_streptogramin_antibiotic;_streptogramin_A_antibiotic;_streptogramin_B_antibiotic	43	801	801	1.0000000
barcode04_DS_3.8GB	contig_1358	2672	3476	lnuB_lincosamide_antibiotic	77	804	804	1.0000000
barcode04_DS_3.8GB	contig_1358	3529	5014	lsaE_lincosamide_antibiotic;_streptogramin_antibiotic;_pleuromutilin_antibiotic	71	1485	1485	1.0000000
barcode04_DS_3.8GB	contig_13741	1342	2560	tet(E)_tetracycline_antibiotic	6	1218	1218	1.0000000
barcode04_DS_3.8GB	contig_1390	2899	3895	CfxA6_cephamycin	66	996	996	1.0000000
barcode04_DS_3.8GB	contig_1392	8650	9808	mdtE_macrolide_antibiotic;_fluoroquinolone_antibiotic;_penam	17	1158	1158	1.0000000
barcode04_DS_3.8GB	contig_1392	9832	12946	mdtF_macrolide_antibiotic;_fluoroquinolone_antibiotic;_penam	11	3114	3114	1.0000000
barcode04_DS_3.8GB	contig_1392	13308	14037	gadW_macrolide_antibiotic;_fluoroquinolone_antibiotic;_penam	14	729	729	1.0000000
barcode04_DS_3.8GB	contig_1392	14404	15229	gadX_macrolide_antibiotic;_fluoroquinolone_antibiotic;_penam	14	825	825	1.0000000
barcode04_DS_3.8GB	contig_13956	9566	10199	CRP_macrolide_antibiotic;_fluoroquinolone_antibiotic;_penam	17	633	633	1.0000000
barcode04_DS_3.8GB	contig_14237	8728	9586	ANT(6)-Ib_aminoglycoside_antibiotic	9	858	858	1.0000000
barcode04_DS_3.8GB	contig_14237	10156	11824	tet(44)_tetracycline_antibiotic	9	1668	1668	1.0000000
barcode04_DS_3.8GB	contig_1433	354	1764	fexB_phenicol_antibiotic	12	1410	1410	1.0000000
barcode04_DS_3.8GB	contig_1448	82297	83455	vanW gene in vanI cluster_glycopeptide_antibiotic	13	1158	1158	1.0000000
barcode04_DS_3.8GB	contig_1448	170155	170656	vanY gene in vanB cluster_glycopeptide_antibiotic	18	501	501	1.0000000
barcode04_DS_3.8GB	contig_147	22175	22649	dfrA14_diaminopyrimidine_antibiotic	14	474	474	1.0000000
barcode04_DS_3.8GB	contig_1480	17925	19002	tet(W)_tetracycline_antibiotic	5	1077	1077	1.0000000
barcode04_DS_3.8GB	contig_14865	11344	11569	vanY gene in vanB cluster_glycopeptide_antibiotic	3	225	225	1.0000000
barcode04_DS_3.8GB	contig_14877	1287	1914	vanW gene in vanI cluster_glycopeptide_antibiotic	11	627	627	1.0000000
barcode04_DS_3.8GB	contig_1499	1895	2906	APH(2'')-IIa_aminoglycoside_antibiotic	28	1011	1011	1.0000000
barcode04_DS_3.8GB	contig_1499	2949	3486	AAC(6')-Im_aminoglycoside_antibiotic	32	537	537	1.0000000
barcode04_DS_3.8GB	contig_1502	4556	5294	ErmB_macrolide_antibiotic;_lincosamide_antibiotic;_streptogramin_antibiotic;_streptogramin_A_antibiotic;_streptogramin_B_antibiotic	263	738	738	1.0000000
barcode04_DS_3.8GB	contig_1502	5739	7113	tet(45)_tetracycline_antibiotic	260	1374	1374	1.0000000
barcode04_DS_3.8GB	contig_1502	7473	9393	tet(O/W/32/O)_tetracycline_antibiotic	275	1920	1920	1.0000000
barcode04_DS_3.8GB	contig_1502	15538	16276	ErmB_macrolide_antibiotic;_lincosamide_antibiotic;_streptogramin_antibiotic;_streptogramin_A_antibiotic;_streptogramin_B_antibiotic	230	738	738	1.0000000
barcode04_DS_3.8GB	contig_15121	2647	3511	GES-1_carbapenem;_cephalosporin;_penam	22	864	864	1.0000000
barcode04_DS_3.8GB	contig_1516	898	2818	tet(W/N/W)_tetracycline_antibiotic	54	1920	1920	1.0000000
barcode04_DS_3.8GB	contig_1518	1	1921	tet(W/N/W)_tetracycline_antibiotic	36	1920	1920	1.0000000
barcode04_DS_3.8GB	contig_15239	10606	11593	vanH gene in vanO cluster_glycopeptide_antibiotic	8	987	987	1.0000000
barcode04_DS_3.8GB	contig_1535	78504	80982	vanT gene in vanG cluster_glycopeptide_antibiotic	29	2478	2478	1.0000000
barcode04_DS_3.8GB	contig_1539	17545	18040	lnuC_lincosamide_antibiotic	113	495	495	1.0000000
barcode04_DS_3.8GB	contig_15468	2588	2723	vanY gene in vanM cluster_glycopeptide_antibiotic	11	135	135	1.0000000
barcode04_DS_3.8GB	contig_15548	2921	3659	ErmB_macrolide_antibiotic;_lincosamide_antibiotic;_streptogramin_antibiotic;_streptogramin_A_antibiotic;_streptogramin_B_antibiotic	27	738	738	1.0000000
barcode04_DS_3.8GB	contig_15718	1976	2390	H-NS_macrolide_antibiotic;_fluoroquinolone_antibiotic;_cephalosporin;_cephamycin;_penam;_tetracycline_antibiotic	10	414	414	1.0000000
barcode04_DS_3.8GB	contig_1594	33260	33761	nimJ_nitroimidazole_antibiotic	8	501	501	1.0000000
barcode04_DS_3.8GB	contig_15989	1831	2797	CfxA2_cephamycin	17	966	966	1.0000000
barcode04_DS_3.8GB	contig_1610	475	2479	vanT gene in vanG cluster_glycopeptide_antibiotic	21	2004	2004	1.0000000
barcode04_DS_3.8GB	contig_16146	1668	1893	vanY gene in vanM cluster_glycopeptide_antibiotic	6	225	225	1.0000000
barcode04_DS_3.8GB	contig_1621	108	903	APH(3')-IIIa_aminoglycoside_antibiotic	86	795	795	1.0000000
barcode04_DS_3.8GB	contig_1636	5923	7243	tet(W)_tetracycline_antibiotic	105	1320	1320	1.0000000
barcode04_DS_3.8GB	contig_1644	17057	17804	vanY gene in vanB cluster_glycopeptide_antibiotic	89	747	747	1.0000000
barcode04_DS_3.8GB	contig_16523	1565	2354	aadA27_aminoglycoside_antibiotic	3	789	789	1.0000000
barcode04_DS_3.8GB	contig_16699	8478	8967	vanY gene in vanB cluster_glycopeptide_antibiotic	3	489	489	1.0000000
barcode04_DS_3.8GB	contig_16728	2337	3420	vanT gene in vanG cluster_glycopeptide_antibiotic	6	1083	1083	1.0000000
barcode04_DS_3.8GB	contig_1677	2	1574	tet(O/W/32/O)_tetracycline_antibiotic	124	1572	1572	1.0000000
barcode04_DS_3.8GB	contig_1677	1934	3338	tet(45)_tetracycline_antibiotic	188	1404	1404	1.0000000
barcode04_DS_3.8GB	contig_1685	708	1761	tet(O)_tetracycline_antibiotic	43	1053	1053	1.0000000
barcode04_DS_3.8GB	contig_1685	1865	2636	tet(O)_tetracycline_antibiotic	49	771	771	1.0000000
barcode04_DS_3.8GB	contig_1692	15244	16040	APH(3')-IIIa_aminoglycoside_antibiotic	71	796	796	1.0000000
barcode04_DS_3.8GB	contig_17142	5456	5642	rsmA_fluoroquinolone_antibiotic;_diaminopyrimidine_antibiotic;_phenicol_antibiotic	17	186	186	1.0000000
barcode04_DS_3.8GB	contig_17160	1241	2012	ANT(4')-Ia_aminoglycoside_antibiotic	15	771	771	1.0000000
barcode04_DS_3.8GB	contig_1745	47517	48012	lnuC_lincosamide_antibiotic	103	495	495	1.0000000
barcode04_DS_3.8GB	contig_17514	3777	5052	poxtA_tetracycline_antibiotic;_oxazolidinone_antibiotic;_phenicol_antibiotic	10	1275	1275	1.0000000
barcode04_DS_3.8GB	contig_17583	38995	40369	cpxA_aminoglycoside_antibiotic;_aminocoumarin_antibiotic	18	1374	1374	1.0000000
barcode04_DS_3.8GB	contig_1762	15341	15809	vanY gene in vanB cluster_glycopeptide_antibiotic	6	468	468	1.0000000
barcode04_DS_3.8GB	contig_17655	3336	4038	vanY gene in vanB cluster_glycopeptide_antibiotic	4	702	702	1.0000000
barcode04_DS_3.8GB	contig_1793	1927	2662	ErmA_macrolide_antibiotic;_lincosamide_antibiotic;_streptogramin_antibiotic;_streptogramin_A_antibiotic;_streptogramin_B_antibiotic	15	735	735	1.0000000
barcode04_DS_3.8GB	contig_17931	32870	34274	vanY gene in vanF cluster_glycopeptide_antibiotic	5	1404	1404	1.0000000
barcode04_DS_3.8GB	contig_17972	1297	2128	vanY gene in vanG cluster_glycopeptide_antibiotic	4	831	831	1.0000000
barcode04_DS_3.8GB	contig_1800	74301	75174	GOB-10_carbapenem;_cephalosporin;_penam	8	873	873	1.0000000
barcode04_DS_3.8GB	contig_18729	13063	14191	vanT gene in vanG cluster_glycopeptide_antibiotic	5	1128	1128	1.0000000
barcode04_DS_3.8GB	contig_1902	5256	6003	ErmB_macrolide_antibiotic;_lincosamide_antibiotic;_streptogramin_antibiotic;_streptogramin_A_antibiotic;_streptogramin_B_antibiotic	89	747	747	1.0000000
barcode04_DS_3.8GB	contig_1906	787	1855	tet(O)_tetracycline_antibiotic	51	1068	1068	1.0000000
barcode04_DS_3.8GB	contig_1906	2220	2709	tet(O)_tetracycline_antibiotic	40	489	489	1.0000000
barcode04_DS_3.8GB	contig_19143	137	953	APH(3')-Ia_aminoglycoside_antibiotic	21	816	816	1.0000000
barcode04_DS_3.8GB	contig_19201	473	2393	tet(O)_tetracycline_antibiotic	37	1920	1920	1.0000000
barcode04_DS_3.8GB	contig_19228	1517	2003	lnuA_lincosamide_antibiotic	20	486	486	1.0000000
barcode04_DS_3.8GB	contig_19228	9628	10858	tet(W)_tetracycline_antibiotic	15	1230	1230	1.0000000
barcode04_DS_3.8GB	contig_19262	103	748	QnrD1_fluoroquinolone_antibiotic	70	645	645	1.0000000
barcode04_DS_3.8GB	contig_1952	4547	5042	lnuC_lincosamide_antibiotic	21	495	495	1.0000000
barcode04_DS_3.8GB	contig_19618	240	915	tet(36)_tetracycline_antibiotic	8	675	675	1.0000000
barcode04_DS_3.8GB	contig_19618	859	1894	tet(36)_tetracycline_antibiotic	7	1035	1035	1.0000000
barcode04_DS_3.8GB	contig_1965	160172	162092	tet(W)_tetracycline_antibiotic	82	1920	1920	1.0000000
barcode04_DS_3.8GB	contig_19744	1009	1573	tet(M)_tetracycline_antibiotic	9	564	564	1.0000000
barcode04_DS_3.8GB	contig_19744	1547	2036	tet(M)_tetracycline_antibiotic	14	489	489	1.0000000
barcode04_DS_3.8GB	contig_19771	776	2036	EreB_macrolide_antibiotic	7	1260	1260	1.0000000
barcode04_DS_3.8GB	contig_19844	1870	2356	lnuA_lincosamide_antibiotic	25	486	486	1.0000000
barcode04_DS_3.8GB	contig_19879	27966	29067	vanT gene in vanG cluster_glycopeptide_antibiotic	6	1101	1101	1.0000000
barcode04_DS_3.8GB	contig_20016	3122	4265	vanT gene in vanG cluster_glycopeptide_antibiotic	9	1143	1143	1.0000000
barcode04_DS_3.8GB	contig_20022	6328	7321	vanH gene in vanA cluster_glycopeptide_antibiotic	9	993	993	1.0000000
barcode04_DS_3.8GB	contig_20198	25951	26137	rsmA_fluoroquinolone_antibiotic;_diaminopyrimidine_antibiotic;_phenicol_antibiotic	13	186	186	1.0000000
barcode04_DS_3.8GB	contig_2067	6305	7292	vanH gene in vanO cluster_glycopeptide_antibiotic	8	987	987	1.0000000
barcode04_DS_3.8GB	contig_2077	3051	3879	OXA-253_carbapenem;_penam	11	828	828	1.0000000
barcode04_DS_3.8GB	contig_2095	11464	12595	vanT gene in vanG cluster_glycopeptide_antibiotic	11	1131	1131	1.0000000
barcode04_DS_3.8GB	contig_2124	43354	43609	rsmA_fluoroquinolone_antibiotic;_diaminopyrimidine_antibiotic;_phenicol_antibiotic	108	255	255	1.0000000
barcode04_DS_3.8GB	contig_2334	22506	22836	Klebsiella pneumoniae KpnF_macrolide_antibiotic;_aminoglycoside_antibiotic;_cephalosporin;_tetracycline_antibiotic;_peptide_antibiotic;_rifamycin_antibiotic;_disinfecting_agents_and_antiseptics	9	330	330	1.0000000
barcode04_DS_3.8GB	contig_2334	22822	23188	Klebsiella pneumoniae KpnE_macrolide_antibiotic;_aminoglycoside_antibiotic;_cephalosporin;_tetracycline_antibiotic;_peptide_antibiotic;_rifamycin_antibiotic;_disinfecting_agents_and_antiseptics	8	366	366	1.0000000
barcode04_DS_3.8GB	contig_2388	2665	4141	msrE_macrolide_antibiotic;_streptogramin_antibiotic	22	1476	1476	1.0000000
barcode04_DS_3.8GB	contig_2391	8280	9186	mphA_macrolide_antibiotic	16	906	906	1.0000000
barcode04_DS_3.8GB	contig_2391	9182	10421	Mrx_macrolide_antibiotic	14	1239	1239	1.0000000
barcode04_DS_3.8GB	contig_2391	12640	13138	dfrA21_diaminopyrimidine_antibiotic	11	498	498	1.0000000
barcode04_DS_3.8GB	contig_2397	20212	21400	tet(39)_tetracycline_antibiotic	116	1188	1188	1.0000000
barcode04_DS_3.8GB	contig_2397	31757	32600	OXA-58_carbapenem;_penam	6	843	843	1.0000000
barcode04_DS_3.8GB	contig_2397	34435	35320	mphE_macrolide_antibiotic	46	885	885	1.0000000
barcode04_DS_3.8GB	contig_2397	35375	36851	msrE_macrolide_antibiotic;_streptogramin_antibiotic	42	1476	1476	1.0000000
barcode04_DS_3.8GB	contig_2399	72028	75205	adeF_fluoroquinolone_antibiotic;_tetracycline_antibiotic	25	3177	3177	1.0000000
barcode04_DS_3.8GB	contig_2534	31027	33493	vanT gene in vanG cluster_glycopeptide_antibiotic	14	2466	2466	1.0000000
barcode04_DS_3.8GB	contig_2555	5393	7142	msbA_nitroimidazole_antibiotic	18	1749	1749	1.0000000
barcode04_DS_3.8GB	contig_2556	5476	7225	msbA_nitroimidazole_antibiotic	22	1749	1749	1.0000000
barcode04_DS_3.8GB	contig_26	54282	55107	OXA-644_carbapenem;_penam	97	825	825	1.0000000
barcode04_DS_3.8GB	contig_26	459441	460323	vanW gene in vanG cluster_glycopeptide_antibiotic	91	882	882	1.0000000
barcode04_DS_3.8GB	contig_2690	130261	131143	vanY gene in vanB cluster_glycopeptide_antibiotic	24	882	882	1.0000000
barcode04_DS_3.8GB	contig_2726	46174	46837	AcrS_fluoroquinolone_antibiotic;_cephalosporin;_glycylcycline;_cephamycin;_penam;_tetracycline_antibiotic;_rifamycin_antibiotic;_phenicol_antibiotic;_disinfecting_agents_and_antiseptics	8	663	663	1.0000000
barcode04_DS_3.8GB	contig_2726	47235	48393	AcrE_fluoroquinolone_antibiotic;_cephalosporin;_cephamycin;_penam	11	1158	1158	1.0000000
barcode04_DS_3.8GB	contig_2774	6351	7536	Escherichia coli EF-Tu mutants conferring resistance to Pulvomycin_elfamycin_antibiotic	27	1185	1185	1.0000000
barcode04_DS_3.8GB	contig_2775	10608	11793	Escherichia coli EF-Tu mutants conferring resistance to Pulvomycin_elfamycin_antibiotic	18	1185	1185	1.0000000
barcode04_DS_3.8GB	contig_2798	658	1513	ACI-1_cephalosporin;_penam;_penem	26	855	855	1.0000000
barcode04_DS_3.8GB	contig_2880	18804	19299	lnuC_lincosamide_antibiotic	11	495	495	1.0000000
barcode04_DS_3.8GB	contig_2886	11603	12443	vanT gene in vanG cluster_glycopeptide_antibiotic	11	840	840	1.0000000
barcode04_DS_3.8GB	contig_2892	35954	36458	vanY gene in vanB cluster_glycopeptide_antibiotic	18	504	504	1.0000000
barcode04_DS_3.8GB	contig_3005	106284	107379	vanG_glycopeptide_antibiotic	15	1095	1095	1.0000000
barcode04_DS_3.8GB	contig_3005	187603	190573	acrB_fluoroquinolone_antibiotic;_cephalosporin;_glycylcycline;_penam;_tetracycline_antibiotic;_rifamycin_antibiotic;_phenicol_antibiotic;_disinfecting_agents_and_antiseptics	15	2970	2970	1.0000000
barcode04_DS_3.8GB	contig_3005	190981	191971	Shigella flexneri acrA_fluoroquinolone_antibiotic;_cephalosporin;_glycylcycline;_penam;_tetracycline_antibiotic;_rifamycin_antibiotic;_phenicol_antibiotic;_disinfecting_agents_and_antiseptics	13	990	990	1.0000000
barcode04_DS_3.8GB	contig_3005	192112	192760	Escherichia coli AcrAB-TolC with AcrR mutation conferring resistance to ciprofloxacin, tetracycline, and ceftazidime_fluoroquinolone_antibiotic;_cephalosporin;_glycylcycline;_penam;_tetracycline_antibiotic;_rifamycin_antibiotic;_phenicol_antibiotic;_disinfecting_agents_and_antiseptics	15	648	648	1.0000000
barcode04_DS_3.8GB	contig_3005	405072	405750	kdpE_aminoglycoside_antibiotic	25	678	678	1.0000000
barcode04_DS_3.8GB	contig_3005	568260	569493	Escherichia coli mdfA_tetracycline_antibiotic;_disinfecting_agents_and_antiseptics	13	1233	1233	1.0000000
barcode04_DS_3.8GB	contig_3005	681393	683022	msbA_nitroimidazole_antibiotic	16	1629	1629	1.0000000
barcode04_DS_3.8GB	contig_3012	19688	20612	vanY gene in vanB cluster_glycopeptide_antibiotic	11	924	924	1.0000000
barcode04_DS_3.8GB	contig_302	12	894	KPC-2_monobactam;_carbapenem;_cephalosporin;_penam	10	882	882	1.0000000
barcode04_DS_3.8GB	contig_3072	182719	183133	H-NS_macrolide_antibiotic;_fluoroquinolone_antibiotic;_cephalosporin;_cephamycin;_penam;_tetracycline_antibiotic	13	414	414	1.0000000
barcode04_DS_3.8GB	contig_3072	335008	336217	mdtH_fluoroquinolone_antibiotic	8	1209	1209	1.0000000
barcode04_DS_3.8GB	contig_3303	19106	20498	Escherichia coli UhpT with mutation conferring resistance to fosfomycin_phosphonic_acid_antibiotic	15	1392	1392	1.0000000
barcode04_DS_3.8GB	contig_3369	14771	17936	adeF_fluoroquinolone_antibiotic;_tetracycline_antibiotic	9	3165	3165	1.0000000
barcode04_DS_3.8GB	contig_3487	179851	181618	Haemophilus influenzae PBP3 conferring resistance to beta-lactam antibiotics_cephalosporin;_cephamycin;_penam	22	1767	1767	1.0000000
barcode04_DS_3.8GB	contig_3487	187738	188686	leuO_nucleoside_antibiotic;_disinfecting_agents_and_antiseptics	22	948	948	1.0000000
barcode04_DS_3.8GB	contig_3517	33469	35134	msbA_nitroimidazole_antibiotic	11	1665	1665	1.0000000
barcode04_DS_3.8GB	contig_3608	108	1548	AAC(6')-Ie-APH(2'')-Ia bifunctional protein_aminoglycoside_antibiotic	11	1440	1440	1.0000000
barcode04_DS_3.8GB	contig_3757	27649	28165	vanW gene in vanI cluster_glycopeptide_antibiotic	10	516	516	1.0000000
barcode04_DS_3.8GB	contig_3776	57571	58765	Escherichia coli acrA_fluoroquinolone_antibiotic;_cephalosporin;_glycylcycline;_penam;_tetracycline_antibiotic;_rifamycin_antibiotic;_phenicol_antibiotic;_disinfecting_agents_and_antiseptics	18	1194	1194	1.0000000
barcode04_DS_3.8GB	contig_3786	8380	8713	Escherichia coli emrE_macrolide_antibiotic	5	333	333	1.0000000
barcode04_DS_3.8GB	contig_3827	205	802	QnrB5_fluoroquinolone_antibiotic	24	597	597	1.0000000
barcode04_DS_3.8GB	contig_383	225	723	dfrA21_diaminopyrimidine_antibiotic	46	498	498	1.0000000
barcode04_DS_3.8GB	contig_383	1007	2267	cmlA5_phenicol_antibiotic	46	1260	1260	1.0000000
barcode04_DS_3.8GB	contig_383	2458	2806	qacEdelta1_disinfecting_agents_and_antiseptics	151	348	348	1.0000000
barcode04_DS_3.8GB	contig_383	2799	3639	sul1_sulfonamide_antibiotic	124	840	840	1.0000000
barcode04_DS_3.8GB	contig_384	3043	4231	tet(39)_tetracycline_antibiotic	111	1188	1188	1.0000000
barcode04_DS_3.8GB	contig_3903	50335	51301	tet(M)_tetracycline_antibiotic	48	966	966	1.0000000
barcode04_DS_3.8GB	contig_3903	51326	52022	tet(M)_tetracycline_antibiotic	47	696	696	1.0000000
barcode04_DS_3.8GB	contig_400	25111	25813	vanY gene in vanB cluster_glycopeptide_antibiotic	6	702	702	1.0000000
barcode04_DS_3.8GB	contig_4060	179523	180708	Escherichia coli EF-Tu mutants conferring resistance to Pulvomycin_elfamycin_antibiotic	38	1185	1185	1.0000000
barcode04_DS_3.8GB	contig_4094	60820	61144	Escherichia coli soxS with mutation conferring antibiotic resistance_fluoroquinolone_antibiotic;_monobactam;_carbapenem;_cephalosporin;_glycylcycline;_cephamycin;_penam;_tetracycline_antibiotic;_rifamycin_antibiotic;_phenicol_antibiotic;_penem;_disinfecting_agents_and_antiseptics	20	324	324	1.0000000
barcode04_DS_3.8GB	contig_417	1827202	1827568	qacG_disinfecting_agents_and_antiseptics	70	366	366	1.0000000
barcode04_DS_3.8GB	contig_4227	11394	12261	SCO-1_cephalosporin;_penam;_penem	11	867	867	1.0000000
barcode04_DS_3.8GB	contig_4237	178	1039	AAC(3)-IIe_aminoglycoside_antibiotic	14	861	861	1.0000000
barcode04_DS_3.8GB	contig_426	5	503	dfrA12_diaminopyrimidine_antibiotic	18	498	498	1.0000000
barcode04_DS_3.8GB	contig_426	922	1702	aadA2_aminoglycoside_antibiotic	28	780	780	1.0000000
barcode04_DS_3.8GB	contig_427	3901	4693	aadA_aminoglycoside_antibiotic	34	792	792	1.0000000
barcode04_DS_3.8GB	contig_427	4862	5195	qacL_disinfecting_agents_and_antiseptics	12	333	333	1.0000000
barcode04_DS_3.8GB	contig_43	14088	15084	CfxA6_cephamycin	68	996	996	1.0000000
barcode04_DS_3.8GB	contig_4311	4033	4750	vanW gene in vanI cluster_glycopeptide_antibiotic	3	717	717	1.0000000
barcode04_DS_3.8GB	contig_433	9796	10285	dfrA3_diaminopyrimidine_antibiotic	14	489	489	1.0000000
barcode04_DS_3.8GB	contig_4346	28792	30013	mdtG_phosphonic_acid_antibiotic	7	1221	1221	1.0000000
barcode04_DS_3.8GB	contig_439	2330	3230	VEB-9_monobactam;_cephalosporin	6	900	900	1.0000000
barcode04_DS_3.8GB	contig_439	7230	7803	AAC(6')-Ian_aminoglycoside_antibiotic	4	573	573	1.0000000
barcode04_DS_3.8GB	contig_439	10821	12036	floR_phenicol_antibiotic	42	1215	1215	1.0000000
barcode04_DS_3.8GB	contig_440	8380	8863	dfrA14_diaminopyrimidine_antibiotic	26	483	483	1.0000000
barcode04_DS_3.8GB	contig_440	8921	9455	ANT(2'')-Ia_aminoglycoside_antibiotic	24	534	534	1.0000000
barcode04_DS_3.8GB	contig_440	9599	10499	VEB-1_monobactam;_cephalosporin	19	900	900	1.0000000
barcode04_DS_3.8GB	contig_441	5912	7832	tet(W)_tetracycline_antibiotic	117	1920	1920	1.0000000
barcode04_DS_3.8GB	contig_443	105216	108372	adeF_fluoroquinolone_antibiotic;_tetracycline_antibiotic	34	3156	3156	1.0000000
barcode04_DS_3.8GB	contig_454	4466	5681	floR_phenicol_antibiotic	40	1215	1215	1.0000000
barcode04_DS_3.8GB	contig_460	34	898	aadS_aminoglycoside_antibiotic	30	864	864	1.0000000
barcode04_DS_3.8GB	contig_460	15085	16252	tet(X)_glycylcycline;_tetracycline_antibiotic	35	1167	1167	1.0000000
barcode04_DS_3.8GB	contig_460	16462	17263	ErmF_macrolide_antibiotic;_lincosamide_antibiotic;_streptogramin_antibiotic;_streptogramin_A_antibiotic;_streptogramin_B_antibiotic	43	801	801	1.0000000
barcode04_DS_3.8GB	contig_4601	1705	2035	Klebsiella pneumoniae KpnF_macrolide_antibiotic;_aminoglycoside_antibiotic;_cephalosporin;_tetracycline_antibiotic;_peptide_antibiotic;_rifamycin_antibiotic;_disinfecting_agents_and_antiseptics	7	330	330	1.0000000
barcode04_DS_3.8GB	contig_4601	2021	2414	Klebsiella pneumoniae KpnE_macrolide_antibiotic;_aminoglycoside_antibiotic;_cephalosporin;_tetracycline_antibiotic;_peptide_antibiotic;_rifamycin_antibiotic;_disinfecting_agents_and_antiseptics	6	393	393	1.0000000
barcode04_DS_3.8GB	contig_463	5648	6485	APH(6)-Id_aminoglycoside_antibiotic	132	837	837	1.0000000
barcode04_DS_3.8GB	contig_475	32	848	sul2_sulfonamide_antibiotic	65	816	816	1.0000000
barcode04_DS_3.8GB	contig_475	53696	54353	QnrVC1_fluoroquinolone_antibiotic	26	657	657	1.0000000
barcode04_DS_3.8GB	contig_475	54511	54985	dfrA6_diaminopyrimidine_antibiotic	26	474	474	1.0000000
barcode04_DS_3.8GB	contig_477	15728	16610	KPC-2_monobactam;_carbapenem;_cephalosporin;_penam	56	882	882	1.0000000
barcode04_DS_3.8GB	contig_483	13123	13723	AAC(6')-Ib-cr6_fluoroquinolone_antibiotic;_aminoglycoside_antibiotic	42	600	600	1.0000000
barcode04_DS_3.8GB	contig_483	13853	14684	OXA-1_cephalosporin;_penam	45	831	831	1.0000000
barcode04_DS_3.8GB	contig_484	109	562	arr-3_rifamycin_antibiotic	17	453	453	1.0000000
barcode04_DS_3.8GB	contig_484	646	1279	catB3_phenicol_antibiotic	23	633	633	1.0000000
barcode04_DS_3.8GB	contig_484	1416	2247	OXA-4_cephalosporin;_penam	33	831	831	1.0000000
barcode04_DS_3.8GB	contig_484	3850	4645	aphA15_aminoglycoside_antibiotic	17	795	795	1.0000000
barcode04_DS_3.8GB	contig_484	4715	5271	AAC(6')-Ib4_aminoglycoside_antibiotic	19	556	556	1.0000000
barcode04_DS_3.8GB	contig_484	6575	7034	AAC(6')-Il_aminoglycoside_antibiotic	21	459	459	1.0000000
barcode04_DS_3.8GB	contig_4896	36814	37492	kdpE_aminoglycoside_antibiotic	16	678	678	1.0000000
barcode04_DS_3.8GB	contig_4932	5760	6948	tet(39)_tetracycline_antibiotic	125	1188	1188	1.0000000
barcode04_DS_3.8GB	contig_5078	13608	13794	rsmA_fluoroquinolone_antibiotic;_diaminopyrimidine_antibiotic;_phenicol_antibiotic	24	186	186	1.0000000
barcode04_DS_3.8GB	contig_5078	23087	24260	emrA_fluoroquinolone_antibiotic	15	1173	1173	1.0000000
barcode04_DS_3.8GB	contig_5078	24389	24920	emrR_fluoroquinolone_antibiotic	21	531	531	1.0000000
barcode04_DS_3.8GB	contig_5086	942	2109	tet(X3)_glycylcycline;_tetracycline_antibiotic	17	1167	1167	1.0000000
barcode04_DS_3.8GB	contig_5202	5815	7213	Escherichia coli UhpT with mutation conferring resistance to fosfomycin_phosphonic_acid_antibiotic	11	1398	1398	1.0000000
barcode04_DS_3.8GB	contig_5285	6675	7167	nimA_nitroimidazole_antibiotic	5	492	492	1.0000000
barcode04_DS_3.8GB	contig_5342	116785	117607	bacA_peptide_antibiotic	14	822	822	1.0000000
barcode04_DS_3.8GB	contig_5342	140763	142252	TolC_macrolide_antibiotic;_fluoroquinolone_antibiotic;_aminoglycoside_antibiotic;_carbapenem;_cephalosporin;_glycylcycline;_cephamycin;_penam;_tetracycline_antibiotic;_peptide_antibiotic;_aminocoumarin_antibiotic;_rifamycin_antibiotic;_phenicol_antibiotic;_penem;_disinfecting_agents_and_antiseptics	22	1489	1489	1.0000000
barcode04_DS_3.8GB	contig_5380	93932	94367	Escherichia coli AcrAB-TolC with MarR mutations conferring resistance to ciprofloxacin and tetracycline_fluoroquinolone_antibiotic;_cephalosporin;_glycylcycline;_penam;_tetracycline_antibiotic;_rifamycin_antibiotic;_phenicol_antibiotic;_disinfecting_agents_and_antiseptics	14	435	435	1.0000000
barcode04_DS_3.8GB	contig_5380	94386	94770	marA_fluoroquinolone_antibiotic;_monobactam;_carbapenem;_cephalosporin;_glycylcycline;_cephamycin;_penam;_tetracycline_antibiotic;_rifamycin_antibiotic;_phenicol_antibiotic;_penem;_disinfecting_agents_and_antiseptics	14	384	384	1.0000000
barcode04_DS_3.8GB	contig_540	52	511	AAC(6')-Il_aminoglycoside_antibiotic	14	459	459	1.0000000
barcode04_DS_3.8GB	contig_540	654	1482	OXA-2_carbapenem;_cephalosporin;_penam	17	828	828	1.0000000
barcode04_DS_3.8GB	contig_540	1611	1944	qacJ_disinfecting_agents_and_antiseptics	8	333	333	1.0000000
barcode04_DS_3.8GB	contig_5449	46830	48483	ArnT_peptide_antibiotic	16	1653	1653	1.0000000
barcode04_DS_3.8GB	contig_546	18014	18503	dfrA3_diaminopyrimidine_antibiotic	41	489	489	1.0000000
barcode04_DS_3.8GB	contig_5507	41061	41349	vanY gene in vanB cluster_glycopeptide_antibiotic	3	288	288	1.0000000
barcode04_DS_3.8GB	contig_5507	41299	41467	vanY gene in vanG cluster_glycopeptide_antibiotic	3	168	168	1.0000000
barcode04_DS_3.8GB	contig_557	40286	40943	QnrVC1_fluoroquinolone_antibiotic	13	657	657	1.0000000
barcode04_DS_3.8GB	contig_557	41101	41575	dfrA6_diaminopyrimidine_antibiotic	16	474	474	1.0000000
barcode04_DS_3.8GB	contig_5580	10534	12268	efrA_macrolide_antibiotic;_fluoroquinolone_antibiotic;_rifamycin_antibiotic	9	1734	1734	1.0000000
barcode04_DS_3.8GB	contig_568	1233	1878	QnrB19_fluoroquinolone_antibiotic	17	645	645	1.0000000
barcode04_DS_3.8GB	contig_5696	66344	67289	leuO_nucleoside_antibiotic;_disinfecting_agents_and_antiseptics	21	945	945	1.0000000
barcode04_DS_3.8GB	contig_5696	73388	75155	Haemophilus influenzae PBP3 conferring resistance to beta-lactam antibiotics_cephalosporin;_cephamycin;_penam	30	1767	1767	1.0000000
barcode04_DS_3.8GB	contig_5697	67991	68177	rsmA_fluoroquinolone_antibiotic;_diaminopyrimidine_antibiotic;_phenicol_antibiotic	30	186	186	1.0000000
barcode04_DS_3.8GB	contig_5697	72983	74522	emrB_fluoroquinolone_antibiotic	23	1539	1539	1.0000000
barcode04_DS_3.8GB	contig_5697	74538	75711	emrA_fluoroquinolone_antibiotic	14	1173	1173	1.0000000
barcode04_DS_3.8GB	contig_5697	75837	76368	emrR_fluoroquinolone_antibiotic	13	531	531	1.0000000
barcode04_DS_3.8GB	contig_5701	47714	49022	Escherichia coli ampC beta-lactamase_cephalosporin;_penam	15	1308	1308	1.0000000
barcode04_DS_3.8GB	contig_5701	83513	85157	eptA_peptide_antibiotic	22	1644	1644	1.0000000
barcode04_DS_3.8GB	contig_5701	108370	109351	mdtN_nucleoside_antibiotic;_disinfecting_agents_and_antiseptics	11	981	981	1.0000000
barcode04_DS_3.8GB	contig_5701	111399	112866	mdtP_nucleoside_antibiotic;_disinfecting_agents_and_antiseptics	14	1467	1467	1.0000000
barcode04_DS_3.8GB	contig_5701	134211	134676	Escherichia coli soxR with mutation conferring antibiotic resistance_fluoroquinolone_antibiotic;_cephalosporin;_glycylcycline;_penam;_tetracycline_antibiotic;_rifamycin_antibiotic;_phenicol_antibiotic;_disinfecting_agents_and_antiseptics	12	465	465	1.0000000
barcode04_DS_3.8GB	contig_5701	134761	135085	Escherichia coli soxS with mutation conferring antibiotic resistance_fluoroquinolone_antibiotic;_monobactam;_carbapenem;_cephalosporin;_glycylcycline;_cephamycin;_penam;_tetracycline_antibiotic;_rifamycin_antibiotic;_phenicol_antibiotic;_penem;_disinfecting_agents_and_antiseptics	14	324	324	1.0000000
barcode04_DS_3.8GB	contig_5715	168	1395	EreD_macrolide_antibiotic	9	1227	1227	1.0000000
barcode04_DS_3.8GB	contig_5715	1593	2487	aadS_aminoglycoside_antibiotic	18	894	894	1.0000000
barcode04_DS_3.8GB	contig_5717	1714	2515	ErmF_macrolide_antibiotic;_lincosamide_antibiotic;_streptogramin_antibiotic;_streptogramin_A_antibiotic;_streptogramin_B_antibiotic	24	801	801	1.0000000
barcode04_DS_3.8GB	contig_5717	2717	3542	OXA-347_penam	8	825	825	1.0000000
barcode04_DS_3.8GB	contig_572	153400	154093	vanY gene in vanB cluster_glycopeptide_antibiotic	20	693	693	1.0000000
barcode04_DS_3.8GB	contig_577	28493	28691	rsmA_fluoroquinolone_antibiotic;_diaminopyrimidine_antibiotic;_phenicol_antibiotic	9	198	198	1.0000000
barcode04_DS_3.8GB	contig_5779	5687	6545	LAP-2_cephalosporin;_penam;_penem	11	858	858	1.0000000
barcode04_DS_3.8GB	contig_5779	8141	8798	QnrS1_fluoroquinolone_antibiotic	20	657	657	1.0000000
barcode04_DS_3.8GB	contig_586	8989	9631	catII_phenicol_antibiotic	12	642	642	1.0000000
barcode04_DS_3.8GB	contig_586	14265	15078	NDM-1_carbapenem;_cephalosporin;_cephamycin;_penam	7	813	813	1.0000000
barcode04_DS_3.8GB	contig_60	42579	43953	cpxA_aminoglycoside_antibiotic;_aminocoumarin_antibiotic	38	1374	1374	1.0000000
barcode04_DS_3.8GB	contig_6075	15446	16526	vanY gene in vanB cluster_glycopeptide_antibiotic	3	1080	1080	1.0000000
barcode04_DS_3.8GB	contig_613	926	2150	mef(C)_macrolide_antibiotic;_tetracycline_antibiotic	14	1224	1224	1.0000000
barcode04_DS_3.8GB	contig_6143	5399	7877	vanT gene in vanG cluster_glycopeptide_antibiotic	10	2478	2478	1.0000000
barcode04_DS_3.8GB	contig_6341	102698	103166	vanY gene in vanB cluster_glycopeptide_antibiotic	5	468	468	1.0000000
barcode04_DS_3.8GB	contig_6351	27905	28778	CMY-136_cephalosporin;_cephamycin	17	873	873	1.0000000
barcode04_DS_3.8GB	contig_636	45564	45762	rsmA_fluoroquinolone_antibiotic;_diaminopyrimidine_antibiotic;_phenicol_antibiotic	43	198	198	1.0000000
barcode04_DS_3.8GB	contig_636	149400	150585	Escherichia coli EF-Tu mutants conferring resistance to Pulvomycin_elfamycin_antibiotic	56	1185	1185	1.0000000
barcode04_DS_3.8GB	contig_636	167798	168983	Escherichia coli EF-Tu mutants conferring resistance to Pulvomycin_elfamycin_antibiotic	54	1185	1185	1.0000000
barcode04_DS_3.8GB	contig_642	120	1311	tet(C)_tetracycline_antibiotic	30	1191	1191	1.0000000
barcode04_DS_3.8GB	contig_6453	3820	4168	vanY gene in vanB cluster_glycopeptide_antibiotic	3	348	348	1.0000000
barcode04_DS_3.8GB	contig_649	32567	33002	Escherichia coli AcrAB-TolC with MarR mutations conferring resistance to ciprofloxacin and tetracycline_fluoroquinolone_antibiotic;_cephalosporin;_glycylcycline;_penam;_tetracycline_antibiotic;_rifamycin_antibiotic;_phenicol_antibiotic;_disinfecting_agents_and_antiseptics	20	435	435	1.0000000
barcode04_DS_3.8GB	contig_649	33020	33404	marA_fluoroquinolone_antibiotic;_monobactam;_carbapenem;_cephalosporin;_glycylcycline;_cephamycin;_penam;_tetracycline_antibiotic;_rifamycin_antibiotic;_phenicol_antibiotic;_penem;_disinfecting_agents_and_antiseptics	21	384	384	1.0000000
barcode04_DS_3.8GB	contig_649	74708	75038	Klebsiella pneumoniae KpnF_macrolide_antibiotic;_aminoglycoside_antibiotic;_cephalosporin;_tetracycline_antibiotic;_peptide_antibiotic;_rifamycin_antibiotic;_disinfecting_agents_and_antiseptics	8	330	330	1.0000000
barcode04_DS_3.8GB	contig_649	75024	75387	Klebsiella pneumoniae KpnE_macrolide_antibiotic;_aminoglycoside_antibiotic;_cephalosporin;_tetracycline_antibiotic;_peptide_antibiotic;_rifamycin_antibiotic;_disinfecting_agents_and_antiseptics	9	363	363	1.0000000
barcode04_DS_3.8GB	contig_6491	91774	92497	baeR_aminoglycoside_antibiotic;_aminocoumarin_antibiotic	14	723	723	1.0000000
barcode04_DS_3.8GB	contig_6491	95307	98388	mdtC_aminocoumarin_antibiotic	14	3081	3081	1.0000000
barcode04_DS_3.8GB	contig_662	98	878	APH(3')-VIa_aminoglycoside_antibiotic	57	780	780	1.0000000
barcode04_DS_3.8GB	contig_6642	13661	14483	vanY gene in vanB cluster_glycopeptide_antibiotic	9	822	822	1.0000000
barcode04_DS_3.8GB	contig_680	1576	2365	aadA_aminoglycoside_antibiotic	22	789	789	1.0000000
barcode04_DS_3.8GB	contig_680	2434	3040	AAC(6')-Ib-cr6_fluoroquinolone_antibiotic;_aminoglycoside_antibiotic	13	606	606	1.0000000
barcode04_DS_3.8GB	contig_681	1486	2263	lnuG_lincosamide_antibiotic	11	777	777	1.0000000
barcode04_DS_3.8GB	contig_6859	12187	13117	Erm(52)_macrolide_antibiotic;_lincosamide_antibiotic;_streptogramin_antibiotic	4	930	930	1.0000000
barcode04_DS_3.8GB	contig_6908	1767	2541	ErmQ_macrolide_antibiotic;_lincosamide_antibiotic;_streptogramin_antibiotic;_streptogramin_A_antibiotic;_streptogramin_B_antibiotic	10	774	774	1.0000000
barcode04_DS_3.8GB	contig_6944	2523	3342	bacA_peptide_antibiotic	10	819	819	1.0000000
barcode04_DS_3.8GB	contig_7019	25625	26255	tet(S)_tetracycline_antibiotic	4	630	630	1.0000000
barcode04_DS_3.8GB	contig_7340	13085	13871	vanY gene in vanB cluster_glycopeptide_antibiotic	14	786	786	1.0000000
barcode04_DS_3.8GB	contig_7430	23572	25492	tet(W)_tetracycline_antibiotic	98	1920	1920	1.0000000
barcode04_DS_3.8GB	contig_7474	17851	18280	vanY gene in vanM cluster_glycopeptide_antibiotic	1	429	429	1.0000000
barcode04_DS_3.8GB	contig_7631	4005	4719	tet(M)_tetracycline_antibiotic	8	714	714	1.0000000
barcode04_DS_3.8GB	contig_7746	16554	18198	YojI_peptide_antibiotic	11	1644	1644	1.0000000
barcode04_DS_3.8GB	contig_777	35128	35761	CRP_macrolide_antibiotic;_fluoroquinolone_antibiotic;_penam	10	633	633	1.0000000
barcode04_DS_3.8GB	contig_777	50556	51741	Escherichia coli EF-Tu mutants conferring resistance to Pulvomycin_elfamycin_antibiotic	24	1185	1185	1.0000000
barcode04_DS_3.8GB	contig_7784	1381	2197	APH(3')-Ia_aminoglycoside_antibiotic	26	816	816	1.0000000
barcode04_DS_3.8GB	contig_7849	721	1831	vanT gene in vanG cluster_glycopeptide_antibiotic	16	1110	1110	1.0000000
barcode04_DS_3.8GB	contig_786	45410	46517	vanT gene in vanG cluster_glycopeptide_antibiotic	81	1107	1107	1.0000000
barcode04_DS_3.8GB	contig_786	207511	207838	qacG_disinfecting_agents_and_antiseptics	66	327	327	1.0000000
barcode04_DS_3.8GB	contig_7984	11135	12341	FosI_phosphonic_acid_antibiotic	1	1206	1206	1.0000000
barcode04_DS_3.8GB	contig_8007	659	1580	APH(2'')-IIIa_aminoglycoside_antibiotic	21	921	921	1.0000000
barcode04_DS_3.8GB	contig_8007	1764	2535	ANT(4')-Ia_aminoglycoside_antibiotic	30	771	771	1.0000000
barcode04_DS_3.8GB	contig_802	2	551	lnuC_lincosamide_antibiotic	24	549	549	1.0000000
barcode04_DS_3.8GB	contig_8092	36482	37472	vanH gene in vanA cluster_glycopeptide_antibiotic	6	990	990	1.0000000
barcode04_DS_3.8GB	contig_8107	30975	34569	evgS_macrolide_antibiotic;_fluoroquinolone_antibiotic;_penam;_tetracycline_antibiotic	13	3594	3594	1.0000000
barcode04_DS_3.8GB	contig_8107	34573	35188	evgA_macrolide_antibiotic;_fluoroquinolone_antibiotic;_penam;_tetracycline_antibiotic	10	615	615	1.0000000
barcode04_DS_3.8GB	contig_8107	35711	36767	emrK_tetracycline_antibiotic	12	1056	1056	1.0000000
barcode04_DS_3.8GB	contig_8107	36766	38305	emrY_tetracycline_antibiotic	12	1539	1539	1.0000000
barcode04_DS_3.8GB	contig_813	37658	39086	fexA_phenicol_antibiotic	17	1428	1428	1.0000000
barcode04_DS_3.8GB	contig_8219	10239	10944	vanW gene in vanG cluster_glycopeptide_antibiotic	9	705	705	1.0000000
barcode04_DS_3.8GB	contig_8359	12649	13834	Escherichia coli EF-Tu mutants conferring resistance to Pulvomycin_elfamycin_antibiotic	20	1185	1185	1.0000000
barcode04_DS_3.8GB	contig_8410	11403	12096	vanW gene in vanG cluster_glycopeptide_antibiotic	12	693	693	1.0000000
barcode04_DS_3.8GB	contig_8454	51522	52722	vanT gene in vanG cluster_glycopeptide_antibiotic	33	1200	1200	1.0000000
barcode04_DS_3.8GB	contig_8592	37556	40679	mdtB_aminocoumarin_antibiotic	23	3123	3123	1.0000000
barcode04_DS_3.8GB	contig_8592	40679	43757	mdtC_aminocoumarin_antibiotic	25	3078	3078	1.0000000
barcode04_DS_3.8GB	contig_8592	46572	47295	baeR_aminoglycoside_antibiotic;_aminocoumarin_antibiotic	13	723	723	1.0000000
barcode04_DS_3.8GB	contig_8833	16355	17540	Escherichia coli EF-Tu mutants conferring resistance to Pulvomycin_elfamycin_antibiotic	14	1185	1185	1.0000000
barcode04_DS_3.8GB	contig_905	6040	6793	ErmB_macrolide_antibiotic;_lincosamide_antibiotic;_streptogramin_antibiotic;_streptogramin_A_antibiotic;_streptogramin_B_antibiotic	66	753	753	1.0000000
barcode04_DS_3.8GB	contig_9054	2589	3270	QnrB76_fluoroquinolone_antibiotic	10	681	681	1.0000000
barcode04_DS_3.8GB	contig_9147	9604	12016	vanT gene in vanG cluster_glycopeptide_antibiotic	8	2412	2412	1.0000000
barcode04_DS_3.8GB	contig_915	62555	63965	fexB_phenicol_antibiotic	21	1410	1410	1.0000000
barcode04_DS_3.8GB	contig_915	70676	71219	SAT-4_nucleoside_antibiotic	84	543	543	1.0000000
barcode04_DS_3.8GB	contig_915	71311	72106	APH(3')-IIIa_aminoglycoside_antibiotic	126	795	795	1.0000000
barcode04_DS_3.8GB	contig_915	76789	77284	lnuC_lincosamide_antibiotic	121	495	495	1.0000000
barcode04_DS_3.8GB	contig_915	88847	89747	APH(2'')-If_aminoglycoside_antibiotic	22	900	900	1.0000000
barcode04_DS_3.8GB	contig_915	258886	259723	vanW gene in vanG cluster_glycopeptide_antibiotic	64	837	837	1.0000000
barcode04_DS_3.8GB	contig_9271	6305	6773	sepA_disinfecting_agents_and_antiseptics	3	468	468	1.0000000
barcode04_DS_3.8GB	contig_9326	36471	37584	vanG_glycopeptide_antibiotic	17	1113	1113	1.0000000
barcode04_DS_3.8GB	contig_938	6360	7224	ANT(6)-Ia_aminoglycoside_antibiotic	99	864	864	1.0000000
barcode04_DS_3.8GB	contig_9610	8859	10011	vanT gene in vanE cluster_glycopeptide_antibiotic	7	1152	1152	1.0000000
barcode04_DS_3.8GB	contig_9610	10004	11081	vanG_glycopeptide_antibiotic	7	1077	1077	1.0000000
barcode04_DS_3.8GB	contig_9617	30855	32040	Escherichia coli EF-Tu mutants conferring resistance to Pulvomycin_elfamycin_antibiotic	25	1185	1185	1.0000000
barcode04_DS_3.8GB	contig_965	6	921	EstT_macrolide_antibiotic;_glycylcycline;_tetracycline_antibiotic	32	915	915	1.0000000
barcode04_DS_3.8GB	contig_9663	765	1089	qacG_disinfecting_agents_and_antiseptics	12	324	324	1.0000000
barcode04_DS_3.8GB	contig_9745	43224	44043	vanW gene in vanG cluster_glycopeptide_antibiotic	9	819	819	1.0000000
barcode04_DS_3.8GB	contig_9801	8497	8818	FosA8_phosphonic_acid_antibiotic	4	321	321	1.0000000
barcode04_DS_3.8GB	contig_9872	7802	7991	rsmA_fluoroquinolone_antibiotic;_diaminopyrimidine_antibiotic;_phenicol_antibiotic	13	189	189	1.0000000
barcode04_DS_3.8GB	contig_9993	86010	87369	Escherichia coli GlpT with mutation conferring resistance to fosfomycin_phosphonic_acid_antibiotic	21	1359	1359	1.0000000
barcode05_DS_3.8GB	contig_1022	27119	28001	vanW gene in vanG cluster_glycopeptide_antibiotic	86	882	882	1.0000000
barcode05_DS_3.8GB	contig_1022	705956	706211	rsmA_fluoroquinolone_antibiotic;_diaminopyrimidine_antibiotic;_phenicol_antibiotic	95	255	255	1.0000000
barcode05_DS_3.8GB	contig_1022	1168624	1168990	qacG_disinfecting_agents_and_antiseptics	71	366	366	1.0000000
barcode05_DS_3.8GB	contig_10300	9749	10574	gadX_macrolide_antibiotic;_fluoroquinolone_antibiotic;_penam	17	825	825	1.0000000
barcode05_DS_3.8GB	contig_10300	10941	11670	gadW_macrolide_antibiotic;_fluoroquinolone_antibiotic;_penam	14	729	729	1.0000000
barcode05_DS_3.8GB	contig_10300	12032	15146	mdtF_macrolide_antibiotic;_fluoroquinolone_antibiotic;_penam	7	3114	3114	1.0000000
barcode05_DS_3.8GB	contig_10300	15170	16328	mdtE_macrolide_antibiotic;_fluoroquinolone_antibiotic;_penam	8	1158	1158	1.0000000
barcode05_DS_3.8GB	contig_10336	1033	2686	ArnT_peptide_antibiotic	6	1653	1653	1.0000000
barcode05_DS_3.8GB	contig_1038	0	834	APH(3'')-Ib_aminoglycoside_antibiotic	93	834	834	1.0000000
barcode05_DS_3.8GB	contig_1038	839	1670	APH(6)-Id_aminoglycoside_antibiotic	82	831	831	1.0000000
barcode05_DS_3.8GB	contig_10516	4390	6856	vanT gene in vanG cluster_glycopeptide_antibiotic	13	2466	2466	1.0000000
barcode05_DS_3.8GB	contig_10896	6533	6920	vanY gene in vanB cluster_glycopeptide_antibiotic	5	387	387	1.0000000
barcode05_DS_3.8GB	contig_11028	1335	2196	TEM-1_monobactam;_cephalosporin;_penam;_penem	19	861	861	1.0000000
barcode05_DS_3.8GB	contig_11124	30208	30412	rsmA_fluoroquinolone_antibiotic;_diaminopyrimidine_antibiotic;_phenicol_antibiotic	4	204	204	1.0000000
barcode05_DS_3.8GB	contig_11569	35328	35931	Enterococcus faecium chloramphenicol acetyltransferase_phenicol_antibiotic	3	603	603	1.0000000
barcode05_DS_3.8GB	contig_11586	5757	8223	vanT gene in vanG cluster_glycopeptide_antibiotic	6	2466	2466	1.0000000
barcode05_DS_3.8GB	contig_1163	20674	21490	sul2_sulfonamide_antibiotic	30	816	816	1.0000000
barcode05_DS_3.8GB	contig_11643	6019	6433	H-NS_macrolide_antibiotic;_fluoroquinolone_antibiotic;_cephalosporin;_cephamycin;_penam;_tetracycline_antibiotic	13	414	414	1.0000000
barcode05_DS_3.8GB	contig_1184	36134	36332	rsmA_fluoroquinolone_antibiotic;_diaminopyrimidine_antibiotic;_phenicol_antibiotic	54	198	198	1.0000000
barcode05_DS_3.8GB	contig_1184	139969	141154	Escherichia coli EF-Tu mutants conferring resistance to Pulvomycin_elfamycin_antibiotic	66	1185	1185	1.0000000
barcode05_DS_3.8GB	contig_1184	158367	159552	Escherichia coli EF-Tu mutants conferring resistance to Pulvomycin_elfamycin_antibiotic	63	1185	1185	1.0000000
barcode05_DS_3.8GB	contig_1204	44677	45862	Escherichia coli EF-Tu mutants conferring resistance to Pulvomycin_elfamycin_antibiotic	15	1185	1185	1.0000000
barcode05_DS_3.8GB	contig_12225	2253	2571	vanY gene in vanM cluster_glycopeptide_antibiotic	6	318	318	1.0000000
barcode05_DS_3.8GB	contig_1224	52347	52545	rsmA_fluoroquinolone_antibiotic;_diaminopyrimidine_antibiotic;_phenicol_antibiotic	10	198	198	1.0000000
barcode05_DS_3.8GB	contig_1236	658	1438	aadA2_aminoglycoside_antibiotic	17	780	780	1.0000000
barcode05_DS_3.8GB	contig_1236	1562	2438	OXA-4_cephalosporin;_penam	16	876	876	1.0000000
barcode05_DS_3.8GB	contig_124	168235	168928	vanY gene in vanB cluster_glycopeptide_antibiotic	40	693	693	1.0000000
barcode05_DS_3.8GB	contig_1246	12844	13669	OXA-644_carbapenem;_penam	73	825	825	1.0000000
barcode05_DS_3.8GB	contig_1247	124	961	APH(6)-Id_aminoglycoside_antibiotic	62	837	837	1.0000000
barcode05_DS_3.8GB	contig_1256	200574	201456	vanW gene in vanG cluster_glycopeptide_antibiotic	71	882	882	1.0000000
barcode05_DS_3.8GB	contig_1257	8269	9109	sul1_sulfonamide_antibiotic	141	840	840	1.0000000
barcode05_DS_3.8GB	contig_1257	9102	9450	qacEdelta1_disinfecting_agents_and_antiseptics	133	348	348	1.0000000
barcode05_DS_3.8GB	contig_1257	9641	10901	cmlA5_phenicol_antibiotic	88	1260	1260	1.0000000
barcode05_DS_3.8GB	contig_1257	11185	11683	dfrA21_diaminopyrimidine_antibiotic	80	498	498	1.0000000
barcode05_DS_3.8GB	contig_1258	1641	2547	mphA_macrolide_antibiotic	10	906	906	1.0000000
barcode05_DS_3.8GB	contig_12591	2143	2620	nimJ_nitroimidazole_antibiotic	4	477	477	1.0000000
barcode05_DS_3.8GB	contig_12640	4803	7980	adeF_fluoroquinolone_antibiotic;_tetracycline_antibiotic	10	3177	3177	1.0000000
barcode05_DS_3.8GB	contig_1267	42862	43765	CMY-132_cephamycin	15	903	903	1.0000000
barcode05_DS_3.8GB	contig_1268	1069	1954	mphE_macrolide_antibiotic	31	885	885	1.0000000
barcode05_DS_3.8GB	contig_1273	16741	17581	sul1_sulfonamide_antibiotic	116	840	840	1.0000000
barcode05_DS_3.8GB	contig_1273	17574	17922	qacEdelta1_disinfecting_agents_and_antiseptics	108	348	348	1.0000000
barcode05_DS_3.8GB	contig_1273	18629	19460	OXA-1_cephalosporin;_penam	65	831	831	1.0000000
barcode05_DS_3.8GB	contig_1273	19590	20190	AAC(6')-Ib-cr6_fluoroquinolone_antibiotic;_aminoglycoside_antibiotic	63	600	600	1.0000000
barcode05_DS_3.8GB	contig_1273	67502	67976	dfrA6_diaminopyrimidine_antibiotic	22	474	474	1.0000000
barcode05_DS_3.8GB	contig_1273	68134	68791	QnrVC1_fluoroquinolone_antibiotic	22	657	657	1.0000000
barcode05_DS_3.8GB	contig_1273	120619	121435	sul2_sulfonamide_antibiotic	29	816	816	1.0000000
barcode05_DS_3.8GB	contig_1273	180308	180950	catII_phenicol_antibiotic	16	642	642	1.0000000
barcode05_DS_3.8GB	contig_1273	185215	185581	BRP(MBL)_glycopeptide_antibiotic	12	366	366	1.0000000
barcode05_DS_3.8GB	contig_1273	185584	186397	NDM-1_carbapenem;_cephalosporin;_cephamycin;_penam	16	813	813	1.0000000
barcode05_DS_3.8GB	contig_12744	1791	2610	bacA_peptide_antibiotic	5	819	819	1.0000000
barcode05_DS_3.8GB	contig_1279	1215	2691	msrE_macrolide_antibiotic;_streptogramin_antibiotic	58	1476	1476	1.0000000
barcode05_DS_3.8GB	contig_1279	2746	3631	mphE_macrolide_antibiotic	49	885	885	1.0000000
barcode05_DS_3.8GB	contig_1280	36194	36536	qacG_disinfecting_agents_and_antiseptics	3	342	342	1.0000000
barcode05_DS_3.8GB	contig_12887	5708	6821	vanG_glycopeptide_antibiotic	20	1113	1113	1.0000000
barcode05_DS_3.8GB	contig_1289	23541	23739	rsmA_fluoroquinolone_antibiotic;_diaminopyrimidine_antibiotic;_phenicol_antibiotic	13	198	198	1.0000000
barcode05_DS_3.8GB	contig_1294	3835	7000	adeF_fluoroquinolone_antibiotic;_tetracycline_antibiotic	5	3165	3165	1.0000000
barcode05_DS_3.8GB	contig_1323	536	1379	OXA-58_carbapenem;_penam	10	843	843	1.0000000
barcode05_DS_3.8GB	contig_13279	9613	10540	PER-1_monobactam;_carbapenem;_cephalosporin;_penam;_penem	9	927	927	1.0000000
barcode05_DS_3.8GB	contig_1339	12978	13602	tetR_tetracycline_antibiotic	7	624	624	1.0000000
barcode05_DS_3.8GB	contig_1339	13683	14889	tet(B)_tetracycline_antibiotic	8	1206	1206	1.0000000
barcode05_DS_3.8GB	contig_1348	8558	9464	mphA_macrolide_antibiotic	14	906	906	1.0000000
barcode05_DS_3.8GB	contig_1348	9460	10699	Mrx_macrolide_antibiotic	11	1239	1239	1.0000000
barcode05_DS_3.8GB	contig_1348	13674	14514	sul1_sulfonamide_antibiotic	93	840	840	1.0000000
barcode05_DS_3.8GB	contig_13504	0	633	nimA_nitroimidazole_antibiotic	6	633	633	1.0000000
barcode05_DS_3.8GB	contig_1351	3294	4461	tet(X)_glycylcycline;_tetracycline_antibiotic	13	1167	1167	1.0000000
barcode05_DS_3.8GB	contig_1375	19156	19639	dfrA14_diaminopyrimidine_antibiotic	21	483	483	1.0000000
barcode05_DS_3.8GB	contig_1375	19697	20231	ANT(2'')-Ia_aminoglycoside_antibiotic	24	534	534	1.0000000
barcode05_DS_3.8GB	contig_1375	20375	21275	VEB-1_monobactam;_cephalosporin	23	900	900	1.0000000
barcode05_DS_3.8GB	contig_13807	15237	15960	baeR_aminoglycoside_antibiotic;_aminocoumarin_antibiotic	9	723	723	1.0000000
barcode05_DS_3.8GB	contig_13830	1482	1986	lnuC_lincosamide_antibiotic	14	504	504	1.0000000
barcode05_DS_3.8GB	contig_1387	627	1443	aadA_aminoglycoside_antibiotic	35	816	816	1.0000000
barcode05_DS_3.8GB	contig_1387	1435	2236	OXA-10_cephalosporin;_penam	15	801	801	1.0000000
barcode05_DS_3.8GB	contig_1389	28823	29603	aadA2_aminoglycoside_antibiotic	19	780	780	1.0000000
barcode05_DS_3.8GB	contig_1389	32899	34090	tet(C)_tetracycline_antibiotic	12	1191	1191	1.0000000
barcode05_DS_3.8GB	contig_1390	695	1436	IMP-16_carbapenem;_cephalosporin;_cephamycin;_penam;_penem	9	741	741	1.0000000
barcode05_DS_3.8GB	contig_1392	5207	5681	dfrA14_diaminopyrimidine_antibiotic	10	474	474	1.0000000
barcode05_DS_3.8GB	contig_1392	10222	11038	sul2_sulfonamide_antibiotic	26	816	816	1.0000000
barcode05_DS_3.8GB	contig_1392	11901	12738	APH(6)-Id_aminoglycoside_antibiotic	79	837	837	1.0000000
barcode05_DS_3.8GB	contig_1392	13693	14908	floR_phenicol_antibiotic	39	1215	1215	1.0000000
barcode05_DS_3.8GB	contig_1405	57690	58383	vanY gene in vanB cluster_glycopeptide_antibiotic	11	693	693	1.0000000
barcode05_DS_3.8GB	contig_1429	2	1223	mef(C)_macrolide_antibiotic;_tetracycline_antibiotic	22	1221	1221	1.0000000
barcode05_DS_3.8GB	contig_1442	972	1305	qacL_disinfecting_agents_and_antiseptics	17	333	333	1.0000000
barcode05_DS_3.8GB	contig_1443	2	1187	Escherichia coli EF-Tu mutants conferring resistance to Pulvomycin_elfamycin_antibiotic	21	1185	1185	1.0000000
barcode05_DS_3.8GB	contig_1444	1364	2231	SCO-1_cephalosporin;_penam;_penem	4	867	867	1.0000000
barcode05_DS_3.8GB	contig_1444	2465	3326	AAC(3)-IIe_aminoglycoside_antibiotic	10	861	861	1.0000000
barcode05_DS_3.8GB	contig_1486	12099	13290	tet(C)_tetracycline_antibiotic	14	1191	1191	1.0000000
barcode05_DS_3.8GB	contig_1502	53920	54505	vanY gene in vanB cluster_glycopeptide_antibiotic	12	585	585	1.0000000
barcode05_DS_3.8GB	contig_1507	533	1007	dfrA1_diaminopyrimidine_antibiotic	9	474	474	1.0000000
barcode05_DS_3.8GB	contig_1507	1146	1545	FosG_phosphonic_acid_antibiotic	5	399	399	1.0000000
barcode05_DS_3.8GB	contig_1510	7243	8065	lnuG_lincosamide_antibiotic	8	822	822	1.0000000
barcode05_DS_3.8GB	contig_1510	9584	10430	TEM-1_monobactam;_cephalosporin;_penam;_penem	15	846	846	1.0000000
barcode05_DS_3.8GB	contig_15142	21088	21703	evgA_macrolide_antibiotic;_fluoroquinolone_antibiotic;_penam;_tetracycline_antibiotic	6	615	615	1.0000000
barcode05_DS_3.8GB	contig_15231	2298	2634	vanY gene in vanM cluster_glycopeptide_antibiotic	5	336	336	1.0000000
barcode05_DS_3.8GB	contig_1530	10463	11279	APH(3')-Ia_aminoglycoside_antibiotic	29	816	816	1.0000000
barcode05_DS_3.8GB	contig_1530	16235	17435	tet(A)_tetracycline_antibiotic	66	1200	1200	1.0000000
barcode05_DS_3.8GB	contig_1530	23378	24158	aadA_aminoglycoside_antibiotic	26	780	780	1.0000000
barcode05_DS_3.8GB	contig_15426	2025	2370	qacG_disinfecting_agents_and_antiseptics	5	345	345	1.0000000
barcode05_DS_3.8GB	contig_15456	1676	2009	qacG_disinfecting_agents_and_antiseptics	4	333	333	1.0000000
barcode05_DS_3.8GB	contig_1552	831	1659	OXA-2_carbapenem;_cephalosporin;_penam	11	828	828	1.0000000
barcode05_DS_3.8GB	contig_1563	733	1549	sul2_sulfonamide_antibiotic	17	816	816	1.0000000
barcode05_DS_3.8GB	contig_1580	3133	3790	QnrS1_fluoroquinolone_antibiotic	9	657	657	1.0000000
barcode05_DS_3.8GB	contig_15872	2155	3388	mdtM_fluoroquinolone_antibiotic;_lincosamide_antibiotic;_nucleoside_antibiotic;_phenicol_antibiotic;_disinfecting_agents_and_antiseptics	8	1233	1233	1.0000000
barcode05_DS_3.8GB	contig_1592	60956	62366	fexB_phenicol_antibiotic	22	1410	1410	1.0000000
barcode05_DS_3.8GB	contig_1592	69681	70476	APH(3')-IIIa_aminoglycoside_antibiotic	131	795	795	1.0000000
barcode05_DS_3.8GB	contig_1592	75159	75654	lnuC_lincosamide_antibiotic	109	495	495	1.0000000
barcode05_DS_3.8GB	contig_1592	87217	88117	APH(2'')-If_aminoglycoside_antibiotic	17	900	900	1.0000000
barcode05_DS_3.8GB	contig_1593	1315	2047	ErmA_macrolide_antibiotic;_lincosamide_antibiotic;_streptogramin_antibiotic;_streptogramin_A_antibiotic;_streptogramin_B_antibiotic	7	732	732	1.0000000
barcode05_DS_3.8GB	contig_1593	2171	2954	ANT(9)-Ia_aminoglycoside_antibiotic	15	783	783	1.0000000
barcode05_DS_3.8GB	contig_15964	3098	3836	ErmB_macrolide_antibiotic;_lincosamide_antibiotic;_streptogramin_antibiotic;_streptogramin_A_antibiotic;_streptogramin_B_antibiotic	10	738	738	1.0000000
barcode05_DS_3.8GB	contig_1607	78893	81443	vanT gene in vanG cluster_glycopeptide_antibiotic	15	2550	2550	1.0000000
barcode05_DS_3.8GB	contig_1671	7340	7883	SAT-4_nucleoside_antibiotic	48	543	543	1.0000000
barcode05_DS_3.8GB	contig_1671	7975	8770	APH(3')-IIIa_aminoglycoside_antibiotic	134	795	795	1.0000000
barcode05_DS_3.8GB	contig_17008	6381	7434	vanC_glycopeptide_antibiotic	7	1053	1053	1.0000000
barcode05_DS_3.8GB	contig_17008	7430	8003	vanXY gene in vanC cluster_glycopeptide_antibiotic	5	573	573	1.0000000
barcode05_DS_3.8GB	contig_17008	7999	8788	vanT gene in vanC cluster_glycopeptide_antibiotic	3	789	789	1.0000000
barcode05_DS_3.8GB	contig_17089	8333	9986	vanW gene in vanI cluster_glycopeptide_antibiotic	6	1653	1653	1.0000000
barcode05_DS_3.8GB	contig_17435	16287	19455	adeF_fluoroquinolone_antibiotic;_tetracycline_antibiotic	8	3168	3168	1.0000000
barcode05_DS_3.8GB	contig_17446	59558	60656	vanG_glycopeptide_antibiotic	18	1098	1098	1.0000000
barcode05_DS_3.8GB	contig_17564	7810	9271	vanY gene in vanF cluster_glycopeptide_antibiotic	3	1461	1461	1.0000000
barcode05_DS_3.8GB	contig_17684	315	504	rsmA_fluoroquinolone_antibiotic;_diaminopyrimidine_antibiotic;_phenicol_antibiotic	6	189	189	1.0000000
barcode05_DS_3.8GB	contig_1779	3269	4838	vgaC_lincosamide_antibiotic;_streptogramin_antibiotic;_streptogramin_A_antibiotic;_pleuromutilin_antibiotic	25	1569	1569	1.0000000
barcode05_DS_3.8GB	contig_17805	20299	21691	Escherichia coli UhpT with mutation conferring resistance to fosfomycin_phosphonic_acid_antibiotic	20	1392	1392	1.0000000
barcode05_DS_3.8GB	contig_1785	7967	8675	EBR-3_carbapenem;_cephalosporin;_penam	29	708	708	1.0000000
barcode05_DS_3.8GB	contig_17933	13995	14718	baeR_aminoglycoside_antibiotic;_aminocoumarin_antibiotic	7	723	723	1.0000000
barcode05_DS_3.8GB	contig_17936	9102	10434	FosH_phosphonic_acid_antibiotic	3	1332	1332	1.0000000
barcode05_DS_3.8GB	contig_17985	475	961	lnuA_lincosamide_antibiotic	14	486	486	1.0000000
barcode05_DS_3.8GB	contig_17990	14112	15837	tet(Q)_tetracycline_antibiotic	211	1725	1725	1.0000000
barcode05_DS_3.8GB	contig_17990	17629	18127	nimJ_nitroimidazole_antibiotic	15	498	498	1.0000000
barcode05_DS_3.8GB	contig_17993	6528	7275	ErmB_macrolide_antibiotic;_lincosamide_antibiotic;_streptogramin_antibiotic;_streptogramin_A_antibiotic;_streptogramin_B_antibiotic	24	747	747	1.0000000
barcode05_DS_3.8GB	contig_18009	746	1952	Mef(En2)_macrolide_antibiotic;_lincosamide_antibiotic	30	1206	1206	1.0000000
barcode05_DS_3.8GB	contig_18042	128	959	APH(6)-Id_aminoglycoside_antibiotic	18	831	831	1.0000000
barcode05_DS_3.8GB	contig_18066	3108	3924	APH(3')-Ia_aminoglycoside_antibiotic	14	816	816	1.0000000
barcode05_DS_3.8GB	contig_18073	154255	155077	bacA_peptide_antibiotic	14	822	822	1.0000000
barcode05_DS_3.8GB	contig_18108	2500	2998	dfrG_diaminopyrimidine_antibiotic	27	498	498	1.0000000
barcode05_DS_3.8GB	contig_18155	68241	68571	qacJ_disinfecting_agents_and_antiseptics	7	330	330	1.0000000
barcode05_DS_3.8GB	contig_18367	35769	36759	vanH gene in vanA cluster_glycopeptide_antibiotic	17	990	990	1.0000000
barcode05_DS_3.8GB	contig_18501	46668	47658	vanH gene in vanB cluster_glycopeptide_antibiotic	5	990	990	1.0000000
barcode05_DS_3.8GB	contig_18523	25924	27298	cpxA_aminoglycoside_antibiotic;_aminocoumarin_antibiotic	6	1374	1374	1.0000000
barcode05_DS_3.8GB	contig_18662	4361	4772	FosXCC_phosphonic_acid_antibiotic	8	411	411	1.0000000
barcode05_DS_3.8GB	contig_18739	1206	3066	tet(36)_tetracycline_antibiotic	21	1860	1860	1.0000000
barcode05_DS_3.8GB	contig_18739	3070	4444	tet(45)_tetracycline_antibiotic	18	1374	1374	1.0000000
barcode05_DS_3.8GB	contig_18760	1681	2326	QnrD1_fluoroquinolone_antibiotic	39	645	645	1.0000000
barcode05_DS_3.8GB	contig_18944	4124	4811	tet(S)_tetracycline_antibiotic	6	687	687	1.0000000
barcode05_DS_3.8GB	contig_18944	5019	6066	tet(S)_tetracycline_antibiotic	5	1047	1047	1.0000000
barcode05_DS_3.8GB	contig_19020	2572	3343	ANT(4')-Ia_aminoglycoside_antibiotic	28	771	771	1.0000000
barcode05_DS_3.8GB	contig_19020	3527	4448	APH(2'')-IIIa_aminoglycoside_antibiotic	15	921	921	1.0000000
barcode05_DS_3.8GB	contig_19046	4161	4905	ANT(4')-Ia_aminoglycoside_antibiotic	30	744	744	1.0000000
barcode05_DS_3.8GB	contig_2016	72168	72963	APH(3')-IIIa_aminoglycoside_antibiotic	100	795	795	1.0000000
barcode05_DS_3.8GB	contig_2079	15717	16569	vanW gene in vanI cluster_glycopeptide_antibiotic	7	852	852	1.0000000
barcode05_DS_3.8GB	contig_2198	14587	14923	qacG_disinfecting_agents_and_antiseptics	10	336	336	1.0000000
barcode05_DS_3.8GB	contig_2270	6	870	aadS_aminoglycoside_antibiotic	10	864	864	1.0000000
barcode05_DS_3.8GB	contig_2277	14	1175	tet(X)_glycylcycline;_tetracycline_antibiotic	32	1161	1161	1.0000000
barcode05_DS_3.8GB	contig_2277	1384	2185	ErmF_macrolide_antibiotic;_lincosamide_antibiotic;_streptogramin_antibiotic;_streptogramin_A_antibiotic;_streptogramin_B_antibiotic	53	801	801	1.0000000
barcode05_DS_3.8GB	contig_2277	2477	3341	aadS_aminoglycoside_antibiotic	45	864	864	1.0000000
barcode05_DS_3.8GB	contig_2279	210805	211615	LnuH_lincosamide_antibiotic	15	810	810	1.0000000
barcode05_DS_3.8GB	contig_2306	17713	18637	vanY gene in vanB cluster_glycopeptide_antibiotic	11	924	924	1.0000000
barcode05_DS_3.8GB	contig_2310	19124	19748	ErmG_macrolide_antibiotic;_lincosamide_antibiotic;_streptogramin_antibiotic;_streptogramin_A_antibiotic;_streptogramin_B_antibiotic	5	624	624	1.0000000
barcode05_DS_3.8GB	contig_2323	111256	111865	vanY gene in vanB cluster_glycopeptide_antibiotic	5	609	609	1.0000000
barcode05_DS_3.8GB	contig_2347	13569	13758	rsmA_fluoroquinolone_antibiotic;_diaminopyrimidine_antibiotic;_phenicol_antibiotic	11	189	189	1.0000000
barcode05_DS_3.8GB	contig_2384	37943	39170	EreD_macrolide_antibiotic	12	1227	1227	1.0000000
barcode05_DS_3.8GB	contig_2520	1151720	1154849	adeF_fluoroquinolone_antibiotic;_tetracycline_antibiotic	31	3129	3129	1.0000000
barcode05_DS_3.8GB	contig_2540	16446	17193	vanY gene in vanB cluster_glycopeptide_antibiotic	50	747	747	1.0000000
barcode05_DS_3.8GB	contig_2561	1514	2318	lnuB_lincosamide_antibiotic	50	804	804	1.0000000
barcode05_DS_3.8GB	contig_2561	2371	3856	lsaE_lincosamide_antibiotic;_streptogramin_antibiotic;_pleuromutilin_antibiotic	54	1485	1485	1.0000000
barcode05_DS_3.8GB	contig_2602	173808	174645	vanW gene in vanG cluster_glycopeptide_antibiotic	24	837	837	1.0000000
barcode05_DS_3.8GB	contig_2611	75906	76233	qacG_disinfecting_agents_and_antiseptics	55	327	327	1.0000000
barcode05_DS_3.8GB	contig_2679	18816	19611	APH(3')-IIIa_aminoglycoside_antibiotic	143	795	795	1.0000000
barcode05_DS_3.8GB	contig_2679	19703	20246	SAT-4_nucleoside_antibiotic	60	543	543	1.0000000
barcode05_DS_3.8GB	contig_2679	20242	21151	aad(6)_aminoglycoside_antibiotic	54	909	909	1.0000000
barcode05_DS_3.8GB	contig_2692	36128	36965	vanW gene in vanG cluster_glycopeptide_antibiotic	51	837	837	1.0000000
barcode05_DS_3.8GB	contig_2703	8399	8936	AAC(6')-Im_aminoglycoside_antibiotic	37	537	537	1.0000000
barcode05_DS_3.8GB	contig_2703	8979	9879	APH(2'')-IIa_aminoglycoside_antibiotic	34	900	900	1.0000000
barcode05_DS_3.8GB	contig_2726	19867	20731	ANT(6)-Ia_aminoglycoside_antibiotic	67	864	864	1.0000000
barcode05_DS_3.8GB	contig_2726	24288	25092	lnuB_lincosamide_antibiotic	78	804	804	1.0000000
barcode05_DS_3.8GB	contig_2726	25145	26630	lsaE_lincosamide_antibiotic;_streptogramin_antibiotic;_pleuromutilin_antibiotic	72	1485	1485	1.0000000
barcode05_DS_3.8GB	contig_2726	29244	29904	catQ_phenicol_antibiotic	9	660	660	1.0000000
barcode05_DS_3.8GB	contig_2752	15652	16105	tet(M)_tetracycline_antibiotic	10	453	453	1.0000000
barcode05_DS_3.8GB	contig_2752	16300	16921	tet(M)_tetracycline_antibiotic	10	621	621	1.0000000
barcode05_DS_3.8GB	contig_2754	82	1522	AAC(6')-Ie-APH(2'')-Ia bifunctional protein_aminoglycoside_antibiotic	14	1440	1440	1.0000000
barcode05_DS_3.8GB	contig_2796	147440	148202	vanY gene in vanM cluster_glycopeptide_antibiotic	9	762	762	1.0000000
barcode05_DS_3.8GB	contig_2874	2727	3954	EreD_macrolide_antibiotic	9	1227	1227	1.0000000
barcode05_DS_3.8GB	contig_2961	72724	75877	adeF_fluoroquinolone_antibiotic;_tetracycline_antibiotic	18	3153	3153	1.0000000
barcode05_DS_3.8GB	contig_3019	330	1758	fexA_phenicol_antibiotic	19	1428	1428	1.0000000
barcode05_DS_3.8GB	contig_3021	215	1643	fexA_phenicol_antibiotic	12	1428	1428	1.0000000
barcode05_DS_3.8GB	contig_303	11451	13371	tet(W)_tetracycline_antibiotic	107	1920	1920	1.0000000
barcode05_DS_3.8GB	contig_3073	46092	47097	poxtA_tetracycline_antibiotic;_oxazolidinone_antibiotic;_phenicol_antibiotic	2	1005	1005	1.0000000
barcode05_DS_3.8GB	contig_3128	11032	11980	leuO_nucleoside_antibiotic;_disinfecting_agents_and_antiseptics	8	948	948	1.0000000
barcode05_DS_3.8GB	contig_3165	16515	16839	Escherichia coli soxS with mutation conferring antibiotic resistance_fluoroquinolone_antibiotic;_monobactam;_carbapenem;_cephalosporin;_glycylcycline;_cephamycin;_penam;_tetracycline_antibiotic;_rifamycin_antibiotic;_phenicol_antibiotic;_penem;_disinfecting_agents_and_antiseptics	13	324	324	1.0000000
barcode05_DS_3.8GB	contig_3165	16924	17389	Escherichia coli soxR with mutation conferring antibiotic resistance_fluoroquinolone_antibiotic;_cephalosporin;_glycylcycline;_penam;_tetracycline_antibiotic;_rifamycin_antibiotic;_phenicol_antibiotic;_disinfecting_agents_and_antiseptics	11	465	465	1.0000000
barcode05_DS_3.8GB	contig_3203	10322	12797	vanT gene in vanG cluster_glycopeptide_antibiotic	6	2475	2475	1.0000000
barcode05_DS_3.8GB	contig_3271	69961	70639	kdpE_aminoglycoside_antibiotic	12	678	678	1.0000000
barcode05_DS_3.8GB	contig_3357	16678	17671	vanH gene in vanA cluster_glycopeptide_antibiotic	9	993	993	1.0000000
barcode05_DS_3.8GB	contig_3372	11005	11998	vanH gene in vanA cluster_glycopeptide_antibiotic	13	993	993	1.0000000
barcode05_DS_3.8GB	contig_3407	71	569	lnuC_lincosamide_antibiotic	95	498	498	1.0000000
barcode05_DS_3.8GB	contig_3460	1270	1876	QnrVC4_fluoroquinolone_antibiotic	3	606	606	1.0000000
barcode05_DS_3.8GB	contig_3460	1958	2597	AAC(6')-Ib9_aminoglycoside_antibiotic	11	639	639	1.0000000
barcode05_DS_3.8GB	contig_3473	142375	142561	rsmA_fluoroquinolone_antibiotic;_diaminopyrimidine_antibiotic;_phenicol_antibiotic	23	186	186	1.0000000
barcode05_DS_3.8GB	contig_3476	66032	66845	vanY gene in vanB cluster_glycopeptide_antibiotic	12	813	813	1.0000000
barcode05_DS_3.8GB	contig_3487	50469	51102	CRP_macrolide_antibiotic;_fluoroquinolone_antibiotic;_penam	10	633	633	1.0000000
barcode05_DS_3.8GB	contig_3487	66244	67429	Escherichia coli EF-Tu mutants conferring resistance to Pulvomycin_elfamycin_antibiotic	36	1185	1185	1.0000000
barcode05_DS_3.8GB	contig_3493	2615	3800	Escherichia coli EF-Tu mutants conferring resistance to Pulvomycin_elfamycin_antibiotic	21	1185	1185	1.0000000
barcode05_DS_3.8GB	contig_3499	24589	25756	AcrE_fluoroquinolone_antibiotic;_cephalosporin;_cephamycin;_penam	6	1167	1167	1.0000000
barcode05_DS_3.8GB	contig_3499	26154	26802	AcrS_fluoroquinolone_antibiotic;_cephalosporin;_glycylcycline;_cephamycin;_penam;_tetracycline_antibiotic;_rifamycin_antibiotic;_phenicol_antibiotic;_disinfecting_agents_and_antiseptics	5	648	648	1.0000000
barcode05_DS_3.8GB	contig_35	25653	26559	leuO_nucleoside_antibiotic;_disinfecting_agents_and_antiseptics	10	906	906	1.0000000
barcode05_DS_3.8GB	contig_35	32686	34453	Haemophilus influenzae PBP3 conferring resistance to beta-lactam antibiotics_cephalosporin;_cephamycin;_penam	23	1767	1767	1.0000000
barcode05_DS_3.8GB	contig_3515	67294	68479	Escherichia coli EF-Tu mutants conferring resistance to Pulvomycin_elfamycin_antibiotic	23	1185	1185	1.0000000
barcode05_DS_3.8GB	contig_3524	91928	92459	emrR_fluoroquinolone_antibiotic	13	531	531	1.0000000
barcode05_DS_3.8GB	contig_3524	92589	93762	emrA_fluoroquinolone_antibiotic	16	1173	1173	1.0000000
barcode05_DS_3.8GB	contig_3524	93778	95317	emrB_fluoroquinolone_antibiotic	16	1539	1539	1.0000000
barcode05_DS_3.8GB	contig_3524	101726	101912	rsmA_fluoroquinolone_antibiotic;_diaminopyrimidine_antibiotic;_phenicol_antibiotic	17	186	186	1.0000000
barcode05_DS_3.8GB	contig_3527	57287	57818	emrR_fluoroquinolone_antibiotic	8	531	531	1.0000000
barcode05_DS_3.8GB	contig_3527	59136	60675	emrB_fluoroquinolone_antibiotic	8	1539	1539	1.0000000
barcode05_DS_3.8GB	contig_3527	65341	65527	rsmA_fluoroquinolone_antibiotic;_diaminopyrimidine_antibiotic;_phenicol_antibiotic	15	186	186	1.0000000
barcode05_DS_3.8GB	contig_358	83	878	APH(3')-IIIa_aminoglycoside_antibiotic	88	795	795	1.0000000
barcode05_DS_3.8GB	contig_3723	23045	24011	tet(M)_tetracycline_antibiotic	36	966	966	1.0000000
barcode05_DS_3.8GB	contig_3723	24244	24733	tet(M)_tetracycline_antibiotic	43	489	489	1.0000000
barcode05_DS_3.8GB	contig_3755	18630	19863	Escherichia coli mdfA_tetracycline_antibiotic;_disinfecting_agents_and_antiseptics	17	1233	1233	1.0000000
barcode05_DS_3.8GB	contig_3767	8823	10056	Escherichia coli mdfA_tetracycline_antibiotic;_disinfecting_agents_and_antiseptics	10	1233	1233	1.0000000
barcode05_DS_3.8GB	contig_377	71	872	ANT(9)-Ia_aminoglycoside_antibiotic	19	801	801	1.0000000
barcode05_DS_3.8GB	contig_3825	24825	25992	ugd_peptide_antibiotic	12	1167	1167	1.0000000
barcode05_DS_3.8GB	contig_3842	1	904	EstT_macrolide_antibiotic;_glycylcycline;_tetracycline_antibiotic	30	903	903	1.0000000
barcode05_DS_3.8GB	contig_3843	4579	5443	aadS_aminoglycoside_antibiotic	14	864	864	1.0000000
barcode05_DS_3.8GB	contig_3843	6618	7779	tet(X3)_glycylcycline;_tetracycline_antibiotic	28	1161	1161	1.0000000
barcode05_DS_3.8GB	contig_3893	86190	87063	GOB-20_carbapenem;_cephalosporin;_penam	12	873	873	1.0000000
barcode05_DS_3.8GB	contig_395	47321	48317	CfxA6_cephamycin	39	996	996	1.0000000
barcode05_DS_3.8GB	contig_396	2050	2749	tet(O)_tetracycline_antibiotic	89	699	699	1.0000000
barcode05_DS_3.8GB	contig_397	14166	16086	tet(W)_tetracycline_antibiotic	94	1920	1920	1.0000000
barcode05_DS_3.8GB	contig_3986	14199	15867	tet(44)_tetracycline_antibiotic	18	1668	1668	1.0000000
barcode05_DS_3.8GB	contig_3986	16437	17295	ANT(6)-Ib_aminoglycoside_antibiotic	25	858	858	1.0000000
barcode05_DS_3.8GB	contig_4038	49955	51416	vanW gene in vanI cluster_glycopeptide_antibiotic	8	1461	1461	1.0000000
barcode05_DS_3.8GB	contig_416	9306	10044	ErmB_macrolide_antibiotic;_lincosamide_antibiotic;_streptogramin_antibiotic;_streptogramin_A_antibiotic;_streptogramin_B_antibiotic	194	738	738	1.0000000
barcode05_DS_3.8GB	contig_416	10489	11887	tet(45)_tetracycline_antibiotic	270	1398	1398	1.0000000
barcode05_DS_3.8GB	contig_416	12247	14167	tet(O/W/32/O)_tetracycline_antibiotic	268	1920	1920	1.0000000
barcode05_DS_3.8GB	contig_424	2688	4272	tet(W/N/W)_tetracycline_antibiotic	86	1584	1584	1.0000000
barcode05_DS_3.8GB	contig_4361	36162	37923	vanW gene in vanG cluster_glycopeptide_antibiotic	15	1761	1761	1.0000000
barcode05_DS_3.8GB	contig_4380	123877	125419	vanT gene in vanG cluster_glycopeptide_antibiotic	9	1542	1542	1.0000000
barcode05_DS_3.8GB	contig_4494	14014	14779	vanY gene in vanM cluster_glycopeptide_antibiotic	19	765	765	1.0000000
barcode05_DS_3.8GB	contig_453	14864	15884	ErmF_macrolide_antibiotic;_lincosamide_antibiotic;_streptogramin_antibiotic;_streptogramin_A_antibiotic;_streptogramin_B_antibiotic	23	1020	1020	1.0000000
barcode05_DS_3.8GB	contig_4560	237024	237717	vanW gene in vanG cluster_glycopeptide_antibiotic	7	693	693	1.0000000
barcode05_DS_3.8GB	contig_4577	19990	20764	ErmQ_macrolide_antibiotic;_lincosamide_antibiotic;_streptogramin_antibiotic;_streptogramin_A_antibiotic;_streptogramin_B_antibiotic	7	774	774	1.0000000
barcode05_DS_3.8GB	contig_4634	5023	6133	vanT gene in vanG cluster_glycopeptide_antibiotic	8	1110	1110	1.0000000
barcode05_DS_3.8GB	contig_4695	6835	7984	ArnT_peptide_antibiotic	7	1149	1149	1.0000000
barcode05_DS_3.8GB	contig_4695	30608	33248	Escherichia coli gyrA conferring resistance to fluoroquinolones_fluoroquinolone_antibiotic	5	2640	2640	1.0000000
barcode05_DS_3.8GB	contig_4849	16659	16992	qacJ_disinfecting_agents_and_antiseptics	15	333	333	1.0000000
barcode05_DS_3.8GB	contig_4852	36	402	Klebsiella pneumoniae KpnE_macrolide_antibiotic;_aminoglycoside_antibiotic;_cephalosporin;_tetracycline_antibiotic;_peptide_antibiotic;_rifamycin_antibiotic;_disinfecting_agents_and_antiseptics	6	366	366	1.0000000
barcode05_DS_3.8GB	contig_4852	388	718	Klebsiella pneumoniae KpnF_macrolide_antibiotic;_aminoglycoside_antibiotic;_cephalosporin;_tetracycline_antibiotic;_peptide_antibiotic;_rifamycin_antibiotic;_disinfecting_agents_and_antiseptics	6	330	330	1.0000000
barcode05_DS_3.8GB	contig_4855	20018	21662	eptA_peptide_antibiotic	11	1644	1644	1.0000000
barcode05_DS_3.8GB	contig_493	8521	10408	tet(Q)_tetracycline_antibiotic	159	1887	1887	1.0000000
barcode05_DS_3.8GB	contig_498	3670	4408	ErmB_macrolide_antibiotic;_lincosamide_antibiotic;_streptogramin_antibiotic;_streptogramin_A_antibiotic;_streptogramin_B_antibiotic	113	738	738	1.0000000
barcode05_DS_3.8GB	contig_499	3809	4547	ErmB_macrolide_antibiotic;_lincosamide_antibiotic;_streptogramin_antibiotic;_streptogramin_A_antibiotic;_streptogramin_B_antibiotic	81	738	738	1.0000000
barcode05_DS_3.8GB	contig_5053	3498	4287	aadA_aminoglycoside_antibiotic	29	789	789	1.0000000
barcode05_DS_3.8GB	contig_5053	4344	4869	SAT-2_nucleoside_antibiotic	6	525	525	1.0000000
barcode05_DS_3.8GB	contig_5053	4963	5437	dfrA1_diaminopyrimidine_antibiotic	6	474	474	1.0000000
barcode05_DS_3.8GB	contig_51	3925	4420	lnuC_lincosamide_antibiotic	118	495	495	1.0000000
barcode05_DS_3.8GB	contig_510	52685	55163	vanT gene in vanG cluster_glycopeptide_antibiotic	14	2478	2478	1.0000000
barcode05_DS_3.8GB	contig_513	1	826	tet(O)_tetracycline_antibiotic	56	825	825	1.0000000
barcode05_DS_3.8GB	contig_5132	21848	22457	ACI-1_cephalosporin;_penam;_penem	17	609	609	1.0000000
barcode05_DS_3.8GB	contig_518	415786	416275	dfrA3_diaminopyrimidine_antibiotic	46	489	489	1.0000000
barcode05_DS_3.8GB	contig_5240	5162	5783	vanY gene in vanG cluster_glycopeptide_antibiotic	4	621	621	1.0000000
barcode05_DS_3.8GB	contig_5264	111575	111935	qacJ_disinfecting_agents_and_antiseptics	9	360	360	1.0000000
barcode05_DS_3.8GB	contig_538	61961	64382	adeF_fluoroquinolone_antibiotic;_tetracycline_antibiotic	41	2421	2421	1.0000000
barcode05_DS_3.8GB	contig_546	4431	5184	ErmB_macrolide_antibiotic;_lincosamide_antibiotic;_streptogramin_antibiotic;_streptogramin_A_antibiotic;_streptogramin_B_antibiotic	26	753	753	1.0000000
barcode05_DS_3.8GB	contig_5463	17361	19290	vanT gene in vanG cluster_glycopeptide_antibiotic	12	1929	1929	1.0000000
barcode05_DS_3.8GB	contig_5513	859	1825	CfxA2_cephamycin	19	966	966	1.0000000
barcode05_DS_3.8GB	contig_5544	1416	2790	cpxA_aminoglycoside_antibiotic;_aminocoumarin_antibiotic	13	1374	1374	1.0000000
barcode05_DS_3.8GB	contig_557	0	1242	tet(O)_tetracycline_antibiotic	46	1242	1242	1.0000000
barcode05_DS_3.8GB	contig_5572	16329	16518	rsmA_fluoroquinolone_antibiotic;_diaminopyrimidine_antibiotic;_phenicol_antibiotic	11	189	189	1.0000000
barcode05_DS_3.8GB	contig_5654	10735	11590	ACI-1_cephalosporin;_penam;_penem	4	855	855	1.0000000
barcode05_DS_3.8GB	contig_5655	52828	53683	ACI-1_cephalosporin;_penam;_penem	16	855	855	1.0000000
barcode05_DS_3.8GB	contig_566	31467	32667	vanT gene in vanG cluster_glycopeptide_antibiotic	17	1200	1200	1.0000000
barcode05_DS_3.8GB	contig_566	174579	175461	vanY gene in vanB cluster_glycopeptide_antibiotic	20	882	882	1.0000000
barcode05_DS_3.8GB	contig_5661	117885	118704	vanW gene in vanG cluster_glycopeptide_antibiotic	11	819	819	1.0000000
barcode05_DS_3.8GB	contig_5705	28241	30692	vanT gene in vanG cluster_glycopeptide_antibiotic	9	2451	2451	1.0000000
barcode05_DS_3.8GB	contig_572	1866	2604	ErmB_macrolide_antibiotic;_lincosamide_antibiotic;_streptogramin_antibiotic;_streptogramin_A_antibiotic;_streptogramin_B_antibiotic	70	738	738	1.0000000
barcode05_DS_3.8GB	contig_5728	14271	14634	Klebsiella pneumoniae KpnE_macrolide_antibiotic;_aminoglycoside_antibiotic;_cephalosporin;_tetracycline_antibiotic;_peptide_antibiotic;_rifamycin_antibiotic;_disinfecting_agents_and_antiseptics	5	363	363	1.0000000
barcode05_DS_3.8GB	contig_5759	46010	48476	vanT gene in vanG cluster_glycopeptide_antibiotic	10	2466	2466	1.0000000
barcode05_DS_3.8GB	contig_5801	30216	33345	adeF_fluoroquinolone_antibiotic;_tetracycline_antibiotic	17	3129	3129	1.0000000
barcode05_DS_3.8GB	contig_599	636	2556	tet(W)_tetracycline_antibiotic	73	1920	1920	1.0000000
barcode05_DS_3.8GB	contig_600	4578	5073	lnuC_lincosamide_antibiotic	14	495	495	1.0000000
barcode05_DS_3.8GB	contig_605	4097	4835	ErmB_macrolide_antibiotic;_lincosamide_antibiotic;_streptogramin_antibiotic;_streptogramin_A_antibiotic;_streptogramin_B_antibiotic	132	738	738	1.0000000
barcode05_DS_3.8GB	contig_6088	628	1447	vanW gene in vanG cluster_glycopeptide_antibiotic	8	819	819	1.0000000
barcode05_DS_3.8GB	contig_6132	2536	3031	lnuC_lincosamide_antibiotic	14	495	495	1.0000000
barcode05_DS_3.8GB	contig_6148	18916	20023	vanT gene in vanG cluster_glycopeptide_antibiotic	41	1107	1107	1.0000000
barcode05_DS_3.8GB	contig_6153	31308	34488	adeF_fluoroquinolone_antibiotic;_tetracycline_antibiotic	11	3180	3180	1.0000000
barcode05_DS_3.8GB	contig_6342	10370	10871	nimJ_nitroimidazole_antibiotic	6	501	501	1.0000000
barcode05_DS_3.8GB	contig_6387	160861	161611	BlaB-11_carbapenem;_penam	11	750	750	1.0000000
barcode05_DS_3.8GB	contig_6400	12072	13561	TolC_macrolide_antibiotic;_fluoroquinolone_antibiotic;_aminoglycoside_antibiotic;_carbapenem;_cephalosporin;_glycylcycline;_cephamycin;_penam;_tetracycline_antibiotic;_peptide_antibiotic;_aminocoumarin_antibiotic;_rifamycin_antibiotic;_phenicol_antibiotic;_penem;_disinfecting_agents_and_antiseptics	7	1489	1489	1.0000000
barcode05_DS_3.8GB	contig_651	0	1008	tet(W)_tetracycline_antibiotic	22	1008	1008	1.0000000
barcode05_DS_3.8GB	contig_651	1266	2487	tet(40)_tetracycline_antibiotic	81	1221	1221	1.0000000
barcode05_DS_3.8GB	contig_652	653	2573	tet(W)_tetracycline_antibiotic	110	1920	1920	1.0000000
barcode05_DS_3.8GB	contig_652	3326	4547	tet(40)_tetracycline_antibiotic	89	1221	1221	1.0000000
barcode05_DS_3.8GB	contig_6601	31068	33534	vanT gene in vanG cluster_glycopeptide_antibiotic	9	2466	2466	1.0000000
barcode05_DS_3.8GB	contig_661	1748	2483	ErmA_macrolide_antibiotic;_lincosamide_antibiotic;_streptogramin_antibiotic;_streptogramin_A_antibiotic;_streptogramin_B_antibiotic	11	735	735	1.0000000
barcode05_DS_3.8GB	contig_663	12669	14643	tet(Q)_tetracycline_antibiotic	215	1974	1974	1.0000000
barcode05_DS_3.8GB	contig_677	1317	3243	tet(Q)_tetracycline_antibiotic	11	1926	1926	1.0000000
barcode05_DS_3.8GB	contig_677	5114	6281	tet(X)_glycylcycline;_tetracycline_antibiotic	23	1167	1167	1.0000000
barcode05_DS_3.8GB	contig_677	6492	7266	ErmF_macrolide_antibiotic;_lincosamide_antibiotic;_streptogramin_antibiotic;_streptogramin_A_antibiotic;_streptogramin_B_antibiotic	31	774	774	1.0000000
barcode05_DS_3.8GB	contig_6809	10152	11247	vanG_glycopeptide_antibiotic	11	1095	1095	1.0000000
barcode05_DS_3.8GB	contig_694	3886	4372	lnuA_lincosamide_antibiotic	20	486	486	1.0000000
barcode05_DS_3.8GB	contig_7202	11024	11708	kdpE_aminoglycoside_antibiotic	7	684	684	1.0000000
barcode05_DS_3.8GB	contig_7332	6613	6799	rsmA_fluoroquinolone_antibiotic;_diaminopyrimidine_antibiotic;_phenicol_antibiotic	10	186	186	1.0000000
barcode05_DS_3.8GB	contig_7347	1041	2526	lsaE_lincosamide_antibiotic;_streptogramin_antibiotic;_pleuromutilin_antibiotic	4	1485	1485	1.0000000
barcode05_DS_3.8GB	contig_7352	9	468	AAC(6')-Il_aminoglycoside_antibiotic	15	459	459	1.0000000
barcode05_DS_3.8GB	contig_7352	1774	2329	AAC(6')-Ib4_aminoglycoside_antibiotic	28	555	555	1.0000000
barcode05_DS_3.8GB	contig_7352	2399	3194	aphA15_aminoglycoside_antibiotic	14	795	795	1.0000000
barcode05_DS_3.8GB	contig_7364	23429	25046	Haemophilus influenzae PBP3 conferring resistance to beta-lactam antibiotics_cephalosporin;_cephamycin;_penam	14	1617	1617	1.0000000
barcode05_DS_3.8GB	contig_7364	31147	32092	leuO_nucleoside_antibiotic;_disinfecting_agents_and_antiseptics	9	945	945	1.0000000
barcode05_DS_3.8GB	contig_743	69645	70830	Escherichia coli EF-Tu mutants conferring resistance to Pulvomycin_elfamycin_antibiotic	31	1185	1185	1.0000000
barcode05_DS_3.8GB	contig_7468	5064	5697	CRP_macrolide_antibiotic;_fluoroquinolone_antibiotic;_penam	9	633	633	1.0000000
barcode05_DS_3.8GB	contig_776	242547	245790	adeF_fluoroquinolone_antibiotic;_tetracycline_antibiotic	15	3243	3243	1.0000000
barcode05_DS_3.8GB	contig_7865	35789	36347	vanY gene in vanA cluster_glycopeptide_antibiotic	10	558	558	1.0000000
barcode05_DS_3.8GB	contig_7945	29591	32057	vanT gene in vanG cluster_glycopeptide_antibiotic	20	2466	2466	1.0000000
barcode05_DS_3.8GB	contig_8024	25178	26426	mdtA_aminocoumarin_antibiotic	10	1248	1248	1.0000000
barcode05_DS_3.8GB	contig_8024	26425	29167	mdtB_aminocoumarin_antibiotic	9	2742	2742	1.0000000
barcode05_DS_3.8GB	contig_8024	35441	36164	baeR_aminoglycoside_antibiotic;_aminocoumarin_antibiotic	9	723	723	1.0000000
barcode05_DS_3.8GB	contig_811	0	822	KPC-82_monobactam;_carbapenem;_cephalosporin;_penam	49	822	822	1.0000000
barcode05_DS_3.8GB	contig_811	10671	11451	APH(3')-VIa_aminoglycoside_antibiotic	55	780	780	1.0000000
barcode05_DS_3.8GB	contig_831	0	771	mphE_macrolide_antibiotic	18	771	771	1.0000000
barcode05_DS_3.8GB	contig_8408	5074	5836	LnuH_lincosamide_antibiotic	6	762	762	1.0000000
barcode05_DS_3.8GB	contig_8673	13151	13475	Escherichia coli soxS with mutation conferring antibiotic resistance_fluoroquinolone_antibiotic;_monobactam;_carbapenem;_cephalosporin;_glycylcycline;_cephamycin;_penam;_tetracycline_antibiotic;_rifamycin_antibiotic;_phenicol_antibiotic;_penem;_disinfecting_agents_and_antiseptics	13	324	324	1.0000000
barcode05_DS_3.8GB	contig_8852	3182	3983	ErmF_macrolide_antibiotic;_lincosamide_antibiotic;_streptogramin_antibiotic;_streptogramin_A_antibiotic;_streptogramin_B_antibiotic	8	801	801	1.0000000
barcode05_DS_3.8GB	contig_8971	4454	5663	mdtH_fluoroquinolone_antibiotic	9	1209	1209	1.0000000
barcode05_DS_3.8GB	contig_8971	14295	15522	mdtG_phosphonic_acid_antibiotic	10	1227	1227	1.0000000
barcode05_DS_3.8GB	contig_898	46916	50072	adeF_fluoroquinolone_antibiotic;_tetracycline_antibiotic	55	3156	3156	1.0000000
barcode05_DS_3.8GB	contig_8998	1	766	aadA_aminoglycoside_antibiotic	25	765	765	1.0000000
barcode05_DS_3.8GB	contig_9	108665	109160	nimJ_nitroimidazole_antibiotic	13	495	495	1.0000000
barcode05_DS_3.8GB	contig_9095	1617	2481	GES-1_carbapenem;_cephalosporin;_penam	17	864	864	1.0000000
barcode05_DS_3.8GB	contig_9095	2554	3013	AAC(6')-Il_aminoglycoside_antibiotic	23	459	459	1.0000000
barcode05_DS_3.8GB	contig_9098	1051	1384	qacG_disinfecting_agents_and_antiseptics	3	333	333	1.0000000
barcode05_DS_3.8GB	contig_9120	28667	29198	emrR_fluoroquinolone_antibiotic	12	531	531	1.0000000
barcode05_DS_3.8GB	contig_9120	39090	39276	rsmA_fluoroquinolone_antibiotic;_diaminopyrimidine_antibiotic;_phenicol_antibiotic	9	186	186	1.0000000
barcode05_DS_3.8GB	contig_916	84	432	qacEdelta1_disinfecting_agents_and_antiseptics	29	348	348	1.0000000
barcode05_DS_3.8GB	contig_9685	60103	60421	qacG_disinfecting_agents_and_antiseptics	12	318	318	1.0000000
barcode05_DS_3.8GB	contig_9685	66470	67370	CME-2_penam	10	900	900	1.0000000
barcode05_DS_3.8GB	contig_9758	11089	11503	H-NS_macrolide_antibiotic;_fluoroquinolone_antibiotic;_cephalosporin;_cephamycin;_penam;_tetracycline_antibiotic	10	414	414	1.0000000
barcode05_DS_3.8GB	contig_9770	6127	7123	vanH gene in vanB cluster_glycopeptide_antibiotic	4	996	996	1.0000000
barcode05_DS_3.8GB	contig_9912	573	1218	QnrB19_fluoroquinolone_antibiotic	23	645	645	1.0000000
barcode05_DS_3.8GB	contig_9975	2844	3228	marA_fluoroquinolone_antibiotic;_monobactam;_carbapenem;_cephalosporin;_glycylcycline;_cephamycin;_penam;_tetracycline_antibiotic;_rifamycin_antibiotic;_phenicol_antibiotic;_penem;_disinfecting_agents_and_antiseptics	10	384	384	1.0000000
barcode05_DS_3.8GB	contig_9975	3247	3682	Escherichia coli AcrAB-TolC with MarR mutations conferring resistance to ciprofloxacin and tetracycline_fluoroquinolone_antibiotic;_cephalosporin;_glycylcycline;_penam;_tetracycline_antibiotic;_rifamycin_antibiotic;_phenicol_antibiotic;_disinfecting_agents_and_antiseptics	13	435	435	1.0000000
barcode06_DS_3.8GB	contig_1021	14068	15988	tet(O)_tetracycline_antibiotic	25	1920	1920	1.0000000
barcode06_DS_3.8GB	contig_1028	37140	37788	Escherichia coli AcrAB-TolC with AcrR mutation conferring resistance to ciprofloxacin, tetracycline, and ceftazidime_fluoroquinolone_antibiotic;_cephalosporin;_glycylcycline;_penam;_tetracycline_antibiotic;_rifamycin_antibiotic;_phenicol_antibiotic;_disinfecting_agents_and_antiseptics	20	648	648	1.0000000
barcode06_DS_3.8GB	contig_1028	39146	42296	acrB_fluoroquinolone_antibiotic;_cephalosporin;_glycylcycline;_penam;_tetracycline_antibiotic;_rifamycin_antibiotic;_phenicol_antibiotic;_disinfecting_agents_and_antiseptics	14	3150	3150	1.0000000
barcode06_DS_3.8GB	contig_1028	122526	123621	vanG_glycopeptide_antibiotic	24	1095	1095	1.0000000
barcode06_DS_3.8GB	contig_1028	442055	443822	Haemophilus influenzae PBP3 conferring resistance to beta-lactam antibiotics_cephalosporin;_cephamycin;_penam	29	1767	1767	1.0000000
barcode06_DS_3.8GB	contig_1028	449922	450867	leuO_nucleoside_antibiotic;_disinfecting_agents_and_antiseptics	33	945	945	1.0000000
barcode06_DS_3.8GB	contig_1116	10364	11531	tet(X)_glycylcycline;_tetracycline_antibiotic	24	1167	1167	1.0000000
barcode06_DS_3.8GB	contig_1116	11740	12541	ErmF_macrolide_antibiotic;_lincosamide_antibiotic;_streptogramin_antibiotic;_streptogramin_A_antibiotic;_streptogramin_B_antibiotic	24	801	801	1.0000000
barcode06_DS_3.8GB	contig_1116	12833	13697	aadS_aminoglycoside_antibiotic	22	864	864	1.0000000
barcode06_DS_3.8GB	contig_1126	87598	87931	Escherichia coli emrE_macrolide_antibiotic	15	333	333	1.0000000
barcode06_DS_3.8GB	contig_1128	4812	5067	rsmA_fluoroquinolone_antibiotic;_diaminopyrimidine_antibiotic;_phenicol_antibiotic	7	255	255	1.0000000
barcode06_DS_3.8GB	contig_114	6525	7272	ErmB_macrolide_antibiotic;_lincosamide_antibiotic;_streptogramin_antibiotic;_streptogramin_A_antibiotic;_streptogramin_B_antibiotic	24	747	747	1.0000000
barcode06_DS_3.8GB	contig_115	3087	5007	tet(O/W/32/O)_tetracycline_antibiotic	85	1920	1920	1.0000000
barcode06_DS_3.8GB	contig_115	5367	6771	tet(45)_tetracycline_antibiotic	76	1404	1404	1.0000000
barcode06_DS_3.8GB	contig_1252	7427	7751	Escherichia coli soxS with mutation conferring antibiotic resistance_fluoroquinolone_antibiotic;_monobactam;_carbapenem;_cephalosporin;_glycylcycline;_cephamycin;_penam;_tetracycline_antibiotic;_rifamycin_antibiotic;_phenicol_antibiotic;_penem;_disinfecting_agents_and_antiseptics	9	324	324	1.0000000
barcode06_DS_3.8GB	contig_1282	24279	25071	aadA3_aminoglycoside_antibiotic	18	792	792	1.0000000
barcode06_DS_3.8GB	contig_1282	25234	25582	qacEdelta1_disinfecting_agents_and_antiseptics	22	348	348	1.0000000
barcode06_DS_3.8GB	contig_1282	25575	26445	sul1_sulfonamide_antibiotic	16	870	870	1.0000000
barcode06_DS_3.8GB	contig_1282	29511	30168	QnrS1_fluoroquinolone_antibiotic	9	657	657	1.0000000
barcode06_DS_3.8GB	contig_1289	27503	28895	Escherichia coli UhpT with mutation conferring resistance to fosfomycin_phosphonic_acid_antibiotic	23	1392	1392	1.0000000
barcode06_DS_3.8GB	contig_1319	46249	47437	tet(39)_tetracycline_antibiotic	310	1188	1188	1.0000000
barcode06_DS_3.8GB	contig_1320	10433	11654	tet(40)_tetracycline_antibiotic	48	1221	1221	1.0000000
barcode06_DS_3.8GB	contig_1320	11704	12439	tet(O)_tetracycline_antibiotic	40	735	735	1.0000000
barcode06_DS_3.8GB	contig_1320	12700	13636	tet(O)_tetracycline_antibiotic	43	936	936	1.0000000
barcode06_DS_3.8GB	contig_1341	3636	4389	ErmB_macrolide_antibiotic;_lincosamide_antibiotic;_streptogramin_antibiotic;_streptogramin_A_antibiotic;_streptogramin_B_antibiotic	15	753	753	1.0000000
barcode06_DS_3.8GB	contig_1359	70948	72160	Escherichia coli acrA_fluoroquinolone_antibiotic;_cephalosporin;_glycylcycline;_penam;_tetracycline_antibiotic;_rifamycin_antibiotic;_phenicol_antibiotic;_disinfecting_agents_and_antiseptics	18	1212	1212	1.0000000
barcode06_DS_3.8GB	contig_1359	72163	75313	acrB_fluoroquinolone_antibiotic;_cephalosporin;_glycylcycline;_penam;_tetracycline_antibiotic;_rifamycin_antibiotic;_phenicol_antibiotic;_disinfecting_agents_and_antiseptics	26	3150	3150	1.0000000
barcode06_DS_3.8GB	contig_1380	17886	18519	CRP_macrolide_antibiotic;_fluoroquinolone_antibiotic;_penam	18	633	633	1.0000000
barcode06_DS_3.8GB	contig_1411	26211	26595	marA_fluoroquinolone_antibiotic;_monobactam;_carbapenem;_cephalosporin;_glycylcycline;_cephamycin;_penam;_tetracycline_antibiotic;_rifamycin_antibiotic;_phenicol_antibiotic;_penem;_disinfecting_agents_and_antiseptics	18	384	384	1.0000000
barcode06_DS_3.8GB	contig_1411	26614	27049	Escherichia coli AcrAB-TolC with MarR mutations conferring resistance to ciprofloxacin and tetracycline_fluoroquinolone_antibiotic;_cephalosporin;_glycylcycline;_penam;_tetracycline_antibiotic;_rifamycin_antibiotic;_phenicol_antibiotic;_disinfecting_agents_and_antiseptics	19	435	435	1.0000000
barcode06_DS_3.8GB	contig_1450	11722	12844	vanT gene in vanG cluster_glycopeptide_antibiotic	6	1122	1122	1.0000000
barcode06_DS_3.8GB	contig_1482	10138	10918	APH(3')-VIa_aminoglycoside_antibiotic	9	780	780	1.0000000
barcode06_DS_3.8GB	contig_1497	172443	173166	baeR_aminoglycoside_antibiotic;_aminocoumarin_antibiotic	21	723	723	1.0000000
barcode06_DS_3.8GB	contig_1497	175974	179055	mdtC_aminocoumarin_antibiotic	16	3081	3081	1.0000000
barcode06_DS_3.8GB	contig_1497	179055	182178	mdtB_aminocoumarin_antibiotic	11	3123	3123	1.0000000
barcode06_DS_3.8GB	contig_1506	72247	73342	vanG_glycopeptide_antibiotic	17	1095	1095	1.0000000
barcode06_DS_3.8GB	contig_1513	1172	1625	arr-3_rifamycin_antibiotic	13	453	453	1.0000000
barcode06_DS_3.8GB	contig_1513	1697	2318	AAC(6')-Ib9_aminoglycoside_antibiotic	21	621	621	1.0000000
barcode06_DS_3.8GB	contig_1513	2486	2834	qacEdelta1_disinfecting_agents_and_antiseptics	30	348	348	1.0000000
barcode06_DS_3.8GB	contig_1513	2827	3667	sul1_sulfonamide_antibiotic	35	840	840	1.0000000
barcode06_DS_3.8GB	contig_1515	653	1286	catB3_phenicol_antibiotic	10	633	633	1.0000000
barcode06_DS_3.8GB	contig_1515	1423	2254	OXA-1_cephalosporin;_penam	11	831	831	1.0000000
barcode06_DS_3.8GB	contig_1515	2384	2984	AAC(6')-Ib-cr6_fluoroquinolone_antibiotic;_aminoglycoside_antibiotic	20	600	600	1.0000000
barcode06_DS_3.8GB	contig_1517	1068	1881	NDM-1_carbapenem;_cephalosporin;_cephamycin;_penam	11	813	813	1.0000000
barcode06_DS_3.8GB	contig_1517	3158	3938	APH(3')-VIa_aminoglycoside_antibiotic	8	780	780	1.0000000
barcode06_DS_3.8GB	contig_159	150476	151709	Escherichia coli mdfA_tetracycline_antibiotic;_disinfecting_agents_and_antiseptics	13	1233	1233	1.0000000
barcode06_DS_3.8GB	contig_159	264766	266515	msbA_nitroimidazole_antibiotic	20	1749	1749	1.0000000
barcode06_DS_3.8GB	contig_1609	9752	10082	Klebsiella pneumoniae KpnF_macrolide_antibiotic;_aminoglycoside_antibiotic;_cephalosporin;_tetracycline_antibiotic;_peptide_antibiotic;_rifamycin_antibiotic;_disinfecting_agents_and_antiseptics	19	330	330	1.0000000
barcode06_DS_3.8GB	contig_1609	10068	10434	Klebsiella pneumoniae KpnE_macrolide_antibiotic;_aminoglycoside_antibiotic;_cephalosporin;_tetracycline_antibiotic;_peptide_antibiotic;_rifamycin_antibiotic;_disinfecting_agents_and_antiseptics	17	366	366	1.0000000
barcode06_DS_3.8GB	contig_1620	140344	143521	adeF_fluoroquinolone_antibiotic;_tetracycline_antibiotic	19	3177	3177	1.0000000
barcode06_DS_3.8GB	contig_1712	5265	6804	emrB_fluoroquinolone_antibiotic	7	1539	1539	1.0000000
barcode06_DS_3.8GB	contig_182	17563	18748	Escherichia coli EF-Tu mutants conferring resistance to Pulvomycin_elfamycin_antibiotic	34	1185	1185	1.0000000
barcode06_DS_3.8GB	contig_182	118264	118588	Escherichia coli soxS with mutation conferring antibiotic resistance_fluoroquinolone_antibiotic;_monobactam;_carbapenem;_cephalosporin;_glycylcycline;_cephamycin;_penam;_tetracycline_antibiotic;_rifamycin_antibiotic;_phenicol_antibiotic;_penem;_disinfecting_agents_and_antiseptics	28	324	324	1.0000000
barcode06_DS_3.8GB	contig_182	118673	119138	Escherichia coli soxR with mutation conferring antibiotic resistance_fluoroquinolone_antibiotic;_cephalosporin;_glycylcycline;_penam;_tetracycline_antibiotic;_rifamycin_antibiotic;_phenicol_antibiotic;_disinfecting_agents_and_antiseptics	27	465	465	1.0000000
barcode06_DS_3.8GB	contig_182	142010	144062	mdtO_nucleoside_antibiotic;_disinfecting_agents_and_antiseptics	21	2052	2052	1.0000000
barcode06_DS_3.8GB	contig_182	144061	145042	mdtN_nucleoside_antibiotic;_disinfecting_agents_and_antiseptics	23	981	981	1.0000000
barcode06_DS_3.8GB	contig_182	172686	174330	eptA_peptide_antibiotic	27	1644	1644	1.0000000
barcode06_DS_3.8GB	contig_182	216565	217687	Escherichia coli ampC beta-lactamase_cephalosporin;_penam	27	1122	1122	1.0000000
barcode06_DS_3.8GB	contig_1826	7569	7767	rsmA_fluoroquinolone_antibiotic;_diaminopyrimidine_antibiotic;_phenicol_antibiotic	12	198	198	1.0000000
barcode06_DS_3.8GB	contig_1826	111481	112666	Escherichia coli EF-Tu mutants conferring resistance to Pulvomycin_elfamycin_antibiotic	29	1185	1185	1.0000000
barcode06_DS_3.8GB	contig_1826	129883	131068	Escherichia coli EF-Tu mutants conferring resistance to Pulvomycin_elfamycin_antibiotic	26	1185	1185	1.0000000
barcode06_DS_3.8GB	contig_1839	9297	10005	EBR-3_carbapenem;_cephalosporin;_penam	8	708	708	1.0000000
barcode06_DS_3.8GB	contig_1904	2724	3957	mdtM_fluoroquinolone_antibiotic;_lincosamide_antibiotic;_nucleoside_antibiotic;_phenicol_antibiotic;_disinfecting_agents_and_antiseptics	16	1233	1233	1.0000000
barcode06_DS_3.8GB	contig_192	24546	25047	nimJ_nitroimidazole_antibiotic	7	501	501	1.0000000
barcode06_DS_3.8GB	contig_192	41445	43365	tet(W)_tetracycline_antibiotic	67	1920	1920	1.0000000
barcode06_DS_3.8GB	contig_192	43621	44842	tet(40)_tetracycline_antibiotic	45	1221	1221	1.0000000
barcode06_DS_3.8GB	contig_1929	104877	105600	baeR_aminoglycoside_antibiotic;_aminocoumarin_antibiotic	12	723	723	1.0000000
barcode06_DS_3.8GB	contig_1973	1284	2694	fexB_phenicol_antibiotic	12	1410	1410	1.0000000
barcode06_DS_3.8GB	contig_2	1852	2641	ANT(3'')-IIa_aminoglycoside_antibiotic	3	789	789	1.0000000
barcode06_DS_3.8GB	contig_2026	2803	3703	APH(2'')-If_aminoglycoside_antibiotic	10	900	900	1.0000000
barcode06_DS_3.8GB	contig_2068	4330	7519	adeF_fluoroquinolone_antibiotic;_tetracycline_antibiotic	6	3189	3189	1.0000000
barcode06_DS_3.8GB	contig_2089	14881	15316	Escherichia coli AcrAB-TolC with MarR mutations conferring resistance to ciprofloxacin and tetracycline_fluoroquinolone_antibiotic;_cephalosporin;_glycylcycline;_penam;_tetracycline_antibiotic;_rifamycin_antibiotic;_phenicol_antibiotic;_disinfecting_agents_and_antiseptics	6	435	435	1.0000000
barcode06_DS_3.8GB	contig_2089	15334	15718	marA_fluoroquinolone_antibiotic;_monobactam;_carbapenem;_cephalosporin;_glycylcycline;_cephamycin;_penam;_tetracycline_antibiotic;_rifamycin_antibiotic;_phenicol_antibiotic;_penem;_disinfecting_agents_and_antiseptics	8	384	384	1.0000000
barcode06_DS_3.8GB	contig_2092	2880	4266	tet(45)_tetracycline_antibiotic	4	1386	1386	1.0000000
barcode06_DS_3.8GB	contig_2117	181314	182127	vanY gene in vanB cluster_glycopeptide_antibiotic	20	813	813	1.0000000
barcode06_DS_3.8GB	contig_2121	36065	37211	CMY-157_cephamycin	14	1146	1146	1.0000000
barcode06_DS_3.8GB	contig_2142	2084	3023	tet(W)_tetracycline_antibiotic	18	939	939	1.0000000
barcode06_DS_3.8GB	contig_2157	16397	17054	QnrVC1_fluoroquinolone_antibiotic	9	657	657	1.0000000
barcode06_DS_3.8GB	contig_2157	17212	17686	dfrA6_diaminopyrimidine_antibiotic	9	474	474	1.0000000
barcode06_DS_3.8GB	contig_2231	70943	72170	mdtG_phosphonic_acid_antibiotic	15	1227	1227	1.0000000
barcode06_DS_3.8GB	contig_2231	80798	82007	mdtH_fluoroquinolone_antibiotic	15	1209	1209	1.0000000
barcode06_DS_3.8GB	contig_2231	245228	245642	H-NS_macrolide_antibiotic;_fluoroquinolone_antibiotic;_cephalosporin;_cephamycin;_penam;_tetracycline_antibiotic	15	414	414	1.0000000
barcode06_DS_3.8GB	contig_224	124966	125785	bacA_peptide_antibiotic	34	819	819	1.0000000
barcode06_DS_3.8GB	contig_230	73089	73926	vanW gene in vanG cluster_glycopeptide_antibiotic	17	837	837	1.0000000
barcode06_DS_3.8GB	contig_2301	16193	17426	Escherichia coli mdfA_tetracycline_antibiotic;_disinfecting_agents_and_antiseptics	15	1233	1233	1.0000000
barcode06_DS_3.8GB	contig_2302	19826	20504	kdpE_aminoglycoside_antibiotic	19	678	678	1.0000000
barcode06_DS_3.8GB	contig_2312	5943	7866	tet(44)_tetracycline_antibiotic	6	1923	1923	1.0000000
barcode06_DS_3.8GB	contig_2318	3854	4178	Escherichia coli soxS with mutation conferring antibiotic resistance_fluoroquinolone_antibiotic;_monobactam;_carbapenem;_cephalosporin;_glycylcycline;_cephamycin;_penam;_tetracycline_antibiotic;_rifamycin_antibiotic;_phenicol_antibiotic;_penem;_disinfecting_agents_and_antiseptics	14	324	324	1.0000000
barcode06_DS_3.8GB	contig_2334	7899	8154	rsmA_fluoroquinolone_antibiotic;_diaminopyrimidine_antibiotic;_phenicol_antibiotic	61	255	255	1.0000000
barcode06_DS_3.8GB	contig_2413	1671	2085	vanY gene in vanB cluster_glycopeptide_antibiotic	3	414	414	1.0000000
barcode06_DS_3.8GB	contig_2427	53774	54488	tet(M)_tetracycline_antibiotic	21	714	714	1.0000000
barcode06_DS_3.8GB	contig_2427	54521	55460	tet(M)_tetracycline_antibiotic	18	939	939	1.0000000
barcode06_DS_3.8GB	contig_2518	15041	16283	mdtM_fluoroquinolone_antibiotic;_lincosamide_antibiotic;_nucleoside_antibiotic;_phenicol_antibiotic;_disinfecting_agents_and_antiseptics	14	1242	1242	1.0000000
barcode06_DS_3.8GB	contig_2544	7594	8374	APH(3')-VIa_aminoglycoside_antibiotic	11	780	780	1.0000000
barcode06_DS_3.8GB	contig_2545	996	1878	KPC-2_monobactam;_carbapenem;_cephalosporin;_penam	10	882	882	1.0000000
barcode06_DS_3.8GB	contig_2554	2146	2902	aadA_aminoglycoside_antibiotic	12	756	756	1.0000000
barcode06_DS_3.8GB	contig_2554	2959	3484	SAT-2_nucleoside_antibiotic	4	525	525	1.0000000
barcode06_DS_3.8GB	contig_2554	3578	4052	dfrA1_diaminopyrimidine_antibiotic	8	474	474	1.0000000
barcode06_DS_3.8GB	contig_2578	2079	2391	vanY gene in vanG cluster_glycopeptide_antibiotic	3	312	312	1.0000000
barcode06_DS_3.8GB	contig_2601	24009	25242	Escherichia coli mdfA_tetracycline_antibiotic;_disinfecting_agents_and_antiseptics	8	1233	1233	1.0000000
barcode06_DS_3.8GB	contig_2649	6827	7988	tet(X3)_glycylcycline;_tetracycline_antibiotic	15	1161	1161	1.0000000
barcode06_DS_3.8GB	contig_2717	6604	7153	nimA_nitroimidazole_antibiotic	5	549	549	1.0000000
barcode06_DS_3.8GB	contig_2784	2272	2527	rsmA_fluoroquinolone_antibiotic;_diaminopyrimidine_antibiotic;_phenicol_antibiotic	68	255	255	1.0000000
barcode06_DS_3.8GB	contig_2795	15352	16813	vanW gene in vanI cluster_glycopeptide_antibiotic	8	1461	1461	1.0000000
barcode06_DS_3.8GB	contig_28	57819	59040	mdtG_phosphonic_acid_antibiotic	21	1221	1221	1.0000000
barcode06_DS_3.8GB	contig_2806	10651	11374	baeR_aminoglycoside_antibiotic;_aminocoumarin_antibiotic	23	723	723	1.0000000
barcode06_DS_3.8GB	contig_2806	17266	20389	mdtB_aminocoumarin_antibiotic	23	3123	3123	1.0000000
barcode06_DS_3.8GB	contig_2806	20388	21756	mdtA_aminocoumarin_antibiotic	18	1368	1368	1.0000000
barcode06_DS_3.8GB	contig_2878	26811	27804	vanH gene in vanA cluster_glycopeptide_antibiotic	10	993	993	1.0000000
barcode06_DS_3.8GB	contig_29	18927	19560	CRP_macrolide_antibiotic;_fluoroquinolone_antibiotic;_penam	27	633	633	1.0000000
barcode06_DS_3.8GB	contig_2935	31392	32766	cpxA_aminoglycoside_antibiotic;_aminocoumarin_antibiotic	20	1374	1374	1.0000000
barcode06_DS_3.8GB	contig_2958	1015	1915	APH(2'')-IIa_aminoglycoside_antibiotic	7	900	900	1.0000000
barcode06_DS_3.8GB	contig_2958	1958	2495	AAC(6')-Im_aminoglycoside_antibiotic	7	537	537	1.0000000
barcode06_DS_3.8GB	contig_2966	10841	11534	vanY gene in vanB cluster_glycopeptide_antibiotic	10	693	693	1.0000000
barcode06_DS_3.8GB	contig_2971	2091	2829	ErmB_macrolide_antibiotic;_lincosamide_antibiotic;_streptogramin_antibiotic;_streptogramin_A_antibiotic;_streptogramin_B_antibiotic	36	738	738	1.0000000
barcode06_DS_3.8GB	contig_2971	7172	7973	ANT(9)-Ia_aminoglycoside_antibiotic	9	801	801	1.0000000
barcode06_DS_3.8GB	contig_298	184	979	APH(3')-IIIa_aminoglycoside_antibiotic	61	795	795	1.0000000
barcode06_DS_3.8GB	contig_298	1071	1614	SAT-4_nucleoside_antibiotic	41	543	543	1.0000000
barcode06_DS_3.8GB	contig_298	1610	2519	aad(6)_aminoglycoside_antibiotic	35	909	909	1.0000000
barcode06_DS_3.8GB	contig_2986	21121	22888	Haemophilus influenzae PBP3 conferring resistance to beta-lactam antibiotics_cephalosporin;_cephamycin;_penam	16	1767	1767	1.0000000
barcode06_DS_3.8GB	contig_3	3989	4805	APH(3')-Ia_aminoglycoside_antibiotic	21	816	816	1.0000000
barcode06_DS_3.8GB	contig_30	5862	7047	Escherichia coli EF-Tu mutants conferring resistance to Pulvomycin_elfamycin_antibiotic	39	1185	1185	1.0000000
barcode06_DS_3.8GB	contig_3023	1427	2267	sul1_sulfonamide_antibiotic	25	840	840	1.0000000
barcode06_DS_3.8GB	contig_303	64306	64966	tet(W/N/W)_tetracycline_antibiotic	63	660	660	1.0000000
barcode06_DS_3.8GB	contig_303	64986	66225	tet(W)_tetracycline_antibiotic	67	1239	1239	1.0000000
barcode06_DS_3.8GB	contig_306	1687	2887	vanT gene in vanG cluster_glycopeptide_antibiotic	23	1200	1200	1.0000000
barcode06_DS_3.8GB	contig_306	142769	143417	vanY gene in vanB cluster_glycopeptide_antibiotic	23	648	648	1.0000000
barcode06_DS_3.8GB	contig_3065	566	1343	aadA27_aminoglycoside_antibiotic	4	777	777	1.0000000
barcode06_DS_3.8GB	contig_3078	11484	13137	ArnT_peptide_antibiotic	13	1653	1653	1.0000000
barcode06_DS_3.8GB	contig_3078	16005	16974	PmrF_peptide_antibiotic	25	969	969	1.0000000
barcode06_DS_3.8GB	contig_311	14432	15227	APH(3')-IIIa_aminoglycoside_antibiotic	52	795	795	1.0000000
barcode06_DS_3.8GB	contig_312	318	1539	tet(40)_tetracycline_antibiotic	23	1221	1221	1.0000000
barcode06_DS_3.8GB	contig_3139	22553	23409	ACI-1_cephalosporin;_penam;_penem	18	856	856	1.0000000
barcode06_DS_3.8GB	contig_3150	17857	19027	Escherichia coli acrA_fluoroquinolone_antibiotic;_cephalosporin;_glycylcycline;_penam;_tetracycline_antibiotic;_rifamycin_antibiotic;_phenicol_antibiotic;_disinfecting_agents_and_antiseptics	20	1170	1170	1.0000000
barcode06_DS_3.8GB	contig_3198	25857	26694	vanT gene in vanG cluster_glycopeptide_antibiotic	6	837	837	1.0000000
barcode06_DS_3.8GB	contig_320	32747	35990	adeF_fluoroquinolone_antibiotic;_tetracycline_antibiotic	18	3243	3243	1.0000000
barcode06_DS_3.8GB	contig_3214	3001	3679	kdpE_aminoglycoside_antibiotic	9	678	678	1.0000000
barcode06_DS_3.8GB	contig_3223	4000	4774	ErmQ_macrolide_antibiotic;_lincosamide_antibiotic;_streptogramin_antibiotic;_streptogramin_A_antibiotic;_streptogramin_B_antibiotic	7	774	774	1.0000000
barcode06_DS_3.8GB	contig_3363	5638	7405	Haemophilus influenzae PBP3 conferring resistance to beta-lactam antibiotics_cephalosporin;_cephamycin;_penam	14	1767	1767	1.0000000
barcode06_DS_3.8GB	contig_3387	1427	2072	QnrD1_fluoroquinolone_antibiotic	25	645	645	1.0000000
barcode06_DS_3.8GB	contig_34	7164	8349	Escherichia coli EF-Tu mutants conferring resistance to Pulvomycin_elfamycin_antibiotic	16	1185	1185	1.0000000
barcode06_DS_3.8GB	contig_3465	1998	2322	Escherichia coli soxS with mutation conferring antibiotic resistance_fluoroquinolone_antibiotic;_monobactam;_carbapenem;_cephalosporin;_glycylcycline;_cephamycin;_penam;_tetracycline_antibiotic;_rifamycin_antibiotic;_phenicol_antibiotic;_penem;_disinfecting_agents_and_antiseptics	14	324	324	1.0000000
barcode06_DS_3.8GB	contig_3490	16983	17859	CTX-M-55_cephalosporin	10	876	876	1.0000000
barcode06_DS_3.8GB	contig_35	129930	131469	emrY_tetracycline_antibiotic	21	1539	1539	1.0000000
barcode06_DS_3.8GB	contig_35	131468	132524	emrK_tetracycline_antibiotic	27	1056	1056	1.0000000
barcode06_DS_3.8GB	contig_35	133047	133662	evgA_macrolide_antibiotic;_fluoroquinolone_antibiotic;_penam;_tetracycline_antibiotic	29	615	615	1.0000000
barcode06_DS_3.8GB	contig_35	133666	137260	evgS_macrolide_antibiotic;_fluoroquinolone_antibiotic;_penam;_tetracycline_antibiotic	26	3594	3594	1.0000000
barcode06_DS_3.8GB	contig_35	228752	231866	acrD_aminoglycoside_antibiotic	20	3114	3114	1.0000000
barcode06_DS_3.8GB	contig_35	429764	430295	emrR_fluoroquinolone_antibiotic	25	531	531	1.0000000
barcode06_DS_3.8GB	contig_35	430421	431594	emrA_fluoroquinolone_antibiotic	25	1173	1173	1.0000000
barcode06_DS_3.8GB	contig_35	431610	433149	emrB_fluoroquinolone_antibiotic	23	1539	1539	1.0000000
barcode06_DS_3.8GB	contig_35	437811	437997	rsmA_fluoroquinolone_antibiotic;_diaminopyrimidine_antibiotic;_phenicol_antibiotic	29	186	186	1.0000000
barcode06_DS_3.8GB	contig_35	820646	822135	TolC_macrolide_antibiotic;_fluoroquinolone_antibiotic;_aminoglycoside_antibiotic;_carbapenem;_cephalosporin;_glycylcycline;_cephamycin;_penam;_tetracycline_antibiotic;_peptide_antibiotic;_aminocoumarin_antibiotic;_rifamycin_antibiotic;_phenicol_antibiotic;_penem;_disinfecting_agents_and_antiseptics	23	1489	1489	1.0000000
barcode06_DS_3.8GB	contig_35	844516	845338	bacA_peptide_antibiotic	34	822	822	1.0000000
barcode06_DS_3.8GB	contig_35	1052265	1052928	AcrS_fluoroquinolone_antibiotic;_cephalosporin;_glycylcycline;_cephamycin;_penam;_tetracycline_antibiotic;_rifamycin_antibiotic;_phenicol_antibiotic;_disinfecting_agents_and_antiseptics	22	663	663	1.0000000
barcode06_DS_3.8GB	contig_35	1053326	1054484	AcrE_fluoroquinolone_antibiotic;_cephalosporin;_cephamycin;_penam	28	1158	1158	1.0000000
barcode06_DS_3.8GB	contig_35	1054495	1057600	AcrF_fluoroquinolone_antibiotic;_cephalosporin;_cephamycin;_penam	19	3105	3105	1.0000000
barcode06_DS_3.8GB	contig_35	1094510	1095695	Escherichia coli EF-Tu mutants conferring resistance to Pulvomycin_elfamycin_antibiotic	29	1185	1185	1.0000000
barcode06_DS_3.8GB	contig_35	1110486	1111119	CRP_macrolide_antibiotic;_fluoroquinolone_antibiotic;_penam	29	633	633	1.0000000
barcode06_DS_3.8GB	contig_35	1273522	1274680	mdtE_macrolide_antibiotic;_fluoroquinolone_antibiotic;_penam	24	1158	1158	1.0000000
barcode06_DS_3.8GB	contig_35	1274704	1277818	mdtF_macrolide_antibiotic;_fluoroquinolone_antibiotic;_penam	25	3114	3114	1.0000000
barcode06_DS_3.8GB	contig_35	1278180	1278909	gadW_macrolide_antibiotic;_fluoroquinolone_antibiotic;_penam	21	729	729	1.0000000
barcode06_DS_3.8GB	contig_35	1279276	1280101	gadX_macrolide_antibiotic;_fluoroquinolone_antibiotic;_penam	22	825	825	1.0000000
barcode06_DS_3.8GB	contig_3631	12866	13280	H-NS_macrolide_antibiotic;_fluoroquinolone_antibiotic;_cephalosporin;_cephamycin;_penam;_tetracycline_antibiotic	17	414	414	1.0000000
barcode06_DS_3.8GB	contig_3632	443	1088	QnrD1_fluoroquinolone_antibiotic	28	645	645	1.0000000
barcode06_DS_3.8GB	contig_3691	2972	3467	lnuC_lincosamide_antibiotic	72	495	495	1.0000000
barcode06_DS_3.8GB	contig_3695	5786	7700	vanT gene in vanG cluster_glycopeptide_antibiotic	4	1914	1914	1.0000000
barcode06_DS_3.8GB	contig_3779	14739	16614	vanW gene in vanI cluster_glycopeptide_antibiotic	4	1875	1875	1.0000000
barcode06_DS_3.8GB	contig_3808	4063	4801	ErmB_macrolide_antibiotic;_lincosamide_antibiotic;_streptogramin_antibiotic;_streptogramin_A_antibiotic;_streptogramin_B_antibiotic	27	738	738	1.0000000
barcode06_DS_3.8GB	contig_3841	8038	8542	vanY gene in vanB cluster_glycopeptide_antibiotic	4	504	504	1.0000000
barcode06_DS_3.8GB	contig_3856	42179	43400	mdtG_phosphonic_acid_antibiotic	7	1221	1221	1.0000000
barcode06_DS_3.8GB	contig_4011	4064	4883	EreD_macrolide_antibiotic	8	819	819	1.0000000
barcode06_DS_3.8GB	contig_4206	3802	4129	vanY gene in vanB cluster_glycopeptide_antibiotic	3	327	327	1.0000000
barcode06_DS_3.8GB	contig_4212	682	2122	AAC(6')-Ie-APH(2'')-Ia bifunctional protein_aminoglycoside_antibiotic	14	1440	1440	1.0000000
barcode06_DS_3.8GB	contig_4273	773	965	rsmA_fluoroquinolone_antibiotic;_diaminopyrimidine_antibiotic;_phenicol_antibiotic	8	192	192	1.0000000
barcode06_DS_3.8GB	contig_429	101616	102564	leuO_nucleoside_antibiotic;_disinfecting_agents_and_antiseptics	28	948	948	1.0000000
barcode06_DS_3.8GB	contig_4326	17654	18470	APH(3')-Ia_aminoglycoside_antibiotic	16	816	816	1.0000000
barcode06_DS_3.8GB	contig_4463	37459	38314	qacJ_disinfecting_agents_and_antiseptics	3	855	855	1.0000000
barcode06_DS_3.8GB	contig_4603	3080	3881	OXA-10_cephalosporin;_penam	11	801	801	1.0000000
barcode06_DS_3.8GB	contig_4603	3873	4734	aadA_aminoglycoside_antibiotic	15	861	861	1.0000000
barcode06_DS_3.8GB	contig_4603	4850	5198	qacEdelta1_disinfecting_agents_and_antiseptics	16	348	348	1.0000000
barcode06_DS_3.8GB	contig_468	5241	5565	qacG_disinfecting_agents_and_antiseptics	7	324	324	1.0000000
barcode06_DS_3.8GB	contig_4729	3963	4149	rsmA_fluoroquinolone_antibiotic;_diaminopyrimidine_antibiotic;_phenicol_antibiotic	11	186	186	1.0000000
barcode06_DS_3.8GB	contig_4746	18348	19143	APH(3')-IIIa_aminoglycoside_antibiotic	36	795	795	1.0000000
barcode06_DS_3.8GB	contig_4759	29316	30675	Escherichia coli GlpT with mutation conferring resistance to fosfomycin_phosphonic_acid_antibiotic	12	1359	1359	1.0000000
barcode06_DS_3.8GB	contig_4764	3304	4042	ErmB_macrolide_antibiotic;_lincosamide_antibiotic;_streptogramin_antibiotic;_streptogramin_A_antibiotic;_streptogramin_B_antibiotic	71	738	738	1.0000000
barcode06_DS_3.8GB	contig_4764	10205	12125	tet(O/W/32/O)_tetracycline_antibiotic	106	1920	1920	1.0000000
barcode06_DS_3.8GB	contig_4764	12485	13859	tet(45)_tetracycline_antibiotic	82	1374	1374	1.0000000
barcode06_DS_3.8GB	contig_4764	14304	15042	ErmB_macrolide_antibiotic;_lincosamide_antibiotic;_streptogramin_antibiotic;_streptogramin_A_antibiotic;_streptogramin_B_antibiotic	75	738	738	1.0000000
barcode06_DS_3.8GB	contig_479	340618	341992	cpxA_aminoglycoside_antibiotic;_aminocoumarin_antibiotic	27	1374	1374	1.0000000
barcode06_DS_3.8GB	contig_4793	2631	5796	adeF_fluoroquinolone_antibiotic;_tetracycline_antibiotic	26	3165	3165	1.0000000
barcode06_DS_3.8GB	contig_4796	13871	15299	fexA_phenicol_antibiotic	14	1428	1428	1.0000000
barcode06_DS_3.8GB	contig_4855	3355	4198	OXA-58_carbapenem;_penam	17	843	843	1.0000000
barcode06_DS_3.8GB	contig_4855	6024	6909	mphE_macrolide_antibiotic	58	885	885	1.0000000
barcode06_DS_3.8GB	contig_4855	6964	8440	msrE_macrolide_antibiotic;_streptogramin_antibiotic	61	1476	1476	1.0000000
barcode06_DS_3.8GB	contig_4856	9124	9607	dfrA14_diaminopyrimidine_antibiotic	10	483	483	1.0000000
barcode06_DS_3.8GB	contig_4856	9665	10199	ANT(2'')-Ia_aminoglycoside_antibiotic	8	534	534	1.0000000
barcode06_DS_3.8GB	contig_4856	10343	11243	VEB-1_monobactam;_cephalosporin	6	900	900	1.0000000
barcode06_DS_3.8GB	contig_4917	1009	1333	qacG_disinfecting_agents_and_antiseptics	9	324	324	1.0000000
barcode06_DS_3.8GB	contig_4931	7851	8529	kdpE_aminoglycoside_antibiotic	23	678	678	1.0000000
barcode06_DS_3.8GB	contig_5026	14396	15344	leuO_nucleoside_antibiotic;_disinfecting_agents_and_antiseptics	15	948	948	1.0000000
barcode06_DS_3.8GB	contig_504	26724	29889	adeF_fluoroquinolone_antibiotic;_tetracycline_antibiotic	26	3165	3165	1.0000000
barcode06_DS_3.8GB	contig_5049	613	1258	QnrB19_fluoroquinolone_antibiotic	32	645	645	1.0000000
barcode06_DS_3.8GB	contig_5049	3312	3957	QnrB19_fluoroquinolone_antibiotic	47	645	645	1.0000000
barcode06_DS_3.8GB	contig_5053	16742	17240	dfrG_diaminopyrimidine_antibiotic	25	498	498	1.0000000
barcode06_DS_3.8GB	contig_509	4103	4736	CRP_macrolide_antibiotic;_fluoroquinolone_antibiotic;_penam	13	633	633	1.0000000
barcode06_DS_3.8GB	contig_520	31799	32984	Escherichia coli EF-Tu mutants conferring resistance to Pulvomycin_elfamycin_antibiotic	40	1185	1185	1.0000000
barcode06_DS_3.8GB	contig_525	7527	8712	Escherichia coli EF-Tu mutants conferring resistance to Pulvomycin_elfamycin_antibiotic	19	1185	1185	1.0000000
barcode06_DS_3.8GB	contig_532	24092	25238	CMY-34_cephamycin	23	1146	1146	1.0000000
barcode06_DS_3.8GB	contig_541	18391	18736	qacJ_disinfecting_agents_and_antiseptics	11	345	345	1.0000000
barcode06_DS_3.8GB	contig_576	47113	48505	Escherichia coli UhpT with mutation conferring resistance to fosfomycin_phosphonic_acid_antibiotic	15	1392	1392	1.0000000
barcode06_DS_3.8GB	contig_594	10261	10792	emrR_fluoroquinolone_antibiotic	28	531	531	1.0000000
barcode06_DS_3.8GB	contig_594	10921	12094	emrA_fluoroquinolone_antibiotic	25	1173	1173	1.0000000
barcode06_DS_3.8GB	contig_594	12110	13649	emrB_fluoroquinolone_antibiotic	17	1539	1539	1.0000000
barcode06_DS_3.8GB	contig_594	19921	20107	rsmA_fluoroquinolone_antibiotic;_diaminopyrimidine_antibiotic;_phenicol_antibiotic	31	186	186	1.0000000
barcode06_DS_3.8GB	contig_597	3672	4887	floR_phenicol_antibiotic	20	1215	1215	1.0000000
barcode06_DS_3.8GB	contig_599	104155	105016	AAC(3)-IId_aminoglycoside_antibiotic	11	861	861	1.0000000
barcode06_DS_3.8GB	contig_599	107893	108601	aadA17_aminoglycoside_antibiotic	15	708	708	1.0000000
barcode06_DS_3.8GB	contig_599	114805	115666	TEM-1_monobactam;_cephalosporin;_penam;_penem	25	861	861	1.0000000
barcode06_DS_3.8GB	contig_599	116365	117226	AAC(3)-IIe_aminoglycoside_antibiotic	17	861	861	1.0000000
barcode06_DS_3.8GB	contig_599	117460	118327	SCO-1_cephalosporin;_penam;_penem	9	867	867	1.0000000
barcode06_DS_3.8GB	contig_599	121162	121966	APH(3'')-Ib_aminoglycoside_antibiotic	26	804	804	1.0000000
barcode06_DS_3.8GB	contig_599	121965	122793	APH(6)-Id_aminoglycoside_antibiotic	29	828	828	1.0000000
barcode06_DS_3.8GB	contig_600	4240	5056	APH(3')-Ia_aminoglycoside_antibiotic	59	816	816	1.0000000
barcode06_DS_3.8GB	contig_601	1740	2556	sul2_sulfonamide_antibiotic	8	816	816	1.0000000
barcode06_DS_3.8GB	contig_608	42183	42999	sul2_sulfonamide_antibiotic	44	816	816	1.0000000
barcode06_DS_3.8GB	contig_608	43059	43863	APH(3'')-Ib_aminoglycoside_antibiotic	51	804	804	1.0000000
barcode06_DS_3.8GB	contig_608	43862	44699	APH(6)-Id_aminoglycoside_antibiotic	57	837	837	1.0000000
barcode06_DS_3.8GB	contig_608	45654	46869	floR_phenicol_antibiotic	51	1215	1215	1.0000000
barcode06_DS_3.8GB	contig_609	13036	13816	aadA2_aminoglycoside_antibiotic	21	780	780	1.0000000
barcode06_DS_3.8GB	contig_609	14235	14733	dfrA12_diaminopyrimidine_antibiotic	18	498	498	1.0000000
barcode06_DS_3.8GB	contig_609	17319	17964	QnrB19_fluoroquinolone_antibiotic	23	645	645	1.0000000
barcode06_DS_3.8GB	contig_609	21585	22785	tet(A)_tetracycline_antibiotic	42	1200	1200	1.0000000
barcode06_DS_3.8GB	contig_610	4693	5884	tet(C)_tetracycline_antibiotic	14	1191	1191	1.0000000
barcode06_DS_3.8GB	contig_610	8472	9948	msrE_macrolide_antibiotic;_streptogramin_antibiotic	46	1476	1476	1.0000000
barcode06_DS_3.8GB	contig_610	10003	10888	mphE_macrolide_antibiotic	41	885	885	1.0000000
barcode06_DS_3.8GB	contig_610	14661	15897	cmlA5_phenicol_antibiotic	8	1236	1236	1.0000000
barcode06_DS_3.8GB	contig_610	16050	16842	aadA_aminoglycoside_antibiotic	16	792	792	1.0000000
barcode06_DS_3.8GB	contig_610	17011	17344	qacL_disinfecting_agents_and_antiseptics	11	333	333	1.0000000
barcode06_DS_3.8GB	contig_610	18523	19315	sul3_sulfonamide_antibiotic	9	792	792	1.0000000
barcode06_DS_3.8GB	contig_610	29535	30810	tet(A)_tetracycline_antibiotic	24	1275	1275	1.0000000
barcode06_DS_3.8GB	contig_610	31409	32624	floR_phenicol_antibiotic	37	1215	1215	1.0000000
barcode06_DS_3.8GB	contig_612	2168	3005	APH(6)-Id_aminoglycoside_antibiotic	31	837	837	1.0000000
barcode06_DS_3.8GB	contig_612	3004	3808	APH(3'')-Ib_aminoglycoside_antibiotic	30	804	804	1.0000000
barcode06_DS_3.8GB	contig_613	5329	6169	sul1_sulfonamide_antibiotic	39	840	840	1.0000000
barcode06_DS_3.8GB	contig_613	6162	6510	qacEdelta1_disinfecting_agents_and_antiseptics	34	348	348	1.0000000
barcode06_DS_3.8GB	contig_613	8244	8742	dfrA21_diaminopyrimidine_antibiotic	12	498	498	1.0000000
barcode06_DS_3.8GB	contig_614	1374	2214	sul1_sulfonamide_antibiotic	21	840	840	1.0000000
barcode06_DS_3.8GB	contig_614	2207	2555	qacEdelta1_disinfecting_agents_and_antiseptics	19	348	348	1.0000000
barcode06_DS_3.8GB	contig_619	4793	5609	sul2_sulfonamide_antibiotic	20	816	816	1.0000000
barcode06_DS_3.8GB	contig_621	11083	11965	KPC-2_monobactam;_carbapenem;_cephalosporin;_penam	9	882	882	1.0000000
barcode06_DS_3.8GB	contig_641	6438	7797	Escherichia coli GlpT with mutation conferring resistance to fosfomycin_phosphonic_acid_antibiotic	15	1359	1359	1.0000000
barcode06_DS_3.8GB	contig_641	17271	18255	PmrF_peptide_antibiotic	11	984	984	1.0000000
barcode06_DS_3.8GB	contig_641	21133	22282	ArnT_peptide_antibiotic	14	1149	1149	1.0000000
barcode06_DS_3.8GB	contig_716	11430	13179	msbA_nitroimidazole_antibiotic	10	1749	1749	1.0000000
barcode06_DS_3.8GB	contig_718	22784	24533	msbA_nitroimidazole_antibiotic	13	1749	1749	1.0000000
barcode06_DS_3.8GB	contig_74	90593	91007	H-NS_macrolide_antibiotic;_fluoroquinolone_antibiotic;_cephalosporin;_cephamycin;_penam;_tetracycline_antibiotic	22	414	414	1.0000000
barcode06_DS_3.8GB	contig_754	227706	228033	qacG_disinfecting_agents_and_antiseptics	39	327	327	1.0000000
barcode06_DS_3.8GB	contig_756	1909	3394	lsaE_lincosamide_antibiotic;_streptogramin_antibiotic;_pleuromutilin_antibiotic	39	1485	1485	1.0000000
barcode06_DS_3.8GB	contig_756	3447	4251	lnuB_lincosamide_antibiotic	34	804	804	1.0000000
barcode06_DS_3.8GB	contig_756	7764	8628	ANT(6)-Ia_aminoglycoside_antibiotic	45	864	864	1.0000000
barcode06_DS_3.8GB	contig_757	85572	86679	vanT gene in vanG cluster_glycopeptide_antibiotic	33	1107	1107	1.0000000
barcode06_DS_3.8GB	contig_787	796	1441	QnrD1_fluoroquinolone_antibiotic	27	645	645	1.0000000
barcode06_DS_3.8GB	contig_814	48411	51525	acrD_aminoglycoside_antibiotic	17	3114	3114	1.0000000
barcode06_DS_3.8GB	contig_838	100796	102716	tet(W)_tetracycline_antibiotic	72	1920	1920	1.0000000
barcode06_DS_3.8GB	contig_841	27013	27913	APH(2'')-IIa_aminoglycoside_antibiotic	11	900	900	1.0000000
barcode06_DS_3.8GB	contig_841	27956	28493	AAC(6')-Im_aminoglycoside_antibiotic	11	537	537	1.0000000
barcode06_DS_3.8GB	contig_869	1341	1830	dfrA3_diaminopyrimidine_antibiotic	8	489	489	1.0000000
barcode06_DS_3.8GB	contig_9	69485	69830	qacG_disinfecting_agents_and_antiseptics	541	345	345	1.0000000
barcode06_DS_3.8GB	contig_9	532261	532516	rsmA_fluoroquinolone_antibiotic;_diaminopyrimidine_antibiotic;_phenicol_antibiotic	587	255	255	1.0000000
barcode06_DS_3.8GB	contig_9	1210472	1211354	vanW gene in vanG cluster_glycopeptide_antibiotic	708	882	882	1.0000000
barcode06_DS_3.8GB	contig_9	1617050	1617875	OXA-644_carbapenem;_penam	720	825	825	1.0000000
barcode06_DS_3.8GB	contig_906	105690	106803	vanG_glycopeptide_antibiotic	17	1113	1113	1.0000000
barcode06_DS_3.8GB	contig_910	44848	45181	Escherichia coli emrE_macrolide_antibiotic	12	333	333	1.0000000
barcode06_DS_3.8GB	contig_921	134661	135408	vanY gene in vanB cluster_glycopeptide_antibiotic	37	747	747	1.0000000
barcode06_DS_3.8GB	contig_923	8734	9064	Klebsiella pneumoniae KpnF_macrolide_antibiotic;_aminoglycoside_antibiotic;_cephalosporin;_tetracycline_antibiotic;_peptide_antibiotic;_rifamycin_antibiotic;_disinfecting_agents_and_antiseptics	11	330	330	1.0000000
barcode06_DS_3.8GB	contig_923	9050	9413	Klebsiella pneumoniae KpnE_macrolide_antibiotic;_aminoglycoside_antibiotic;_cephalosporin;_tetracycline_antibiotic;_peptide_antibiotic;_rifamycin_antibiotic;_disinfecting_agents_and_antiseptics	13	363	363	1.0000000
barcode06_DS_3.8GB	contig_938	212329	212764	Escherichia coli AcrAB-TolC with MarR mutations conferring resistance to ciprofloxacin and tetracycline_fluoroquinolone_antibiotic;_cephalosporin;_glycylcycline;_penam;_tetracycline_antibiotic;_rifamycin_antibiotic;_phenicol_antibiotic;_disinfecting_agents_and_antiseptics	17	435	435	1.0000000
barcode06_DS_3.8GB	contig_938	212782	213166	marA_fluoroquinolone_antibiotic;_monobactam;_carbapenem;_cephalosporin;_glycylcycline;_cephamycin;_penam;_tetracycline_antibiotic;_rifamycin_antibiotic;_phenicol_antibiotic;_penem;_disinfecting_agents_and_antiseptics	16	384	384	1.0000000
barcode06_DS_3.8GB	contig_938	254455	254785	Klebsiella pneumoniae KpnF_macrolide_antibiotic;_aminoglycoside_antibiotic;_cephalosporin;_tetracycline_antibiotic;_peptide_antibiotic;_rifamycin_antibiotic;_disinfecting_agents_and_antiseptics	14	330	330	1.0000000
barcode06_DS_3.8GB	contig_938	254771	255134	Klebsiella pneumoniae KpnE_macrolide_antibiotic;_aminoglycoside_antibiotic;_cephalosporin;_tetracycline_antibiotic;_peptide_antibiotic;_rifamycin_antibiotic;_disinfecting_agents_and_antiseptics	16	363	363	1.0000000
barcode06_DS_3.8GB	contig_988	14728	17194	vanT gene in vanG cluster_glycopeptide_antibiotic	12	2466	2466	1.0000000
barcode07_DS_2.7GB	contig_10138	22749	23880	vanT gene in vanG cluster_glycopeptide_antibiotic	8	1131	1131	1.0000000
barcode07_DS_2.7GB	contig_10154	182	2399	tet(W/32/O)_tetracycline_antibiotic	7	2217	2217	1.0000000
barcode07_DS_2.7GB	contig_10227	6394	7450	vanW gene in vanI cluster_glycopeptide_antibiotic	5	1056	1056	1.0000000
barcode07_DS_2.7GB	contig_10254	1263	1797	ANT(2'')-Ia_aminoglycoside_antibiotic	4	534	534	1.0000000
barcode07_DS_2.7GB	contig_1066	5133	6018	mphE_macrolide_antibiotic	42	885	885	1.0000000
barcode07_DS_2.7GB	contig_1066	6073	7549	msrE_macrolide_antibiotic;_streptogramin_antibiotic	49	1476	1476	1.0000000
barcode07_DS_2.7GB	contig_10699	15611	17024	tet(Q)_tetracycline_antibiotic	13	1413	1413	1.0000000
barcode07_DS_2.7GB	contig_10862	4772	6425	vanT gene in vanG cluster_glycopeptide_antibiotic	8	1653	1653	1.0000000
barcode07_DS_2.7GB	contig_1099	5350	6130	APH(3')-VIa_aminoglycoside_antibiotic	13	780	780	1.0000000
barcode07_DS_2.7GB	contig_11091	646	892	vanY gene in vanB cluster_glycopeptide_antibiotic	5	246	246	1.0000000
barcode07_DS_2.7GB	contig_11138	4183	5140	vanH gene in vanO cluster_glycopeptide_antibiotic	8	957	957	1.0000000
barcode07_DS_2.7GB	contig_11271	1739	2885	vanT gene in vanG cluster_glycopeptide_antibiotic	11	1146	1146	1.0000000
barcode07_DS_2.7GB	contig_1136	6601	7426	OXA-211_carbapenem;_penam	16	825	825	1.0000000
barcode07_DS_2.7GB	contig_11648	38134	39253	vanT gene in vanG cluster_glycopeptide_antibiotic	6	1119	1119	1.0000000
barcode07_DS_2.7GB	contig_11649	27937	28921	vanH gene in vanF cluster_glycopeptide_antibiotic	5	984	984	1.0000000
barcode07_DS_2.7GB	contig_1167	27892	28882	vanT gene in vanG cluster_glycopeptide_antibiotic	4	990	990	1.0000000
barcode07_DS_2.7GB	contig_11681	24635	25130	nimA_nitroimidazole_antibiotic	5	495	495	1.0000000
barcode07_DS_2.7GB	contig_11704	14224	15619	vanW gene in vanI cluster_glycopeptide_antibiotic	6	1395	1395	1.0000000
barcode07_DS_2.7GB	contig_11782	2425	3520	vanW gene in vanI cluster_glycopeptide_antibiotic	9	1095	1095	1.0000000
barcode07_DS_2.7GB	contig_11885	167	902	ErmG_macrolide_antibiotic;_lincosamide_antibiotic;_streptogramin_antibiotic;_streptogramin_A_antibiotic;_streptogramin_B_antibiotic	3	735	735	1.0000000
barcode07_DS_2.7GB	contig_1201	24290	25061	tet(O)_tetracycline_antibiotic	69	771	771	1.0000000
barcode07_DS_2.7GB	contig_1201	25286	26222	tet(O)_tetracycline_antibiotic	76	936	936	1.0000000
barcode07_DS_2.7GB	contig_1307	47843	48953	tet(O)_tetracycline_antibiotic	43	1110	1110	1.0000000
barcode07_DS_2.7GB	contig_1307	49029	49764	tet(O)_tetracycline_antibiotic	33	735	735	1.0000000
barcode07_DS_2.7GB	contig_1319	735	2655	tet(O)_tetracycline_antibiotic	54	1920	1920	1.0000000
barcode07_DS_2.7GB	contig_1319	2706	3927	tet(40)_tetracycline_antibiotic	22	1221	1221	1.0000000
barcode07_DS_2.7GB	contig_1325	57907	59824	tet(W)_tetracycline_antibiotic	58	1917	1917	1.0000000
barcode07_DS_2.7GB	contig_1326	1019	2330	tet(O)_tetracycline_antibiotic	23	1311	1311	1.0000000
barcode07_DS_2.7GB	contig_1326	2583	3831	tet(40)_tetracycline_antibiotic	23	1248	1248	1.0000000
barcode07_DS_2.7GB	contig_1328	4543	5017	dfrF_diaminopyrimidine_antibiotic	22	474	474	1.0000000
barcode07_DS_2.7GB	contig_1329	666	1824	tet(O)_tetracycline_antibiotic	23	1158	1158	1.0000000
barcode07_DS_2.7GB	contig_1329	1855	2590	tet(O)_tetracycline_antibiotic	29	735	735	1.0000000
barcode07_DS_2.7GB	contig_1344	145991	149561	Bifidobacterium adolescentis rpoB mutants conferring resistance to rifampicin_rifamycin_antibiotic	19	3570	3570	1.0000000
barcode07_DS_2.7GB	contig_1353	827	1826	vanH gene in vanD cluster_glycopeptide_antibiotic	3	999	999	1.0000000
barcode07_DS_2.7GB	contig_1416	42619	44539	tet(O)_tetracycline_antibiotic	62	1920	1920	1.0000000
barcode07_DS_2.7GB	contig_1416	53772	54702	Erm(52)_macrolide_antibiotic;_lincosamide_antibiotic;_streptogramin_antibiotic	34	930	930	1.0000000
barcode07_DS_2.7GB	contig_1416	54882	56802	tet(M)_tetracycline_antibiotic	22	1920	1920	1.0000000
barcode07_DS_2.7GB	contig_1416	73546	74170	catS_phenicol_antibiotic	37	624	624	1.0000000
barcode07_DS_2.7GB	contig_1479	9031	9655	catS_phenicol_antibiotic	31	624	624	1.0000000
barcode07_DS_2.7GB	contig_1480	5240	6725	tet(32)_tetracycline_antibiotic	16	1485	1485	1.0000000
barcode07_DS_2.7GB	contig_1574	19324	20617	vanY gene in vanM cluster_glycopeptide_antibiotic	7	1293	1293	1.0000000
barcode07_DS_2.7GB	contig_1582	1715	2369	vanY gene in vanB cluster_glycopeptide_antibiotic	5	654	654	1.0000000
barcode07_DS_2.7GB	contig_1585	10439	11000	vanY gene in vanB cluster_glycopeptide_antibiotic	2	561	561	1.0000000
barcode07_DS_2.7GB	contig_1604	192545	194345	vanW gene in vanI cluster_glycopeptide_antibiotic	14	1800	1800	1.0000000
barcode07_DS_2.7GB	contig_1604	361034	362213	vanT gene in vanG cluster_glycopeptide_antibiotic	16	1179	1179	1.0000000
barcode07_DS_2.7GB	contig_1671	1459	1702	vanY gene in vanG cluster_glycopeptide_antibiotic	4	243	243	1.0000000
barcode07_DS_2.7GB	contig_1676	2237	2732	lnuC_lincosamide_antibiotic	43	495	495	1.0000000
barcode07_DS_2.7GB	contig_1720	38771	39746	vanH gene in vanO cluster_glycopeptide_antibiotic	37	975	975	1.0000000
barcode07_DS_2.7GB	contig_1720	621176	622334	vanT gene in vanG cluster_glycopeptide_antibiotic	70	1158	1158	1.0000000
barcode07_DS_2.7GB	contig_1748	196492	197653	vanT gene in vanG cluster_glycopeptide_antibiotic	9	1161	1161	1.0000000
barcode07_DS_2.7GB	contig_18	3302	4187	mphE_macrolide_antibiotic	61	885	885	1.0000000
barcode07_DS_2.7GB	contig_18	4242	5718	msrE_macrolide_antibiotic;_streptogramin_antibiotic	54	1476	1476	1.0000000
barcode07_DS_2.7GB	contig_1850	3571	4195	catS_phenicol_antibiotic	6	624	624	1.0000000
barcode07_DS_2.7GB	contig_1883	9000	10212	tet(O)_tetracycline_antibiotic	39	1212	1212	1.0000000
barcode07_DS_2.7GB	contig_1991	13787	15470	vanW gene in vanI cluster_glycopeptide_antibiotic	10	1683	1683	1.0000000
barcode07_DS_2.7GB	contig_2084	90933	91539	vanY gene in vanB cluster_glycopeptide_antibiotic	8	606	606	1.0000000
barcode07_DS_2.7GB	contig_2108	4288	4666	FosI_phosphonic_acid_antibiotic	3	378	378	1.0000000
barcode07_DS_2.7GB	contig_2143	9721	10447	vanY gene in vanB cluster_glycopeptide_antibiotic	34	726	726	1.0000000
barcode07_DS_2.7GB	contig_2150	1	637	vanY gene in vanB cluster_glycopeptide_antibiotic	17	636	636	1.0000000
barcode07_DS_2.7GB	contig_216	359160	360270	vanT gene in vanG cluster_glycopeptide_antibiotic	29	1110	1110	1.0000000
barcode07_DS_2.7GB	contig_2235	12082	14002	tet(O)_tetracycline_antibiotic	56	1920	1920	1.0000000
barcode07_DS_2.7GB	contig_224	43422	46614	adeF_fluoroquinolone_antibiotic;_tetracycline_antibiotic	13	3192	3192	1.0000000
barcode07_DS_2.7GB	contig_2294	16942	17773	vanY gene in vanG cluster_glycopeptide_antibiotic	6	831	831	1.0000000
barcode07_DS_2.7GB	contig_2294	24909	26358	vanW gene in vanI cluster_glycopeptide_antibiotic	7	1449	1449	1.0000000
barcode07_DS_2.7GB	contig_254	260173	261409	vanW gene in vanI cluster_glycopeptide_antibiotic	63	1236	1236	1.0000000
barcode07_DS_2.7GB	contig_256	369653	370160	nimK_nitroimidazole_antibiotic	44	507	507	1.0000000
barcode07_DS_2.7GB	contig_262	204525	205728	vanT gene in vanG cluster_glycopeptide_antibiotic	19	1203	1203	1.0000000
barcode07_DS_2.7GB	contig_262	275021	276515	vanW gene in vanI cluster_glycopeptide_antibiotic	8	1494	1494	1.0000000
barcode07_DS_2.7GB	contig_2621	7990	9073	vanT gene in vanG cluster_glycopeptide_antibiotic	8	1083	1083	1.0000000
barcode07_DS_2.7GB	contig_2625	5185	6139	vanY gene in vanB cluster_glycopeptide_antibiotic	8	954	954	1.0000000
barcode07_DS_2.7GB	contig_265	230194	233365	adeF_fluoroquinolone_antibiotic;_tetracycline_antibiotic	14	3171	3171	1.0000000
barcode07_DS_2.7GB	contig_2825	3826	5029	vanT gene in vanG cluster_glycopeptide_antibiotic	7	1203	1203	1.0000000
barcode07_DS_2.7GB	contig_288	665388	668541	adeF_fluoroquinolone_antibiotic;_tetracycline_antibiotic	10	3153	3153	1.0000000
barcode07_DS_2.7GB	contig_294	170874	171438	lnuC_lincosamide_antibiotic	47	564	564	1.0000000
barcode07_DS_2.7GB	contig_296	4955	6128	vanT gene in vanG cluster_glycopeptide_antibiotic	14	1173	1173	1.0000000
barcode07_DS_2.7GB	contig_296	156877	158050	vanT gene in vanG cluster_glycopeptide_antibiotic	12	1173	1173	1.0000000
barcode07_DS_2.7GB	contig_3009	102495	102840	qacG_disinfecting_agents_and_antiseptics	19	345	345	1.0000000
barcode07_DS_2.7GB	contig_3207	995	1499	nimJ_nitroimidazole_antibiotic	4	504	504	1.0000000
barcode07_DS_2.7GB	contig_3223	133657	134656	vanH gene in vanB cluster_glycopeptide_antibiotic	18	999	999	1.0000000
barcode07_DS_2.7GB	contig_3226	19638	19803	vanY gene in vanF cluster_glycopeptide_antibiotic	4	165	165	1.0000000
barcode07_DS_2.7GB	contig_3226	19765	20416	vanY gene in vanB cluster_glycopeptide_antibiotic	4	651	651	1.0000000
barcode07_DS_2.7GB	contig_3278	148761	149247	nimA_nitroimidazole_antibiotic	17	486	486	1.0000000
barcode07_DS_2.7GB	contig_3395	1862	2441	vanY gene in vanM cluster_glycopeptide_antibiotic	5	579	579	1.0000000
barcode07_DS_2.7GB	contig_3414	3761	4205	vanY gene in vanB cluster_glycopeptide_antibiotic	6	444	444	1.0000000
barcode07_DS_2.7GB	contig_350	19280	20765	lsaE_lincosamide_antibiotic;_streptogramin_antibiotic;_pleuromutilin_antibiotic	11	1485	1485	1.0000000
barcode07_DS_2.7GB	contig_350	20818	21622	lnuB_lincosamide_antibiotic	11	804	804	1.0000000
barcode07_DS_2.7GB	contig_3506	403	1333	tet(M)_tetracycline_antibiotic	10	930	930	1.0000000
barcode07_DS_2.7GB	contig_3540	105739	106801	vanG_glycopeptide_antibiotic	9	1062	1062	1.0000000
barcode07_DS_2.7GB	contig_3544	2714	4775	poxtA_tetracycline_antibiotic;_oxazolidinone_antibiotic;_phenicol_antibiotic	10	2061	2061	1.0000000
barcode07_DS_2.7GB	contig_3544	7642	8737	vanT gene in vanG cluster_glycopeptide_antibiotic	3	1095	1095	1.0000000
barcode07_DS_2.7GB	contig_3651	107127	107382	rsmA_fluoroquinolone_antibiotic;_diaminopyrimidine_antibiotic;_phenicol_antibiotic	20	255	255	1.0000000
barcode07_DS_2.7GB	contig_3683	87526	87862	qacG_disinfecting_agents_and_antiseptics	12	336	336	1.0000000
barcode07_DS_2.7GB	contig_3816	51768	52506	ErmB_macrolide_antibiotic;_lincosamide_antibiotic;_streptogramin_antibiotic;_streptogramin_A_antibiotic;_streptogramin_B_antibiotic	25	738	738	1.0000000
barcode07_DS_2.7GB	contig_3831	18600	19707	vanT gene in vanG cluster_glycopeptide_antibiotic	6	1107	1107	1.0000000
barcode07_DS_2.7GB	contig_3833	11960	12539	vanW gene in vanI cluster_glycopeptide_antibiotic	2	579	579	1.0000000
barcode07_DS_2.7GB	contig_4	71325	72435	vanT gene in vanG cluster_glycopeptide_antibiotic	10	1110	1110	1.0000000
barcode07_DS_2.7GB	contig_4155	2	452	qacJ_disinfecting_agents_and_antiseptics	7	450	450	1.0000000
barcode07_DS_2.7GB	contig_4157	2433	3261	OXA-253_carbapenem;_penam	18	828	828	1.0000000
barcode07_DS_2.7GB	contig_416	12446	15200	tet(Q)_tetracycline_antibiotic	6	2754	2754	1.0000000
barcode07_DS_2.7GB	contig_4256	4973	5798	Erm(52)_macrolide_antibiotic;_lincosamide_antibiotic;_streptogramin_antibiotic	11	825	825	1.0000000
barcode07_DS_2.7GB	contig_4467	22752	23247	dfrF_diaminopyrimidine_antibiotic	18	495	495	1.0000000
barcode07_DS_2.7GB	contig_4558	25831	27490	vanW gene in vanI cluster_glycopeptide_antibiotic	13	1659	1659	1.0000000
barcode07_DS_2.7GB	contig_4568	1721	2216	lnuC_lincosamide_antibiotic	23	495	495	1.0000000
barcode07_DS_2.7GB	contig_4569	103940	105038	tet(M)_tetracycline_antibiotic	8	1098	1098	1.0000000
barcode07_DS_2.7GB	contig_4569	105016	105859	tet(M)_tetracycline_antibiotic	9	843	843	1.0000000
barcode07_DS_2.7GB	contig_4569	105956	107330	tet(45)_tetracycline_antibiotic	9	1374	1374	1.0000000
barcode07_DS_2.7GB	contig_4569	111312	112047	ErmT_macrolide_antibiotic;_lincosamide_antibiotic;_streptogramin_antibiotic;_streptogramin_A_antibiotic;_streptogramin_B_antibiotic	3	735	735	1.0000000
barcode07_DS_2.7GB	contig_4570	37857	39543	tet(M)_tetracycline_antibiotic	10	1686	1686	1.0000000
barcode07_DS_2.7GB	contig_4761	4562	4928	vanY gene in vanB cluster_glycopeptide_antibiotic	10	366	366	1.0000000
barcode07_DS_2.7GB	contig_509	0	822	ErmF_macrolide_antibiotic;_lincosamide_antibiotic;_streptogramin_antibiotic;_streptogramin_A_antibiotic;_streptogramin_B_antibiotic	14	822	822	1.0000000
barcode07_DS_2.7GB	contig_509	1034	2201	tet(X)_glycylcycline;_tetracycline_antibiotic	11	1167	1167	1.0000000
barcode07_DS_2.7GB	contig_5100	11676	12516	sul1_sulfonamide_antibiotic	34	840	840	1.0000000
barcode07_DS_2.7GB	contig_5315	3366	4446	vanW gene in vanI cluster_glycopeptide_antibiotic	8	1080	1080	1.0000000
barcode07_DS_2.7GB	contig_5574	3220	3877	tet(Q)_tetracycline_antibiotic	7	657	657	1.0000000
barcode07_DS_2.7GB	contig_5824	9589	12136	vanW gene in vanI cluster_glycopeptide_antibiotic	6	2547	2547	1.0000000
barcode07_DS_2.7GB	contig_5860	15330	16884	mdtN_nucleoside_antibiotic;_disinfecting_agents_and_antiseptics	2	1554	1554	1.0000000
barcode07_DS_2.7GB	contig_609	9091	9829	ErmB_macrolide_antibiotic;_lincosamide_antibiotic;_streptogramin_antibiotic;_streptogramin_A_antibiotic;_streptogramin_B_antibiotic	89	738	738	1.0000000
barcode07_DS_2.7GB	contig_613	3195	4059	aadS_aminoglycoside_antibiotic	15	864	864	1.0000000
barcode07_DS_2.7GB	contig_613	5301	6102	ErmF_macrolide_antibiotic;_lincosamide_antibiotic;_streptogramin_antibiotic;_streptogramin_A_antibiotic;_streptogramin_B_antibiotic	13	801	801	1.0000000
barcode07_DS_2.7GB	contig_614	2771	3173	vanY gene in vanF cluster_glycopeptide_antibiotic	4	402	402	1.0000000
barcode07_DS_2.7GB	contig_6194	112	976	GES-5_carbapenem;_cephalosporin;_penam	23	864	864	1.0000000
barcode07_DS_2.7GB	contig_647	58556	60110	vanW gene in vanI cluster_glycopeptide_antibiotic	8	1554	1554	1.0000000
barcode07_DS_2.7GB	contig_6623	6969	7155	rsmA_fluoroquinolone_antibiotic;_diaminopyrimidine_antibiotic;_phenicol_antibiotic	6	186	186	1.0000000
barcode07_DS_2.7GB	contig_6763	4491	5697	vanW gene in vanI cluster_glycopeptide_antibiotic	6	1206	1206	1.0000000
barcode07_DS_2.7GB	contig_682	250462	251560	vanT gene in vanG cluster_glycopeptide_antibiotic	11	1098	1098	1.0000000
barcode07_DS_2.7GB	contig_6857	474	789	vanY gene in vanG cluster_glycopeptide_antibiotic	3	315	315	1.0000000
barcode07_DS_2.7GB	contig_7047	13087	13855	vanW gene in vanG cluster_glycopeptide_antibiotic	8	768	768	1.0000000
barcode07_DS_2.7GB	contig_7230	9560	9893	qacJ_disinfecting_agents_and_antiseptics	24	333	333	1.0000000
barcode07_DS_2.7GB	contig_7371	15780	15987	vanY gene in vanB cluster_glycopeptide_antibiotic	10	207	207	1.0000000
barcode07_DS_2.7GB	contig_746	88636	89698	vanG_glycopeptide_antibiotic	6	1062	1062	1.0000000
barcode07_DS_2.7GB	contig_762	11675	12470	APH(3')-IIIa_aminoglycoside_antibiotic	15	795	795	1.0000000
barcode07_DS_2.7GB	contig_762	14119	14857	ErmB_macrolide_antibiotic;_lincosamide_antibiotic;_streptogramin_antibiotic;_streptogramin_A_antibiotic;_streptogramin_B_antibiotic	27	738	738	1.0000000
barcode07_DS_2.7GB	contig_8	105351	106461	vanT gene in vanG cluster_glycopeptide_antibiotic	42	1110	1110	1.0000000
barcode07_DS_2.7GB	contig_8040	26837	29558	tet(36)_tetracycline_antibiotic	5	2721	2721	1.0000000
barcode07_DS_2.7GB	contig_8115	10155	11100	leuO_nucleoside_antibiotic;_disinfecting_agents_and_antiseptics	6	945	945	1.0000000
barcode07_DS_2.7GB	contig_8115	17220	18987	Haemophilus influenzae PBP3 conferring resistance to beta-lactam antibiotics_cephalosporin;_cephamycin;_penam	8	1767	1767	1.0000000
barcode07_DS_2.7GB	contig_8163	76389	78498	vanW gene in vanI cluster_glycopeptide_antibiotic	6	2109	2109	1.0000000
barcode07_DS_2.7GB	contig_8214	309	873	vanW gene in vanI cluster_glycopeptide_antibiotic	3	564	564	1.0000000
barcode07_DS_2.7GB	contig_8392	10831	11713	vanW gene in vanG cluster_glycopeptide_antibiotic	24	882	882	1.0000000
barcode07_DS_2.7GB	contig_847	524	1367	OXA-58_carbapenem;_penam	16	843	843	1.0000000
barcode07_DS_2.7GB	contig_8638	11674	12769	vanG_glycopeptide_antibiotic	11	1095	1095	1.0000000
barcode07_DS_2.7GB	contig_8654	31087	32233	vanT gene in vanG cluster_glycopeptide_antibiotic	5	1146	1146	1.0000000
barcode07_DS_2.7GB	contig_884	27208	30373	adeF_fluoroquinolone_antibiotic;_tetracycline_antibiotic	14	3165	3165	1.0000000
barcode07_DS_2.7GB	contig_9078	8446	9169	vanW gene in vanI cluster_glycopeptide_antibiotic	3	723	723	1.0000000
barcode07_DS_2.7GB	contig_9085	1783	2428	QnrB19_fluoroquinolone_antibiotic	5	645	645	1.0000000
barcode07_DS_2.7GB	contig_9105	3544	4357	ErmX_macrolide_antibiotic;_lincosamide_antibiotic;_streptogramin_antibiotic;_streptogramin_A_antibiotic;_streptogramin_B_antibiotic	6	813	813	1.0000000
barcode07_DS_2.7GB	contig_9289	11088	11403	vanY gene in vanF cluster_glycopeptide_antibiotic	9	315	315	1.0000000
barcode07_DS_2.7GB	contig_9297	6171	6582	vanY gene in vanB cluster_glycopeptide_antibiotic	2	411	411	1.0000000
barcode07_DS_2.7GB	contig_9385	29608	30667	vanY gene in vanM cluster_glycopeptide_antibiotic	8	1059	1059	1.0000000
barcode07_DS_2.7GB	contig_940	293	1109	sul2_sulfonamide_antibiotic	25	816	816	1.0000000
barcode07_DS_2.7GB	contig_9598	11007	11889	KPC-2_monobactam;_carbapenem;_cephalosporin;_penam	19	882	882	1.0000000
barcode07_DS_2.7GB	contig_963	41662	42442	APH(3')-VIa_aminoglycoside_antibiotic	37	780	780	1.0000000
barcode07_DS_2.7GB	contig_963	43719	44532	NDM-1_carbapenem;_cephalosporin;_cephamycin;_penam	22	813	813	1.0000000
barcode07_DS_2.7GB	contig_972	33775	34660	mphE_macrolide_antibiotic	66	885	885	1.0000000
barcode07_DS_2.7GB	contig_972	34715	36191	msrE_macrolide_antibiotic;_streptogramin_antibiotic	60	1476	1476	1.0000000
barcode07_DS_2.7GB	contig_972	41454	42291	APH(6)-Id_aminoglycoside_antibiotic	19	837	837	1.0000000
barcode07_DS_2.7GB	contig_972	42290	43094	APH(3'')-Ib_aminoglycoside_antibiotic	23	804	804	1.0000000
barcode07_DS_2.7GB	contig_974	1750	2209	AAC(6')-Il_aminoglycoside_antibiotic	20	459	459	1.0000000
barcode07_DS_2.7GB	contig_974	2340	2874	ANT(2'')-Ia_aminoglycoside_antibiotic	10	534	534	1.0000000
barcode07_DS_2.7GB	contig_974	4244	5072	OXA-2_carbapenem;_cephalosporin;_penam	12	828	828	1.0000000
barcode07_DS_2.7GB	contig_9762	2919	4233	vanW gene in vanI cluster_glycopeptide_antibiotic	3	1314	1314	1.0000000
barcode07_DS_2.7GB	contig_9804	91802	92291	nimJ_nitroimidazole_antibiotic	8	489	489	1.0000000
barcode07_DS_2.7GB	contig_9824	34605	35073	vanW gene in vanI cluster_glycopeptide_antibiotic	2	468	468	1.0000000
barcode07_DS_2.7GB	contig_9872	21143	22301	AcrE_fluoroquinolone_antibiotic;_cephalosporin;_cephamycin;_penam	3	1158	1158	1.0000000
barcode08_DS_3.8GB	contig_1	20290	21412	vanT gene in vanG cluster_glycopeptide_antibiotic	164	1122	1122	1.0000000
barcode08_DS_3.8GB	contig_102	412435	413281	PC1 beta-lactamase (blaZ)_penam	154	846	846	1.0000000
barcode08_DS_3.8GB	contig_102	441665	443186	norC_fluoroquinolone_antibiotic;_disinfecting_agents_and_antiseptics	159	1521	1521	1.0000000
barcode08_DS_3.8GB	contig_102	489254	489914	arlR_fluoroquinolone_antibiotic;_disinfecting_agents_and_antiseptics	156	660	660	1.0000000
barcode08_DS_3.8GB	contig_102	489910	491266	arlS_fluoroquinolone_antibiotic;_disinfecting_agents_and_antiseptics	153	1356	1356	1.0000000
barcode08_DS_3.8GB	contig_102	1166194	1167361	Staphylococcus aureus norA_fluoroquinolone_antibiotic	168	1167	1167	1.0000000
barcode08_DS_3.8GB	contig_102	1175011	1175455	mgrA_fluoroquinolone_antibiotic;_cephalosporin;_penam;_tetracycline_antibiotic;_peptide_antibiotic;_disinfecting_agents_and_antiseptics	164	444	444	1.0000000
barcode08_DS_3.8GB	contig_102	1543654	1545010	mepA_glycylcycline;_tetracycline_antibiotic	184	1356	1356	1.0000000
barcode08_DS_3.8GB	contig_102	1545116	1545536	mepR_glycylcycline;_tetracycline_antibiotic	179	420	420	1.0000000
barcode08_DS_3.8GB	contig_102	1773505	1774864	tet(38)_tetracycline_antibiotic	188	1359	1359	1.0000000
barcode08_DS_3.8GB	contig_102	1811613	1813002	norC_fluoroquinolone_antibiotic;_disinfecting_agents_and_antiseptics	208	1389	1389	1.0000000
barcode08_DS_3.8GB	contig_102	2196453	2197854	norC_fluoroquinolone_antibiotic;_disinfecting_agents_and_antiseptics	186	1401	1401	1.0000000
barcode08_DS_3.8GB	contig_102	2317746	2318166	Staphylococcus aureus FosB_phosphonic_acid_antibiotic	189	420	420	1.0000000
barcode08_DS_3.8GB	contig_102	2464097	2465441	sdrM_fluoroquinolone_antibiotic;_disinfecting_agents_and_antiseptics	159	1344	1344	1.0000000
barcode08_DS_3.8GB	contig_102	2465539	2466013	sepA_disinfecting_agents_and_antiseptics	177	474	474	1.0000000
barcode08_DS_3.8GB	contig_102	2466332	2467778	Staphylococcus aureus LmrS_macrolide_antibiotic;_aminoglycoside_antibiotic;_oxazolidinone_antibiotic;_diaminopyrimidine_antibiotic;_phenicol_antibiotic	179	1446	1446	1.0000000
barcode08_DS_3.8GB	contig_102	2563656	2566386	kdpD_aminoglycoside_antibiotic	157	2730	2730	1.0000000
barcode08_DS_3.8GB	contig_102	2574058	2575207	vanT gene in vanG cluster_glycopeptide_antibiotic	164	1149	1149	1.0000000
barcode08_DS_3.8GB	contig_110	429118	430519	norB_fluoroquinolone_antibiotic	173	1401	1401	1.0000000
barcode08_DS_3.8GB	contig_110	1592708	1593815	vanT gene in vanG cluster_glycopeptide_antibiotic	154	1107	1107	1.0000000
barcode08_DS_3.8GB	contig_110	1624589	1626161	lin_lincosamide_antibiotic	146	1572	1572	1.0000000
barcode08_DS_3.8GB	contig_110	2408408	2411006	Listeria monocytogenes mprF_peptide_antibiotic	178	2598	2598	1.0000000
barcode08_DS_3.8GB	contig_110	2415214	2415616	FosX_phosphonic_acid_antibiotic	192	402	402	1.0000000
barcode08_DS_3.8GB	contig_110	2579459	2580284	vanY gene in vanM cluster_glycopeptide_antibiotic	165	825	825	1.0000000
barcode08_DS_3.8GB	contig_111	293637	295134	lsaA_lincosamide_antibiotic;_streptogramin_antibiotic;_streptogramin_A_antibiotic;_streptogramin_B_antibiotic;_pleuromutilin_antibiotic	182	1497	1497	1.0000000
barcode08_DS_3.8GB	contig_111	369853	370564	vanY gene in vanB cluster_glycopeptide_antibiotic	196	711	711	1.0000000
barcode08_DS_3.8GB	contig_111	840584	842741	IreK_cephalosporin	203	2157	2157	1.0000000
barcode08_DS_3.8GB	contig_111	1090164	1091883	efrA_macrolide_antibiotic;_fluoroquinolone_antibiotic;_rifamycin_antibiotic	175	1719	1719	1.0000000
barcode08_DS_3.8GB	contig_111	1509242	1510358	vanT gene in vanG cluster_glycopeptide_antibiotic	133	1116	1116	1.0000000
barcode08_DS_3.8GB	contig_111	1766054	1767209	emeA_disinfecting_agents_and_antiseptics	111	1155	1155	1.0000000
barcode08_DS_3.8GB	contig_111	2267054	2267549	dfrE_diaminopyrimidine_antibiotic	122	495	495	1.0000000
barcode08_DS_3.8GB	contig_161	245145	246603	OprM_macrolide_antibiotic;_fluoroquinolone_antibiotic;_monobactam;_aminoglycoside_antibiotic;_carbapenem;_cephalosporin;_cephamycin;_penam;_tetracycline_antibiotic;_peptide_antibiotic;_aminocoumarin_antibiotic;_diaminopyrimidine_antibiotic;_sulfonamide_antibiotic;_phenicol_antibiotic;_penem;_disinfecting_agents_and_antiseptics	61	1458	1458	1.0000000
barcode08_DS_3.8GB	contig_161	246604	249745	MexB_macrolide_antibiotic;_fluoroquinolone_antibiotic;_monobactam;_carbapenem;_cephalosporin;_cephamycin;_penam;_tetracycline_antibiotic;_peptide_antibiotic;_aminocoumarin_antibiotic;_diaminopyrimidine_antibiotic;_sulfonamide_antibiotic;_phenicol_antibiotic;_penem	55	3141	3141	1.0000000
barcode08_DS_3.8GB	contig_161	249760	250912	MexA_macrolide_antibiotic;_fluoroquinolone_antibiotic;_monobactam;_carbapenem;_cephalosporin;_cephamycin;_penam;_tetracycline_antibiotic;_peptide_antibiotic;_aminocoumarin_antibiotic;_diaminopyrimidine_antibiotic;_sulfonamide_antibiotic;_phenicol_antibiotic;_penem	48	1152	1152	1.0000000
barcode08_DS_3.8GB	contig_161	251186	251630	MexR_macrolide_antibiotic;_fluoroquinolone_antibiotic;_monobactam;_carbapenem;_cephalosporin;_cephamycin;_penam;_tetracycline_antibiotic;_peptide_antibiotic;_aminocoumarin_antibiotic;_diaminopyrimidine_antibiotic;_sulfonamide_antibiotic;_phenicol_antibiotic;_penem	44	444	444	1.0000000
barcode08_DS_3.8GB	contig_161	534678	537726	TriC_disinfecting_agents_and_antiseptics	44	3048	3048	1.0000000
barcode08_DS_3.8GB	contig_161	537722	538793	TriB_disinfecting_agents_and_antiseptics	67	1071	1071	1.0000000
barcode08_DS_3.8GB	contig_161	538789	539942	TriA_disinfecting_agents_and_antiseptics	67	1153	1153	1.0000000
barcode08_DS_3.8GB	contig_161	773271	774060	OXA-486_penam	54	789	789	1.0000000
barcode08_DS_3.8GB	contig_161	1384220	1384553	Pseudomonas aeruginosa emrE_aminoglycoside_antibiotic	61	333	333	1.0000000
barcode08_DS_3.8GB	contig_161	1405104	1406553	OpmH_disinfecting_agents_and_antiseptics	47	1449	1449	1.0000000
barcode08_DS_3.8GB	contig_161	1632622	1634056	basS_peptide_antibiotic	60	1434	1434	1.0000000
barcode08_DS_3.8GB	contig_161	1634079	1634745	basR_peptide_antibiotic	59	666	666	1.0000000
barcode08_DS_3.8GB	contig_161	1854405	1854969	Type B NfxB_macrolide_antibiotic;_fluoroquinolone_antibiotic;_aminoglycoside_antibiotic;_cephalosporin;_penam;_tetracycline_antibiotic;_aminocoumarin_antibiotic;_diaminopyrimidine_antibiotic;_phenicol_antibiotic	44	564	564	1.0000000
barcode08_DS_3.8GB	contig_161	1855228	1856293	MexC_macrolide_antibiotic;_fluoroquinolone_antibiotic;_aminoglycoside_antibiotic;_cephalosporin;_penam;_tetracycline_antibiotic;_aminocoumarin_antibiotic;_diaminopyrimidine_antibiotic;_phenicol_antibiotic	44	1065	1065	1.0000000
barcode08_DS_3.8GB	contig_161	1856320	1859452	MexD_macrolide_antibiotic;_fluoroquinolone_antibiotic;_aminoglycoside_antibiotic;_cephalosporin;_penam;_tetracycline_antibiotic;_aminocoumarin_antibiotic;_diaminopyrimidine_antibiotic;_phenicol_antibiotic	49	3132	3132	1.0000000
barcode08_DS_3.8GB	contig_161	1859457	1860897	OprJ_macrolide_antibiotic;_fluoroquinolone_antibiotic;_aminoglycoside_antibiotic;_cephalosporin;_penam;_tetracycline_antibiotic;_aminocoumarin_antibiotic;_diaminopyrimidine_antibiotic;_phenicol_antibiotic	46	1440	1440	1.0000000
barcode08_DS_3.8GB	contig_161	2207487	2210544	MexW_macrolide_antibiotic;_fluoroquinolone_antibiotic;_tetracycline_antibiotic;_phenicol_antibiotic;_disinfecting_agents_and_antiseptics	42	3057	3057	1.0000000
barcode08_DS_3.8GB	contig_161	2210594	2211725	MexV_macrolide_antibiotic;_fluoroquinolone_antibiotic;_tetracycline_antibiotic;_phenicol_antibiotic;_disinfecting_agents_and_antiseptics	42	1131	1131	1.0000000
barcode08_DS_3.8GB	contig_161	2378762	2379401	Pseudomonas aeruginosa catB7_phenicol_antibiotic	79	639	639	1.0000000
barcode08_DS_3.8GB	contig_161	2422554	2423376	vanW gene in vanG cluster_glycopeptide_antibiotic	45	822	822	1.0000000
barcode08_DS_3.8GB	contig_161	2596599	2596785	rsmA_fluoroquinolone_antibiotic;_diaminopyrimidine_antibiotic;_phenicol_antibiotic	51	186	186	1.0000000
barcode08_DS_3.8GB	contig_161	2617603	2618593	vanH gene in vanB cluster_glycopeptide_antibiotic	64	990	990	1.0000000
barcode08_DS_3.8GB	contig_161	2827266	2827674	FosA_phosphonic_acid_antibiotic	45	408	408	1.0000000
barcode08_DS_3.8GB	contig_161	3089185	3090619	PmpM_fluoroquinolone_antibiotic;_aminoglycoside_antibiotic;_disinfecting_agents_and_antiseptics	60	1434	1434	1.0000000
barcode08_DS_3.8GB	contig_161	3158292	3159450	mexM_phenicol_antibiotic	56	1158	1158	1.0000000
barcode08_DS_3.8GB	contig_161	3159446	3162557	mexN_phenicol_antibiotic	55	3111	3111	1.0000000
barcode08_DS_3.8GB	contig_161	3546050	3547337	ParS_macrolide_antibiotic;_fluoroquinolone_antibiotic;_monobactam;_aminoglycoside_antibiotic;_carbapenem;_cephalosporin;_cephamycin;_penam;_tetracycline_antibiotic;_phenicol_antibiotic;_penem;_disinfecting_agents_and_antiseptics	49	1287	1287	1.0000000
barcode08_DS_3.8GB	contig_161	3547337	3548045	ParR_macrolide_antibiotic;_fluoroquinolone_antibiotic;_monobactam;_aminoglycoside_antibiotic;_carbapenem;_cephalosporin;_cephamycin;_penam;_tetracycline_antibiotic;_phenicol_antibiotic;_penem;_disinfecting_agents_and_antiseptics	54	708	708	1.0000000
barcode08_DS_3.8GB	contig_161	3855378	3858516	mexY_macrolide_antibiotic;_fluoroquinolone_antibiotic;_aminoglycoside_antibiotic;_carbapenem;_cephalosporin;_cephamycin;_penam;_tetracycline_antibiotic;_phenicol_antibiotic;_disinfecting_agents_and_antiseptics	44	3138	3138	1.0000000
barcode08_DS_3.8GB	contig_161	3859886	3860519	MexZ_macrolide_antibiotic;_fluoroquinolone_antibiotic;_aminoglycoside_antibiotic;_carbapenem;_cephalosporin;_cephamycin;_penam;_tetracycline_antibiotic;_phenicol_antibiotic;_disinfecting_agents_and_antiseptics	47	633	633	1.0000000
barcode08_DS_3.8GB	contig_161	4171351	4171822	Pseudomonas aeruginosa soxR_fluoroquinolone_antibiotic;_cephalosporin;_glycylcycline;_penam;_tetracycline_antibiotic;_rifamycin_antibiotic;_phenicol_antibiotic;_disinfecting_agents_and_antiseptics	55	471	471	1.0000000
barcode08_DS_3.8GB	contig_161	4531859	4532879	MexS_fluoroquinolone_antibiotic;_diaminopyrimidine_antibiotic;_phenicol_antibiotic	54	1020	1020	1.0000000
barcode08_DS_3.8GB	contig_161	4533099	4534014	MexT_fluoroquinolone_antibiotic;_diaminopyrimidine_antibiotic;_phenicol_antibiotic	53	915	915	1.0000000
barcode08_DS_3.8GB	contig_161	4534244	4535489	MexE_fluoroquinolone_antibiotic;_diaminopyrimidine_antibiotic;_phenicol_antibiotic	61	1245	1245	1.0000000
barcode08_DS_3.8GB	contig_161	4535510	4538699	MexF_fluoroquinolone_antibiotic;_diaminopyrimidine_antibiotic;_phenicol_antibiotic	58	3189	3189	1.0000000
barcode08_DS_3.8GB	contig_161	4538695	4540114	OprN_fluoroquinolone_antibiotic;_diaminopyrimidine_antibiotic;_phenicol_antibiotic	64	1419	1419	1.0000000
barcode08_DS_3.8GB	contig_161	4571783	4573283	OpmB_macrolide_antibiotic;_monobactam;_tetracycline_antibiotic;_aminocoumarin_antibiotic	54	1500	1500	1.0000000
barcode08_DS_3.8GB	contig_161	4573279	4576390	MuxC_macrolide_antibiotic;_monobactam;_tetracycline_antibiotic;_aminocoumarin_antibiotic	54	3111	3111	1.0000000
barcode08_DS_3.8GB	contig_161	4576386	4579518	MuxB_macrolide_antibiotic;_monobactam;_tetracycline_antibiotic;_aminocoumarin_antibiotic	63	3132	3132	1.0000000
barcode08_DS_3.8GB	contig_161	4579514	4580795	MuxA_macrolide_antibiotic;_monobactam;_tetracycline_antibiotic;_aminocoumarin_antibiotic	68	1281	1281	1.0000000
barcode08_DS_3.8GB	contig_161	5386671	5387343	cprR_peptide_antibiotic	75	672	672	1.0000000
barcode08_DS_3.8GB	contig_161	5387339	5388635	cprS_peptide_antibiotic	64	1296	1296	1.0000000
barcode08_DS_3.8GB	contig_161	5525495	5526173	Pseudomonas aeruginosa CpxR_macrolide_antibiotic;_fluoroquinolone_antibiotic;_monobactam;_aminoglycoside_antibiotic;_carbapenem;_cephalosporin;_cephamycin;_penam;_tetracycline_antibiotic;_peptide_antibiotic;_aminocoumarin_antibiotic;_diaminopyrimidine_antibiotic;_sulfonamide_antibiotic;_phenicol_antibiotic;_penem	50	678	678	1.0000000
barcode08_DS_3.8GB	contig_161	5842734	5844354	opmE_macrolide_antibiotic;_carbapenem;_tetracycline_antibiotic;_diaminopyrimidine_antibiotic;_phenicol_antibiotic;_disinfecting_agents_and_antiseptics	53	1620	1620	1.0000000
barcode08_DS_3.8GB	contig_161	5844350	5847512	mexQ_macrolide_antibiotic;_carbapenem;_tetracycline_antibiotic;_diaminopyrimidine_antibiotic;_phenicol_antibiotic;_disinfecting_agents_and_antiseptics	57	3162	3162	1.0000000
barcode08_DS_3.8GB	contig_161	5847508	5848666	mexP_macrolide_antibiotic;_carbapenem;_tetracycline_antibiotic;_diaminopyrimidine_antibiotic;_phenicol_antibiotic;_disinfecting_agents_and_antiseptics	52	1158	1158	1.0000000
barcode08_DS_3.8GB	contig_161	5886870	5888859	arnA_peptide_antibiotic	47	1989	1989	1.0000000
barcode08_DS_3.8GB	contig_161	5889739	5891389	ArnT_peptide_antibiotic	49	1650	1650	1.0000000
barcode08_DS_3.8GB	contig_161	5911360	5911999	nalD_macrolide_antibiotic;_fluoroquinolone_antibiotic;_monobactam;_carbapenem;_cephalosporin;_cephamycin;_penam;_tetracycline_antibiotic;_peptide_antibiotic;_aminocoumarin_antibiotic;_diaminopyrimidine_antibiotic;_sulfonamide_antibiotic;_phenicol_antibiotic;_penem	70	639	639	1.0000000
barcode08_DS_3.8GB	contig_161	6032037	6035214	adeF_fluoroquinolone_antibiotic;_tetracycline_antibiotic	60	3177	3177	1.0000000
barcode08_DS_3.8GB	contig_161	6073916	6076994	MexK_macrolide_antibiotic;_tetracycline_antibiotic;_disinfecting_agents_and_antiseptics	58	3078	3078	1.0000000
barcode08_DS_3.8GB	contig_161	6076998	6078102	MexJ_macrolide_antibiotic;_tetracycline_antibiotic;_disinfecting_agents_and_antiseptics	54	1104	1104	1.0000000
barcode08_DS_3.8GB	contig_161	6078197	6078836	MexL_macrolide_antibiotic;_tetracycline_antibiotic;_disinfecting_agents_and_antiseptics	50	639	639	1.0000000
barcode08_DS_3.8GB	contig_161	6123447	6123609	ArmR_macrolide_antibiotic;_fluoroquinolone_antibiotic;_monobactam;_carbapenem;_cephalosporin;_cephamycin;_penam;_tetracycline_antibiotic;_peptide_antibiotic;_aminocoumarin_antibiotic;_diaminopyrimidine_antibiotic;_sulfonamide_antibiotic;_phenicol_antibiotic;_penem	66	162	162	1.0000000
barcode08_DS_3.8GB	contig_161	6124245	6124887	nalC_macrolide_antibiotic;_fluoroquinolone_antibiotic;_monobactam;_carbapenem;_cephalosporin;_cephamycin;_penam;_tetracycline_antibiotic;_peptide_antibiotic;_aminocoumarin_antibiotic;_diaminopyrimidine_antibiotic;_sulfonamide_antibiotic;_phenicol_antibiotic;_penem	60	642	642	1.0000000
barcode08_DS_3.8GB	contig_161	6236735	6237074	YajC_fluoroquinolone_antibiotic;_cephalosporin;_glycylcycline;_penam;_tetracycline_antibiotic;_oxazolidinone_antibiotic;_glycopeptide_antibiotic;_rifamycin_antibiotic;_phenicol_antibiotic;_disinfecting_agents_and_antiseptics	66	339	339	1.0000000
barcode08_DS_3.8GB	contig_161	6557731	6558925	PDC-3_monobactam;_carbapenem;_cephalosporin;_cephamycin;_penam	52	1194	1194	1.0000000
barcode08_DS_3.8GB	contig_161	6571280	6572087	APH(3')-IIb_aminoglycoside_antibiotic	68	807	807	1.0000000
barcode08_DS_3.8GB	contig_161	6588790	6589999	bcr-1_bicyclomycin-like_antibiotic	64	1209	1209	1.0000000
barcode08_DS_3.8GB	contig_161	6709662	6710109	MexG_fluoroquinolone_antibiotic;_tetracycline_antibiotic;_disinfecting_agents_and_antiseptics	41	447	447	1.0000000
barcode08_DS_3.8GB	contig_161	6710116	6711229	MexH_fluoroquinolone_antibiotic;_tetracycline_antibiotic;_disinfecting_agents_and_antiseptics	41	1113	1113	1.0000000
barcode08_DS_3.8GB	contig_161	6711241	6714331	MexI_fluoroquinolone_antibiotic;_tetracycline_antibiotic;_disinfecting_agents_and_antiseptics	46	3090	3090	1.0000000
barcode08_DS_3.8GB	contig_161	6714327	6715791	OpmD_fluoroquinolone_antibiotic;_tetracycline_antibiotic;_disinfecting_agents_and_antiseptics	47	1464	1464	1.0000000
barcode08_DS_3.8GB	contig_4	113980	114901	mphK_macrolide_antibiotic	116	921	921	1.0000000
barcode08_DS_3.8GB	contig_4	127088	128522	lmrB_lincosamide_antibiotic;_nucleoside_antibiotic	122	1434	1434	1.0000000
barcode08_DS_3.8GB	contig_4	356338	357508	vanT gene in vanG cluster_glycopeptide_antibiotic	139	1170	1170	1.0000000
barcode08_DS_3.8GB	contig_4	431081	432710	vmlR_lincosamide_antibiotic;_streptogramin_antibiotic;_streptogramin_A_antibiotic;_streptogramin_B_antibiotic;_nucleoside_antibiotic;_pleuromutilin_antibiotic	121	1629	1629	1.0000000
barcode08_DS_3.8GB	contig_4	728348	730919	Bacillus subtilis mprF_peptide_antibiotic	127	2571	2571	1.0000000
barcode08_DS_3.8GB	contig_4	1187078	1187417	ykkC_aminoglycoside_antibiotic;_tetracycline_antibiotic;_phenicol_antibiotic	124	339	339	1.0000000
barcode08_DS_3.8GB	contig_4	1187416	1187734	ykkD_aminoglycoside_antibiotic;_tetracycline_antibiotic;_phenicol_antibiotic	133	318	318	1.0000000
barcode08_DS_3.8GB	contig_4	1674130	1674487	qacJ_disinfecting_agents_and_antiseptics	119	357	357	1.0000000
barcode08_DS_3.8GB	contig_4	1674497	1674815	qacG_disinfecting_agents_and_antiseptics	114	318	318	1.0000000
barcode08_DS_3.8GB	contig_4	1704821	1706006	vanT gene in vanG cluster_glycopeptide_antibiotic	105	1185	1185	1.0000000
barcode08_DS_3.8GB	contig_4	1720896	1721319	FosBx1_phosphonic_acid_antibiotic	89	423	423	1.0000000
barcode08_DS_3.8GB	contig_4	1889174	1890086	vanW gene in vanI cluster_glycopeptide_antibiotic	109	912	912	1.0000000
barcode08_DS_3.8GB	contig_4	1897923	1898838	BcI_cephalosporin;_penem	94	915	915	1.0000000
barcode08_DS_3.8GB	contig_4	1979596	1980418	vanY gene in vanG cluster_glycopeptide_antibiotic	94	822	822	1.0000000
barcode08_DS_3.8GB	contig_51	10772	13877	AcrF_fluoroquinolone_antibiotic;_cephalosporin;_cephamycin;_penam	113	3105	3105	1.0000000
barcode08_DS_3.8GB	contig_51	13888	15046	AcrE_fluoroquinolone_antibiotic;_cephalosporin;_cephamycin;_penam	120	1158	1158	1.0000000
barcode08_DS_3.8GB	contig_51	15444	16107	AcrS_fluoroquinolone_antibiotic;_cephalosporin;_glycylcycline;_cephamycin;_penam;_tetracycline_antibiotic;_rifamycin_antibiotic;_phenicol_antibiotic;_disinfecting_agents_and_antiseptics	114	663	663	1.0000000
barcode08_DS_3.8GB	contig_51	225871	226693	bacA_peptide_antibiotic	111	822	822	1.0000000
barcode08_DS_3.8GB	contig_51	249069	250558	TolC_macrolide_antibiotic;_fluoroquinolone_antibiotic;_aminoglycoside_antibiotic;_carbapenem;_cephalosporin;_glycylcycline;_cephamycin;_penam;_tetracycline_antibiotic;_peptide_antibiotic;_aminocoumarin_antibiotic;_rifamycin_antibiotic;_phenicol_antibiotic;_penem;_disinfecting_agents_and_antiseptics	110	1489	1489	1.0000000
barcode08_DS_3.8GB	contig_51	623790	623976	rsmA_fluoroquinolone_antibiotic;_diaminopyrimidine_antibiotic;_phenicol_antibiotic	107	186	186	1.0000000
barcode08_DS_3.8GB	contig_51	848831	851945	acrD_aminoglycoside_antibiotic	101	3114	3114	1.0000000
barcode08_DS_3.8GB	contig_51	943433	947027	evgS_macrolide_antibiotic;_fluoroquinolone_antibiotic;_penam;_tetracycline_antibiotic	121	3594	3594	1.0000000
barcode08_DS_3.8GB	contig_51	947031	947646	evgA_macrolide_antibiotic;_fluoroquinolone_antibiotic;_penam;_tetracycline_antibiotic	110	615	615	1.0000000
barcode08_DS_3.8GB	contig_51	948169	949225	emrK_tetracycline_antibiotic	104	1056	1056	1.0000000
barcode08_DS_3.8GB	contig_51	949224	950763	emrY_tetracycline_antibiotic	98	1539	1539	1.0000000
barcode08_DS_3.8GB	contig_51	1048636	1050289	ArnT_peptide_antibiotic	126	1653	1653	1.0000000
barcode08_DS_3.8GB	contig_51	1053157	1054126	PmrF_peptide_antibiotic	129	969	969	1.0000000
barcode08_DS_3.8GB	contig_51	1112580	1114224	YojI_peptide_antibiotic	99	1644	1644	1.0000000
barcode08_DS_3.8GB	contig_51	1253865	1254588	baeR_aminoglycoside_antibiotic;_aminocoumarin_antibiotic	122	723	723	1.0000000
barcode08_DS_3.8GB	contig_51	1257400	1260478	mdtC_aminocoumarin_antibiotic	108	3078	3078	1.0000000
barcode08_DS_3.8GB	contig_51	1260478	1263601	mdtB_aminocoumarin_antibiotic	93	3123	3123	1.0000000
barcode08_DS_3.8GB	contig_51	1263600	1264968	mdtA_aminocoumarin_antibiotic	104	1368	1368	1.0000000
barcode08_DS_3.8GB	contig_51	1316221	1317388	ugd_peptide_antibiotic	105	1167	1167	1.0000000
barcode08_DS_3.8GB	contig_51	1767335	1767701	Klebsiella pneumoniae KpnE_macrolide_antibiotic;_aminoglycoside_antibiotic;_cephalosporin;_tetracycline_antibiotic;_peptide_antibiotic;_rifamycin_antibiotic;_disinfecting_agents_and_antiseptics	109	366	366	1.0000000
barcode08_DS_3.8GB	contig_51	1767687	1768017	Klebsiella pneumoniae KpnF_macrolide_antibiotic;_aminoglycoside_antibiotic;_cephalosporin;_tetracycline_antibiotic;_peptide_antibiotic;_rifamycin_antibiotic;_disinfecting_agents_and_antiseptics	112	330	330	1.0000000
barcode08_DS_3.8GB	contig_51	1828254	1828638	marA_fluoroquinolone_antibiotic;_monobactam;_carbapenem;_cephalosporin;_glycylcycline;_cephamycin;_penam;_tetracycline_antibiotic;_rifamycin_antibiotic;_phenicol_antibiotic;_penem;_disinfecting_agents_and_antiseptics	99	384	384	1.0000000
barcode08_DS_3.8GB	contig_51	1828657	1829092	Escherichia coli AcrAB-TolC with MarR mutations conferring resistance to ciprofloxacin and tetracycline_fluoroquinolone_antibiotic;_cephalosporin;_glycylcycline;_penam;_tetracycline_antibiotic;_rifamycin_antibiotic;_phenicol_antibiotic;_disinfecting_agents_and_antiseptics	106	435	435	1.0000000
barcode08_DS_3.8GB	contig_51	2171459	2171873	H-NS_macrolide_antibiotic;_fluoroquinolone_antibiotic;_cephalosporin;_cephamycin;_penam;_tetracycline_antibiotic	103	414	414	1.0000000
barcode08_DS_3.8GB	contig_51	2351589	2352798	mdtH_fluoroquinolone_antibiotic	117	1209	1209	1.0000000
barcode08_DS_3.8GB	contig_51	2361426	2362653	mdtG_phosphonic_acid_antibiotic	116	1227	1227	1.0000000
barcode08_DS_3.8GB	contig_51	2595314	2597063	msbA_nitroimidazole_antibiotic	114	1749	1749	1.0000000
barcode08_DS_3.8GB	contig_51	2688787	2690020	Escherichia coli mdfA_tetracycline_antibiotic;_disinfecting_agents_and_antiseptics	289	1233	1233	1.0000000
barcode08_DS_3.8GB	contig_51	2699840	2701073	Escherichia coli mdfA_tetracycline_antibiotic;_disinfecting_agents_and_antiseptics	229	1233	1233	1.0000000
barcode08_DS_3.8GB	contig_51	2863887	2864565	kdpE_aminoglycoside_antibiotic	112	678	678	1.0000000
barcode08_DS_3.8GB	contig_51	3076599	3077247	Escherichia coli AcrAB-TolC with AcrR mutation conferring resistance to ciprofloxacin, tetracycline, and ceftazidime_fluoroquinolone_antibiotic;_cephalosporin;_glycylcycline;_penam;_tetracycline_antibiotic;_rifamycin_antibiotic;_phenicol_antibiotic;_disinfecting_agents_and_antiseptics	107	648	648	1.0000000
barcode08_DS_3.8GB	contig_51	3077388	3078582	Escherichia coli acrA_fluoroquinolone_antibiotic;_cephalosporin;_glycylcycline;_penam;_tetracycline_antibiotic;_rifamycin_antibiotic;_phenicol_antibiotic;_disinfecting_agents_and_antiseptics	96	1194	1194	1.0000000
barcode08_DS_3.8GB	contig_51	3078604	3081754	acrB_fluoroquinolone_antibiotic;_cephalosporin;_glycylcycline;_penam;_tetracycline_antibiotic;_rifamycin_antibiotic;_phenicol_antibiotic;_disinfecting_agents_and_antiseptics	105	3150	3150	1.0000000
barcode08_DS_3.8GB	contig_51	3163434	3164529	vanG_glycopeptide_antibiotic	115	1095	1095	1.0000000
barcode08_DS_3.8GB	contig_51	3443153	3444920	Haemophilus influenzae PBP3 conferring resistance to beta-lactam antibiotics_cephalosporin;_cephamycin;_penam	101	1767	1767	1.0000000
barcode08_DS_3.8GB	contig_51	3451020	3451965	leuO_nucleoside_antibiotic;_disinfecting_agents_and_antiseptics	101	945	945	1.0000000
barcode08_DS_3.8GB	contig_51	3598279	3599512	mdtM_fluoroquinolone_antibiotic;_lincosamide_antibiotic;_nucleoside_antibiotic;_phenicol_antibiotic;_disinfecting_agents_and_antiseptics	119	1233	1233	1.0000000
barcode08_DS_3.8GB	contig_51	3799211	3800345	Escherichia coli ampC beta-lactamase_cephalosporin;_penam	107	1134	1134	1.0000000
barcode08_DS_3.8GB	contig_51	3832974	3834618	eptA_peptide_antibiotic	106	1644	1644	1.0000000
barcode08_DS_3.8GB	contig_51	3864455	3865487	mdtN_nucleoside_antibiotic;_disinfecting_agents_and_antiseptics	112	1032	1032	1.0000000
barcode08_DS_3.8GB	contig_51	3865486	3867538	mdtO_nucleoside_antibiotic;_disinfecting_agents_and_antiseptics	125	2052	2052	1.0000000
barcode08_DS_3.8GB	contig_51	3867534	3869001	mdtP_nucleoside_antibiotic;_disinfecting_agents_and_antiseptics	118	1467	1467	1.0000000
barcode08_DS_3.8GB	contig_51	3890518	3890983	Escherichia coli soxR with mutation conferring antibiotic resistance_fluoroquinolone_antibiotic;_cephalosporin;_glycylcycline;_penam;_tetracycline_antibiotic;_rifamycin_antibiotic;_phenicol_antibiotic;_disinfecting_agents_and_antiseptics	125	465	465	1.0000000
barcode08_DS_3.8GB	contig_51	3891068	3891392	Escherichia coli soxS with mutation conferring antibiotic resistance_fluoroquinolone_antibiotic;_monobactam;_carbapenem;_cephalosporin;_glycylcycline;_cephamycin;_penam;_tetracycline_antibiotic;_rifamycin_antibiotic;_phenicol_antibiotic;_penem;_disinfecting_agents_and_antiseptics	126	324	324	1.0000000
barcode08_DS_3.8GB	contig_51	3991421	3992606	Escherichia coli EF-Tu mutants conferring resistance to Pulvomycin_elfamycin_antibiotic	111	1185	1185	1.0000000
barcode08_DS_3.8GB	contig_51	4063488	4064862	cpxA_aminoglycoside_antibiotic;_aminocoumarin_antibiotic	121	1374	1374	1.0000000
barcode08_DS_3.8GB	contig_51	4562118	4562943	gadX_macrolide_antibiotic;_fluoroquinolone_antibiotic;_penam	100	825	825	1.0000000
barcode08_DS_3.8GB	contig_51	4563310	4564039	gadW_macrolide_antibiotic;_fluoroquinolone_antibiotic;_penam	101	729	729	1.0000000
barcode08_DS_3.8GB	contig_51	4564401	4567515	mdtF_macrolide_antibiotic;_fluoroquinolone_antibiotic;_penam	105	3114	3114	1.0000000
barcode08_DS_3.8GB	contig_51	4567539	4568697	mdtE_macrolide_antibiotic;_fluoroquinolone_antibiotic;_penam	103	1158	1158	1.0000000
barcode08_DS_3.8GB	contig_51	4707574	4708207	CRP_macrolide_antibiotic;_fluoroquinolone_antibiotic;_penam	104	633	633	1.0000000
barcode08_DS_3.8GB	contig_51	4722997	4724182	Escherichia coli EF-Tu mutants conferring resistance to Pulvomycin_elfamycin_antibiotic	127	1185	1185	1.0000000
barcode08_DS_3.8GB	contig_6	152458	154225	Haemophilus influenzae PBP3 conferring resistance to beta-lactam antibiotics_cephalosporin;_cephamycin;_penam	117	1767	1767	1.0000000
barcode08_DS_3.8GB	contig_6	403329	404571	mdtM_fluoroquinolone_antibiotic;_lincosamide_antibiotic;_nucleoside_antibiotic;_phenicol_antibiotic;_disinfecting_agents_and_antiseptics	108	1242	1242	1.0000000
barcode08_DS_3.8GB	contig_6	644798	645257	Escherichia coli soxR with mutation conferring antibiotic resistance_fluoroquinolone_antibiotic;_cephalosporin;_glycylcycline;_penam;_tetracycline_antibiotic;_rifamycin_antibiotic;_phenicol_antibiotic;_disinfecting_agents_and_antiseptics	111	459	459	1.0000000
barcode08_DS_3.8GB	contig_6	645343	645667	Escherichia coli soxS with mutation conferring antibiotic resistance_fluoroquinolone_antibiotic;_monobactam;_carbapenem;_cephalosporin;_glycylcycline;_cephamycin;_penam;_tetracycline_antibiotic;_rifamycin_antibiotic;_phenicol_antibiotic;_penem;_disinfecting_agents_and_antiseptics	114	324	324	1.0000000
barcode08_DS_3.8GB	contig_6	787105	788290	Escherichia coli EF-Tu mutants conferring resistance to Pulvomycin_elfamycin_antibiotic	122	1185	1185	1.0000000
barcode08_DS_3.8GB	contig_6	880287	881661	cpxA_aminoglycoside_antibiotic;_aminocoumarin_antibiotic	114	1374	1374	1.0000000
barcode08_DS_3.8GB	contig_6	1155853	1157245	Escherichia coli UhpT with mutation conferring resistance to fosfomycin_phosphonic_acid_antibiotic	117	1392	1392	1.0000000
barcode08_DS_3.8GB	contig_6	1518574	1519207	CRP_macrolide_antibiotic;_fluoroquinolone_antibiotic;_penam	113	633	633	1.0000000
barcode08_DS_3.8GB	contig_6	1535360	1536545	Escherichia coli EF-Tu mutants conferring resistance to Pulvomycin_elfamycin_antibiotic	114	1185	1185	1.0000000
barcode08_DS_3.8GB	contig_6	1755805	1756627	bacA_peptide_antibiotic	105	822	822	1.0000000
barcode08_DS_3.8GB	contig_6	2123786	2123972	rsmA_fluoroquinolone_antibiotic;_diaminopyrimidine_antibiotic;_phenicol_antibiotic	108	186	186	1.0000000
barcode08_DS_3.8GB	contig_6	2130144	2131683	emrB_fluoroquinolone_antibiotic	114	1539	1539	1.0000000
barcode08_DS_3.8GB	contig_6	2131699	2132872	emrA_fluoroquinolone_antibiotic	118	1173	1173	1.0000000
barcode08_DS_3.8GB	contig_6	2132998	2133529	emrR_fluoroquinolone_antibiotic	111	531	531	1.0000000
barcode08_DS_3.8GB	contig_6	2435746	2438860	acrD_aminoglycoside_antibiotic	92	3114	3114	1.0000000
barcode08_DS_3.8GB	contig_6	2621618	2623265	ArnT_peptide_antibiotic	93	1647	1647	1.0000000
barcode08_DS_3.8GB	contig_6	2626135	2627119	PmrF_peptide_antibiotic	105	984	984	1.0000000
barcode08_DS_3.8GB	contig_6	2642268	2643627	Escherichia coli GlpT with mutation conferring resistance to fosfomycin_phosphonic_acid_antibiotic	114	1359	1359	1.0000000
barcode08_DS_3.8GB	contig_6	2807223	2807946	baeR_aminoglycoside_antibiotic;_aminocoumarin_antibiotic	107	723	723	1.0000000
barcode08_DS_3.8GB	contig_6	2810753	2813834	mdtC_aminocoumarin_antibiotic	104	3081	3081	1.0000000
barcode08_DS_3.8GB	contig_6	2813834	2816957	mdtB_aminocoumarin_antibiotic	100	3123	3123	1.0000000
barcode08_DS_3.8GB	contig_6	2864528	2865695	ugd_peptide_antibiotic	114	1167	1167	1.0000000
barcode08_DS_3.8GB	contig_6	2927414	2928839	MdtK_fluoroquinolone_antibiotic	83	1425	1425	1.0000000
barcode08_DS_3.8GB	contig_6	2982107	2982830	sdiA_fluoroquinolone_antibiotic;_cephalosporin;_glycylcycline;_penam;_tetracycline_antibiotic;_rifamycin_antibiotic;_phenicol_antibiotic;_disinfecting_agents_and_antiseptics	119	723	723	1.0000000
barcode08_DS_3.8GB	contig_6	3318263	3318701	AAC(6')-Iaa_aminoglycoside_antibiotic	118	438	438	1.0000000
barcode08_DS_3.8GB	contig_6	3416114	3416549	Escherichia coli AcrAB-TolC with MarR mutations conferring resistance to ciprofloxacin and tetracycline_fluoroquinolone_antibiotic;_cephalosporin;_glycylcycline;_penam;_tetracycline_antibiotic;_rifamycin_antibiotic;_phenicol_antibiotic;_disinfecting_agents_and_antiseptics	97	435	435	1.0000000
barcode08_DS_3.8GB	contig_6	3416568	3416952	marA_fluoroquinolone_antibiotic;_monobactam;_carbapenem;_cephalosporin;_glycylcycline;_cephamycin;_penam;_tetracycline_antibiotic;_rifamycin_antibiotic;_phenicol_antibiotic;_penem;_disinfecting_agents_and_antiseptics	94	384	384	1.0000000
barcode08_DS_3.8GB	contig_6	3453104	3453386	Klebsiella pneumoniae KpnF_macrolide_antibiotic;_aminoglycoside_antibiotic;_cephalosporin;_tetracycline_antibiotic;_peptide_antibiotic;_rifamycin_antibiotic;_disinfecting_agents_and_antiseptics	96	282	282	1.0000000
barcode08_DS_3.8GB	contig_6	3453420	3453783	Klebsiella pneumoniae KpnE_macrolide_antibiotic;_aminoglycoside_antibiotic;_cephalosporin;_tetracycline_antibiotic;_peptide_antibiotic;_rifamycin_antibiotic;_disinfecting_agents_and_antiseptics	101	363	363	1.0000000
barcode08_DS_3.8GB	contig_6	3995975	3997724	msbA_nitroimidazole_antibiotic	93	1749	1749	1.0000000
barcode08_DS_3.8GB	contig_6	4086094	4087327	Escherichia coli mdfA_tetracycline_antibiotic;_disinfecting_agents_and_antiseptics	92	1233	1233	1.0000000
barcode08_DS_3.8GB	contig_6	4243203	4243881	kdpE_aminoglycoside_antibiotic	113	678	678	1.0000000
barcode08_DS_3.8GB	contig_6	4470142	4470796	Escherichia coli AcrAB-TolC with AcrR mutation conferring resistance to ciprofloxacin, tetracycline, and ceftazidime_fluoroquinolone_antibiotic;_cephalosporin;_glycylcycline;_penam;_tetracycline_antibiotic;_rifamycin_antibiotic;_phenicol_antibiotic;_disinfecting_agents_and_antiseptics	93	654	654	1.0000000
barcode08_DS_3.8GB	contig_6	4470937	4472131	Escherichia coli acrA_fluoroquinolone_antibiotic;_cephalosporin;_glycylcycline;_penam;_tetracycline_antibiotic;_rifamycin_antibiotic;_phenicol_antibiotic;_disinfecting_agents_and_antiseptics	104	1194	1194	1.0000000
barcode08_DS_3.8GB	contig_6	4472153	4475303	acrB_fluoroquinolone_antibiotic;_cephalosporin;_glycylcycline;_penam;_tetracycline_antibiotic;_rifamycin_antibiotic;_phenicol_antibiotic;_disinfecting_agents_and_antiseptics	105	3150	3150	1.0000000
barcode08_DS_3.8GB	contig_6	4569635	4570748	vanG_glycopeptide_antibiotic	115	1113	1113	1.0000000
barcode08_DS_3.8GB	contig_6	4602915	4603380	golS_monobactam;_carbapenem;_cephalosporin;_cephamycin;_penam;_phenicol_antibiotic;_penem	130	465	465	1.0000000
barcode08_DS_3.8GB	contig_6	4605956	4607183	mdsA_monobactam;_carbapenem;_cephalosporin;_cephamycin;_penam;_phenicol_antibiotic;_penem	112	1227	1227	1.0000000
barcode08_DS_3.8GB	contig_6	4607932	4610347	adeF_fluoroquinolone_antibiotic;_tetracycline_antibiotic	108	2415	2415	1.0000000
barcode08_DS_3.8GB	contig_6	4610363	4611821	mdsC_monobactam;_carbapenem;_cephalosporin;_cephamycin;_penam;_phenicol_antibiotic;_penem	119	1458	1458	1.0000000
